,Unnamed: 0,Unnamed: 0.1,time,discharge_pressure,suction_pressure
2400,2400,2400,0.0,1.5503166247043565,1.5373464560921646
2401,2401,2401,0.0016666666666669272,1.5503166247043565,1.537727931639582
2402,2402,2402,0.0033333333333338544,1.550698100251774,1.537727931639582
2403,2403,2403,0.004999999999999893,1.551079575799191,1.537727931639582
2404,2404,2404,0.006666666666666821,1.551079575799191,1.537727931639582
2405,2405,2405,0.008333333333333748,1.551079575799191,1.537727931639582
2406,2406,2406,0.010000000000001563,1.5514610513466087,1.5381094071869994
2407,2407,2407,0.011666666666666714,1.551079575799191,1.5381094071869994
2408,2408,2408,0.013333333333333641,1.5514610513466087,1.5381094071869994
2409,2409,2409,0.015000000000001457,1.551079575799191,1.5381094071869994
2410,2410,2410,0.016666666666666607,1.551079575799191,1.5381094071869994
2411,2411,2411,0.018333333333333535,1.5514610513466087,1.5384908827344168
2412,2412,2412,0.020000000000000462,1.5514610513466087,1.5388723582818342
2413,2413,2413,0.0216666666666665,1.5514610513466087,1.5388723582818342
2414,2414,2414,0.023333333333333428,1.551842526894026,1.5388723582818342
2415,2415,2415,0.025000000000000355,1.551842526894026,1.5388723582818342
2416,2416,2416,0.026666666666667282,1.551842526894026,1.5388723582818342
2417,2417,2417,0.02833333333333332,1.551842526894026,1.5392538338292516
2418,2418,2418,0.03000000000000025,1.5522240024414435,1.5392538338292516
2419,2419,2419,0.031666666666667176,1.5522240024414435,1.5392538338292516
2420,2420,2420,0.033333333333333215,1.5522240024414435,1.5392538338292516
2421,2421,2421,0.03500000000000014,1.5522240024414435,1.539635309376669
2422,2422,2422,0.03666666666666707,1.5522240024414435,1.539635309376669
2423,2423,2423,0.038333333333333997,1.5522240024414435,1.539635309376669
2424,2424,2424,0.040000000000000036,1.552605477988861,1.5400167849240864
2425,2425,2425,0.04166666666666696,1.5522240024414435,1.5400167849240864
2426,2426,2426,0.04333333333333389,1.5522240024414435,1.540398260471504
2427,2427,2427,0.04499999999999993,1.552605477988861,1.540398260471504
2428,2428,2428,0.046666666666666856,1.552605477988861,1.540398260471504
2429,2429,2429,0.04833333333333378,1.552605477988861,1.540398260471504
2430,2430,2430,0.04999999999999982,1.552605477988861,1.5407797360189213
2431,2431,2431,0.05166666666666675,1.5529869535362784,1.5407797360189213
2432,2432,2432,0.05333333333333368,1.5529869535362784,1.5407797360189213
2433,2433,2433,0.05500000000000149,1.5529869535362784,1.5407797360189213
2434,2434,2434,0.05666666666666664,1.5529869535362784,1.5407797360189213
2435,2435,2435,0.05833333333333357,1.5529869535362784,1.5407797360189213
2436,2436,2436,0.0600000000000005,1.5533684290836958,1.5411612115663391
2437,2437,2437,0.061666666666666536,1.5533684290836958,1.5411612115663391
2438,2438,2438,0.06333333333333346,1.5533684290836958,1.5411612115663391
2439,2439,2439,0.06500000000000039,1.5537499046311132,1.5411612115663391
2440,2440,2440,0.06666666666666643,1.5533684290836958,1.5411612115663391
2441,2441,2441,0.06833333333333336,1.5537499046311132,1.541542687113756
2442,2442,2442,0.07000000000000028,1.5537499046311132,1.541542687113756
2443,2443,2443,0.07166666666666721,1.5537499046311132,1.541542687113756
2444,2444,2444,0.07333333333333325,1.5537499046311132,1.541542687113756
2445,2445,2445,0.07500000000000018,1.5541313801785306,1.541542687113756
2446,2446,2446,0.0766666666666671,1.5541313801785306,1.5419241626611735
2447,2447,2447,0.07833333333333403,1.5541313801785306,1.5419241626611735
2448,2448,2448,0.08000000000000007,1.5541313801785306,1.5419241626611735
2449,2449,2449,0.081666666666667,1.5541313801785306,1.542305638208591
2450,2450,2450,0.08333333333333393,1.5541313801785306,1.5419241626611735
2451,2451,2451,0.08499999999999996,1.5541313801785306,1.5426871137560083
2452,2452,2452,0.08666666666666689,1.5541313801785306,1.5426871137560083
2453,2453,2453,0.08833333333333382,1.5545128557259482,1.5426871137560083
2454,2454,2454,0.08999999999999986,1.5545128557259482,1.5426871137560083
2455,2455,2455,0.09166666666666679,1.5545128557259482,1.5426871137560083
2456,2456,2456,0.09333333333333371,1.5548943312733654,1.5430685893034255
2457,2457,2457,0.09500000000000153,1.5545128557259482,1.5430685893034255
2458,2458,2458,0.09666666666666668,1.5545128557259482,1.5430685893034255
2459,2459,2459,0.0983333333333336,1.5548943312733654,1.5430685893034255
2460,2460,2460,0.10000000000000053,1.5548943312733654,1.5430685893034255
2461,2461,2461,0.10166666666666657,1.5548943312733654,1.5430685893034255
2462,2462,2462,0.1033333333333335,1.5548943312733654,1.5434500648508431
2463,2463,2463,0.10500000000000043,1.5548943312733654,1.5434500648508431
2464,2464,2464,0.10666666666666647,1.5548943312733654,1.5434500648508431
2465,2465,2465,0.10833333333333339,1.5548943312733654,1.5434500648508431
2466,2466,2466,0.11000000000000032,1.5552758068207828,1.5438315403982603
2467,2467,2467,0.11166666666666725,1.5552758068207828,1.5438315403982603
2468,2468,2468,0.11333333333333329,1.5552758068207828,1.5442130159456784
2469,2469,2469,0.11500000000000021,1.5556572823682002,1.5438315403982603
2470,2470,2470,0.11666666666666714,1.5552758068207828,1.5438315403982603
2471,2471,2471,0.11833333333333318,1.5552758068207828,1.5442130159456784
2472,2472,2472,0.1200000000000001,1.5556572823682002,1.5442130159456784
2473,2473,2473,0.12166666666666703,1.5556572823682002,1.5442130159456784
2474,2474,2474,0.12333333333333396,1.5556572823682002,1.5442130159456784
2475,2475,2475,0.125,1.5556572823682002,1.5442130159456784
2476,2476,2476,0.12666666666666693,1.5556572823682002,1.5442130159456784
2477,2477,2477,0.12833333333333385,1.5556572823682002,1.5442130159456784
2478,2478,2478,0.1299999999999999,1.5560387579156176,1.5445944914930954
2479,2479,2479,0.13166666666666682,1.5560387579156176,1.5445944914930954
2480,2480,2480,0.13333333333333375,1.5564202334630348,1.5445944914930954
2481,2481,2481,0.13500000000000156,1.5564202334630348,1.5449759670405128
2482,2482,2482,0.13666666666666671,1.5568017090104525,1.5449759670405128
2483,2483,2483,0.13833333333333364,1.5564202334630348,1.5449759670405128
2484,2484,2484,0.14000000000000146,1.5564202334630348,1.5453574425879302
2485,2485,2485,0.1416666666666666,1.5564202334630348,1.5449759670405128
2486,2486,2486,0.14333333333333353,1.5564202334630348,1.5449759670405128
2487,2487,2487,0.14500000000000046,1.5568017090104525,1.5453574425879302
2488,2488,2488,0.1466666666666665,1.5568017090104525,1.5453574425879302
2489,2489,2489,0.14833333333333343,1.5568017090104525,1.5453574425879302
2490,2490,2490,0.15000000000000036,1.5568017090104525,1.5453574425879302
2491,2491,2491,0.15166666666666728,1.5568017090104525,1.5457389181353476
2492,2492,2492,0.15333333333333332,1.5568017090104525,1.5457389181353476
2493,2493,2493,0.15500000000000025,1.55718318455787,1.5461203936827648
2494,2494,2494,0.15666666666666718,1.55718318455787,1.5457389181353476
2495,2495,2495,0.15833333333333321,1.55718318455787,1.5457389181353476
2496,2496,2496,0.16000000000000014,1.55718318455787,1.5461203936827648
2497,2497,2497,0.16166666666666707,1.55718318455787,1.5461203936827648
2498,2498,2498,0.163333333333334,1.5575646601052873,1.5461203936827648
2499,2499,2499,0.16500000000000004,1.5575646601052873,1.5465018692301824
2500,2500,2500,0.16666666666666696,1.55718318455787,1.5461203936827648
2501,2501,2501,0.1683333333333339,1.5575646601052873,1.5465018692301824
2502,2502,2502,0.16999999999999993,1.5575646601052873,1.5465018692301824
2503,2503,2503,0.17166666666666686,1.5575646601052873,1.5465018692301824
2504,2504,2504,0.17333333333333378,1.5575646601052873,1.5465018692301824
2505,2505,2505,0.1750000000000016,1.5575646601052873,1.5465018692301824
2506,2506,2506,0.17666666666666675,1.5575646601052873,1.5468833447775998
2507,2507,2507,0.17833333333333368,1.5579461356527051,1.5468833447775998
2508,2508,2508,0.1800000000000015,1.5579461356527051,1.5468833447775998
2509,2509,2509,0.18166666666666664,1.5579461356527051,1.5468833447775998
2510,2510,2510,0.18333333333333357,1.5579461356527051,1.5468833447775998
2511,2511,2511,0.1850000000000005,1.5579461356527051,1.5472648203250172
2512,2512,2512,0.18666666666666654,1.5579461356527051,1.5472648203250172
2513,2513,2513,0.18833333333333346,1.558327611200122,1.5472648203250172
2514,2514,2514,0.1900000000000004,1.5579461356527051,1.5476462958724346
2515,2515,2515,0.19166666666666643,1.558327611200122,1.5472648203250172
2516,2516,2516,0.19333333333333336,1.558327611200122,1.5476462958724346
2517,2517,2517,0.19500000000000028,1.558327611200122,1.5476462958724346
2518,2518,2518,0.1966666666666672,1.558327611200122,1.5476462958724346
2519,2519,2519,0.19833333333333325,1.5587090867475395,1.5480277714198518
2520,2520,2520,0.20000000000000018,1.558327611200122,1.5476462958724346
2521,2521,2521,0.2016666666666671,1.559090562294957,1.5476462958724346
2522,2522,2522,0.20333333333333403,1.559090562294957,1.5480277714198518
2523,2523,2523,0.20500000000000007,1.559090562294957,1.5480277714198518
2524,2524,2524,0.206666666666667,1.559090562294957,1.5484092469672694
2525,2525,2525,0.20833333333333393,1.559090562294957,1.5484092469672694
2526,2526,2526,0.20999999999999996,1.5594720378423743,1.5480277714198518
2527,2527,2527,0.2116666666666669,1.5594720378423743,1.5484092469672694
2528,2528,2528,0.21333333333333382,1.5594720378423743,1.5487907225146869
2529,2529,2529,0.21499999999999986,1.5594720378423743,1.5484092469672694
2530,2530,2530,0.21666666666666679,1.559090562294957,1.5487907225146869
2531,2531,2531,0.2183333333333337,1.5594720378423743,1.5487907225146869
2532,2532,2532,0.22000000000000153,1.5594720378423743,1.5487907225146869
2533,2533,2533,0.22166666666666668,1.5594720378423743,1.5487907225146869
2534,2534,2534,0.2233333333333336,1.5594720378423743,1.5487907225146869
2535,2535,2535,0.22500000000000053,1.5594720378423743,1.5487907225146869
2536,2536,2536,0.22666666666666657,1.5598535133897915,1.5491721980621045
2537,2537,2537,0.2283333333333335,1.5598535133897915,1.5491721980621045
2538,2538,2538,0.23000000000000043,1.5598535133897915,1.5491721980621045
2539,2539,2539,0.23166666666666647,1.5598535133897915,1.5491721980621045
2540,2540,2540,0.2333333333333334,1.5598535133897915,1.5491721980621045
2541,2541,2541,0.23500000000000032,1.5602349889372091,1.5491721980621045
2542,2542,2542,0.23666666666666725,1.5602349889372091,1.5491721980621045
2543,2543,2543,0.23833333333333329,1.5598535133897915,1.5495536736095217
2544,2544,2544,0.2400000000000002,1.5602349889372091,1.5495536736095217
2545,2545,2545,0.24166666666666714,1.5598535133897915,1.5495536736095217
2546,2546,2546,0.24333333333333318,1.5602349889372091,1.5495536736095217
2547,2547,2547,0.2450000000000001,1.5602349889372091,1.549935149156939
2548,2548,2548,0.24666666666666703,1.5602349889372091,1.549935149156939
2549,2549,2549,0.24833333333333396,1.5602349889372091,1.549935149156939
2550,2550,2550,0.25,1.5602349889372091,1.549935149156939
2551,2551,2551,0.2516666666666669,1.5606164644846263,1.549935149156939
2552,2552,2552,0.25333333333333385,1.5606164644846263,1.549935149156939
2553,2553,2553,0.2549999999999999,1.5606164644846263,1.549935149156939
2554,2554,2554,0.2566666666666668,1.5606164644846263,1.549935149156939
2555,2555,2555,0.25833333333333375,1.5606164644846263,1.5503166247043565
2556,2556,2556,0.26000000000000156,1.560997940032044,1.5503166247043565
2557,2557,2557,0.2616666666666667,1.560997940032044,1.5503166247043565
2558,2558,2558,0.26333333333333364,1.560997940032044,1.5503166247043565
2559,2559,2559,0.26500000000000146,1.560997940032044,1.550698100251774
2560,2560,2560,0.2666666666666666,1.560997940032044,1.5503166247043565
2561,2561,2561,0.26833333333333353,1.560997940032044,1.551079575799191
2562,2562,2562,0.27000000000000046,1.560997940032044,1.551079575799191
2563,2563,2563,0.2716666666666665,1.5613794155794614,1.551079575799191
2564,2564,2564,0.27333333333333343,1.5617608911268788,1.551079575799191
2565,2565,2565,0.27500000000000036,1.5613794155794614,1.551079575799191
2566,2566,2566,0.2766666666666673,1.5617608911268788,1.551079575799191
2567,2567,2567,0.2783333333333333,1.5617608911268788,1.5514610513466087
2568,2568,2568,0.28000000000000025,1.5617608911268788,1.5514610513466087
2569,2569,2569,0.2816666666666672,1.5617608911268788,1.5514610513466087
2570,2570,2570,0.2833333333333332,1.5617608911268788,1.5514610513466087
2571,2571,2571,0.28500000000000014,1.5617608911268788,1.5514610513466087
2572,2572,2572,0.28666666666666707,1.5617608911268788,1.5514610513466087
2573,2573,2573,0.288333333333334,1.5621423666742962,1.551842526894026
2574,2574,2574,0.29000000000000004,1.5621423666742962,1.551842526894026
2575,2575,2575,0.29166666666666696,1.5621423666742962,1.5514610513466087
2576,2576,2576,0.2933333333333339,1.5621423666742962,1.551842526894026
2577,2577,2577,0.29499999999999993,1.5625238422217136,1.551842526894026
2578,2578,2578,0.29666666666666686,1.5625238422217136,1.551842526894026
2579,2579,2579,0.2983333333333338,1.5625238422217136,1.551842526894026
2580,2580,2580,0.3000000000000016,1.5625238422217136,1.5522240024414435
2581,2581,2581,0.30166666666666675,1.5625238422217136,1.5522240024414435
2582,2582,2582,0.3033333333333337,1.5625238422217136,1.5522240024414435
2583,2583,2583,0.3050000000000015,1.5625238422217136,1.5522240024414435
2584,2584,2584,0.30666666666666664,1.5629053177691308,1.5522240024414435
2585,2585,2585,0.30833333333333357,1.5625238422217136,1.5522240024414435
2586,2586,2586,0.3100000000000005,1.5629053177691308,1.552605477988861
2587,2587,2587,0.31166666666666654,1.5629053177691308,1.552605477988861
2588,2588,2588,0.31333333333333346,1.5629053177691308,1.552605477988861
2589,2589,2589,0.3150000000000004,1.5629053177691308,1.552605477988861
2590,2590,2590,0.31666666666666643,1.5629053177691308,1.552605477988861
2591,2591,2591,0.31833333333333336,1.5632867933165484,1.552605477988861
2592,2592,2592,0.3200000000000003,1.5632867933165484,1.552605477988861
2593,2593,2593,0.3216666666666672,1.5632867933165484,1.552605477988861
2594,2594,2594,0.32333333333333325,1.5632867933165484,1.552605477988861
2595,2595,2595,0.3250000000000002,1.5632867933165484,1.5529869535362784
2596,2596,2596,0.3266666666666671,1.5629053177691308,1.5533684290836958
2597,2597,2597,0.32833333333333403,1.5632867933165484,1.5529869535362784
2598,2598,2598,0.33000000000000007,1.5632867933165484,1.5533684290836958
2599,2599,2599,0.331666666666667,1.5636682688639658,1.5533684290836958
2600,2600,2600,0.3333333333333339,1.5636682688639658,1.5533684290836958
2601,2601,2601,0.33499999999999996,1.5636682688639658,1.5533684290836958
2602,2602,2602,0.3366666666666669,1.5636682688639658,1.5533684290836958
2603,2603,2603,0.3383333333333338,1.5636682688639658,1.5537499046311132
2604,2604,2604,0.33999999999999986,1.5640497444113832,1.5537499046311132
2605,2605,2605,0.3416666666666668,1.5636682688639658,1.5533684290836958
2606,2606,2606,0.3433333333333337,1.5640497444113832,1.5537499046311132
2607,2607,2607,0.3450000000000015,1.5640497444113832,1.5541313801785306
2608,2608,2608,0.3466666666666667,1.5640497444113832,1.5541313801785306
2609,2609,2609,0.3483333333333336,1.5640497444113832,1.5541313801785306
2610,2610,2610,0.35000000000000053,1.5640497444113832,1.5541313801785306
2611,2611,2611,0.35166666666666657,1.5644312199588006,1.5541313801785306
2612,2612,2612,0.3533333333333335,1.564812695506218,1.5541313801785306
2613,2613,2613,0.3550000000000004,1.5644312199588006,1.5541313801785306
2614,2614,2614,0.35666666666666647,1.5644312199588006,1.5541313801785306
2615,2615,2615,0.3583333333333334,1.5644312199588006,1.5541313801785306
2616,2616,2616,0.3600000000000003,1.564812695506218,1.5545128557259482
2617,2617,2617,0.36166666666666725,1.564812695506218,1.5545128557259482
2618,2618,2618,0.3633333333333333,1.564812695506218,1.5545128557259482
2619,2619,2619,0.3650000000000002,1.564812695506218,1.5545128557259482
2620,2620,2620,0.36666666666666714,1.564812695506218,1.5545128557259482
2621,2621,2621,0.3683333333333332,1.564812695506218,1.5545128557259482
2622,2622,2622,0.3700000000000001,1.5651941710536357,1.5545128557259482
2623,2623,2623,0.37166666666666703,1.5651941710536357,1.5548943312733654
2624,2624,2624,0.37333333333333396,1.5651941710536357,1.5548943312733654
2625,2625,2625,0.375,1.5651941710536357,1.5545128557259482
2626,2626,2626,0.3766666666666669,1.5655756466010529,1.5548943312733654
2627,2627,2627,0.37833333333333385,1.5651941710536357,1.5548943312733654
2628,2628,2628,0.3799999999999999,1.5655756466010529,1.5548943312733654
2629,2629,2629,0.3816666666666668,1.5651941710536357,1.5548943312733654
2630,2630,2630,0.38333333333333375,1.5651941710536357,1.5545128557259482
2631,2631,2631,0.38500000000000156,1.5655756466010529,1.5548943312733654
2632,2632,2632,0.3866666666666667,1.5655756466010529,1.5548943312733654
2633,2633,2633,0.38833333333333364,1.5655756466010529,1.5548943312733654
2634,2634,2634,0.39000000000000146,1.5659571221484705,1.5548943312733654
2635,2635,2635,0.3916666666666666,1.5655756466010529,1.5545128557259482
2636,2636,2636,0.39333333333333353,1.5659571221484705,1.5548943312733654
2637,2637,2637,0.39500000000000046,1.5659571221484705,1.5552758068207828
2638,2638,2638,0.3966666666666665,1.5659571221484705,1.5552758068207828
2639,2639,2639,0.39833333333333343,1.5659571221484705,1.5552758068207828
2640,2640,2640,0.40000000000000036,1.5659571221484705,1.5552758068207828
2641,2641,2641,0.4016666666666673,1.5663385976958877,1.5552758068207828
2642,2642,2642,0.4033333333333333,1.5663385976958877,1.5552758068207828
2643,2643,2643,0.40500000000000025,1.5659571221484705,1.5552758068207828
2644,2644,2644,0.4066666666666672,1.5663385976958877,1.5552758068207828
2645,2645,2645,0.4083333333333332,1.5659571221484705,1.5552758068207828
2646,2646,2646,0.41000000000000014,1.5667200732433049,1.5552758068207828
2647,2647,2647,0.41166666666666707,1.5667200732433049,1.5556572823682002
2648,2648,2648,0.413333333333334,1.5667200732433049,1.5552758068207828
2649,2649,2649,0.41500000000000004,1.5671015487907225,1.5556572823682002
2650,2650,2650,0.41666666666666696,1.5667200732433049,1.5552758068207828
2651,2651,2651,0.4183333333333339,1.5671015487907225,1.5556572823682002
2652,2652,2652,0.41999999999999993,1.5671015487907225,1.5556572823682002
2653,2653,2653,0.42166666666666686,1.5671015487907225,1.5556572823682002
2654,2654,2654,0.4233333333333338,1.5671015487907225,1.5556572823682002
2655,2655,2655,0.4250000000000016,1.5671015487907225,1.5552758068207828
2656,2656,2656,0.42666666666666675,1.5671015487907225,1.5556572823682002
2657,2657,2657,0.4283333333333337,1.56748302433814,1.5560387579156176
2658,2658,2658,0.4300000000000015,1.56748302433814,1.5556572823682002
2659,2659,2659,0.43166666666666664,1.56748302433814,1.5560387579156176
2660,2660,2660,0.43333333333333357,1.56748302433814,1.5556572823682002
2661,2661,2661,0.4350000000000005,1.56748302433814,1.5560387579156176
2662,2662,2662,0.43666666666666654,1.56748302433814,1.5560387579156176
2663,2663,2663,0.43833333333333346,1.567864499885557,1.5560387579156176
2664,2664,2664,0.4400000000000004,1.567864499885557,1.5560387579156176
2665,2665,2665,0.44166666666666643,1.56748302433814,1.5560387579156176
2666,2666,2666,0.44333333333333336,1.567864499885557,1.5560387579156176
2667,2667,2667,0.4450000000000003,1.5682459754329747,1.5564202334630348
2668,2668,2668,0.4466666666666672,1.5682459754329747,1.5564202334630348
2669,2669,2669,0.44833333333333325,1.5682459754329747,1.5564202334630348
2670,2670,2670,0.4500000000000002,1.567864499885557,1.5560387579156176
2671,2671,2671,0.4516666666666671,1.5682459754329747,1.5564202334630348
2672,2672,2672,0.45333333333333403,1.5682459754329747,1.5564202334630348
2673,2673,2673,0.45500000000000007,1.5682459754329747,1.5564202334630348
2674,2674,2674,0.456666666666667,1.5682459754329747,1.5568017090104525
2675,2675,2675,0.4583333333333339,1.5682459754329747,1.5568017090104525
2676,2676,2676,0.45999999999999996,1.5686274509803917,1.5564202334630348
2677,2677,2677,0.4616666666666669,1.5682459754329747,1.55718318455787
2678,2678,2678,0.4633333333333338,1.5682459754329747,1.5568017090104525
2679,2679,2679,0.46499999999999986,1.5686274509803917,1.5568017090104525
2680,2680,2680,0.4666666666666668,1.5686274509803917,1.5568017090104525
2681,2681,2681,0.4683333333333337,1.5686274509803917,1.5568017090104525
2682,2682,2682,0.4700000000000015,1.5686274509803917,1.55718318455787
2683,2683,2683,0.4716666666666667,1.5686274509803917,1.55718318455787
2684,2684,2684,0.4733333333333336,1.5690089265278095,1.55718318455787
2685,2685,2685,0.47500000000000053,1.5686274509803917,1.5568017090104525
2686,2686,2686,0.47666666666666657,1.5686274509803917,1.55718318455787
2687,2687,2687,0.4783333333333335,1.5686274509803917,1.55718318455787
2688,2688,2688,0.4800000000000004,1.5690089265278095,1.55718318455787
2689,2689,2689,0.48166666666666647,1.5690089265278095,1.55718318455787
2690,2690,2690,0.4833333333333334,1.5690089265278095,1.55718318455787
2691,2691,2691,0.4850000000000003,1.5690089265278095,1.5575646601052873
2692,2692,2692,0.48666666666666725,1.5690089265278095,1.5575646601052873
2693,2693,2693,0.4883333333333333,1.5690089265278095,1.5575646601052873
2694,2694,2694,0.4900000000000002,1.569390402075227,1.5575646601052873
2695,2695,2695,0.49166666666666714,1.5690089265278095,1.5575646601052873
2696,2696,2696,0.4933333333333332,1.5690089265278095,1.5575646601052873
2697,2697,2697,0.4950000000000001,1.569390402075227,1.5575646601052873
2698,2698,2698,0.49666666666666703,1.569390402075227,1.5579461356527051
2699,2699,2699,0.49833333333333396,1.569390402075227,1.5579461356527051
2700,2700,2700,0.5,1.569390402075227,1.5575646601052873
2701,2701,2701,0.5016666666666669,1.5697718776226444,1.5579461356527051
2702,2702,2702,0.5033333333333339,1.569390402075227,1.5579461356527051
2703,2703,2703,0.5049999999999999,1.5697718776226444,1.5579461356527051
2704,2704,2704,0.5066666666666668,1.5697718776226444,1.558327611200122
2705,2705,2705,0.5083333333333337,1.5697718776226444,1.5579461356527051
2706,2706,2706,0.5100000000000016,1.5701533531700618,1.558327611200122
2707,2707,2707,0.5116666666666667,1.5701533531700618,1.558327611200122
2708,2708,2708,0.5133333333333336,1.5701533531700618,1.558327611200122
2709,2709,2709,0.5150000000000015,1.5697718776226444,1.558327611200122
2710,2710,2710,0.5166666666666666,1.5701533531700618,1.558327611200122
2711,2711,2711,0.5183333333333335,1.5701533531700618,1.558327611200122
2712,2712,2712,0.5200000000000005,1.5701533531700618,1.558327611200122
2713,2713,2713,0.5216666666666665,1.5701533531700618,1.5587090867475395
2714,2714,2714,0.5233333333333334,1.5701533531700618,1.558327611200122
2715,2715,2715,0.5250000000000004,1.5701533531700618,1.5587090867475395
2716,2716,2716,0.5266666666666673,1.5701533531700618,1.5587090867475395
2717,2717,2717,0.5283333333333333,1.5701533531700618,1.5587090867475395
2718,2718,2718,0.5300000000000002,1.5701533531700618,1.5587090867475395
2719,2719,2719,0.5316666666666672,1.5705348287174792,1.5587090867475395
2720,2720,2720,0.5333333333333332,1.5705348287174792,1.5587090867475395
2721,2721,2721,0.5350000000000001,1.5705348287174792,1.5594720378423743
2722,2722,2722,0.5366666666666671,1.5705348287174792,1.559090562294957
2723,2723,2723,0.538333333333334,1.5705348287174792,1.559090562294957
2724,2724,2724,0.54,1.5705348287174792,1.5594720378423743
2725,2725,2725,0.541666666666667,1.5705348287174792,1.559090562294957
2726,2726,2726,0.5433333333333339,1.5705348287174792,1.5594720378423743
2727,2727,2727,0.5449999999999999,1.5705348287174792,1.5598535133897915
2728,2728,2728,0.5466666666666669,1.5709163042648966,1.5594720378423743
2729,2729,2729,0.5483333333333338,1.5705348287174792,1.5598535133897915
2730,2730,2730,0.5500000000000016,1.5709163042648966,1.5594720378423743
2731,2731,2731,0.5516666666666667,1.5709163042648966,1.5598535133897915
2732,2732,2732,0.5533333333333337,1.5709163042648966,1.5598535133897915
2733,2733,2733,0.5550000000000015,1.5709163042648966,1.5602349889372091
2734,2734,2734,0.5566666666666666,1.5709163042648966,1.5598535133897915
2735,2735,2735,0.5583333333333336,1.5709163042648966,1.5602349889372091
2736,2736,2736,0.5600000000000005,1.5709163042648966,1.5602349889372091
2737,2737,2737,0.5616666666666665,1.5709163042648966,1.5602349889372091
2738,2738,2738,0.5633333333333335,1.571297779812314,1.5606164644846263
2739,2739,2739,0.5650000000000004,1.571297779812314,1.5606164644846263
2740,2740,2740,0.5666666666666664,1.571297779812314,1.5606164644846263
2741,2741,2741,0.5683333333333334,1.571297779812314,1.5606164644846263
2742,2742,2742,0.5700000000000003,1.571297779812314,1.5606164644846263
2743,2743,2743,0.5716666666666672,1.5716792553597314,1.5606164644846263
2744,2744,2744,0.5733333333333333,1.571297779812314,1.5606164644846263
2745,2745,2745,0.5750000000000002,1.571297779812314,1.5606164644846263
2746,2746,2746,0.5766666666666671,1.5716792553597314,1.5606164644846263
2747,2747,2747,0.578333333333334,1.571297779812314,1.560997940032044
2748,2748,2748,0.5800000000000001,1.5716792553597314,1.560997940032044
2749,2749,2749,0.581666666666667,1.5716792553597314,1.560997940032044
2750,2750,2750,0.5833333333333339,1.5716792553597314,1.560997940032044
2751,2751,2751,0.585,1.5720607309071488,1.560997940032044
2752,2752,2752,0.5866666666666669,1.5716792553597314,1.5613794155794614
2753,2753,2753,0.5883333333333338,1.5716792553597314,1.5613794155794614
2754,2754,2754,0.5899999999999999,1.5716792553597314,1.5613794155794614
2755,2755,2755,0.5916666666666668,1.5720607309071488,1.5617608911268788
2756,2756,2756,0.5933333333333337,1.5720607309071488,1.5621423666742962
2757,2757,2757,0.5950000000000015,1.5724422064545662,1.5617608911268788
2758,2758,2758,0.5966666666666667,1.5724422064545662,1.5621423666742962
2759,2759,2759,0.5983333333333336,1.5728236820019836,1.5621423666742962
2760,2760,2760,0.6000000000000005,1.5724422064545662,1.5621423666742962
2761,2761,2761,0.6016666666666666,1.5724422064545662,1.5621423666742962
2762,2762,2762,0.6033333333333335,1.5724422064545662,1.5625238422217136
2763,2763,2763,0.6050000000000004,1.5724422064545662,1.5625238422217136
2764,2764,2764,0.6066666666666665,1.5728236820019836,1.5625238422217136
2765,2765,2765,0.6083333333333334,1.5724422064545662,1.5625238422217136
2766,2766,2766,0.6100000000000003,1.5728236820019836,1.5625238422217136
2767,2767,2767,0.6116666666666672,1.5728236820019836,1.5625238422217136
2768,2768,2768,0.6133333333333333,1.5728236820019836,1.5625238422217136
2769,2769,2769,0.6150000000000002,1.5728236820019836,1.5629053177691308
2770,2770,2770,0.6166666666666671,1.5728236820019836,1.5629053177691308
2771,2771,2771,0.6183333333333341,1.5732051575494008,1.5629053177691308
2772,2772,2772,0.6200000000000001,1.5732051575494008,1.5629053177691308
2773,2773,2773,0.621666666666667,1.5732051575494008,1.5629053177691308
2774,2774,2774,0.623333333333334,1.5732051575494008,1.5632867933165484
2775,2775,2775,0.625,1.5732051575494008,1.5629053177691308
2776,2776,2776,0.6266666666666669,1.5732051575494008,1.5632867933165484
2777,2777,2777,0.6283333333333339,1.5732051575494008,1.5632867933165484
2778,2778,2778,0.6299999999999999,1.5732051575494008,1.5632867933165484
2779,2779,2779,0.6316666666666668,1.5735866330968185,1.5636682688639658
2780,2780,2780,0.6333333333333337,1.5735866330968185,1.5636682688639658
2781,2781,2781,0.6350000000000016,1.5735866330968185,1.5636682688639658
2782,2782,2782,0.6366666666666667,1.5735866330968185,1.5636682688639658
2783,2783,2783,0.6383333333333336,1.5735866330968185,1.5636682688639658
2784,2784,2784,0.6400000000000015,1.5735866330968185,1.5640497444113832
2785,2785,2785,0.6416666666666666,1.5735866330968185,1.5640497444113832
2786,2786,2786,0.6433333333333335,1.5739681086442356,1.5640497444113832
2787,2787,2787,0.6450000000000005,1.5739681086442356,1.5644312199588006
2788,2788,2788,0.6466666666666665,1.5743495841916533,1.5644312199588006
2789,2789,2789,0.6483333333333334,1.5739681086442356,1.5644312199588006
2790,2790,2790,0.6500000000000004,1.5739681086442356,1.5644312199588006
2791,2791,2791,0.6516666666666673,1.5743495841916533,1.5644312199588006
2792,2792,2792,0.6533333333333333,1.5743495841916533,1.564812695506218
2793,2793,2793,0.6550000000000002,1.5743495841916533,1.564812695506218
2794,2794,2794,0.6566666666666672,1.5743495841916533,1.564812695506218
2795,2795,2795,0.6583333333333332,1.5743495841916533,1.564812695506218
2796,2796,2796,0.6600000000000001,1.5747310597390711,1.5651941710536357
2797,2797,2797,0.6616666666666671,1.575112535286488,1.5651941710536357
2798,2798,2798,0.663333333333334,1.575112535286488,1.5651941710536357
2799,2799,2799,0.665,1.575112535286488,1.5655756466010529
2800,2800,2800,0.666666666666667,1.575112535286488,1.5651941710536357
2801,2801,2801,0.6683333333333339,1.5754940108339055,1.5651941710536357
2802,2802,2802,0.6699999999999999,1.5754940108339055,1.5655756466010529
2803,2803,2803,0.6716666666666669,1.5754940108339055,1.5655756466010529
2804,2804,2804,0.6733333333333338,1.5754940108339055,1.5655756466010529
2805,2805,2805,0.6750000000000016,1.5754940108339055,1.5659571221484705
2806,2806,2806,0.6766666666666667,1.5754940108339055,1.5655756466010529
2807,2807,2807,0.6783333333333337,1.5754940108339055,1.5659571221484705
2808,2808,2808,0.6800000000000015,1.5758754863813234,1.5659571221484705
2809,2809,2809,0.6816666666666666,1.5758754863813234,1.5659571221484705
2810,2810,2810,0.6833333333333336,1.5754940108339055,1.5659571221484705
2811,2811,2811,0.6850000000000005,1.5758754863813234,1.5659571221484705
2812,2812,2812,0.6866666666666665,1.5758754863813234,1.5663385976958877
2813,2813,2813,0.6883333333333335,1.5762569619287403,1.5663385976958877
2814,2814,2814,0.6900000000000004,1.5762569619287403,1.5663385976958877
2815,2815,2815,0.6916666666666664,1.5762569619287403,1.5659571221484705
2816,2816,2816,0.6933333333333334,1.5762569619287403,1.5667200732433049
2817,2817,2817,0.6950000000000003,1.5762569619287403,1.5663385976958877
2818,2818,2818,0.6966666666666672,1.5762569619287403,1.5667200732433049
2819,2819,2819,0.6983333333333333,1.5766384374761575,1.5667200732433049
2820,2820,2820,0.7000000000000002,1.5766384374761575,1.5667200732433049
2821,2821,2821,0.7016666666666671,1.5766384374761575,1.5667200732433049
2822,2822,2822,0.703333333333334,1.5766384374761575,1.5671015487907225
2823,2823,2823,0.7050000000000001,1.5770199130235751,1.5671015487907225
2824,2824,2824,0.706666666666667,1.5770199130235751,1.5671015487907225
2825,2825,2825,0.7083333333333339,1.5770199130235751,1.5671015487907225
2826,2826,2826,0.71,1.5770199130235751,1.56748302433814
2827,2827,2827,0.7116666666666669,1.5770199130235751,1.56748302433814
2828,2828,2828,0.7133333333333338,1.5774013885709923,1.567864499885557
2829,2829,2829,0.7150000000000016,1.5774013885709923,1.567864499885557
2830,2830,2830,0.7166666666666668,1.5774013885709923,1.567864499885557
2831,2831,2831,0.7183333333333337,1.57778286411841,1.567864499885557
2832,2832,2832,0.7200000000000015,1.57778286411841,1.5682459754329747
2833,2833,2833,0.7216666666666667,1.57778286411841,1.5682459754329747
2834,2834,2834,0.7233333333333336,1.57778286411841,1.567864499885557
2835,2835,2835,0.7250000000000005,1.57778286411841,1.5682459754329747
2836,2836,2836,0.7266666666666666,1.5781643396658274,1.5682459754329747
2837,2837,2837,0.7283333333333335,1.5781643396658274,1.5686274509803917
2838,2838,2838,0.7300000000000004,1.5781643396658274,1.5686274509803917
2839,2839,2839,0.7316666666666665,1.5785458152132448,1.5686274509803917
2840,2840,2840,0.7333333333333334,1.5781643396658274,1.5682459754329747
2841,2841,2841,0.7350000000000003,1.5785458152132448,1.5686274509803917
2842,2842,2842,0.7366666666666672,1.5785458152132448,1.5690089265278095
2843,2843,2843,0.7383333333333333,1.5785458152132448,1.5686274509803917
2844,2844,2844,0.7400000000000002,1.5789272907606622,1.5686274509803917
2845,2845,2845,0.7416666666666671,1.5785458152132448,1.5690089265278095
2846,2846,2846,0.7433333333333341,1.5789272907606622,1.5690089265278095
2847,2847,2847,0.7450000000000001,1.5789272907606622,1.5690089265278095
2848,2848,2848,0.746666666666667,1.5789272907606622,1.5690089265278095
2849,2849,2849,0.748333333333334,1.5793087663080796,1.569390402075227
2850,2850,2850,0.75,1.5793087663080796,1.569390402075227
2851,2851,2851,0.7516666666666669,1.5793087663080796,1.569390402075227
2852,2852,2852,0.7533333333333339,1.5793087663080796,1.569390402075227
2853,2853,2853,0.7549999999999999,1.5793087663080796,1.569390402075227
2854,2854,2854,0.7566666666666668,1.5796902418554968,1.5697718776226444
2855,2855,2855,0.7583333333333337,1.5796902418554968,1.569390402075227
2856,2856,2856,0.7600000000000016,1.5796902418554968,1.5697718776226444
2857,2857,2857,0.7616666666666667,1.5800717174029144,1.5701533531700618
2858,2858,2858,0.7633333333333336,1.5800717174029144,1.5701533531700618
2859,2859,2859,0.7650000000000015,1.5804531929503318,1.5705348287174792
2860,2860,2860,0.7666666666666666,1.5800717174029144,1.5701533531700618
2861,2861,2861,0.7683333333333335,1.5804531929503318,1.5705348287174792
2862,2862,2862,0.7700000000000005,1.5804531929503318,1.5705348287174792
2863,2863,2863,0.7716666666666665,1.5808346684977492,1.5705348287174792
2864,2864,2864,0.7733333333333334,1.5808346684977492,1.5709163042648966
2865,2865,2865,0.7750000000000004,1.5808346684977492,1.5705348287174792
2866,2866,2866,0.7766666666666673,1.5812161440451666,1.5709163042648966
2867,2867,2867,0.7783333333333333,1.5812161440451666,1.5709163042648966
2868,2868,2868,0.7800000000000002,1.5812161440451666,1.5709163042648966
2869,2869,2869,0.7816666666666672,1.5812161440451666,1.5709163042648966
2870,2870,2870,0.7833333333333332,1.5812161440451666,1.5709163042648966
2871,2871,2871,0.7850000000000001,1.581597619592584,1.571297779812314
2872,2872,2872,0.7866666666666671,1.581597619592584,1.571297779812314
2873,2873,2873,0.788333333333334,1.581597619592584,1.571297779812314
2874,2874,2874,0.79,1.581597619592584,1.571297779812314
2875,2875,2875,0.791666666666667,1.581597619592584,1.571297779812314
2876,2876,2876,0.7933333333333339,1.5819790951400017,1.5716792553597314
2877,2877,2877,0.7949999999999999,1.5819790951400017,1.5716792553597314
2878,2878,2878,0.7966666666666669,1.5823605706874189,1.5716792553597314
2879,2879,2879,0.7983333333333338,1.5823605706874189,1.5720607309071488
2880,2880,2880,0.8000000000000016,1.5823605706874189,1.5720607309071488
2881,2881,2881,0.8016666666666667,1.5827420462348365,1.5720607309071488
2882,2882,2882,0.8033333333333337,1.5827420462348365,1.5720607309071488
2883,2883,2883,0.8050000000000015,1.5831235217822537,1.5720607309071488
2884,2884,2884,0.8066666666666666,1.5831235217822537,1.5724422064545662
2885,2885,2885,0.8083333333333336,1.5831235217822537,1.5724422064545662
2886,2886,2886,0.8100000000000005,1.5835049973296709,1.5724422064545662
2887,2887,2887,0.8116666666666665,1.5835049973296709,1.5724422064545662
2888,2888,2888,0.8133333333333335,1.5838864728770885,1.5728236820019836
2889,2889,2889,0.8150000000000004,1.5838864728770885,1.5728236820019836
2890,2890,2890,0.8166666666666664,1.5835049973296709,1.5732051575494008
2891,2891,2891,0.8183333333333334,1.5838864728770885,1.5732051575494008
2892,2892,2892,0.8200000000000003,1.5838864728770885,1.5732051575494008
2893,2893,2893,0.8216666666666672,1.584267948424506,1.5735866330968185
2894,2894,2894,0.8233333333333333,1.584267948424506,1.5732051575494008
2895,2895,2895,0.8250000000000002,1.584267948424506,1.5732051575494008
2896,2896,2896,0.8266666666666671,1.584267948424506,1.5735866330968185
2897,2897,2897,0.828333333333334,1.584267948424506,1.5739681086442356
2898,2898,2898,0.8300000000000001,1.584649423971923,1.5735866330968185
2899,2899,2899,0.831666666666667,1.5850308995193407,1.5739681086442356
2900,2900,2900,0.8333333333333339,1.584649423971923,1.5735866330968185
2901,2901,2901,0.835,1.5850308995193407,1.5739681086442356
2902,2902,2902,0.8366666666666669,1.5850308995193407,1.5739681086442356
2903,2903,2903,0.8383333333333338,1.5854123750667581,1.5743495841916533
2904,2904,2904,0.8400000000000016,1.5854123750667581,1.5743495841916533
2905,2905,2905,0.8416666666666668,1.5854123750667581,1.5739681086442356
2906,2906,2906,0.8433333333333337,1.5857938506141755,1.5743495841916533
2907,2907,2907,0.8450000000000015,1.5857938506141755,1.5747310597390711
2908,2908,2908,0.8466666666666667,1.5857938506141755,1.5747310597390711
2909,2909,2909,0.8483333333333336,1.586175326161593,1.5743495841916533
2910,2910,2910,0.8500000000000005,1.586175326161593,1.5747310597390711
2911,2911,2911,0.8516666666666666,1.5865568017090104,1.5747310597390711
2912,2912,2912,0.8533333333333335,1.5865568017090104,1.575112535286488
2913,2913,2913,0.8550000000000004,1.5865568017090104,1.575112535286488
2914,2914,2914,0.8566666666666665,1.5865568017090104,1.575112535286488
2915,2915,2915,0.8583333333333334,1.5865568017090104,1.575112535286488
2916,2916,2916,0.8600000000000003,1.5869382772564278,1.5754940108339055
2917,2917,2917,0.8616666666666672,1.5873197528038452,1.5754940108339055
2918,2918,2918,0.8633333333333333,1.5869382772564278,1.5758754863813234
2919,2919,2919,0.8650000000000002,1.5869382772564278,1.5758754863813234
2920,2920,2920,0.8666666666666671,1.5873197528038452,1.5758754863813234
2921,2921,2921,0.8683333333333341,1.5873197528038452,1.5758754863813234
2922,2922,2922,0.8700000000000001,1.5877012283512626,1.5762569619287403
2923,2923,2923,0.871666666666667,1.5877012283512626,1.5762569619287403
2924,2924,2924,0.873333333333334,1.5877012283512626,1.5762569619287403
2925,2925,2925,0.875,1.5877012283512626,1.5762569619287403
2926,2926,2926,0.8766666666666669,1.58808270389868,1.5766384374761575
2927,2927,2927,0.8783333333333339,1.58808270389868,1.5766384374761575
2928,2928,2928,0.8799999999999999,1.5884641794460974,1.5766384374761575
2929,2929,2929,0.8816666666666668,1.5884641794460974,1.5770199130235751
2930,2930,2930,0.8833333333333337,1.5884641794460974,1.5770199130235751
2931,2931,2931,0.8850000000000016,1.5888456549935148,1.5770199130235751
2932,2932,2932,0.8866666666666667,1.5888456549935148,1.5774013885709923
2933,2933,2933,0.8883333333333336,1.5888456549935148,1.5774013885709923
2934,2934,2934,0.8900000000000015,1.5888456549935148,1.5774013885709923
2935,2935,2935,0.8916666666666666,1.5888456549935148,1.5774013885709923
2936,2936,2936,0.8933333333333335,1.5892271305409322,1.57778286411841
2937,2937,2937,0.8950000000000005,1.5892271305409322,1.57778286411841
2938,2938,2938,0.8966666666666665,1.5892271305409322,1.57778286411841
2939,2939,2939,0.8983333333333334,1.5896086060883496,1.57778286411841
2940,2940,2940,0.9000000000000004,1.5896086060883496,1.57778286411841
2941,2941,2941,0.9016666666666673,1.5896086060883496,1.5781643396658274
2942,2942,2942,0.9033333333333333,1.5899900816357668,1.5781643396658274
2943,2943,2943,0.9050000000000002,1.5899900816357668,1.5789272907606622
2944,2944,2944,0.9066666666666672,1.5899900816357668,1.5789272907606622
2945,2945,2945,0.9083333333333332,1.5899900816357668,1.5789272907606622
2946,2946,2946,0.9100000000000001,1.5903715571831845,1.5789272907606622
2947,2947,2947,0.9116666666666671,1.5903715571831845,1.5789272907606622
2948,2948,2948,0.913333333333334,1.5903715571831845,1.5793087663080796
2949,2949,2949,0.915,1.5907530327306016,1.5793087663080796
2950,2950,2950,0.916666666666667,1.5907530327306016,1.5793087663080796
2951,2951,2951,0.9183333333333339,1.5907530327306016,1.5796902418554968
2952,2952,2952,0.9199999999999999,1.5907530327306016,1.5796902418554968
2953,2953,2953,0.9216666666666669,1.5911345082780193,1.5796902418554968
2954,2954,2954,0.9233333333333338,1.5911345082780193,1.5796902418554968
2955,2955,2955,0.9250000000000016,1.5911345082780193,1.5800717174029144
2956,2956,2956,0.9266666666666667,1.5911345082780193,1.5800717174029144
2957,2957,2957,0.9283333333333337,1.591515983825437,1.5800717174029144
2958,2958,2958,0.9300000000000015,1.591515983825437,1.5800717174029144
2959,2959,2959,0.9316666666666666,1.591515983825437,1.5804531929503318
2960,2960,2960,0.9333333333333336,1.591515983825437,1.5800717174029144
2961,2961,2961,0.9350000000000005,1.591897459372854,1.5804531929503318
2962,2962,2962,0.9366666666666665,1.591897459372854,1.5804531929503318
2963,2963,2963,0.9383333333333335,1.591897459372854,1.5808346684977492
2964,2964,2964,0.9400000000000004,1.591897459372854,1.5808346684977492
2965,2965,2965,0.9416666666666664,1.591897459372854,1.5808346684977492
2966,2966,2966,0.9433333333333334,1.5922789349202715,1.5808346684977492
2967,2967,2967,0.9450000000000003,1.5922789349202715,1.5812161440451666
2968,2968,2968,0.9466666666666672,1.5922789349202715,1.5812161440451666
2969,2969,2969,0.9483333333333333,1.5922789349202715,1.581597619592584
2970,2970,2970,0.9500000000000002,1.5922789349202715,1.5812161440451666
2971,2971,2971,0.9516666666666671,1.5926604104676891,1.581597619592584
2972,2972,2972,0.953333333333334,1.5926604104676891,1.581597619592584
2973,2973,2973,0.9550000000000001,1.5926604104676891,1.5819790951400017
2974,2974,2974,0.956666666666667,1.5926604104676891,1.5819790951400017
2975,2975,2975,0.9583333333333339,1.5926604104676891,1.5819790951400017
2976,2976,2976,0.96,1.5930418860151063,1.5819790951400017
2977,2977,2977,0.9616666666666669,1.5930418860151063,1.5823605706874189
2978,2978,2978,0.9633333333333338,1.5930418860151063,1.5823605706874189
2979,2979,2979,0.9650000000000016,1.5934233615625235,1.5823605706874189
2980,2980,2980,0.9666666666666668,1.5934233615625235,1.5823605706874189
2981,2981,2981,0.9683333333333337,1.5934233615625235,1.5823605706874189
2982,2982,2982,0.9700000000000015,1.5938048371099411,1.5827420462348365
2983,2983,2983,0.9716666666666667,1.5938048371099411,1.5827420462348365
2984,2984,2984,0.9733333333333336,1.5938048371099411,1.5827420462348365
2985,2985,2985,0.9750000000000005,1.5938048371099411,1.5827420462348365
2986,2986,2986,0.9766666666666666,1.5941863126573586,1.5827420462348365
2987,2987,2987,0.9783333333333335,1.5941863126573586,1.5831235217822537
2988,2988,2988,0.9800000000000004,1.5941863126573586,1.5831235217822537
2989,2989,2989,0.9816666666666665,1.5941863126573586,1.5835049973296709
2990,2990,2990,0.9833333333333334,1.5938048371099411,1.5831235217822537
2991,2991,2991,0.9850000000000003,1.5941863126573586,1.5835049973296709
2992,2992,2992,0.9866666666666672,1.5941863126573586,1.5835049973296709
2993,2993,2993,0.9883333333333333,1.5945677882047755,1.5835049973296709
2994,2994,2994,0.9900000000000002,1.5945677882047755,1.5835049973296709
2995,2995,2995,0.9916666666666671,1.5945677882047755,1.5835049973296709
2996,2996,2996,0.9933333333333341,1.5945677882047755,1.5838864728770885
2997,2997,2997,0.9950000000000001,1.5945677882047755,1.5838864728770885
2998,2998,2998,0.996666666666667,1.5945677882047755,1.584267948424506
2999,2999,2999,0.998333333333334,1.5945677882047755,1.584267948424506
3000,3000,3000,1.0,1.5945677882047755,1.584649423971923
3001,3001,3001,1.001666666666667,1.5949492637521934,1.584649423971923
3002,3002,3002,1.0033333333333339,1.5949492637521934,1.584649423971923
3003,3003,3003,1.005,1.5953307392996108,1.584649423971923
3004,3004,3004,1.0066666666666668,1.5953307392996108,1.584649423971923
3005,3005,3005,1.0083333333333337,1.5949492637521934,1.584649423971923
3006,3006,3006,1.0100000000000016,1.5953307392996108,1.5850308995193407
3007,3007,3007,1.0116666666666667,1.5953307392996108,1.5850308995193407
3008,3008,3008,1.0133333333333336,1.5953307392996108,1.5850308995193407
3009,3009,3009,1.0150000000000015,1.5953307392996108,1.5850308995193407
3010,3010,3010,1.0166666666666666,1.5953307392996108,1.5850308995193407
3011,3011,3011,1.0183333333333335,1.5953307392996108,1.5854123750667581
3012,3012,3012,1.0200000000000005,1.5953307392996108,1.5854123750667581
3013,3013,3013,1.0216666666666665,1.5957122148470282,1.5854123750667581
3014,3014,3014,1.0233333333333334,1.5957122148470282,1.5854123750667581
3015,3015,3015,1.0250000000000004,1.5957122148470282,1.5854123750667581
3016,3016,3016,1.0266666666666673,1.5960936903944456,1.5854123750667581
3017,3017,3017,1.0283333333333333,1.5957122148470282,1.5854123750667581
3018,3018,3018,1.0300000000000002,1.596475165941863,1.5857938506141755
3019,3019,3019,1.0316666666666672,1.5960936903944456,1.5857938506141755
3020,3020,3020,1.0333333333333332,1.5960936903944456,1.5857938506141755
3021,3021,3021,1.0350000000000001,1.5960936903944456,1.5857938506141755
3022,3022,3022,1.036666666666667,1.596475165941863,1.5857938506141755
3023,3023,3023,1.038333333333334,1.596475165941863,1.586175326161593
3024,3024,3024,1.04,1.596475165941863,1.586175326161593
3025,3025,3025,1.041666666666667,1.596475165941863,1.586175326161593
3026,3026,3026,1.043333333333334,1.596475165941863,1.5865568017090104
3027,3027,3027,1.045,1.5968566414892804,1.5865568017090104
3028,3028,3028,1.0466666666666669,1.5968566414892804,1.5865568017090104
3029,3029,3029,1.0483333333333338,1.5968566414892804,1.5869382772564278
3030,3030,3030,1.0500000000000016,1.5968566414892804,1.5865568017090104
3031,3031,3031,1.0516666666666667,1.5972381170366978,1.5869382772564278
3032,3032,3032,1.0533333333333337,1.5972381170366978,1.5869382772564278
3033,3033,3033,1.0550000000000015,1.5968566414892804,1.5869382772564278
3034,3034,3034,1.0566666666666666,1.5972381170366978,1.5869382772564278
3035,3035,3035,1.0583333333333336,1.5972381170366978,1.5869382772564278
3036,3036,3036,1.0600000000000005,1.5972381170366978,1.5873197528038452
3037,3037,3037,1.0616666666666665,1.5976195925841152,1.5873197528038452
3038,3038,3038,1.0633333333333335,1.5972381170366978,1.5873197528038452
3039,3039,3039,1.0650000000000004,1.5972381170366978,1.5877012283512626
3040,3040,3040,1.0666666666666664,1.5976195925841152,1.5877012283512626
3041,3041,3041,1.0683333333333334,1.5972381170366978,1.5877012283512626
3042,3042,3042,1.0700000000000003,1.5976195925841152,1.5877012283512626
3043,3043,3043,1.0716666666666672,1.5976195925841152,1.5877012283512626
3044,3044,3044,1.0733333333333333,1.5976195925841152,1.5877012283512626
3045,3045,3045,1.0750000000000002,1.5976195925841152,1.5877012283512626
3046,3046,3046,1.076666666666667,1.5980010681315326,1.58808270389868
3047,3047,3047,1.078333333333334,1.5980010681315326,1.58808270389868
3048,3048,3048,1.08,1.5980010681315326,1.58808270389868
3049,3049,3049,1.081666666666667,1.5980010681315326,1.58808270389868
3050,3050,3050,1.083333333333334,1.5980010681315326,1.58808270389868
3051,3051,3051,1.085,1.5980010681315326,1.58808270389868
3052,3052,3052,1.086666666666667,1.5980010681315326,1.5884641794460974
3053,3053,3053,1.0883333333333338,1.59838254367895,1.5884641794460974
3054,3054,3054,1.0900000000000016,1.59838254367895,1.5884641794460974
3055,3055,3055,1.0916666666666668,1.5980010681315326,1.5884641794460974
3056,3056,3056,1.0933333333333337,1.59838254367895,1.5884641794460974
3057,3057,3057,1.0950000000000015,1.5987640192263677,1.5884641794460974
3058,3058,3058,1.0966666666666667,1.5987640192263677,1.5884641794460974
3059,3059,3059,1.0983333333333336,1.59838254367895,1.5888456549935148
3060,3060,3060,1.1000000000000005,1.5987640192263677,1.5884641794460974
3061,3061,3061,1.1016666666666666,1.5987640192263677,1.5888456549935148
3062,3062,3062,1.1033333333333335,1.5987640192263677,1.5888456549935148
3063,3063,3063,1.1050000000000004,1.5991454947737849,1.5888456549935148
3064,3064,3064,1.1066666666666665,1.5991454947737849,1.5888456549935148
3065,3065,3065,1.1083333333333334,1.5991454947737849,1.5888456549935148
3066,3066,3066,1.1100000000000003,1.5987640192263677,1.5892271305409322
3067,3067,3067,1.1116666666666672,1.5991454947737849,1.5892271305409322
3068,3068,3068,1.1133333333333333,1.5995269703212025,1.5888456549935148
3069,3069,3069,1.1150000000000002,1.5995269703212025,1.5892271305409322
3070,3070,3070,1.1166666666666671,1.5995269703212025,1.5888456549935148
3071,3071,3071,1.118333333333334,1.5995269703212025,1.5892271305409322
3072,3072,3072,1.12,1.5995269703212025,1.5896086060883496
3073,3073,3073,1.121666666666667,1.5995269703212025,1.5899900816357668
3074,3074,3074,1.123333333333334,1.5999084458686197,1.5896086060883496
3075,3075,3075,1.125,1.5995269703212025,1.5899900816357668
3076,3076,3076,1.126666666666667,1.5999084458686197,1.5899900816357668
3077,3077,3077,1.1283333333333339,1.5999084458686197,1.5899900816357668
3078,3078,3078,1.13,1.5999084458686197,1.5899900816357668
3079,3079,3079,1.1316666666666668,1.5999084458686197,1.5899900816357668
3080,3080,3080,1.1333333333333337,1.5999084458686197,1.5899900816357668
3081,3081,3081,1.1350000000000016,1.6002899214160369,1.5903715571831845
3082,3082,3082,1.1366666666666667,1.6002899214160369,1.5903715571831845
3083,3083,3083,1.1383333333333336,1.6002899214160369,1.5903715571831845
3084,3084,3084,1.1400000000000015,1.6006713969634545,1.5907530327306016
3085,3085,3085,1.1416666666666666,1.6002899214160369,1.5903715571831845
3086,3086,3086,1.1433333333333335,1.6006713969634545,1.5903715571831845
3087,3087,3087,1.1450000000000005,1.6002899214160369,1.5903715571831845
3088,3088,3088,1.1466666666666665,1.6006713969634545,1.5907530327306016
3089,3089,3089,1.1483333333333334,1.6006713969634545,1.5907530327306016
3090,3090,3090,1.1500000000000004,1.6006713969634545,1.5907530327306016
3091,3091,3091,1.1516666666666673,1.601052872510872,1.5907530327306016
3092,3092,3092,1.1533333333333333,1.601052872510872,1.5907530327306016
3093,3093,3093,1.1550000000000002,1.601052872510872,1.5911345082780193
3094,3094,3094,1.1566666666666672,1.601052872510872,1.5911345082780193
3095,3095,3095,1.158333333333334,1.601052872510872,1.5911345082780193
3096,3096,3096,1.1600000000000001,1.601052872510872,1.5911345082780193
3097,3097,3097,1.161666666666667,1.6014343480582889,1.5911345082780193
3098,3098,3098,1.163333333333334,1.601052872510872,1.5911345082780193
3099,3099,3099,1.165,1.6018158236057067,1.591515983825437
3100,3100,3100,1.166666666666667,1.6014343480582889,1.591515983825437
3101,3101,3101,1.168333333333334,1.6018158236057067,1.591515983825437
3102,3102,3102,1.17,1.6014343480582889,1.591515983825437
3103,3103,3103,1.1716666666666669,1.6021972991531244,1.591515983825437
3104,3104,3104,1.1733333333333338,1.6021972991531244,1.591515983825437
3105,3105,3105,1.1750000000000016,1.6018158236057067,1.591515983825437
3106,3106,3106,1.1766666666666667,1.6021972991531244,1.591897459372854
3107,3107,3107,1.1783333333333337,1.6021972991531244,1.591897459372854
3108,3108,3108,1.1800000000000015,1.6021972991531244,1.591897459372854
3109,3109,3109,1.1816666666666666,1.6021972991531244,1.5922789349202715
3110,3110,3110,1.1833333333333336,1.6021972991531244,1.5922789349202715
3111,3111,3111,1.1850000000000005,1.6021972991531244,1.5922789349202715
3112,3112,3112,1.1866666666666665,1.6025787747005418,1.5922789349202715
3113,3113,3113,1.1883333333333335,1.6025787747005418,1.5922789349202715
3114,3114,3114,1.1900000000000004,1.6025787747005418,1.5926604104676891
3115,3115,3115,1.1916666666666664,1.6025787747005418,1.5926604104676891
3116,3116,3116,1.1933333333333334,1.6029602502479592,1.5926604104676891
3117,3117,3117,1.1950000000000003,1.6029602502479592,1.5930418860151063
3118,3118,3118,1.1966666666666672,1.6025787747005418,1.5926604104676891
3119,3119,3119,1.1983333333333333,1.6025787747005418,1.5930418860151063
3120,3120,3120,1.2000000000000002,1.6029602502479592,1.5926604104676891
3121,3121,3121,1.201666666666667,1.6029602502479592,1.5930418860151063
3122,3122,3122,1.203333333333334,1.6029602502479592,1.5930418860151063
3123,3123,3123,1.205,1.6033417257953766,1.5930418860151063
3124,3124,3124,1.206666666666667,1.6029602502479592,1.5930418860151063
3125,3125,3125,1.208333333333334,1.6033417257953766,1.5930418860151063
3126,3126,3126,1.21,1.6033417257953766,1.5934233615625235
3127,3127,3127,1.211666666666667,1.6033417257953766,1.5934233615625235
3128,3128,3128,1.2133333333333338,1.603723201342794,1.5934233615625235
3129,3129,3129,1.2150000000000016,1.6033417257953766,1.5934233615625235
3130,3130,3130,1.2166666666666668,1.603723201342794,1.5934233615625235
3131,3131,3131,1.2183333333333337,1.6033417257953766,1.5938048371099411
3132,3132,3132,1.2200000000000015,1.603723201342794,1.5938048371099411
3133,3133,3133,1.2216666666666667,1.603723201342794,1.5938048371099411
3134,3134,3134,1.2233333333333336,1.603723201342794,1.5938048371099411
3135,3135,3135,1.2250000000000005,1.6041046768902114,1.5938048371099411
3136,3136,3136,1.2266666666666666,1.6041046768902114,1.5938048371099411
3137,3137,3137,1.2283333333333335,1.6041046768902114,1.5941863126573586
3138,3138,3138,1.2300000000000004,1.6044861524376288,1.5941863126573586
3139,3139,3139,1.2316666666666665,1.6044861524376288,1.5941863126573586
3140,3140,3140,1.2333333333333334,1.6044861524376288,1.5941863126573586
3141,3141,3141,1.2350000000000003,1.6044861524376288,1.5941863126573586
3142,3142,3142,1.2366666666666672,1.6048676279850462,1.5941863126573586
3143,3143,3143,1.2383333333333333,1.6048676279850462,1.5945677882047755
3144,3144,3144,1.2400000000000002,1.6048676279850462,1.5945677882047755
3145,3145,3145,1.2416666666666671,1.6048676279850462,1.5945677882047755
3146,3146,3146,1.243333333333334,1.6048676279850462,1.5949492637521934
3147,3147,3147,1.245,1.6048676279850462,1.5945677882047755
3148,3148,3148,1.246666666666667,1.6052491035324636,1.5949492637521934
3149,3149,3149,1.248333333333334,1.6052491035324636,1.5949492637521934
3150,3150,3150,1.25,1.6052491035324636,1.5945677882047755
3151,3151,3151,1.251666666666667,1.6052491035324636,1.5949492637521934
3152,3152,3152,1.2533333333333339,1.6052491035324636,1.5953307392996108
3153,3153,3153,1.255,1.6052491035324636,1.5953307392996108
3154,3154,3154,1.2566666666666668,1.6056305790798806,1.5953307392996108
3155,3155,3155,1.2583333333333337,1.6052491035324636,1.5953307392996108
3156,3156,3156,1.2600000000000016,1.6056305790798806,1.5957122148470282
3157,3157,3157,1.2616666666666667,1.6056305790798806,1.5953307392996108
3158,3158,3158,1.2633333333333336,1.6056305790798806,1.5957122148470282
3159,3159,3159,1.2650000000000015,1.6056305790798806,1.5957122148470282
3160,3160,3160,1.2666666666666666,1.6056305790798806,1.5957122148470282
3161,3161,3161,1.2683333333333335,1.6060120546272985,1.5957122148470282
3162,3162,3162,1.2700000000000005,1.6060120546272985,1.5960936903944456
3163,3163,3163,1.2716666666666665,1.6060120546272985,1.5957122148470282
3164,3164,3164,1.2733333333333334,1.6060120546272985,1.5960936903944456
3165,3165,3165,1.2750000000000004,1.6060120546272985,1.5957122148470282
3166,3166,3166,1.2766666666666673,1.6063935301747159,1.5960936903944456
3167,3167,3167,1.2783333333333333,1.6063935301747159,1.5960936903944456
3168,3168,3168,1.2800000000000002,1.6067750057221333,1.5960936903944456
3169,3169,3169,1.2816666666666672,1.6063935301747159,1.596475165941863
3170,3170,3170,1.283333333333334,1.6063935301747159,1.596475165941863
3171,3171,3171,1.2850000000000001,1.6067750057221333,1.596475165941863
3172,3172,3172,1.286666666666667,1.6067750057221333,1.596475165941863
3173,3173,3173,1.288333333333334,1.607156481269551,1.596475165941863
3174,3174,3174,1.29,1.607156481269551,1.596475165941863
3175,3175,3175,1.291666666666667,1.6067750057221333,1.596475165941863
3176,3176,3176,1.293333333333334,1.607156481269551,1.5968566414892804
3177,3177,3177,1.295,1.607156481269551,1.5968566414892804
3178,3178,3178,1.2966666666666669,1.607537956816968,1.5968566414892804
3179,3179,3179,1.2983333333333338,1.607537956816968,1.5968566414892804
3180,3180,3180,1.3000000000000016,1.607537956816968,1.5968566414892804
3181,3181,3181,1.3016666666666667,1.607537956816968,1.5968566414892804
3182,3182,3182,1.3033333333333337,1.6079194323643855,1.5972381170366978
3183,3183,3183,1.3050000000000015,1.6079194323643855,1.5972381170366978
3184,3184,3184,1.3066666666666666,1.6079194323643855,1.5972381170366978
3185,3185,3185,1.3083333333333336,1.6079194323643855,1.5972381170366978
3186,3186,3186,1.3100000000000005,1.6079194323643855,1.5972381170366978
3187,3187,3187,1.3116666666666665,1.6079194323643855,1.5976195925841152
3188,3188,3188,1.3133333333333335,1.6083009079118031,1.5976195925841152
3189,3189,3189,1.3150000000000004,1.6083009079118031,1.5980010681315326
3190,3190,3190,1.3166666666666664,1.6079194323643855,1.5976195925841152
3191,3191,3191,1.3183333333333334,1.6083009079118031,1.5980010681315326
3192,3192,3192,1.3200000000000003,1.6083009079118031,1.59838254367895
3193,3193,3193,1.3216666666666672,1.6083009079118031,1.5980010681315326
3194,3194,3194,1.3233333333333333,1.6086823834592203,1.59838254367895
3195,3195,3195,1.3250000000000002,1.6083009079118031,1.5980010681315326
3196,3196,3196,1.326666666666667,1.6086823834592203,1.59838254367895
3197,3197,3197,1.328333333333334,1.6086823834592203,1.59838254367895
3198,3198,3198,1.33,1.6086823834592203,1.59838254367895
3199,3199,3199,1.331666666666667,1.6090638590066375,1.5987640192263677
3200,3200,3200,1.333333333333334,1.6086823834592203,1.5987640192263677
3201,3201,3201,1.335,1.6090638590066375,1.5987640192263677
3202,3202,3202,1.336666666666667,1.6090638590066375,1.5987640192263677
3203,3203,3203,1.3383333333333338,1.6090638590066375,1.5987640192263677
3204,3204,3204,1.3400000000000016,1.6094453345540551,1.5987640192263677
3205,3205,3205,1.3416666666666668,1.6090638590066375,1.5987640192263677
3206,3206,3206,1.3433333333333337,1.6094453345540551,1.5991454947737849
3207,3207,3207,1.3450000000000015,1.6094453345540551,1.5991454947737849
3208,3208,3208,1.3466666666666667,1.6098268101014723,1.5987640192263677
3209,3209,3209,1.3483333333333336,1.6094453345540551,1.5991454947737849
3210,3210,3210,1.3500000000000005,1.6098268101014723,1.5991454947737849
3211,3211,3211,1.3516666666666666,1.6098268101014723,1.5991454947737849
3212,3212,3212,1.3533333333333335,1.6098268101014723,1.5991454947737849
3213,3213,3213,1.3550000000000004,1.6102082856488895,1.5995269703212025
3214,3214,3214,1.3566666666666665,1.6102082856488895,1.5995269703212025
3215,3215,3215,1.3583333333333334,1.6098268101014723,1.5995269703212025
3216,3216,3216,1.3600000000000003,1.6102082856488895,1.5995269703212025
3217,3217,3217,1.3616666666666672,1.6102082856488895,1.5995269703212025
3218,3218,3218,1.3633333333333333,1.6105897611963074,1.5995269703212025
3219,3219,3219,1.3650000000000002,1.6105897611963074,1.5999084458686197
3220,3220,3220,1.3666666666666671,1.6105897611963074,1.5999084458686197
3221,3221,3221,1.368333333333334,1.6105897611963074,1.5999084458686197
3222,3222,3222,1.37,1.6109712367437248,1.5999084458686197
3223,3223,3223,1.371666666666667,1.6105897611963074,1.5999084458686197
3224,3224,3224,1.373333333333334,1.6105897611963074,1.6002899214160369
3225,3225,3225,1.375,1.6109712367437248,1.5999084458686197
3226,3226,3226,1.3766666666666678,1.6109712367437248,1.6002899214160369
3227,3227,3227,1.3783333333333339,1.6109712367437248,1.6002899214160369
3228,3228,3228,1.3800000000000008,1.6109712367437248,1.6002899214160369
3229,3229,3229,1.3816666666666677,1.6113527122911422,1.6006713969634545
3230,3230,3230,1.3833333333333337,1.6109712367437248,1.6002899214160369
3231,3231,3231,1.3850000000000025,1.6113527122911422,1.6006713969634545
3232,3232,3232,1.3866666666666676,1.6113527122911422,1.6006713969634545
3233,3233,3233,1.3883333333333336,1.6113527122911422,1.6006713969634545
3234,3234,3234,1.3900000000000015,1.6113527122911422,1.601052872510872
3235,3235,3235,1.3916666666666684,1.6113527122911422,1.601052872510872
3236,3236,3236,1.3933333333333335,1.6113527122911422,1.601052872510872
3237,3237,3237,1.3950000000000005,1.6117341878385596,1.601052872510872
3238,3238,3238,1.3966666666666674,1.6117341878385596,1.6014343480582889
3239,3239,3239,1.3983333333333325,1.6117341878385596,1.6014343480582889
3240,3240,3240,1.4000000000000004,1.6113527122911422,1.6014343480582889
3241,3241,3241,1.4016666666666673,1.6121156633859768,1.6014343480582889
3242,3242,3242,1.4033333333333324,1.6121156633859768,1.6018158236057067
3243,3243,3243,1.4050000000000002,1.6121156633859768,1.6018158236057067
3244,3244,3244,1.4066666666666672,1.6121156633859768,1.6018158236057067
3245,3245,3245,1.408333333333334,1.6124971389333944,1.6014343480582889
3246,3246,3246,1.4100000000000001,1.6124971389333944,1.6014343480582889
3247,3247,3247,1.411666666666667,1.6128786144808118,1.6018158236057067
3248,3248,3248,1.413333333333334,1.6124971389333944,1.6018158236057067
3249,3249,3249,1.415,1.6128786144808118,1.6018158236057067
3250,3250,3250,1.4166666666666679,1.6128786144808118,1.6018158236057067
3251,3251,3251,1.418333333333334,1.6128786144808118,1.6021972991531244
3252,3252,3252,1.42,1.6128786144808118,1.6021972991531244
3253,3253,3253,1.4216666666666677,1.6132600900282292,1.6021972991531244
3254,3254,3254,1.4233333333333338,1.6128786144808118,1.6021972991531244
3255,3255,3255,1.4250000000000025,1.6132600900282292,1.6021972991531244
3256,3256,3256,1.4266666666666676,1.6132600900282292,1.6021972991531244
3257,3257,3257,1.4283333333333337,1.6132600900282292,1.6025787747005418
3258,3258,3258,1.4300000000000015,1.6132600900282292,1.6029602502479592
3259,3259,3259,1.4316666666666684,1.6132600900282292,1.6025787747005418
3260,3260,3260,1.4333333333333336,1.6136415655756466,1.6029602502479592
3261,3261,3261,1.4350000000000005,1.6136415655756466,1.6025787747005418
3262,3262,3262,1.4366666666666674,1.6136415655756466,1.6029602502479592
3263,3263,3263,1.4383333333333335,1.6140230411230638,1.6029602502479592
3264,3264,3264,1.4400000000000004,1.6136415655756466,1.6029602502479592
3265,3265,3265,1.4416666666666673,1.6136415655756466,1.6029602502479592
3266,3266,3266,1.4433333333333325,1.6140230411230638,1.6029602502479592
3267,3267,3267,1.4450000000000003,1.6140230411230638,1.6033417257953766
3268,3268,3268,1.4466666666666672,1.6140230411230638,1.6033417257953766
3269,3269,3269,1.4483333333333324,1.6140230411230638,1.6033417257953766
3270,3270,3270,1.4500000000000002,1.6140230411230638,1.6033417257953766
3271,3271,3271,1.451666666666667,1.6144045166704817,1.603723201342794
3272,3272,3272,1.453333333333334,1.6144045166704817,1.6033417257953766
3273,3273,3273,1.455,1.6144045166704817,1.603723201342794
3274,3274,3274,1.4566666666666679,1.6144045166704817,1.6041046768902114
3275,3275,3275,1.458333333333334,1.6144045166704817,1.603723201342794
3276,3276,3276,1.46,1.6147859922178989,1.603723201342794
3277,3277,3277,1.4616666666666678,1.6147859922178989,1.6041046768902114
3278,3278,3278,1.4633333333333338,1.6147859922178989,1.6041046768902114
3279,3279,3279,1.4650000000000025,1.6147859922178989,1.6041046768902114
3280,3280,3280,1.4666666666666677,1.6147859922178989,1.6041046768902114
3281,3281,3281,1.4683333333333337,1.6147859922178989,1.6044861524376288
3282,3282,3282,1.4700000000000015,1.6147859922178989,1.6044861524376288
3283,3283,3283,1.4716666666666676,1.6151674677653165,1.6044861524376288
3284,3284,3284,1.4733333333333336,1.6151674677653165,1.6044861524376288
3285,3285,3285,1.4750000000000005,1.6151674677653165,1.6044861524376288
3286,3286,3286,1.4766666666666675,1.6155489433127337,1.6044861524376288
3287,3287,3287,1.4783333333333335,1.6155489433127337,1.6044861524376288
3288,3288,3288,1.4800000000000004,1.6155489433127337,1.6048676279850462
3289,3289,3289,1.4816666666666674,1.6159304188601509,1.6048676279850462
3290,3290,3290,1.4833333333333325,1.6159304188601509,1.6048676279850462
3291,3291,3291,1.4850000000000003,1.6159304188601509,1.6048676279850462
3292,3292,3292,1.4866666666666672,1.6159304188601509,1.6052491035324636
3293,3293,3293,1.4883333333333324,1.6159304188601509,1.6048676279850462
3294,3294,3294,1.4900000000000002,1.6159304188601509,1.6052491035324636
3295,3295,3295,1.4916666666666671,1.6159304188601509,1.6052491035324636
3296,3296,3296,1.493333333333334,1.6159304188601509,1.6052491035324636
3297,3297,3297,1.495,1.6163118944075685,1.6056305790798806
3298,3298,3298,1.496666666666667,1.6163118944075685,1.6052491035324636
3299,3299,3299,1.498333333333334,1.6163118944075685,1.6052491035324636
3300,3300,3300,1.5,1.6163118944075685,1.6052491035324636
3301,3301,3301,1.5016666666666678,1.6163118944075685,1.6056305790798806
3302,3302,3302,1.5033333333333339,1.6163118944075685,1.6056305790798806
3303,3303,3303,1.5050000000000008,1.6163118944075685,1.6056305790798806
3304,3304,3304,1.5066666666666677,1.6163118944075685,1.6060120546272985
3305,3305,3305,1.5083333333333337,1.616693369954986,1.6060120546272985
3306,3306,3306,1.5100000000000025,1.616693369954986,1.6060120546272985
3307,3307,3307,1.5116666666666676,1.616693369954986,1.6060120546272985
3308,3308,3308,1.5133333333333336,1.616693369954986,1.6063935301747159
3309,3309,3309,1.5150000000000015,1.616693369954986,1.6063935301747159
3310,3310,3310,1.5166666666666684,1.616693369954986,1.6060120546272985
3311,3311,3311,1.5183333333333335,1.617074845502403,1.6063935301747159
3312,3312,3312,1.5200000000000005,1.617074845502403,1.6063935301747159
3313,3313,3313,1.5216666666666674,1.617074845502403,1.6063935301747159
3314,3314,3314,1.5233333333333325,1.617074845502403,1.6067750057221333
3315,3315,3315,1.5250000000000004,1.617074845502403,1.6063935301747159
3316,3316,3316,1.5266666666666673,1.617074845502403,1.6067750057221333
3317,3317,3317,1.5283333333333324,1.6174563210498207,1.6063935301747159
3318,3318,3318,1.5300000000000002,1.6174563210498207,1.607156481269551
3319,3319,3319,1.5316666666666672,1.617074845502403,1.6067750057221333
3320,3320,3320,1.533333333333334,1.6174563210498207,1.6067750057221333
3321,3321,3321,1.5350000000000001,1.6174563210498207,1.6067750057221333
3322,3322,3322,1.536666666666667,1.6174563210498207,1.607156481269551
3323,3323,3323,1.538333333333334,1.6178377965972381,1.607156481269551
3324,3324,3324,1.54,1.6174563210498207,1.607156481269551
3325,3325,3325,1.5416666666666679,1.6174563210498207,1.607156481269551
3326,3326,3326,1.543333333333334,1.6182192721446556,1.607156481269551
3327,3327,3327,1.545,1.6178377965972381,1.607156481269551
3328,3328,3328,1.5466666666666677,1.6178377965972381,1.607537956816968
3329,3329,3329,1.5483333333333338,1.6182192721446556,1.607537956816968
3330,3330,3330,1.5500000000000025,1.6178377965972381,1.607156481269551
3331,3331,3331,1.5516666666666676,1.6182192721446556,1.607156481269551
3332,3332,3332,1.5533333333333337,1.6182192721446556,1.607537956816968
3333,3333,3333,1.5550000000000015,1.6186007476920732,1.607537956816968
3334,3334,3334,1.5566666666666684,1.6182192721446556,1.607537956816968
3335,3335,3335,1.5583333333333336,1.6186007476920732,1.607156481269551
3336,3336,3336,1.5600000000000005,1.6186007476920732,1.607537956816968
3337,3337,3337,1.5616666666666674,1.6186007476920732,1.607537956816968
3338,3338,3338,1.5633333333333335,1.6186007476920732,1.6079194323643855
3339,3339,3339,1.5650000000000004,1.6186007476920732,1.607537956816968
3340,3340,3340,1.5666666666666673,1.6186007476920732,1.6079194323643855
3341,3341,3341,1.5683333333333325,1.6186007476920732,1.607537956816968
3342,3342,3342,1.5700000000000003,1.6186007476920732,1.6079194323643855
3343,3343,3343,1.5716666666666672,1.6189822232394904,1.6079194323643855
3344,3344,3344,1.5733333333333324,1.6189822232394904,1.607537956816968
3345,3345,3345,1.5750000000000002,1.6186007476920732,1.607537956816968
3346,3346,3346,1.576666666666667,1.6189822232394904,1.6079194323643855
3347,3347,3347,1.578333333333334,1.6189822232394904,1.6079194323643855
3348,3348,3348,1.58,1.6189822232394904,1.6079194323643855
3349,3349,3349,1.5816666666666679,1.6189822232394904,1.6079194323643855
3350,3350,3350,1.583333333333334,1.6189822232394904,1.607537956816968
3351,3351,3351,1.585,1.6193636987869078,1.6079194323643855
3352,3352,3352,1.5866666666666678,1.6193636987869078,1.6079194323643855
3353,3353,3353,1.5883333333333338,1.6193636987869078,1.6079194323643855
3354,3354,3354,1.5900000000000025,1.6193636987869078,1.6079194323643855
3355,3355,3355,1.5916666666666677,1.6193636987869078,1.607537956816968
3356,3356,3356,1.5933333333333337,1.6193636987869078,1.6079194323643855
3357,3357,3357,1.5950000000000015,1.6193636987869078,1.607537956816968
3358,3358,3358,1.5966666666666676,1.6193636987869078,1.6079194323643855
3359,3359,3359,1.5983333333333336,1.6193636987869078,1.6079194323643855
3360,3360,3360,1.6000000000000005,1.6193636987869078,1.607537956816968
3361,3361,3361,1.6016666666666675,1.6197451743343252,1.607537956816968
3362,3362,3362,1.6033333333333335,1.6197451743343252,1.6079194323643855
3363,3363,3363,1.6050000000000004,1.6197451743343252,1.607537956816968
3364,3364,3364,1.6066666666666674,1.6197451743343252,1.6079194323643855
3365,3365,3365,1.6083333333333325,1.6197451743343252,1.607537956816968
3366,3366,3366,1.6100000000000003,1.6201266498817426,1.607537956816968
3367,3367,3367,1.6116666666666672,1.6201266498817426,1.607537956816968
3368,3368,3368,1.6133333333333324,1.6197451743343252,1.607537956816968
3369,3369,3369,1.6150000000000002,1.6201266498817426,1.607537956816968
3370,3370,3370,1.6166666666666671,1.6201266498817426,1.607156481269551
3371,3371,3371,1.618333333333334,1.6201266498817426,1.607156481269551
3372,3372,3372,1.62,1.6201266498817426,1.607537956816968
3373,3373,3373,1.621666666666667,1.6201266498817426,1.607156481269551
3374,3374,3374,1.623333333333334,1.6201266498817426,1.607156481269551
3375,3375,3375,1.625,1.6201266498817426,1.6067750057221333
3376,3376,3376,1.6266666666666678,1.6201266498817426,1.607156481269551
3377,3377,3377,1.6283333333333339,1.6201266498817426,1.6067750057221333
3378,3378,3378,1.6300000000000008,1.6208896009765774,1.6067750057221333
3379,3379,3379,1.6316666666666677,1.62050812542916,1.607156481269551
3380,3380,3380,1.6333333333333337,1.62050812542916,1.6067750057221333
3381,3381,3381,1.6350000000000025,1.62050812542916,1.6067750057221333
3382,3382,3382,1.6366666666666676,1.6208896009765774,1.6067750057221333
3383,3383,3383,1.6383333333333336,1.6208896009765774,1.6067750057221333
3384,3384,3384,1.6400000000000015,1.6208896009765774,1.6067750057221333
3385,3385,3385,1.6416666666666684,1.6208896009765774,1.6063935301747159
3386,3386,3386,1.6433333333333335,1.6212710765239948,1.6063935301747159
3387,3387,3387,1.6450000000000005,1.6208896009765774,1.6067750057221333
3388,3388,3388,1.6466666666666674,1.6208896009765774,1.6067750057221333
3389,3389,3389,1.6483333333333325,1.6212710765239948,1.6063935301747159
3390,3390,3390,1.6500000000000004,1.6212710765239948,1.6063935301747159
3391,3391,3391,1.6516666666666673,1.6212710765239948,1.6060120546272985
3392,3392,3392,1.6533333333333324,1.6212710765239948,1.6060120546272985
3393,3393,3393,1.6550000000000002,1.6212710765239948,1.6060120546272985
3394,3394,3394,1.6566666666666672,1.6212710765239948,1.6060120546272985
3395,3395,3395,1.658333333333334,1.6212710765239948,1.6056305790798806
3396,3396,3396,1.6600000000000001,1.6212710765239948,1.6056305790798806
3397,3397,3397,1.661666666666667,1.6216525520714122,1.6056305790798806
3398,3398,3398,1.663333333333334,1.6212710765239948,1.6056305790798806
3399,3399,3399,1.665,1.6212710765239948,1.6052491035324636
3400,3400,3400,1.6666666666666679,1.6212710765239948,1.6052491035324636
3401,3401,3401,1.668333333333334,1.6216525520714122,1.6052491035324636
3402,3402,3402,1.67,1.6216525520714122,1.6052491035324636
3403,3403,3403,1.6716666666666677,1.6216525520714122,1.6048676279850462
3404,3404,3404,1.6733333333333338,1.6216525520714122,1.6048676279850462
3405,3405,3405,1.6750000000000025,1.6216525520714122,1.6048676279850462
3406,3406,3406,1.6766666666666676,1.6216525520714122,1.6048676279850462
3407,3407,3407,1.6783333333333337,1.6216525520714122,1.6044861524376288
3408,3408,3408,1.6800000000000015,1.6216525520714122,1.6044861524376288
3409,3409,3409,1.6816666666666684,1.6216525520714122,1.6044861524376288
3410,3410,3410,1.6833333333333336,1.6212710765239948,1.6041046768902114
3411,3411,3411,1.6850000000000005,1.6216525520714122,1.6044861524376288
3412,3412,3412,1.6866666666666674,1.6216525520714122,1.6041046768902114
3413,3413,3413,1.6883333333333335,1.6216525520714122,1.6041046768902114
3414,3414,3414,1.6900000000000004,1.6216525520714122,1.6041046768902114
3415,3415,3415,1.6916666666666673,1.6216525520714122,1.603723201342794
3416,3416,3416,1.6933333333333325,1.6216525520714122,1.603723201342794
3417,3417,3417,1.6950000000000003,1.6216525520714122,1.603723201342794
3418,3418,3418,1.6966666666666672,1.6216525520714122,1.603723201342794
3419,3419,3419,1.6983333333333341,1.6216525520714122,1.603723201342794
3420,3420,3420,1.7000000000000002,1.6216525520714122,1.603723201342794
3421,3421,3421,1.701666666666667,1.6220340276188296,1.6033417257953766
3422,3422,3422,1.703333333333334,1.6216525520714122,1.6029602502479592
3423,3423,3423,1.705,1.6220340276188296,1.6029602502479592
3424,3424,3424,1.7066666666666679,1.6216525520714122,1.6029602502479592
3425,3425,3425,1.708333333333334,1.6216525520714122,1.6025787747005418
3426,3426,3426,1.71,1.6216525520714122,1.6029602502479592
3427,3427,3427,1.7116666666666678,1.6216525520714122,1.6029602502479592
3428,3428,3428,1.7133333333333338,1.6216525520714122,1.6025787747005418
3429,3429,3429,1.7150000000000025,1.6220340276188296,1.6025787747005418
3430,3430,3430,1.7166666666666677,1.6216525520714122,1.6025787747005418
3431,3431,3431,1.7183333333333337,1.6216525520714122,1.6021972991531244
3432,3432,3432,1.7200000000000015,1.6216525520714122,1.6021972991531244
3433,3433,3433,1.7216666666666676,1.6216525520714122,1.6021972991531244
3434,3434,3434,1.7233333333333336,1.6216525520714122,1.6021972991531244
3435,3435,3435,1.7250000000000005,1.6212710765239948,1.6018158236057067
3436,3436,3436,1.7266666666666675,1.6216525520714122,1.6018158236057067
3437,3437,3437,1.7283333333333335,1.6216525520714122,1.6021972991531244
3438,3438,3438,1.7300000000000004,1.6216525520714122,1.6018158236057067
3439,3439,3439,1.7316666666666674,1.6216525520714122,1.6018158236057067
3440,3440,3440,1.7333333333333325,1.6216525520714122,1.6014343480582889
3441,3441,3441,1.7350000000000003,1.6216525520714122,1.6014343480582889
3442,3442,3442,1.7366666666666672,1.6216525520714122,1.6014343480582889
3443,3443,3443,1.7383333333333324,1.6216525520714122,1.6014343480582889
3444,3444,3444,1.7400000000000002,1.6212710765239948,1.6014343480582889
3445,3445,3445,1.7416666666666671,1.6212710765239948,1.6014343480582889
3446,3446,3446,1.743333333333334,1.6212710765239948,1.601052872510872
3447,3447,3447,1.745,1.6212710765239948,1.601052872510872
3448,3448,3448,1.746666666666667,1.6212710765239948,1.601052872510872
3449,3449,3449,1.748333333333334,1.6212710765239948,1.6006713969634545
3450,3450,3450,1.75,1.6212710765239948,1.6006713969634545
3451,3451,3451,1.7516666666666678,1.6212710765239948,1.6006713969634545
3452,3452,3452,1.7533333333333339,1.6208896009765774,1.6006713969634545
3453,3453,3453,1.7550000000000008,1.6208896009765774,1.6002899214160369
3454,3454,3454,1.7566666666666677,1.6208896009765774,1.5999084458686197
3455,3455,3455,1.7583333333333337,1.62050812542916,1.5999084458686197
3456,3456,3456,1.7600000000000025,1.6208896009765774,1.5999084458686197
3457,3457,3457,1.7616666666666676,1.6208896009765774,1.5999084458686197
3458,3458,3458,1.7633333333333336,1.6208896009765774,1.6002899214160369
3459,3459,3459,1.7650000000000015,1.6208896009765774,1.5999084458686197
3460,3460,3460,1.7666666666666684,1.62050812542916,1.5999084458686197
3461,3461,3461,1.7683333333333335,1.6208896009765774,1.5999084458686197
3462,3462,3462,1.7700000000000005,1.62050812542916,1.5995269703212025
3463,3463,3463,1.7716666666666674,1.62050812542916,1.5995269703212025
3464,3464,3464,1.7733333333333325,1.6201266498817426,1.5995269703212025
3465,3465,3465,1.7750000000000004,1.6201266498817426,1.5995269703212025
3466,3466,3466,1.7766666666666673,1.6201266498817426,1.5995269703212025
3467,3467,3467,1.7783333333333324,1.6201266498817426,1.5995269703212025
3468,3468,3468,1.7800000000000002,1.6201266498817426,1.5995269703212025
3469,3469,3469,1.7816666666666672,1.6201266498817426,1.5995269703212025
3470,3470,3470,1.783333333333334,1.6197451743343252,1.5991454947737849
3471,3471,3471,1.7850000000000001,1.6197451743343252,1.5991454947737849
3472,3472,3472,1.786666666666667,1.6197451743343252,1.5991454947737849
3473,3473,3473,1.788333333333334,1.6197451743343252,1.5991454947737849
3474,3474,3474,1.79,1.6197451743343252,1.5991454947737849
3475,3475,3475,1.7916666666666679,1.6193636987869078,1.5987640192263677
3476,3476,3476,1.793333333333334,1.6193636987869078,1.5991454947737849
3477,3477,3477,1.795,1.6193636987869078,1.5987640192263677
3478,3478,3478,1.7966666666666677,1.6193636987869078,1.5987640192263677
3479,3479,3479,1.7983333333333338,1.6193636987869078,1.5987640192263677
3480,3480,3480,1.8000000000000025,1.6189822232394904,1.5987640192263677
3481,3481,3481,1.8016666666666676,1.6193636987869078,1.5987640192263677
3482,3482,3482,1.8033333333333337,1.6193636987869078,1.5987640192263677
3483,3483,3483,1.8050000000000015,1.6193636987869078,1.5987640192263677
3484,3484,3484,1.8066666666666684,1.6193636987869078,1.5987640192263677
3485,3485,3485,1.8083333333333336,1.6189822232394904,1.59838254367895
3486,3486,3486,1.8100000000000005,1.6193636987869078,1.59838254367895
3487,3487,3487,1.8116666666666674,1.6189822232394904,1.59838254367895
3488,3488,3488,1.8133333333333335,1.6189822232394904,1.59838254367895
3489,3489,3489,1.8150000000000004,1.6189822232394904,1.59838254367895
3490,3490,3490,1.8166666666666673,1.6189822232394904,1.59838254367895
3491,3491,3491,1.8183333333333325,1.6186007476920732,1.5980010681315326
3492,3492,3492,1.8200000000000003,1.6186007476920732,1.59838254367895
3493,3493,3493,1.8216666666666672,1.6186007476920732,1.5980010681315326
3494,3494,3494,1.8233333333333341,1.6186007476920732,1.59838254367895
3495,3495,3495,1.8250000000000002,1.6182192721446556,1.5980010681315326
3496,3496,3496,1.826666666666667,1.6186007476920732,1.5980010681315326
3497,3497,3497,1.828333333333334,1.6186007476920732,1.5976195925841152
3498,3498,3498,1.83,1.6182192721446556,1.5976195925841152
3499,3499,3499,1.8316666666666679,1.6182192721446556,1.5980010681315326
3500,3500,3500,1.833333333333334,1.6178377965972381,1.5980010681315326
3501,3501,3501,1.835,1.6182192721446556,1.5980010681315326
3502,3502,3502,1.8366666666666678,1.6178377965972381,1.5976195925841152
3503,3503,3503,1.8383333333333338,1.6178377965972381,1.5976195925841152
3504,3504,3504,1.8400000000000025,1.6178377965972381,1.5976195925841152
3505,3505,3505,1.8416666666666677,1.6174563210498207,1.5976195925841152
3506,3506,3506,1.8433333333333337,1.6178377965972381,1.5976195925841152
3507,3507,3507,1.8450000000000015,1.6174563210498207,1.5976195925841152
3508,3508,3508,1.8466666666666676,1.6174563210498207,1.5976195925841152
3509,3509,3509,1.8483333333333336,1.617074845502403,1.5976195925841152
3510,3510,3510,1.8500000000000005,1.6174563210498207,1.5972381170366978
3511,3511,3511,1.8516666666666675,1.617074845502403,1.5972381170366978
3512,3512,3512,1.8533333333333335,1.617074845502403,1.5972381170366978
3513,3513,3513,1.8550000000000004,1.617074845502403,1.5972381170366978
3514,3514,3514,1.8566666666666674,1.617074845502403,1.5972381170366978
3515,3515,3515,1.8583333333333325,1.616693369954986,1.5972381170366978
3516,3516,3516,1.8600000000000003,1.616693369954986,1.5972381170366978
3517,3517,3517,1.8616666666666672,1.617074845502403,1.5972381170366978
3518,3518,3518,1.8633333333333324,1.617074845502403,1.5972381170366978
3519,3519,3519,1.8650000000000002,1.616693369954986,1.5968566414892804
3520,3520,3520,1.8666666666666671,1.616693369954986,1.5968566414892804
3521,3521,3521,1.868333333333334,1.616693369954986,1.5968566414892804
3522,3522,3522,1.87,1.616693369954986,1.5972381170366978
3523,3523,3523,1.871666666666667,1.616693369954986,1.5968566414892804
3524,3524,3524,1.873333333333334,1.6163118944075685,1.5968566414892804
3525,3525,3525,1.875,1.6163118944075685,1.5968566414892804
3526,3526,3526,1.8766666666666678,1.6163118944075685,1.5968566414892804
3527,3527,3527,1.8783333333333339,1.6163118944075685,1.5968566414892804
3528,3528,3528,1.8800000000000008,1.6163118944075685,1.5968566414892804
3529,3529,3529,1.8816666666666677,1.6163118944075685,1.5968566414892804
3530,3530,3530,1.8833333333333337,1.6163118944075685,1.596475165941863
3531,3531,3531,1.8850000000000025,1.6163118944075685,1.596475165941863
3532,3532,3532,1.8866666666666676,1.6163118944075685,1.5968566414892804
3533,3533,3533,1.8883333333333336,1.6163118944075685,1.5968566414892804
3534,3534,3534,1.8900000000000015,1.6163118944075685,1.5968566414892804
3535,3535,3535,1.8916666666666684,1.6159304188601509,1.596475165941863
3536,3536,3536,1.8933333333333335,1.6159304188601509,1.5968566414892804
3537,3537,3537,1.8950000000000005,1.6159304188601509,1.596475165941863
3538,3538,3538,1.8966666666666674,1.6159304188601509,1.596475165941863
3539,3539,3539,1.8983333333333325,1.6159304188601509,1.5968566414892804
3540,3540,3540,1.9000000000000004,1.6155489433127337,1.596475165941863
3541,3541,3541,1.9016666666666673,1.6159304188601509,1.596475165941863
3542,3542,3542,1.9033333333333324,1.6155489433127337,1.596475165941863
3543,3543,3543,1.9050000000000002,1.6155489433127337,1.596475165941863
3544,3544,3544,1.9066666666666672,1.6155489433127337,1.596475165941863
3545,3545,3545,1.908333333333334,1.6151674677653165,1.596475165941863
3546,3546,3546,1.9100000000000001,1.6155489433127337,1.596475165941863
3547,3547,3547,1.911666666666667,1.6155489433127337,1.596475165941863
3548,3548,3548,1.913333333333334,1.6151674677653165,1.596475165941863
3549,3549,3549,1.915,1.6151674677653165,1.596475165941863
3550,3550,3550,1.9166666666666679,1.6151674677653165,1.596475165941863
3551,3551,3551,1.918333333333334,1.6151674677653165,1.596475165941863
3552,3552,3552,1.9200000000000008,1.6151674677653165,1.596475165941863
3553,3553,3553,1.9216666666666677,1.6151674677653165,1.596475165941863
3554,3554,3554,1.9233333333333338,1.6151674677653165,1.5960936903944456
3555,3555,3555,1.9250000000000025,1.6147859922178989,1.5960936903944456
3556,3556,3556,1.9266666666666676,1.6151674677653165,1.5960936903944456
3557,3557,3557,1.9283333333333337,1.6147859922178989,1.596475165941863
3558,3558,3558,1.9300000000000015,1.6151674677653165,1.596475165941863
3559,3559,3559,1.9316666666666684,1.6147859922178989,1.596475165941863
3560,3560,3560,1.9333333333333336,1.6147859922178989,1.5960936903944456
3561,3561,3561,1.9350000000000005,1.6144045166704817,1.596475165941863
3562,3562,3562,1.9366666666666674,1.6147859922178989,1.596475165941863
3563,3563,3563,1.9383333333333335,1.6147859922178989,1.5960936903944456
3564,3564,3564,1.9400000000000004,1.6144045166704817,1.596475165941863
3565,3565,3565,1.9416666666666673,1.6144045166704817,1.5960936903944456
3566,3566,3566,1.9433333333333325,1.6144045166704817,1.596475165941863
3567,3567,3567,1.9450000000000003,1.6147859922178989,1.596475165941863
3568,3568,3568,1.9466666666666672,1.6144045166704817,1.5960936903944456
3569,3569,3569,1.9483333333333341,1.6144045166704817,1.596475165941863
3570,3570,3570,1.9500000000000002,1.6144045166704817,1.5960936903944456
3571,3571,3571,1.951666666666667,1.6144045166704817,1.5960936903944456
3572,3572,3572,1.953333333333334,1.6144045166704817,1.5960936903944456
3573,3573,3573,1.955,1.6144045166704817,1.5960936903944456
3574,3574,3574,1.9566666666666679,1.6144045166704817,1.5960936903944456
3575,3575,3575,1.958333333333334,1.6140230411230638,1.5960936903944456
3576,3576,3576,1.96,1.6144045166704817,1.5960936903944456
3577,3577,3577,1.9616666666666678,1.6140230411230638,1.596475165941863
3578,3578,3578,1.9633333333333338,1.6144045166704817,1.596475165941863
3579,3579,3579,1.9650000000000025,1.6140230411230638,1.5960936903944456
3580,3580,3580,1.9666666666666677,1.6140230411230638,1.5960936903944456
3581,3581,3581,1.9683333333333337,1.6140230411230638,1.5960936903944456
3582,3582,3582,1.9700000000000015,1.6140230411230638,1.5960936903944456
3583,3583,3583,1.9716666666666676,1.6140230411230638,1.596475165941863
3584,3584,3584,1.9733333333333336,1.6140230411230638,1.5960936903944456
3585,3585,3585,1.9750000000000005,1.6136415655756466,1.5960936903944456
3586,3586,3586,1.9766666666666675,1.6140230411230638,1.5960936903944456
3587,3587,3587,1.9783333333333335,1.6140230411230638,1.5960936903944456
3588,3588,3588,1.9800000000000004,1.6140230411230638,1.5960936903944456
3589,3589,3589,1.9816666666666674,1.6140230411230638,1.5960936903944456
3590,3590,3590,1.9833333333333325,1.6136415655756466,1.5960936903944456
3591,3591,3591,1.9850000000000003,1.6136415655756466,1.5960936903944456
3592,3592,3592,1.9866666666666672,1.6140230411230638,1.5960936903944456
3593,3593,3593,1.9883333333333324,1.6136415655756466,1.5960936903944456
3594,3594,3594,1.9900000000000002,1.6136415655756466,1.5960936903944456
3595,3595,3595,1.9916666666666671,1.6136415655756466,1.5960936903944456
3596,3596,3596,1.993333333333334,1.6136415655756466,1.5960936903944456
3597,3597,3597,1.995,1.6140230411230638,1.5960936903944456
3598,3598,3598,1.996666666666667,1.6136415655756466,1.596475165941863
3599,3599,3599,1.998333333333334,1.6136415655756466,1.596475165941863
3600,3600,3600,2.0,1.6136415655756466,1.5960936903944456
3601,3601,3601,2.001666666666668,1.6136415655756466,1.5960936903944456
3602,3602,3602,2.003333333333334,1.6136415655756466,1.5960936903944456
3603,3603,3603,2.005000000000001,1.6136415655756466,1.596475165941863
3604,3604,3604,2.0066666666666677,1.6136415655756466,1.596475165941863
3605,3605,3605,2.0083333333333337,1.6136415655756466,1.5960936903944456
3606,3606,3606,2.0100000000000025,1.6136415655756466,1.5960936903944456
3607,3607,3607,2.0116666666666676,1.6136415655756466,1.5960936903944456
3608,3608,3608,2.0133333333333336,1.6136415655756466,1.5960936903944456
3609,3609,3609,2.0150000000000015,1.6136415655756466,1.596475165941863
3610,3610,3610,2.0166666666666675,1.6136415655756466,1.5960936903944456
3611,3611,3611,2.0183333333333335,1.6136415655756466,1.596475165941863
3612,3612,3612,2.0200000000000005,1.6136415655756466,1.596475165941863
3613,3613,3613,2.0216666666666674,1.6132600900282292,1.596475165941863
3614,3614,3614,2.0233333333333325,1.6136415655756466,1.596475165941863
3615,3615,3615,2.0250000000000004,1.6132600900282292,1.5960936903944456
3616,3616,3616,2.0266666666666673,1.6132600900282292,1.596475165941863
3617,3617,3617,2.0283333333333324,1.6132600900282292,1.5960936903944456
3618,3618,3618,2.0300000000000002,1.6132600900282292,1.596475165941863
3619,3619,3619,2.031666666666667,1.6136415655756466,1.596475165941863
3620,3620,3620,2.033333333333334,1.6132600900282292,1.596475165941863
3621,3621,3621,2.035,1.6132600900282292,1.596475165941863
3622,3622,3622,2.036666666666667,1.6136415655756466,1.596475165941863
3623,3623,3623,2.038333333333334,1.6132600900282292,1.5960936903944456
3624,3624,3624,2.04,1.6132600900282292,1.596475165941863
3625,3625,3625,2.041666666666668,1.6132600900282292,1.596475165941863
3626,3626,3626,2.043333333333334,1.6132600900282292,1.596475165941863
3627,3627,3627,2.045000000000001,1.6132600900282292,1.596475165941863
3628,3628,3628,2.0466666666666677,1.6132600900282292,1.596475165941863
3629,3629,3629,2.048333333333334,1.6132600900282292,1.596475165941863
3630,3630,3630,2.0500000000000025,1.6132600900282292,1.5960936903944456
3631,3631,3631,2.0516666666666676,1.6132600900282292,1.596475165941863
3632,3632,3632,2.0533333333333337,1.6132600900282292,1.596475165941863
3633,3633,3633,2.0550000000000015,1.6132600900282292,1.596475165941863
3634,3634,3634,2.0566666666666684,1.6132600900282292,1.596475165941863
3635,3635,3635,2.0583333333333336,1.6128786144808118,1.596475165941863
3636,3636,3636,2.0600000000000005,1.6132600900282292,1.596475165941863
3637,3637,3637,2.0616666666666674,1.6132600900282292,1.596475165941863
3638,3638,3638,2.0633333333333335,1.6132600900282292,1.5968566414892804
3639,3639,3639,2.0650000000000004,1.6132600900282292,1.596475165941863
3640,3640,3640,2.0666666666666673,1.6132600900282292,1.596475165941863
3641,3641,3641,2.0683333333333325,1.6128786144808118,1.596475165941863
3642,3642,3642,2.0700000000000003,1.6132600900282292,1.596475165941863
3643,3643,3643,2.071666666666667,1.6128786144808118,1.596475165941863
3644,3644,3644,2.073333333333334,1.6132600900282292,1.5968566414892804
3645,3645,3645,2.075,1.6128786144808118,1.596475165941863
3646,3646,3646,2.076666666666667,1.6128786144808118,1.5968566414892804
3647,3647,3647,2.078333333333334,1.6132600900282292,1.596475165941863
3648,3648,3648,2.08,1.6128786144808118,1.5968566414892804
3649,3649,3649,2.081666666666668,1.6128786144808118,1.5968566414892804
3650,3650,3650,2.083333333333334,1.6128786144808118,1.596475165941863
3651,3651,3651,2.085,1.6128786144808118,1.596475165941863
3652,3652,3652,2.086666666666668,1.6128786144808118,1.596475165941863
3653,3653,3653,2.088333333333334,1.6128786144808118,1.596475165941863
3654,3654,3654,2.0900000000000025,1.6128786144808118,1.596475165941863
3655,3655,3655,2.0916666666666677,1.6124971389333944,1.596475165941863
3656,3656,3656,2.0933333333333337,1.6128786144808118,1.5968566414892804
3657,3657,3657,2.0950000000000015,1.6128786144808118,1.5968566414892804
3658,3658,3658,2.0966666666666676,1.6128786144808118,1.5968566414892804
3659,3659,3659,2.0983333333333336,1.6128786144808118,1.5968566414892804
3660,3660,3660,2.1000000000000005,1.6128786144808118,1.596475165941863
3661,3661,3661,2.1016666666666675,1.6128786144808118,1.5968566414892804
3662,3662,3662,2.1033333333333335,1.6128786144808118,1.5968566414892804
3663,3663,3663,2.1050000000000004,1.6128786144808118,1.5968566414892804
3664,3664,3664,2.1066666666666674,1.6128786144808118,1.5968566414892804
3665,3665,3665,2.1083333333333325,1.6124971389333944,1.5968566414892804
3666,3666,3666,2.1100000000000003,1.6128786144808118,1.5968566414892804
3667,3667,3667,2.1116666666666672,1.6128786144808118,1.5968566414892804
3668,3668,3668,2.1133333333333324,1.6128786144808118,1.5968566414892804
3669,3669,3669,2.115,1.6128786144808118,1.5968566414892804
3670,3670,3670,2.116666666666667,1.6124971389333944,1.5968566414892804
3671,3671,3671,2.118333333333334,1.6128786144808118,1.5968566414892804
3672,3672,3672,2.12,1.6128786144808118,1.5968566414892804
3673,3673,3673,2.121666666666667,1.6124971389333944,1.5968566414892804
3674,3674,3674,2.123333333333334,1.6128786144808118,1.5968566414892804
3675,3675,3675,2.125,1.6128786144808118,1.5968566414892804
3676,3676,3676,2.126666666666668,1.6132600900282292,1.5968566414892804
3677,3677,3677,2.128333333333334,1.6128786144808118,1.5968566414892804
3678,3678,3678,2.130000000000001,1.6128786144808118,1.5968566414892804
3679,3679,3679,2.1316666666666677,1.6128786144808118,1.5968566414892804
3680,3680,3680,2.1333333333333337,1.6128786144808118,1.5968566414892804
3681,3681,3681,2.1350000000000025,1.6124971389333944,1.5968566414892804
3682,3682,3682,2.1366666666666676,1.6124971389333944,1.5968566414892804
3683,3683,3683,2.1383333333333336,1.6124971389333944,1.5968566414892804
3684,3684,3684,2.1400000000000015,1.6124971389333944,1.5968566414892804
3685,3685,3685,2.1416666666666675,1.6128786144808118,1.5968566414892804
3686,3686,3686,2.1433333333333335,1.6128786144808118,1.5968566414892804
3687,3687,3687,2.1450000000000005,1.6128786144808118,1.5968566414892804
3688,3688,3688,2.1466666666666674,1.6124971389333944,1.5968566414892804
3689,3689,3689,2.1483333333333325,1.6128786144808118,1.5972381170366978
3690,3690,3690,2.1500000000000004,1.6128786144808118,1.5968566414892804
3691,3691,3691,2.1516666666666673,1.6128786144808118,1.5968566414892804
3692,3692,3692,2.1533333333333324,1.6128786144808118,1.5968566414892804
3693,3693,3693,2.1550000000000002,1.6128786144808118,1.5968566414892804
3694,3694,3694,2.156666666666667,1.6124971389333944,1.5972381170366978
3695,3695,3695,2.158333333333334,1.6124971389333944,1.5968566414892804
3696,3696,3696,2.16,1.6124971389333944,1.5968566414892804
3697,3697,3697,2.161666666666667,1.6128786144808118,1.5968566414892804
3698,3698,3698,2.163333333333334,1.6124971389333944,1.5968566414892804
3699,3699,3699,2.165,1.6124971389333944,1.5968566414892804
3700,3700,3700,2.166666666666668,1.6128786144808118,1.5968566414892804
3701,3701,3701,2.168333333333334,1.6124971389333944,1.5972381170366978
3702,3702,3702,2.170000000000001,1.6124971389333944,1.5972381170366978
3703,3703,3703,2.1716666666666677,1.6124971389333944,1.5972381170366978
3704,3704,3704,2.173333333333334,1.6128786144808118,1.5972381170366978
3705,3705,3705,2.1750000000000025,1.6124971389333944,1.5968566414892804
3706,3706,3706,2.1766666666666676,1.6124971389333944,1.5968566414892804
3707,3707,3707,2.1783333333333337,1.6128786144808118,1.5968566414892804
3708,3708,3708,2.1800000000000015,1.6124971389333944,1.5972381170366978
3709,3709,3709,2.1816666666666684,1.6124971389333944,1.5972381170366978
3710,3710,3710,2.1833333333333336,1.6124971389333944,1.5968566414892804
3711,3711,3711,2.1850000000000005,1.6124971389333944,1.5972381170366978
3712,3712,3712,2.1866666666666674,1.6124971389333944,1.5968566414892804
3713,3713,3713,2.1883333333333335,1.6128786144808118,1.5972381170366978
3714,3714,3714,2.1900000000000004,1.6128786144808118,1.5968566414892804
3715,3715,3715,2.1916666666666673,1.6124971389333944,1.5968566414892804
3716,3716,3716,2.1933333333333325,1.6128786144808118,1.5972381170366978
3717,3717,3717,2.1950000000000003,1.6124971389333944,1.5972381170366978
3718,3718,3718,2.196666666666667,1.6128786144808118,1.5972381170366978
3719,3719,3719,2.198333333333334,1.6128786144808118,1.5968566414892804
3720,3720,3720,2.2,1.6128786144808118,1.5972381170366978
3721,3721,3721,2.201666666666667,1.6128786144808118,1.5972381170366978
3722,3722,3722,2.203333333333334,1.6128786144808118,1.5972381170366978
3723,3723,3723,2.205,1.6124971389333944,1.5972381170366978
3724,3724,3724,2.206666666666668,1.6128786144808118,1.5972381170366978
3725,3725,3725,2.208333333333334,1.6124971389333944,1.5972381170366978
3726,3726,3726,2.21,1.6128786144808118,1.5972381170366978
3727,3727,3727,2.211666666666668,1.6124971389333944,1.5972381170366978
3728,3728,3728,2.213333333333334,1.6124971389333944,1.5972381170366978
3729,3729,3729,2.2150000000000025,1.6128786144808118,1.5972381170366978
3730,3730,3730,2.2166666666666677,1.6128786144808118,1.5972381170366978
3731,3731,3731,2.2183333333333337,1.6128786144808118,1.5976195925841152
3732,3732,3732,2.2200000000000015,1.6128786144808118,1.5972381170366978
3733,3733,3733,2.2216666666666676,1.6128786144808118,1.5972381170366978
3734,3734,3734,2.2233333333333336,1.6128786144808118,1.5972381170366978
3735,3735,3735,2.2250000000000005,1.6128786144808118,1.5976195925841152
3736,3736,3736,2.2266666666666675,1.6128786144808118,1.5972381170366978
3737,3737,3737,2.2283333333333335,1.6128786144808118,1.5972381170366978
3738,3738,3738,2.2300000000000004,1.6128786144808118,1.5972381170366978
3739,3739,3739,2.2316666666666674,1.6128786144808118,1.5976195925841152
3740,3740,3740,2.2333333333333325,1.6124971389333944,1.5976195925841152
3741,3741,3741,2.2350000000000003,1.6124971389333944,1.5976195925841152
3742,3742,3742,2.2366666666666672,1.6128786144808118,1.5976195925841152
3743,3743,3743,2.238333333333334,1.6128786144808118,1.5972381170366978
3744,3744,3744,2.24,1.6132600900282292,1.5972381170366978
3745,3745,3745,2.241666666666667,1.6128786144808118,1.5972381170366978
3746,3746,3746,2.243333333333334,1.6132600900282292,1.5976195925841152
3747,3747,3747,2.245,1.6132600900282292,1.5976195925841152
3748,3748,3748,2.246666666666667,1.6128786144808118,1.5976195925841152
3749,3749,3749,2.248333333333334,1.6132600900282292,1.5976195925841152
3750,3750,3750,2.25,1.6132600900282292,1.5972381170366978
3751,3751,3751,2.251666666666668,1.6132600900282292,1.5976195925841152
3752,3752,3752,2.253333333333334,1.6128786144808118,1.5976195925841152
3753,3753,3753,2.255000000000001,1.6128786144808118,1.5976195925841152
3754,3754,3754,2.2566666666666677,1.6132600900282292,1.5980010681315326
3755,3755,3755,2.2583333333333337,1.6132600900282292,1.5976195925841152
3756,3756,3756,2.2600000000000025,1.6132600900282292,1.5976195925841152
3757,3757,3757,2.2616666666666676,1.6132600900282292,1.5980010681315326
3758,3758,3758,2.2633333333333336,1.6132600900282292,1.5980010681315326
3759,3759,3759,2.2650000000000015,1.6132600900282292,1.5980010681315326
3760,3760,3760,2.2666666666666675,1.6128786144808118,1.5976195925841152
3761,3761,3761,2.2683333333333335,1.6132600900282292,1.5980010681315326
3762,3762,3762,2.2700000000000005,1.6132600900282292,1.5980010681315326
3763,3763,3763,2.2716666666666674,1.6128786144808118,1.5980010681315326
3764,3764,3764,2.2733333333333325,1.6132600900282292,1.5980010681315326
3765,3765,3765,2.2750000000000004,1.6128786144808118,1.5976195925841152
3766,3766,3766,2.2766666666666673,1.6132600900282292,1.5976195925841152
3767,3767,3767,2.2783333333333324,1.6132600900282292,1.5980010681315326
3768,3768,3768,2.2800000000000002,1.6132600900282292,1.5976195925841152
3769,3769,3769,2.281666666666667,1.6132600900282292,1.5980010681315326
3770,3770,3770,2.283333333333334,1.6132600900282292,1.5980010681315326
3771,3771,3771,2.285,1.6132600900282292,1.5980010681315326
3772,3772,3772,2.286666666666667,1.6132600900282292,1.5980010681315326
3773,3773,3773,2.288333333333334,1.6132600900282292,1.59838254367895
3774,3774,3774,2.29,1.6132600900282292,1.5980010681315326
3775,3775,3775,2.291666666666668,1.6132600900282292,1.5980010681315326
3776,3776,3776,2.293333333333334,1.6132600900282292,1.5980010681315326
3777,3777,3777,2.295000000000001,1.6132600900282292,1.5980010681315326
3778,3778,3778,2.2966666666666677,1.6132600900282292,1.59838254367895
3779,3779,3779,2.298333333333334,1.6132600900282292,1.59838254367895
3780,3780,3780,2.3000000000000025,1.6132600900282292,1.5980010681315326
3781,3781,3781,2.3016666666666676,1.6132600900282292,1.59838254367895
3782,3782,3782,2.3033333333333337,1.6132600900282292,1.59838254367895
3783,3783,3783,2.3050000000000015,1.6132600900282292,1.59838254367895
3784,3784,3784,2.3066666666666684,1.6132600900282292,1.5980010681315326
3785,3785,3785,2.3083333333333336,1.6132600900282292,1.5980010681315326
3786,3786,3786,2.3100000000000005,1.6132600900282292,1.59838254367895
3787,3787,3787,2.3116666666666674,1.6136415655756466,1.59838254367895
3788,3788,3788,2.3133333333333335,1.6132600900282292,1.59838254367895
3789,3789,3789,2.3150000000000004,1.6132600900282292,1.59838254367895
3790,3790,3790,2.3166666666666673,1.6132600900282292,1.59838254367895
3791,3791,3791,2.3183333333333325,1.6136415655756466,1.59838254367895
3792,3792,3792,2.3200000000000003,1.6136415655756466,1.59838254367895
3793,3793,3793,2.321666666666667,1.6136415655756466,1.59838254367895
3794,3794,3794,2.323333333333334,1.6136415655756466,1.5980010681315326
3795,3795,3795,2.325,1.6132600900282292,1.59838254367895
3796,3796,3796,2.326666666666667,1.6132600900282292,1.59838254367895
3797,3797,3797,2.328333333333334,1.6136415655756466,1.59838254367895
3798,3798,3798,2.33,1.6136415655756466,1.59838254367895
3799,3799,3799,2.331666666666668,1.6132600900282292,1.5987640192263677
3800,3800,3800,2.333333333333334,1.6132600900282292,1.5980010681315326
3801,3801,3801,2.335,1.6136415655756466,1.59838254367895
3802,3802,3802,2.336666666666668,1.6136415655756466,1.59838254367895
3803,3803,3803,2.338333333333334,1.6136415655756466,1.59838254367895
3804,3804,3804,2.3400000000000025,1.6136415655756466,1.59838254367895
3805,3805,3805,2.3416666666666677,1.6136415655756466,1.59838254367895
3806,3806,3806,2.3433333333333337,1.6136415655756466,1.59838254367895
3807,3807,3807,2.3450000000000015,1.6136415655756466,1.59838254367895
3808,3808,3808,2.3466666666666676,1.6136415655756466,1.5987640192263677
3809,3809,3809,2.3483333333333336,1.6136415655756466,1.59838254367895
3810,3810,3810,2.3500000000000005,1.6136415655756466,1.59838254367895
3811,3811,3811,2.3516666666666675,1.6136415655756466,1.59838254367895
3812,3812,3812,2.3533333333333335,1.6140230411230638,1.5987640192263677
3813,3813,3813,2.3550000000000004,1.6136415655756466,1.5987640192263677
3814,3814,3814,2.3566666666666674,1.6140230411230638,1.5987640192263677
3815,3815,3815,2.3583333333333325,1.6136415655756466,1.5987640192263677
3816,3816,3816,2.3600000000000003,1.6140230411230638,1.5987640192263677
3817,3817,3817,2.3616666666666672,1.6136415655756466,1.5987640192263677
3818,3818,3818,2.363333333333334,1.6140230411230638,1.5987640192263677
3819,3819,3819,2.365,1.6140230411230638,1.5987640192263677
3820,3820,3820,2.366666666666667,1.6136415655756466,1.59838254367895
3821,3821,3821,2.368333333333334,1.6136415655756466,1.5987640192263677
3822,3822,3822,2.37,1.6140230411230638,1.5987640192263677
3823,3823,3823,2.371666666666667,1.6136415655756466,1.5987640192263677
3824,3824,3824,2.373333333333334,1.6140230411230638,1.5991454947737849
3825,3825,3825,2.375,1.6140230411230638,1.5987640192263677
3826,3826,3826,2.376666666666668,1.6140230411230638,1.5987640192263677
3827,3827,3827,2.378333333333334,1.6140230411230638,1.5987640192263677
3828,3828,3828,2.380000000000001,1.6140230411230638,1.5987640192263677
3829,3829,3829,2.3816666666666677,1.6140230411230638,1.5987640192263677
3830,3830,3830,2.3833333333333337,1.6140230411230638,1.5987640192263677
3831,3831,3831,2.3850000000000025,1.6140230411230638,1.5987640192263677
3832,3832,3832,2.3866666666666676,1.6140230411230638,1.5987640192263677
3833,3833,3833,2.3883333333333336,1.6140230411230638,1.5991454947737849
3834,3834,3834,2.3900000000000015,1.6140230411230638,1.5991454947737849
3835,3835,3835,2.3916666666666675,1.6140230411230638,1.5991454947737849
3836,3836,3836,2.3933333333333335,1.6140230411230638,1.5991454947737849
3837,3837,3837,2.3950000000000005,1.6140230411230638,1.5991454947737849
3838,3838,3838,2.3966666666666674,1.6144045166704817,1.5991454947737849
3839,3839,3839,2.3983333333333325,1.6140230411230638,1.5991454947737849
3840,3840,3840,2.4000000000000004,1.6144045166704817,1.5991454947737849
3841,3841,3841,2.4016666666666673,1.6144045166704817,1.5987640192263677
3842,3842,3842,2.4033333333333324,1.6144045166704817,1.5991454947737849
3843,3843,3843,2.4050000000000002,1.6144045166704817,1.5991454947737849
3844,3844,3844,2.406666666666667,1.6140230411230638,1.5991454947737849
3845,3845,3845,2.408333333333334,1.6140230411230638,1.5991454947737849
3846,3846,3846,2.41,1.6144045166704817,1.5991454947737849
3847,3847,3847,2.411666666666667,1.6144045166704817,1.5991454947737849
3848,3848,3848,2.413333333333334,1.6140230411230638,1.5991454947737849
3849,3849,3849,2.415,1.6144045166704817,1.5991454947737849
3850,3850,3850,2.416666666666668,1.6140230411230638,1.5991454947737849
3851,3851,3851,2.418333333333334,1.6144045166704817,1.5991454947737849
3852,3852,3852,2.420000000000001,1.6144045166704817,1.5991454947737849
3853,3853,3853,2.4216666666666677,1.6144045166704817,1.5991454947737849
3854,3854,3854,2.423333333333334,1.6144045166704817,1.5991454947737849
3855,3855,3855,2.4250000000000025,1.6140230411230638,1.5987640192263677
3856,3856,3856,2.4266666666666676,1.6144045166704817,1.5991454947737849
3857,3857,3857,2.4283333333333337,1.6144045166704817,1.5991454947737849
3858,3858,3858,2.4300000000000015,1.6144045166704817,1.5995269703212025
3859,3859,3859,2.4316666666666684,1.6144045166704817,1.5991454947737849
3860,3860,3860,2.4333333333333336,1.6144045166704817,1.5991454947737849
3861,3861,3861,2.4350000000000005,1.6144045166704817,1.5991454947737849
3862,3862,3862,2.4366666666666674,1.6144045166704817,1.5991454947737849
3863,3863,3863,2.4383333333333335,1.6147859922178989,1.5991454947737849
3864,3864,3864,2.4400000000000004,1.6144045166704817,1.5991454947737849
3865,3865,3865,2.4416666666666673,1.6144045166704817,1.5991454947737849
3866,3866,3866,2.4433333333333325,1.6144045166704817,1.5995269703212025
3867,3867,3867,2.4450000000000003,1.6144045166704817,1.5991454947737849
3868,3868,3868,2.446666666666667,1.6147859922178989,1.5995269703212025
3869,3869,3869,2.448333333333334,1.6144045166704817,1.5995269703212025
3870,3870,3870,2.45,1.6144045166704817,1.5991454947737849
3871,3871,3871,2.451666666666667,1.6147859922178989,1.5995269703212025
3872,3872,3872,2.453333333333334,1.6144045166704817,1.5991454947737849
3873,3873,3873,2.455,1.6144045166704817,1.5991454947737849
3874,3874,3874,2.456666666666668,1.6144045166704817,1.5995269703212025
3875,3875,3875,2.458333333333334,1.6144045166704817,1.5991454947737849
3876,3876,3876,2.460000000000001,1.6147859922178989,1.5995269703212025
3877,3877,3877,2.461666666666668,1.6144045166704817,1.5995269703212025
3878,3878,3878,2.463333333333334,1.6144045166704817,1.5995269703212025
3879,3879,3879,2.4650000000000025,1.6147859922178989,1.5995269703212025
3880,3880,3880,2.4666666666666677,1.6147859922178989,1.5995269703212025
3881,3881,3881,2.4683333333333337,1.6147859922178989,1.5995269703212025
3882,3882,3882,2.4700000000000015,1.6147859922178989,1.5995269703212025
3883,3883,3883,2.4716666666666676,1.6144045166704817,1.5995269703212025
3884,3884,3884,2.4733333333333336,1.6147859922178989,1.5995269703212025
3885,3885,3885,2.4750000000000005,1.6144045166704817,1.5995269703212025
3886,3886,3886,2.4766666666666675,1.6147859922178989,1.5995269703212025
3887,3887,3887,2.4783333333333335,1.6147859922178989,1.5995269703212025
3888,3888,3888,2.4800000000000004,1.6147859922178989,1.5995269703212025
3889,3889,3889,2.4816666666666674,1.6147859922178989,1.5995269703212025
3890,3890,3890,2.4833333333333325,1.6147859922178989,1.5995269703212025
3891,3891,3891,2.4850000000000003,1.6147859922178989,1.5995269703212025
3892,3892,3892,2.4866666666666672,1.6151674677653165,1.5999084458686197
3893,3893,3893,2.488333333333334,1.6147859922178989,1.5995269703212025
3894,3894,3894,2.49,1.6147859922178989,1.5999084458686197
3895,3895,3895,2.491666666666667,1.6147859922178989,1.5995269703212025
3896,3896,3896,2.493333333333334,1.6147859922178989,1.5995269703212025
3897,3897,3897,2.495,1.6147859922178989,1.5995269703212025
3898,3898,3898,2.496666666666667,1.6151674677653165,1.5995269703212025
3899,3899,3899,2.498333333333334,1.6147859922178989,1.5995269703212025
3900,3900,3900,2.5,1.6147859922178989,1.5995269703212025
3901,3901,3901,2.501666666666668,1.6147859922178989,1.5995269703212025
3902,3902,3902,2.503333333333334,1.6147859922178989,1.5995269703212025
3903,3903,3903,2.505000000000001,1.6151674677653165,1.5995269703212025
3904,3904,3904,2.5066666666666677,1.6151674677653165,1.5995269703212025
3905,3905,3905,2.5083333333333337,1.6147859922178989,1.5999084458686197
3906,3906,3906,2.5100000000000025,1.6147859922178989,1.5999084458686197
3907,3907,3907,2.5116666666666676,1.6151674677653165,1.5995269703212025
3908,3908,3908,2.5133333333333336,1.6151674677653165,1.5999084458686197
3909,3909,3909,2.5150000000000015,1.6151674677653165,1.5999084458686197
3910,3910,3910,2.5166666666666675,1.6151674677653165,1.5995269703212025
3911,3911,3911,2.5183333333333335,1.6151674677653165,1.5999084458686197
3912,3912,3912,2.5200000000000005,1.6147859922178989,1.5999084458686197
3913,3913,3913,2.5216666666666674,1.6151674677653165,1.5999084458686197
3914,3914,3914,2.5233333333333325,1.6147859922178989,1.5999084458686197
3915,3915,3915,2.5250000000000004,1.6151674677653165,1.5995269703212025
3916,3916,3916,2.5266666666666673,1.6151674677653165,1.5999084458686197
3917,3917,3917,2.5283333333333324,1.6147859922178989,1.5999084458686197
3918,3918,3918,2.5300000000000002,1.6151674677653165,1.5999084458686197
3919,3919,3919,2.531666666666667,1.6155489433127337,1.5999084458686197
3920,3920,3920,2.533333333333334,1.6151674677653165,1.5999084458686197
3921,3921,3921,2.535,1.6151674677653165,1.5999084458686197
3922,3922,3922,2.536666666666667,1.6151674677653165,1.5999084458686197
3923,3923,3923,2.538333333333334,1.6155489433127337,1.5999084458686197
3924,3924,3924,2.54,1.6151674677653165,1.5999084458686197
3925,3925,3925,2.541666666666668,1.6151674677653165,1.5999084458686197
3926,3926,3926,2.543333333333334,1.6155489433127337,1.5999084458686197
3927,3927,3927,2.545000000000001,1.6151674677653165,1.5999084458686197
3928,3928,3928,2.5466666666666677,1.6151674677653165,1.5999084458686197
3929,3929,3929,2.548333333333334,1.6151674677653165,1.6002899214160369
3930,3930,3930,2.5500000000000025,1.6151674677653165,1.5999084458686197
3931,3931,3931,2.5516666666666676,1.6151674677653165,1.5999084458686197
3932,3932,3932,2.5533333333333337,1.6155489433127337,1.5999084458686197
3933,3933,3933,2.5550000000000015,1.6151674677653165,1.5999084458686197
3934,3934,3934,2.5566666666666675,1.6151674677653165,1.5999084458686197
3935,3935,3935,2.5583333333333336,1.6155489433127337,1.6002899214160369
3936,3936,3936,2.5600000000000005,1.6155489433127337,1.5999084458686197
3937,3937,3937,2.5616666666666674,1.6155489433127337,1.5999084458686197
3938,3938,3938,2.5633333333333335,1.6155489433127337,1.5999084458686197
3939,3939,3939,2.5650000000000004,1.6155489433127337,1.5999084458686197
3940,3940,3940,2.5666666666666673,1.6151674677653165,1.5999084458686197
3941,3941,3941,2.5683333333333325,1.6155489433127337,1.6002899214160369
3942,3942,3942,2.5700000000000003,1.6155489433127337,1.5999084458686197
3943,3943,3943,2.571666666666667,1.6155489433127337,1.5999084458686197
3944,3944,3944,2.573333333333334,1.6155489433127337,1.6002899214160369
3945,3945,3945,2.575,1.6151674677653165,1.5999084458686197
3946,3946,3946,2.576666666666667,1.6155489433127337,1.6002899214160369
3947,3947,3947,2.578333333333334,1.6155489433127337,1.6002899214160369
3948,3948,3948,2.58,1.6155489433127337,1.6002899214160369
3949,3949,3949,2.581666666666668,1.6155489433127337,1.6002899214160369
3950,3950,3950,2.583333333333334,1.6155489433127337,1.5999084458686197
3951,3951,3951,2.585000000000001,1.6155489433127337,1.6002899214160369
3952,3952,3952,2.586666666666668,1.6159304188601509,1.6002899214160369
3953,3953,3953,2.588333333333334,1.6155489433127337,1.6002899214160369
3954,3954,3954,2.5900000000000025,1.6159304188601509,1.6002899214160369
3955,3955,3955,2.5916666666666677,1.6155489433127337,1.6002899214160369
3956,3956,3956,2.5933333333333337,1.6155489433127337,1.6002899214160369
3957,3957,3957,2.5950000000000015,1.6159304188601509,1.5999084458686197
3958,3958,3958,2.5966666666666676,1.6159304188601509,1.6002899214160369
3959,3959,3959,2.5983333333333336,1.6155489433127337,1.5999084458686197
3960,3960,3960,2.6000000000000005,1.6155489433127337,1.6002899214160369
3961,3961,3961,2.6016666666666675,1.6159304188601509,1.6002899214160369
3962,3962,3962,2.6033333333333335,1.6155489433127337,1.6002899214160369
3963,3963,3963,2.6050000000000004,1.6159304188601509,1.6002899214160369
3964,3964,3964,2.6066666666666674,1.6159304188601509,1.6002899214160369
3965,3965,3965,2.6083333333333325,1.6159304188601509,1.5999084458686197
3966,3966,3966,2.6100000000000003,1.6155489433127337,1.6002899214160369
3967,3967,3967,2.6116666666666672,1.6159304188601509,1.6002899214160369
3968,3968,3968,2.613333333333334,1.6155489433127337,1.6006713969634545
3969,3969,3969,2.615,1.6159304188601509,1.6002899214160369
3970,3970,3970,2.616666666666667,1.6155489433127337,1.6002899214160369
3971,3971,3971,2.618333333333334,1.6159304188601509,1.6002899214160369
3972,3972,3972,2.62,1.6155489433127337,1.6002899214160369
3973,3973,3973,2.621666666666667,1.6159304188601509,1.6002899214160369
3974,3974,3974,2.623333333333334,1.6159304188601509,1.6002899214160369
3975,3975,3975,2.625,1.6155489433127337,1.5999084458686197
3976,3976,3976,2.626666666666668,1.6155489433127337,1.6002899214160369
3977,3977,3977,2.628333333333334,1.6159304188601509,1.6002899214160369
3978,3978,3978,2.630000000000001,1.6159304188601509,1.6002899214160369
3979,3979,3979,2.6316666666666677,1.6155489433127337,1.6002899214160369
3980,3980,3980,2.6333333333333337,1.6155489433127337,1.6002899214160369
3981,3981,3981,2.6350000000000025,1.6159304188601509,1.6002899214160369
3982,3982,3982,2.6366666666666676,1.6155489433127337,1.6006713969634545
3983,3983,3983,2.6383333333333336,1.6159304188601509,1.6002899214160369
3984,3984,3984,2.6400000000000015,1.6155489433127337,1.6002899214160369
3985,3985,3985,2.6416666666666675,1.6155489433127337,1.6002899214160369
3986,3986,3986,2.6433333333333335,1.6159304188601509,1.6002899214160369
3987,3987,3987,2.6450000000000005,1.6155489433127337,1.6006713969634545
3988,3988,3988,2.6466666666666674,1.6159304188601509,1.6002899214160369
3989,3989,3989,2.6483333333333325,1.6159304188601509,1.6002899214160369
3990,3990,3990,2.6500000000000004,1.6155489433127337,1.6002899214160369
3991,3991,3991,2.6516666666666673,1.6159304188601509,1.6002899214160369
3992,3992,3992,2.6533333333333324,1.6159304188601509,1.6006713969634545
3993,3993,3993,2.6550000000000002,1.6159304188601509,1.6002899214160369
3994,3994,3994,2.656666666666667,1.6159304188601509,1.6006713969634545
3995,3995,3995,2.658333333333334,1.6155489433127337,1.6002899214160369
3996,3996,3996,2.66,1.6159304188601509,1.6006713969634545
3997,3997,3997,2.661666666666667,1.6159304188601509,1.6002899214160369
3998,3998,3998,2.663333333333334,1.6159304188601509,1.6006713969634545
3999,3999,3999,2.665,1.6159304188601509,1.6006713969634545
4000,4000,4000,2.666666666666668,1.6159304188601509,1.6002899214160369
4001,4001,4001,2.668333333333334,1.6159304188601509,1.6002899214160369
4002,4002,4002,2.670000000000001,1.6159304188601509,1.6002899214160369
4003,4003,4003,2.6716666666666677,1.6155489433127337,1.6006713969634545
4004,4004,4004,2.673333333333334,1.6155489433127337,1.6006713969634545
4005,4005,4005,2.6750000000000025,1.6155489433127337,1.6002899214160369
4006,4006,4006,2.6766666666666676,1.6159304188601509,1.6002899214160369
4007,4007,4007,2.6783333333333337,1.6159304188601509,1.6006713969634545
4008,4008,4008,2.6800000000000015,1.6155489433127337,1.6002899214160369
4009,4009,4009,2.6816666666666675,1.6159304188601509,1.6002899214160369
4010,4010,4010,2.6833333333333336,1.6159304188601509,1.6002899214160369
4011,4011,4011,2.6850000000000005,1.6159304188601509,1.6006713969634545
4012,4012,4012,2.6866666666666674,1.6159304188601509,1.6002899214160369
4013,4013,4013,2.6883333333333335,1.6159304188601509,1.6002899214160369
4014,4014,4014,2.6900000000000004,1.6155489433127337,1.6002899214160369
4015,4015,4015,2.6916666666666673,1.6159304188601509,1.6002899214160369
4016,4016,4016,2.6933333333333325,1.6159304188601509,1.6002899214160369
4017,4017,4017,2.6950000000000003,1.6159304188601509,1.6002899214160369
4018,4018,4018,2.696666666666667,1.6159304188601509,1.6002899214160369
4019,4019,4019,2.698333333333334,1.6159304188601509,1.6006713969634545
4020,4020,4020,2.7,1.6159304188601509,1.6002899214160369
4021,4021,4021,2.701666666666667,1.6159304188601509,1.6002899214160369
4022,4022,4022,2.703333333333334,1.6155489433127337,1.6002899214160369
4023,4023,4023,2.705,1.6155489433127337,1.6002899214160369
4024,4024,4024,2.706666666666668,1.6155489433127337,1.6002899214160369
4025,4025,4025,2.708333333333334,1.6155489433127337,1.6002899214160369
4026,4026,4026,2.710000000000001,1.6155489433127337,1.6002899214160369
4027,4027,4027,2.711666666666668,1.6159304188601509,1.6002899214160369
4028,4028,4028,2.713333333333334,1.6155489433127337,1.6002899214160369
4029,4029,4029,2.7150000000000025,1.6155489433127337,1.6002899214160369
4030,4030,4030,2.7166666666666677,1.6151674677653165,1.6002899214160369
4031,4031,4031,2.7183333333333337,1.6155489433127337,1.6002899214160369
4032,4032,4032,2.7200000000000015,1.6151674677653165,1.6002899214160369
4033,4033,4033,2.7216666666666676,1.6151674677653165,1.6002899214160369
4034,4034,4034,2.7233333333333336,1.6155489433127337,1.6002899214160369
4035,4035,4035,2.7250000000000005,1.6151674677653165,1.6002899214160369
4036,4036,4036,2.7266666666666675,1.6151674677653165,1.6002899214160369
4037,4037,4037,2.7283333333333335,1.6151674677653165,1.6002899214160369
4038,4038,4038,2.7300000000000004,1.6151674677653165,1.6002899214160369
4039,4039,4039,2.7316666666666674,1.6151674677653165,1.6002899214160369
4040,4040,4040,2.7333333333333325,1.6147859922178989,1.6002899214160369
4041,4041,4041,2.7350000000000003,1.6151674677653165,1.6002899214160369
4042,4042,4042,2.7366666666666672,1.6147859922178989,1.5999084458686197
4043,4043,4043,2.738333333333334,1.6147859922178989,1.6002899214160369
4044,4044,4044,2.74,1.6144045166704817,1.5999084458686197
4045,4045,4045,2.741666666666667,1.6144045166704817,1.5999084458686197
4046,4046,4046,2.743333333333334,1.6144045166704817,1.5999084458686197
4047,4047,4047,2.745,1.6147859922178989,1.5999084458686197
4048,4048,4048,2.746666666666667,1.6144045166704817,1.5999084458686197
4049,4049,4049,2.748333333333334,1.6144045166704817,1.5999084458686197
4050,4050,4050,2.75,1.6144045166704817,1.5995269703212025
4051,4051,4051,2.751666666666668,1.6144045166704817,1.5999084458686197
4052,4052,4052,2.753333333333334,1.6144045166704817,1.5999084458686197
4053,4053,4053,2.755000000000001,1.6144045166704817,1.5999084458686197
4054,4054,4054,2.7566666666666677,1.6144045166704817,1.5999084458686197
4055,4055,4055,2.7583333333333337,1.6140230411230638,1.5999084458686197
4056,4056,4056,2.7600000000000025,1.6140230411230638,1.5999084458686197
4057,4057,4057,2.7616666666666676,1.6140230411230638,1.5999084458686197
4058,4058,4058,2.7633333333333336,1.6140230411230638,1.5995269703212025
4059,4059,4059,2.7650000000000015,1.6136415655756466,1.5995269703212025
4060,4060,4060,2.7666666666666675,1.6136415655756466,1.5995269703212025
4061,4061,4061,2.7683333333333335,1.6136415655756466,1.5995269703212025
4062,4062,4062,2.7700000000000005,1.6136415655756466,1.5995269703212025
4063,4063,4063,2.7716666666666674,1.6136415655756466,1.5995269703212025
4064,4064,4064,2.7733333333333325,1.6136415655756466,1.5995269703212025
4065,4065,4065,2.7750000000000004,1.6132600900282292,1.5995269703212025
4066,4066,4066,2.7766666666666673,1.6136415655756466,1.5995269703212025
4067,4067,4067,2.7783333333333324,1.6132600900282292,1.5995269703212025
4068,4068,4068,2.7800000000000002,1.6132600900282292,1.5995269703212025
4069,4069,4069,2.781666666666667,1.6132600900282292,1.5991454947737849
4070,4070,4070,2.783333333333334,1.6128786144808118,1.5991454947737849
4071,4071,4071,2.785,1.6128786144808118,1.5991454947737849
4072,4072,4072,2.786666666666667,1.6128786144808118,1.5991454947737849
4073,4073,4073,2.788333333333334,1.6128786144808118,1.5991454947737849
4074,4074,4074,2.79,1.6128786144808118,1.5991454947737849
4075,4075,4075,2.791666666666668,1.6121156633859768,1.5991454947737849
4076,4076,4076,2.793333333333334,1.6121156633859768,1.5991454947737849
4077,4077,4077,2.795000000000001,1.6121156633859768,1.5987640192263677
4078,4078,4078,2.7966666666666677,1.6117341878385596,1.5987640192263677
4079,4079,4079,2.798333333333334,1.6121156633859768,1.5987640192263677
4080,4080,4080,2.8000000000000025,1.6117341878385596,1.59838254367895
4081,4081,4081,2.8016666666666676,1.6117341878385596,1.5987640192263677
4082,4082,4082,2.8033333333333337,1.6113527122911422,1.5987640192263677
4083,4083,4083,2.8050000000000015,1.6113527122911422,1.5987640192263677
4084,4084,4084,2.8066666666666675,1.6113527122911422,1.59838254367895
4085,4085,4085,2.8083333333333336,1.6109712367437248,1.59838254367895
4086,4086,4086,2.8100000000000005,1.6109712367437248,1.59838254367895
4087,4087,4087,2.8116666666666674,1.6109712367437248,1.59838254367895
4088,4088,4088,2.8133333333333335,1.6109712367437248,1.59838254367895
4089,4089,4089,2.8150000000000004,1.6109712367437248,1.5980010681315326
4090,4090,4090,2.8166666666666673,1.6105897611963074,1.5980010681315326
4091,4091,4091,2.8183333333333325,1.6105897611963074,1.5980010681315326
4092,4092,4092,2.8200000000000003,1.6105897611963074,1.5980010681315326
4093,4093,4093,2.821666666666667,1.6102082856488895,1.5980010681315326
4094,4094,4094,2.823333333333334,1.6105897611963074,1.5976195925841152
4095,4095,4095,2.825,1.6102082856488895,1.5976195925841152
4096,4096,4096,2.826666666666667,1.6098268101014723,1.5976195925841152
4097,4097,4097,2.828333333333334,1.6098268101014723,1.5972381170366978
4098,4098,4098,2.83,1.6098268101014723,1.5976195925841152
4099,4099,4099,2.831666666666668,1.6094453345540551,1.5968566414892804
4100,4100,4100,2.833333333333334,1.6094453345540551,1.5968566414892804
4101,4101,4101,2.835000000000001,1.6094453345540551,1.5972381170366978
4102,4102,4102,2.836666666666668,1.6090638590066375,1.5968566414892804
4103,4103,4103,2.838333333333334,1.6086823834592203,1.5968566414892804
4104,4104,4104,2.8400000000000025,1.6086823834592203,1.5968566414892804
4105,4105,4105,2.8416666666666677,1.6083009079118031,1.5968566414892804
4106,4106,4106,2.8433333333333337,1.6086823834592203,1.5968566414892804
4107,4107,4107,2.8450000000000015,1.6083009079118031,1.596475165941863
4108,4108,4108,2.8466666666666676,1.6079194323643855,1.596475165941863
4109,4109,4109,2.8483333333333336,1.6079194323643855,1.596475165941863
4110,4110,4110,2.8500000000000005,1.6079194323643855,1.5960936903944456
4111,4111,4111,2.8516666666666675,1.6079194323643855,1.596475165941863
4112,4112,4112,2.8533333333333335,1.6079194323643855,1.5960936903944456
4113,4113,4113,2.8550000000000004,1.607537956816968,1.5960936903944456
4114,4114,4114,2.8566666666666674,1.607537956816968,1.5960936903944456
4115,4115,4115,2.8583333333333325,1.607156481269551,1.5957122148470282
4116,4116,4116,2.8600000000000003,1.607156481269551,1.5960936903944456
4117,4117,4117,2.8616666666666672,1.6067750057221333,1.5957122148470282
4118,4118,4118,2.863333333333334,1.6067750057221333,1.5957122148470282
4119,4119,4119,2.865,1.6063935301747159,1.5953307392996108
4120,4120,4120,2.866666666666667,1.6063935301747159,1.5949492637521934
4121,4121,4121,2.868333333333334,1.6063935301747159,1.5953307392996108
4122,4122,4122,2.87,1.6060120546272985,1.5953307392996108
4123,4123,4123,2.871666666666667,1.6060120546272985,1.5949492637521934
4124,4124,4124,2.873333333333334,1.6060120546272985,1.5949492637521934
4125,4125,4125,2.875,1.6052491035324636,1.5945677882047755
4126,4126,4126,2.876666666666668,1.6052491035324636,1.5945677882047755
4127,4127,4127,2.878333333333334,1.6052491035324636,1.5945677882047755
4128,4128,4128,2.880000000000001,1.6052491035324636,1.5941863126573586
4129,4129,4129,2.8816666666666677,1.6052491035324636,1.5941863126573586
4130,4130,4130,2.8833333333333337,1.6048676279850462,1.5938048371099411
4131,4131,4131,2.8850000000000025,1.6048676279850462,1.5938048371099411
4132,4132,4132,2.8866666666666676,1.6048676279850462,1.5938048371099411
4133,4133,4133,2.8883333333333336,1.6041046768902114,1.5938048371099411
4134,4134,4134,2.8900000000000015,1.6044861524376288,1.5938048371099411
4135,4135,4135,2.8916666666666675,1.6041046768902114,1.5934233615625235
4136,4136,4136,2.8933333333333335,1.603723201342794,1.5934233615625235
4137,4137,4137,2.8950000000000005,1.6033417257953766,1.5934233615625235
4138,4138,4138,2.8966666666666674,1.603723201342794,1.5934233615625235
4139,4139,4139,2.8983333333333325,1.6033417257953766,1.5930418860151063
4140,4140,4140,2.9000000000000004,1.6033417257953766,1.5930418860151063
4141,4141,4141,2.9016666666666673,1.6029602502479592,1.5930418860151063
4142,4142,4142,2.9033333333333324,1.6029602502479592,1.5926604104676891
4143,4143,4143,2.9050000000000002,1.6029602502479592,1.5926604104676891
4144,4144,4144,2.906666666666667,1.6029602502479592,1.5926604104676891
4145,4145,4145,2.908333333333334,1.6021972991531244,1.5922789349202715
4146,4146,4146,2.91,1.6021972991531244,1.5922789349202715
4147,4147,4147,2.911666666666667,1.6025787747005418,1.5922789349202715
4148,4148,4148,2.913333333333334,1.6021972991531244,1.591897459372854
4149,4149,4149,2.915,1.6021972991531244,1.591897459372854
4150,4150,4150,2.916666666666668,1.6018158236057067,1.591897459372854
4151,4151,4151,2.918333333333334,1.6018158236057067,1.591515983825437
4152,4152,4152,2.920000000000001,1.6014343480582889,1.591515983825437
4153,4153,4153,2.9216666666666677,1.6014343480582889,1.591515983825437
4154,4154,4154,2.923333333333334,1.601052872510872,1.5911345082780193
4155,4155,4155,2.9250000000000025,1.601052872510872,1.5911345082780193
4156,4156,4156,2.9266666666666676,1.6006713969634545,1.5911345082780193
4157,4157,4157,2.9283333333333337,1.6006713969634545,1.5911345082780193
4158,4158,4158,2.9300000000000015,1.6006713969634545,1.5907530327306016
4159,4159,4159,2.9316666666666675,1.6002899214160369,1.5907530327306016
4160,4160,4160,2.9333333333333336,1.6002899214160369,1.5903715571831845
4161,4161,4161,2.9350000000000005,1.6002899214160369,1.5903715571831845
4162,4162,4162,2.9366666666666674,1.5999084458686197,1.5903715571831845
4163,4163,4163,2.9383333333333335,1.5999084458686197,1.5903715571831845
4164,4164,4164,2.9400000000000004,1.5995269703212025,1.5899900816357668
4165,4165,4165,2.9416666666666673,1.5995269703212025,1.5899900816357668
4166,4166,4166,2.9433333333333325,1.5995269703212025,1.5899900816357668
4167,4167,4167,2.9450000000000003,1.5995269703212025,1.5899900816357668
4168,4168,4168,2.946666666666667,1.5991454947737849,1.5896086060883496
4169,4169,4169,2.948333333333334,1.5987640192263677,1.5892271305409322
4170,4170,4170,2.95,1.5987640192263677,1.5892271305409322
4171,4171,4171,2.951666666666667,1.5987640192263677,1.5892271305409322
4172,4172,4172,2.953333333333334,1.5987640192263677,1.5892271305409322
4173,4173,4173,2.955,1.59838254367895,1.5888456549935148
4174,4174,4174,2.956666666666668,1.5980010681315326,1.5888456549935148
4175,4175,4175,2.958333333333334,1.5980010681315326,1.5884641794460974
4176,4176,4176,2.960000000000001,1.5980010681315326,1.5884641794460974
4177,4177,4177,2.961666666666668,1.5980010681315326,1.5884641794460974
4178,4178,4178,2.963333333333334,1.5976195925841152,1.5884641794460974
4179,4179,4179,2.9650000000000025,1.5976195925841152,1.5884641794460974
4180,4180,4180,2.9666666666666677,1.5976195925841152,1.58808270389868
4181,4181,4181,2.9683333333333337,1.5976195925841152,1.58808270389868
4182,4182,4182,2.9700000000000015,1.5972381170366978,1.5877012283512626
4183,4183,4183,2.9716666666666676,1.5972381170366978,1.5877012283512626
4184,4184,4184,2.9733333333333336,1.5972381170366978,1.5877012283512626
4185,4185,4185,2.9750000000000005,1.5968566414892804,1.5877012283512626
4186,4186,4186,2.9766666666666675,1.5968566414892804,1.5873197528038452
4187,4187,4187,2.9783333333333335,1.596475165941863,1.5873197528038452
4188,4188,4188,2.9800000000000004,1.596475165941863,1.5873197528038452
4189,4189,4189,2.9816666666666674,1.596475165941863,1.5869382772564278
4190,4190,4190,2.9833333333333325,1.5960936903944456,1.5869382772564278
4191,4191,4191,2.9850000000000003,1.596475165941863,1.5865568017090104
4192,4192,4192,2.9866666666666672,1.5960936903944456,1.5869382772564278
4193,4193,4193,2.988333333333334,1.5960936903944456,1.5865568017090104
4194,4194,4194,2.99,1.5957122148470282,1.5865568017090104
4195,4195,4195,2.991666666666667,1.5957122148470282,1.586175326161593
4196,4196,4196,2.993333333333334,1.5957122148470282,1.586175326161593
4197,4197,4197,2.995,1.5953307392996108,1.5857938506141755
4198,4198,4198,2.996666666666667,1.5953307392996108,1.5857938506141755
4199,4199,4199,2.998333333333334,1.5949492637521934,1.5857938506141755
4200,4200,4200,3.000000000000001,1.5953307392996108,1.5857938506141755
4201,4201,4201,3.001666666666668,1.5949492637521934,1.5857938506141755
4202,4202,4202,3.003333333333334,1.5949492637521934,1.5854123750667581
4203,4203,4203,3.005000000000001,1.5949492637521934,1.5854123750667581
4204,4204,4204,3.0066666666666677,1.5949492637521934,1.5854123750667581
4205,4205,4205,3.0083333333333337,1.5945677882047755,1.5850308995193407
4206,4206,4206,3.0100000000000025,1.5945677882047755,1.5850308995193407
4207,4207,4207,3.0116666666666676,1.5945677882047755,1.5850308995193407
4208,4208,4208,3.0133333333333336,1.5941863126573586,1.5850308995193407
4209,4209,4209,3.0150000000000015,1.5941863126573586,1.584649423971923
4210,4210,4210,3.0166666666666675,1.5941863126573586,1.584267948424506
4211,4211,4211,3.0183333333333335,1.5941863126573586,1.584649423971923
4212,4212,4212,3.0200000000000005,1.5938048371099411,1.584267948424506
4213,4213,4213,3.0216666666666674,1.5938048371099411,1.584267948424506
4214,4214,4214,3.0233333333333325,1.5938048371099411,1.5838864728770885
4215,4215,4215,3.0250000000000004,1.5934233615625235,1.5838864728770885
4216,4216,4216,3.0266666666666673,1.5934233615625235,1.5835049973296709
4217,4217,4217,3.0283333333333324,1.5934233615625235,1.5838864728770885
4218,4218,4218,3.0300000000000002,1.5934233615625235,1.5835049973296709
4219,4219,4219,3.031666666666667,1.5930418860151063,1.5835049973296709
4220,4220,4220,3.033333333333334,1.5926604104676891,1.5831235217822537
4221,4221,4221,3.035,1.5930418860151063,1.5831235217822537
4222,4222,4222,3.036666666666667,1.5930418860151063,1.5835049973296709
4223,4223,4223,3.038333333333334,1.5930418860151063,1.5831235217822537
4224,4224,4224,3.04,1.5926604104676891,1.5827420462348365
4225,4225,4225,3.041666666666668,1.5922789349202715,1.5827420462348365
4226,4226,4226,3.043333333333334,1.5922789349202715,1.5827420462348365
4227,4227,4227,3.045000000000001,1.5922789349202715,1.5827420462348365
4228,4228,4228,3.0466666666666677,1.5922789349202715,1.5823605706874189
4229,4229,4229,3.048333333333334,1.591897459372854,1.5823605706874189
4230,4230,4230,3.0500000000000025,1.5922789349202715,1.5823605706874189
4231,4231,4231,3.0516666666666676,1.591897459372854,1.5823605706874189
4232,4232,4232,3.0533333333333337,1.591897459372854,1.5823605706874189
4233,4233,4233,3.0550000000000015,1.591897459372854,1.5819790951400017
4234,4234,4234,3.0566666666666675,1.591515983825437,1.5819790951400017
4235,4235,4235,3.0583333333333336,1.591897459372854,1.5819790951400017
4236,4236,4236,3.0600000000000005,1.591515983825437,1.5819790951400017
4237,4237,4237,3.0616666666666674,1.591897459372854,1.5819790951400017
4238,4238,4238,3.0633333333333335,1.591515983825437,1.581597619592584
4239,4239,4239,3.0650000000000004,1.591515983825437,1.581597619592584
4240,4240,4240,3.0666666666666673,1.591515983825437,1.5812161440451666
4241,4241,4241,3.0683333333333325,1.5911345082780193,1.5812161440451666
4242,4242,4242,3.0700000000000003,1.5911345082780193,1.5808346684977492
4243,4243,4243,3.071666666666667,1.5907530327306016,1.5808346684977492
4244,4244,4244,3.073333333333334,1.5907530327306016,1.5808346684977492
4245,4245,4245,3.075,1.5907530327306016,1.5804531929503318
4246,4246,4246,3.076666666666667,1.5903715571831845,1.5804531929503318
4247,4247,4247,3.078333333333334,1.5907530327306016,1.5804531929503318
4248,4248,4248,3.08,1.5903715571831845,1.5800717174029144
4249,4249,4249,3.081666666666668,1.5903715571831845,1.5804531929503318
4250,4250,4250,3.083333333333334,1.5899900816357668,1.5804531929503318
4251,4251,4251,3.085000000000001,1.5903715571831845,1.5800717174029144
4252,4252,4252,3.086666666666668,1.5899900816357668,1.5800717174029144
4253,4253,4253,3.088333333333334,1.5899900816357668,1.5800717174029144
4254,4254,4254,3.0900000000000025,1.5899900816357668,1.5796902418554968
4255,4255,4255,3.0916666666666677,1.5896086060883496,1.5796902418554968
4256,4256,4256,3.0933333333333337,1.5896086060883496,1.5796902418554968
4257,4257,4257,3.0950000000000015,1.5896086060883496,1.5796902418554968
4258,4258,4258,3.0966666666666676,1.5896086060883496,1.5796902418554968
4259,4259,4259,3.0983333333333336,1.5896086060883496,1.5796902418554968
4260,4260,4260,3.1000000000000005,1.5892271305409322,1.5793087663080796
4261,4261,4261,3.1016666666666675,1.5896086060883496,1.5793087663080796
4262,4262,4262,3.1033333333333335,1.5896086060883496,1.5793087663080796
4263,4263,4263,3.1050000000000004,1.5892271305409322,1.5789272907606622
4264,4264,4264,3.1066666666666674,1.5892271305409322,1.5789272907606622
4265,4265,4265,3.1083333333333325,1.5888456549935148,1.5789272907606622
4266,4266,4266,3.1100000000000003,1.5892271305409322,1.5789272907606622
4267,4267,4267,3.1116666666666672,1.5892271305409322,1.5789272907606622
4268,4268,4268,3.113333333333334,1.5888456549935148,1.5785458152132448
4269,4269,4269,3.115,1.5888456549935148,1.5785458152132448
4270,4270,4270,3.116666666666667,1.5884641794460974,1.5781643396658274
4271,4271,4271,3.118333333333334,1.5888456549935148,1.5781643396658274
4272,4272,4272,3.12,1.5888456549935148,1.5781643396658274
4273,4273,4273,3.121666666666667,1.5888456549935148,1.57778286411841
4274,4274,4274,3.123333333333334,1.5888456549935148,1.57778286411841
4275,4275,4275,3.125000000000001,1.5884641794460974,1.5774013885709923
4276,4276,4276,3.126666666666668,1.5884641794460974,1.5774013885709923
4277,4277,4277,3.128333333333334,1.58808270389868,1.5774013885709923
4278,4278,4278,3.130000000000001,1.58808270389868,1.5774013885709923
4279,4279,4279,3.1316666666666677,1.58808270389868,1.5770199130235751
4280,4280,4280,3.1333333333333337,1.58808270389868,1.5770199130235751
4281,4281,4281,3.1350000000000025,1.5877012283512626,1.5770199130235751
4282,4282,4282,3.1366666666666676,1.5877012283512626,1.5770199130235751
4283,4283,4283,3.1383333333333336,1.5877012283512626,1.5770199130235751
4284,4284,4284,3.1400000000000015,1.5877012283512626,1.5770199130235751
4285,4285,4285,3.1416666666666675,1.5873197528038452,1.5770199130235751
4286,4286,4286,3.1433333333333335,1.5877012283512626,1.5766384374761575
4287,4287,4287,3.1450000000000005,1.5877012283512626,1.5766384374761575
4288,4288,4288,3.1466666666666674,1.5873197528038452,1.5766384374761575
4289,4289,4289,3.1483333333333325,1.5873197528038452,1.5766384374761575
4290,4290,4290,3.1500000000000004,1.5873197528038452,1.5766384374761575
4291,4291,4291,3.1516666666666673,1.5869382772564278,1.5766384374761575
4292,4292,4292,3.1533333333333324,1.5873197528038452,1.5762569619287403
4293,4293,4293,3.1550000000000002,1.5873197528038452,1.5762569619287403
4294,4294,4294,3.156666666666667,1.5869382772564278,1.5758754863813234
4295,4295,4295,3.158333333333334,1.5869382772564278,1.5758754863813234
4296,4296,4296,3.16,1.5869382772564278,1.5758754863813234
4297,4297,4297,3.161666666666667,1.5869382772564278,1.5758754863813234
4298,4298,4298,3.163333333333334,1.5869382772564278,1.5758754863813234
4299,4299,4299,3.165,1.5869382772564278,1.5758754863813234
4300,4300,4300,3.166666666666668,1.5865568017090104,1.5754940108339055
4301,4301,4301,3.168333333333334,1.5865568017090104,1.5754940108339055
4302,4302,4302,3.170000000000001,1.5865568017090104,1.5754940108339055
4303,4303,4303,3.1716666666666677,1.5865568017090104,1.5754940108339055
4304,4304,4304,3.173333333333334,1.586175326161593,1.575112535286488
4305,4305,4305,3.1750000000000025,1.586175326161593,1.575112535286488
4306,4306,4306,3.1766666666666676,1.586175326161593,1.575112535286488
4307,4307,4307,3.1783333333333337,1.586175326161593,1.5747310597390711
4308,4308,4308,3.1800000000000015,1.586175326161593,1.5747310597390711
4309,4309,4309,3.1816666666666675,1.586175326161593,1.5747310597390711
4310,4310,4310,3.1833333333333336,1.586175326161593,1.5747310597390711
4311,4311,4311,3.1850000000000005,1.586175326161593,1.5747310597390711
4312,4312,4312,3.1866666666666674,1.586175326161593,1.5747310597390711
4313,4313,4313,3.1883333333333335,1.586175326161593,1.5743495841916533
4314,4314,4314,3.1900000000000004,1.5857938506141755,1.5743495841916533
4315,4315,4315,3.1916666666666673,1.5854123750667581,1.5743495841916533
4316,4316,4316,3.1933333333333325,1.5857938506141755,1.5743495841916533
4317,4317,4317,3.1950000000000003,1.5854123750667581,1.5743495841916533
4318,4318,4318,3.196666666666667,1.5854123750667581,1.5743495841916533
4319,4319,4319,3.198333333333334,1.5854123750667581,1.5743495841916533
4320,4320,4320,3.2,1.5850308995193407,1.5739681086442356
4321,4321,4321,3.201666666666667,1.5850308995193407,1.5739681086442356
4322,4322,4322,3.203333333333334,1.5854123750667581,1.5739681086442356
4323,4323,4323,3.205,1.5850308995193407,1.5739681086442356
4324,4324,4324,3.206666666666668,1.5850308995193407,1.5739681086442356
4325,4325,4325,3.208333333333334,1.5850308995193407,1.5735866330968185
4326,4326,4326,3.210000000000001,1.5850308995193407,1.5735866330968185
4327,4327,4327,3.211666666666668,1.5850308995193407,1.5732051575494008
4328,4328,4328,3.213333333333334,1.584649423971923,1.5735866330968185
4329,4329,4329,3.2150000000000025,1.584649423971923,1.5735866330968185
4330,4330,4330,3.2166666666666677,1.584649423971923,1.5732051575494008
4331,4331,4331,3.2183333333333337,1.584649423971923,1.5732051575494008
4332,4332,4332,3.2200000000000015,1.584267948424506,1.5732051575494008
4333,4333,4333,3.2216666666666676,1.584649423971923,1.5728236820019836
4334,4334,4334,3.2233333333333336,1.584649423971923,1.5732051575494008
4335,4335,4335,3.2249999999999996,1.584267948424506,1.5728236820019836
4336,4336,4336,3.2266666666666675,1.584267948424506,1.5728236820019836
4337,4337,4337,3.2283333333333326,1.584267948424506,1.5724422064545662
4338,4338,4338,3.2300000000000004,1.584267948424506,1.5724422064545662
4339,4339,4339,3.2316666666666674,1.5838864728770885,1.5728236820019836
4340,4340,4340,3.2333333333333316,1.5838864728770885,1.5720607309071488
4341,4341,4341,3.2350000000000003,1.5838864728770885,1.5724422064545662
4342,4342,4342,3.2366666666666672,1.5838864728770885,1.5724422064545662
4343,4343,4343,3.238333333333334,1.5838864728770885,1.5720607309071488
4344,4344,4344,3.24,1.5838864728770885,1.5724422064545662
4345,4345,4345,3.241666666666667,1.5838864728770885,1.5720607309071488
4346,4346,4346,3.243333333333334,1.5838864728770885,1.5720607309071488
4347,4347,4347,3.245,1.5838864728770885,1.5716792553597314
4348,4348,4348,3.246666666666667,1.5838864728770885,1.5716792553597314
4349,4349,4349,3.248333333333334,1.5835049973296709,1.5716792553597314
4350,4350,4350,3.250000000000001,1.5835049973296709,1.5716792553597314
4351,4351,4351,3.251666666666668,1.5835049973296709,1.5716792553597314
4352,4352,4352,3.253333333333334,1.5835049973296709,1.5716792553597314
4353,4353,4353,3.255000000000001,1.5835049973296709,1.571297779812314
4354,4354,4354,3.2566666666666677,1.5835049973296709,1.5716792553597314
4355,4355,4355,3.2583333333333337,1.5831235217822537,1.571297779812314
4356,4356,4356,3.2600000000000025,1.5831235217822537,1.571297779812314
4357,4357,4357,3.2616666666666676,1.5831235217822537,1.571297779812314
4358,4358,4358,3.2633333333333336,1.5831235217822537,1.571297779812314
4359,4359,4359,3.2650000000000015,1.5831235217822537,1.571297779812314
4360,4360,4360,3.2666666666666675,1.5827420462348365,1.5709163042648966
4361,4361,4361,3.2683333333333326,1.5827420462348365,1.5709163042648966
4362,4362,4362,3.2699999999999996,1.5827420462348365,1.5709163042648966
4363,4363,4363,3.2716666666666674,1.5831235217822537,1.5709163042648966
4364,4364,4364,3.2733333333333308,1.5827420462348365,1.5709163042648966
4365,4365,4365,3.2750000000000004,1.5823605706874189,1.5705348287174792
4366,4366,4366,3.2766666666666673,1.5823605706874189,1.5705348287174792
4367,4367,4367,3.2783333333333324,1.5823605706874189,1.5705348287174792
4368,4368,4368,3.2800000000000002,1.5823605706874189,1.5705348287174792
4369,4369,4369,3.281666666666667,1.5823605706874189,1.5705348287174792
4370,4370,4370,3.283333333333334,1.5819790951400017,1.5701533531700618
4371,4371,4371,3.285,1.5819790951400017,1.5705348287174792
4372,4372,4372,3.286666666666667,1.5819790951400017,1.5701533531700618
4373,4373,4373,3.288333333333334,1.5819790951400017,1.5701533531700618
4374,4374,4374,3.29,1.5819790951400017,1.5701533531700618
4375,4375,4375,3.291666666666668,1.5819790951400017,1.5697718776226444
4376,4376,4376,3.293333333333334,1.5819790951400017,1.5701533531700618
4377,4377,4377,3.295000000000001,1.581597619592584,1.5697718776226444
4378,4378,4378,3.2966666666666677,1.581597619592584,1.5697718776226444
4379,4379,4379,3.298333333333334,1.581597619592584,1.569390402075227
4380,4380,4380,3.3000000000000025,1.581597619592584,1.569390402075227
4381,4381,4381,3.3016666666666676,1.581597619592584,1.569390402075227
4382,4382,4382,3.3033333333333337,1.581597619592584,1.5697718776226444
4383,4383,4383,3.3050000000000015,1.5812161440451666,1.569390402075227
4384,4384,4384,3.3066666666666675,1.581597619592584,1.569390402075227
4385,4385,4385,3.3083333333333336,1.5812161440451666,1.569390402075227
4386,4386,4386,3.3099999999999996,1.5812161440451666,1.5690089265278095
4387,4387,4387,3.3116666666666674,1.5812161440451666,1.5690089265278095
4388,4388,4388,3.3133333333333326,1.581597619592584,1.5690089265278095
4389,4389,4389,3.3150000000000004,1.5812161440451666,1.5690089265278095
4390,4390,4390,3.3166666666666673,1.5812161440451666,1.5686274509803917
4391,4391,4391,3.3183333333333325,1.5812161440451666,1.5690089265278095
4392,4392,4392,3.3200000000000003,1.5808346684977492,1.5690089265278095
4393,4393,4393,3.321666666666667,1.5812161440451666,1.5690089265278095
4394,4394,4394,3.323333333333334,1.5808346684977492,1.5686274509803917
4395,4395,4395,3.325,1.5808346684977492,1.5686274509803917
4396,4396,4396,3.326666666666667,1.5808346684977492,1.5686274509803917
4397,4397,4397,3.328333333333334,1.5808346684977492,1.5686274509803917
4398,4398,4398,3.33,1.5808346684977492,1.5686274509803917
4399,4399,4399,3.331666666666668,1.5808346684977492,1.5682459754329747
4400,4400,4400,3.333333333333334,1.5808346684977492,1.5682459754329747
4401,4401,4401,3.335000000000001,1.5804531929503318,1.5682459754329747
4402,4402,4402,3.336666666666668,1.5804531929503318,1.5682459754329747
4403,4403,4403,3.338333333333334,1.5804531929503318,1.5682459754329747
4404,4404,4404,3.3400000000000025,1.5804531929503318,1.5682459754329747
4405,4405,4405,3.3416666666666677,1.5800717174029144,1.567864499885557
4406,4406,4406,3.3433333333333337,1.5800717174029144,1.567864499885557
4407,4407,4407,3.3450000000000015,1.5800717174029144,1.5682459754329747
4408,4408,4408,3.3466666666666676,1.5800717174029144,1.567864499885557
4409,4409,4409,3.3483333333333336,1.5800717174029144,1.567864499885557
4410,4410,4410,3.3499999999999996,1.5796902418554968,1.56748302433814
4411,4411,4411,3.3516666666666675,1.5796902418554968,1.567864499885557
4412,4412,4412,3.3533333333333326,1.5796902418554968,1.56748302433814
4413,4413,4413,3.3550000000000004,1.5796902418554968,1.5671015487907225
4414,4414,4414,3.3566666666666674,1.5796902418554968,1.56748302433814
4415,4415,4415,3.3583333333333316,1.5793087663080796,1.5671015487907225
4416,4416,4416,3.3600000000000003,1.5793087663080796,1.5671015487907225
4417,4417,4417,3.3616666666666672,1.5793087663080796,1.5671015487907225
4418,4418,4418,3.363333333333334,1.5793087663080796,1.5671015487907225
4419,4419,4419,3.365,1.5793087663080796,1.5671015487907225
4420,4420,4420,3.366666666666667,1.5793087663080796,1.5671015487907225
4421,4421,4421,3.368333333333334,1.5793087663080796,1.5667200732433049
4422,4422,4422,3.37,1.5789272907606622,1.5667200732433049
4423,4423,4423,3.371666666666667,1.5789272907606622,1.5667200732433049
4424,4424,4424,3.373333333333334,1.5793087663080796,1.5667200732433049
4425,4425,4425,3.375000000000001,1.5789272907606622,1.5663385976958877
4426,4426,4426,3.376666666666668,1.5789272907606622,1.5663385976958877
4427,4427,4427,3.378333333333334,1.5789272907606622,1.5663385976958877
4428,4428,4428,3.380000000000001,1.5789272907606622,1.5663385976958877
4429,4429,4429,3.3816666666666677,1.5789272907606622,1.5663385976958877
4430,4430,4430,3.3833333333333337,1.5785458152132448,1.5659571221484705
4431,4431,4431,3.3850000000000025,1.5789272907606622,1.5663385976958877
4432,4432,4432,3.3866666666666676,1.5785458152132448,1.5663385976958877
4433,4433,4433,3.3883333333333336,1.5789272907606622,1.5659571221484705
4434,4434,4434,3.3900000000000015,1.5785458152132448,1.5659571221484705
4435,4435,4435,3.3916666666666675,1.5781643396658274,1.5659571221484705
4436,4436,4436,3.3933333333333326,1.5785458152132448,1.5659571221484705
4437,4437,4437,3.3949999999999996,1.5785458152132448,1.5659571221484705
4438,4438,4438,3.3966666666666674,1.5785458152132448,1.5659571221484705
4439,4439,4439,3.3983333333333308,1.5781643396658274,1.5659571221484705
4440,4440,4440,3.4000000000000004,1.5781643396658274,1.5659571221484705
4441,4441,4441,3.4016666666666673,1.5781643396658274,1.5655756466010529
4442,4442,4442,3.4033333333333324,1.5781643396658274,1.5655756466010529
4443,4443,4443,3.4050000000000002,1.5781643396658274,1.5655756466010529
4444,4444,4444,3.406666666666667,1.57778286411841,1.5655756466010529
4445,4445,4445,3.408333333333334,1.57778286411841,1.5655756466010529
4446,4446,4446,3.41,1.5781643396658274,1.5655756466010529
4447,4447,4447,3.411666666666667,1.57778286411841,1.5651941710536357
4448,4448,4448,3.413333333333334,1.57778286411841,1.5655756466010529
4449,4449,4449,3.415,1.57778286411841,1.5655756466010529
4450,4450,4450,3.416666666666668,1.57778286411841,1.5651941710536357
4451,4451,4451,3.418333333333334,1.57778286411841,1.5651941710536357
4452,4452,4452,3.420000000000001,1.5774013885709923,1.5651941710536357
4453,4453,4453,3.4216666666666677,1.5774013885709923,1.5651941710536357
4454,4454,4454,3.423333333333334,1.5774013885709923,1.5651941710536357
4455,4455,4455,3.4250000000000025,1.5774013885709923,1.564812695506218
4456,4456,4456,3.4266666666666676,1.5774013885709923,1.5651941710536357
4457,4457,4457,3.4283333333333337,1.5770199130235751,1.564812695506218
4458,4458,4458,3.4300000000000015,1.5770199130235751,1.564812695506218
4459,4459,4459,3.4316666666666675,1.5770199130235751,1.564812695506218
4460,4460,4460,3.4333333333333336,1.5766384374761575,1.5644312199588006
4461,4461,4461,3.4349999999999996,1.5770199130235751,1.564812695506218
4462,4462,4462,3.4366666666666674,1.5770199130235751,1.564812695506218
4463,4463,4463,3.4383333333333326,1.5766384374761575,1.5644312199588006
4464,4464,4464,3.4400000000000004,1.5766384374761575,1.5644312199588006
4465,4465,4465,3.4416666666666673,1.5766384374761575,1.5640497444113832
4466,4466,4466,3.4433333333333325,1.5766384374761575,1.5644312199588006
4467,4467,4467,3.4450000000000003,1.5766384374761575,1.5640497444113832
4468,4468,4468,3.446666666666667,1.5766384374761575,1.5640497444113832
4469,4469,4469,3.448333333333334,1.5766384374761575,1.5640497444113832
4470,4470,4470,3.45,1.5762569619287403,1.5636682688639658
4471,4471,4471,3.451666666666667,1.5766384374761575,1.5640497444113832
4472,4472,4472,3.453333333333334,1.5762569619287403,1.5640497444113832
4473,4473,4473,3.455,1.5762569619287403,1.5640497444113832
4474,4474,4474,3.456666666666668,1.5762569619287403,1.5640497444113832
4475,4475,4475,3.458333333333334,1.5758754863813234,1.5636682688639658
4476,4476,4476,3.460000000000001,1.5762569619287403,1.5640497444113832
4477,4477,4477,3.461666666666668,1.5762569619287403,1.5636682688639658
4478,4478,4478,3.463333333333334,1.5758754863813234,1.5636682688639658
4479,4479,4479,3.4650000000000025,1.5758754863813234,1.5636682688639658
4480,4480,4480,3.4666666666666677,1.5758754863813234,1.5636682688639658
4481,4481,4481,3.4683333333333337,1.5758754863813234,1.5636682688639658
4482,4482,4482,3.4700000000000015,1.5758754863813234,1.5636682688639658
4483,4483,4483,3.4716666666666676,1.5754940108339055,1.5632867933165484
4484,4484,4484,3.4733333333333336,1.5758754863813234,1.5636682688639658
4485,4485,4485,3.4749999999999996,1.5754940108339055,1.5632867933165484
4486,4486,4486,3.4766666666666675,1.5758754863813234,1.5632867933165484
4487,4487,4487,3.4783333333333326,1.5754940108339055,1.5632867933165484
4488,4488,4488,3.4800000000000004,1.5758754863813234,1.5632867933165484
4489,4489,4489,3.4816666666666674,1.5754940108339055,1.5632867933165484
4490,4490,4490,3.4833333333333316,1.5754940108339055,1.5632867933165484
4491,4491,4491,3.4850000000000003,1.5754940108339055,1.5629053177691308
4492,4492,4492,3.4866666666666672,1.5754940108339055,1.5629053177691308
4493,4493,4493,3.488333333333334,1.5754940108339055,1.5632867933165484
4494,4494,4494,3.49,1.575112535286488,1.5629053177691308
4495,4495,4495,3.491666666666667,1.575112535286488,1.5629053177691308
4496,4496,4496,3.493333333333334,1.575112535286488,1.5629053177691308
4497,4497,4497,3.495,1.575112535286488,1.5629053177691308
4498,4498,4498,3.496666666666667,1.575112535286488,1.5629053177691308
4499,4499,4499,3.498333333333334,1.575112535286488,1.5629053177691308
4500,4500,4500,3.500000000000001,1.5747310597390711,1.5625238422217136
4501,4501,4501,3.501666666666668,1.5747310597390711,1.5629053177691308
4502,4502,4502,3.503333333333334,1.5747310597390711,1.5629053177691308
4503,4503,4503,3.505000000000001,1.5743495841916533,1.5629053177691308
4504,4504,4504,3.5066666666666677,1.5743495841916533,1.5629053177691308
4505,4505,4505,3.5083333333333337,1.5743495841916533,1.5629053177691308
4506,4506,4506,3.5100000000000025,1.5743495841916533,1.5625238422217136
4507,4507,4507,3.5116666666666676,1.5743495841916533,1.5625238422217136
4508,4508,4508,3.5133333333333336,1.5743495841916533,1.5625238422217136
4509,4509,4509,3.5150000000000015,1.5743495841916533,1.5625238422217136
4510,4510,4510,3.5166666666666675,1.5743495841916533,1.5625238422217136
4511,4511,4511,3.5183333333333326,1.5743495841916533,1.5625238422217136
4512,4512,4512,3.5199999999999996,1.5739681086442356,1.5625238422217136
4513,4513,4513,3.5216666666666674,1.5739681086442356,1.5621423666742962
4514,4514,4514,3.5233333333333308,1.5739681086442356,1.5625238422217136
4515,4515,4515,3.5250000000000004,1.5735866330968185,1.5625238422217136
4516,4516,4516,3.5266666666666673,1.5739681086442356,1.5621423666742962
4517,4517,4517,3.5283333333333324,1.5739681086442356,1.5621423666742962
4518,4518,4518,3.5300000000000002,1.5739681086442356,1.5621423666742962
4519,4519,4519,3.531666666666667,1.5739681086442356,1.5625238422217136
4520,4520,4520,3.533333333333334,1.5735866330968185,1.5621423666742962
4521,4521,4521,3.535,1.5735866330968185,1.5621423666742962
4522,4522,4522,3.536666666666667,1.5735866330968185,1.5621423666742962
4523,4523,4523,3.538333333333334,1.5735866330968185,1.5621423666742962
4524,4524,4524,3.540000000000001,1.5735866330968185,1.5617608911268788
4525,4525,4525,3.541666666666668,1.5732051575494008,1.5613794155794614
4526,4526,4526,3.543333333333334,1.5735866330968185,1.5617608911268788
4527,4527,4527,3.545000000000001,1.5732051575494008,1.5617608911268788
4528,4528,4528,3.5466666666666677,1.5735866330968185,1.5613794155794614
4529,4529,4529,3.548333333333334,1.5732051575494008,1.5617608911268788
4530,4530,4530,3.5500000000000025,1.5732051575494008,1.5613794155794614
4531,4531,4531,3.5516666666666676,1.5732051575494008,1.5617608911268788
4532,4532,4532,3.5533333333333337,1.5732051575494008,1.5613794155794614
4533,4533,4533,3.5550000000000015,1.5732051575494008,1.5613794155794614
4534,4534,4534,3.5566666666666675,1.5732051575494008,1.5613794155794614
4535,4535,4535,3.5583333333333336,1.5732051575494008,1.5613794155794614
4536,4536,4536,3.5599999999999996,1.5728236820019836,1.5613794155794614
4537,4537,4537,3.5616666666666674,1.5732051575494008,1.5613794155794614
4538,4538,4538,3.5633333333333326,1.5728236820019836,1.560997940032044
4539,4539,4539,3.5650000000000004,1.5732051575494008,1.560997940032044
4540,4540,4540,3.5666666666666673,1.5728236820019836,1.560997940032044
4541,4541,4541,3.5683333333333325,1.5728236820019836,1.560997940032044
4542,4542,4542,3.5700000000000003,1.5728236820019836,1.560997940032044
4543,4543,4543,3.571666666666667,1.5728236820019836,1.560997940032044
4544,4544,4544,3.573333333333334,1.5728236820019836,1.560997940032044
4545,4545,4545,3.575,1.5728236820019836,1.5606164644846263
4546,4546,4546,3.576666666666667,1.5724422064545662,1.560997940032044
4547,4547,4547,3.578333333333334,1.5728236820019836,1.560997940032044
4548,4548,4548,3.58,1.5724422064545662,1.5606164644846263
4549,4549,4549,3.581666666666668,1.5728236820019836,1.560997940032044
4550,4550,4550,3.583333333333334,1.5720607309071488,1.5606164644846263
4551,4551,4551,3.585000000000001,1.5724422064545662,1.5606164644846263
4552,4552,4552,3.586666666666668,1.5724422064545662,1.5606164644846263
4553,4553,4553,3.588333333333334,1.5724422064545662,1.5606164644846263
4554,4554,4554,3.5900000000000025,1.5724422064545662,1.5606164644846263
4555,4555,4555,3.5916666666666677,1.5720607309071488,1.5602349889372091
4556,4556,4556,3.5933333333333337,1.5724422064545662,1.5606164644846263
4557,4557,4557,3.5950000000000015,1.5720607309071488,1.5602349889372091
4558,4558,4558,3.5966666666666676,1.5720607309071488,1.5606164644846263
4559,4559,4559,3.5983333333333336,1.5720607309071488,1.5606164644846263
4560,4560,4560,3.5999999999999996,1.5716792553597314,1.5602349889372091
4561,4561,4561,3.6016666666666675,1.5720607309071488,1.5602349889372091
4562,4562,4562,3.6033333333333326,1.5716792553597314,1.5602349889372091
4563,4563,4563,3.6050000000000004,1.5720607309071488,1.5602349889372091
4564,4564,4564,3.6066666666666674,1.5716792553597314,1.5602349889372091
4565,4565,4565,3.6083333333333316,1.5716792553597314,1.5598535133897915
4566,4566,4566,3.6100000000000003,1.5716792553597314,1.5602349889372091
4567,4567,4567,3.6116666666666672,1.5716792553597314,1.5598535133897915
4568,4568,4568,3.613333333333334,1.5716792553597314,1.5598535133897915
4569,4569,4569,3.615,1.5716792553597314,1.5598535133897915
4570,4570,4570,3.616666666666667,1.571297779812314,1.5598535133897915
4571,4571,4571,3.618333333333334,1.571297779812314,1.5598535133897915
4572,4572,4572,3.62,1.571297779812314,1.5598535133897915
4573,4573,4573,3.621666666666667,1.571297779812314,1.5598535133897915
4574,4574,4574,3.623333333333334,1.571297779812314,1.5594720378423743
4575,4575,4575,3.625000000000001,1.5709163042648966,1.5594720378423743
4576,4576,4576,3.626666666666668,1.571297779812314,1.5594720378423743
4577,4577,4577,3.628333333333334,1.571297779812314,1.5594720378423743
4578,4578,4578,3.630000000000001,1.571297779812314,1.5594720378423743
4579,4579,4579,3.6316666666666677,1.5709163042648966,1.5594720378423743
4580,4580,4580,3.6333333333333337,1.5709163042648966,1.559090562294957
4581,4581,4581,3.6350000000000025,1.5709163042648966,1.5594720378423743
4582,4582,4582,3.6366666666666676,1.5709163042648966,1.559090562294957
4583,4583,4583,3.6383333333333336,1.5709163042648966,1.559090562294957
4584,4584,4584,3.6400000000000015,1.5709163042648966,1.559090562294957
4585,4585,4585,3.6416666666666675,1.5709163042648966,1.5587090867475395
4586,4586,4586,3.6433333333333326,1.5709163042648966,1.5587090867475395
4587,4587,4587,3.6449999999999996,1.5709163042648966,1.5587090867475395
4588,4588,4588,3.6466666666666674,1.5705348287174792,1.5587090867475395
4589,4589,4589,3.6483333333333308,1.5709163042648966,1.5587090867475395
4590,4590,4590,3.6500000000000004,1.5705348287174792,1.558327611200122
4591,4591,4591,3.6516666666666673,1.5705348287174792,1.558327611200122
4592,4592,4592,3.6533333333333324,1.5705348287174792,1.5587090867475395
4593,4593,4593,3.6550000000000002,1.5705348287174792,1.558327611200122
4594,4594,4594,3.656666666666667,1.5705348287174792,1.558327611200122
4595,4595,4595,3.658333333333334,1.5705348287174792,1.558327611200122
4596,4596,4596,3.66,1.5705348287174792,1.558327611200122
4597,4597,4597,3.661666666666667,1.5705348287174792,1.558327611200122
4598,4598,4598,3.663333333333334,1.5705348287174792,1.5579461356527051
4599,4599,4599,3.665000000000001,1.5701533531700618,1.5579461356527051
4600,4600,4600,3.666666666666668,1.5705348287174792,1.5579461356527051
4601,4601,4601,3.668333333333334,1.5701533531700618,1.5579461356527051
4602,4602,4602,3.670000000000001,1.5705348287174792,1.5579461356527051
4603,4603,4603,3.6716666666666677,1.5701533531700618,1.5579461356527051
4604,4604,4604,3.673333333333334,1.5701533531700618,1.5579461356527051
4605,4605,4605,3.6750000000000025,1.5701533531700618,1.5575646601052873
4606,4606,4606,3.6766666666666676,1.5701533531700618,1.5575646601052873
4607,4607,4607,3.6783333333333337,1.5701533531700618,1.5575646601052873
4608,4608,4608,3.6800000000000015,1.5701533531700618,1.5575646601052873
4609,4609,4609,3.6816666666666675,1.5701533531700618,1.5575646601052873
4610,4610,4610,3.6833333333333336,1.5701533531700618,1.5575646601052873
4611,4611,4611,3.6849999999999996,1.5697718776226444,1.5575646601052873
4612,4612,4612,3.6866666666666674,1.5697718776226444,1.5575646601052873
4613,4613,4613,3.6883333333333326,1.5697718776226444,1.5575646601052873
4614,4614,4614,3.6900000000000004,1.5697718776226444,1.55718318455787
4615,4615,4615,3.6916666666666673,1.5697718776226444,1.55718318455787
4616,4616,4616,3.6933333333333325,1.569390402075227,1.55718318455787
4617,4617,4617,3.6950000000000003,1.5697718776226444,1.55718318455787
4618,4618,4618,3.696666666666667,1.569390402075227,1.5568017090104525
4619,4619,4619,3.698333333333334,1.5690089265278095,1.55718318455787
4620,4620,4620,3.7,1.5690089265278095,1.5564202334630348
4621,4621,4621,3.701666666666667,1.5690089265278095,1.5568017090104525
4622,4622,4622,3.703333333333334,1.5690089265278095,1.5564202334630348
4623,4623,4623,3.705,1.5690089265278095,1.5568017090104525
4624,4624,4624,3.706666666666668,1.5690089265278095,1.5564202334630348
4625,4625,4625,3.708333333333334,1.5690089265278095,1.5564202334630348
4626,4626,4626,3.710000000000001,1.5686274509803917,1.5564202334630348
4627,4627,4627,3.711666666666668,1.5690089265278095,1.5564202334630348
4628,4628,4628,3.713333333333334,1.5686274509803917,1.5564202334630348
4629,4629,4629,3.7150000000000025,1.5686274509803917,1.5560387579156176
4630,4630,4630,3.7166666666666677,1.5686274509803917,1.5560387579156176
4631,4631,4631,3.7183333333333337,1.5686274509803917,1.5556572823682002
4632,4632,4632,3.7200000000000015,1.5686274509803917,1.5556572823682002
4633,4633,4633,3.7216666666666676,1.5686274509803917,1.5556572823682002
4634,4634,4634,3.7233333333333336,1.5686274509803917,1.5556572823682002
4635,4635,4635,3.7249999999999996,1.5682459754329747,1.5556572823682002
4636,4636,4636,3.7266666666666675,1.5686274509803917,1.5556572823682002
4637,4637,4637,3.7283333333333326,1.5682459754329747,1.5556572823682002
4638,4638,4638,3.7300000000000004,1.5682459754329747,1.5556572823682002
4639,4639,4639,3.7316666666666674,1.5682459754329747,1.5552758068207828
4640,4640,4640,3.7333333333333316,1.567864499885557,1.5552758068207828
4641,4641,4641,3.7350000000000003,1.5682459754329747,1.5552758068207828
4642,4642,4642,3.7366666666666672,1.5682459754329747,1.5552758068207828
4643,4643,4643,3.738333333333334,1.5682459754329747,1.5552758068207828
4644,4644,4644,3.74,1.567864499885557,1.5548943312733654
4645,4645,4645,3.741666666666667,1.56748302433814,1.5548943312733654
4646,4646,4646,3.743333333333334,1.567864499885557,1.5552758068207828
4647,4647,4647,3.745,1.567864499885557,1.5548943312733654
4648,4648,4648,3.746666666666667,1.567864499885557,1.5548943312733654
4649,4649,4649,3.748333333333334,1.567864499885557,1.5548943312733654
4650,4650,4650,3.750000000000001,1.567864499885557,1.5548943312733654
4651,4651,4651,3.751666666666668,1.567864499885557,1.5545128557259482
4652,4652,4652,3.753333333333334,1.567864499885557,1.5545128557259482
4653,4653,4653,3.755000000000001,1.56748302433814,1.5548943312733654
4654,4654,4654,3.7566666666666677,1.56748302433814,1.5545128557259482
4655,4655,4655,3.7583333333333337,1.56748302433814,1.5545128557259482
4656,4656,4656,3.7600000000000025,1.56748302433814,1.5545128557259482
4657,4657,4657,3.7616666666666676,1.5671015487907225,1.5545128557259482
4658,4658,4658,3.7633333333333336,1.5671015487907225,1.5545128557259482
4659,4659,4659,3.7650000000000015,1.5671015487907225,1.5545128557259482
4660,4660,4660,3.7666666666666675,1.5671015487907225,1.5541313801785306
4661,4661,4661,3.7683333333333326,1.5671015487907225,1.5541313801785306
4662,4662,4662,3.7699999999999996,1.5671015487907225,1.5541313801785306
4663,4663,4663,3.7716666666666674,1.5667200732433049,1.5537499046311132
4664,4664,4664,3.7733333333333308,1.5671015487907225,1.5541313801785306
4665,4665,4665,3.7750000000000004,1.5663385976958877,1.5537499046311132
4666,4666,4666,3.7766666666666673,1.5667200732433049,1.5537499046311132
4667,4667,4667,3.7783333333333324,1.5667200732433049,1.5537499046311132
4668,4668,4668,3.7800000000000002,1.5667200732433049,1.5537499046311132
4669,4669,4669,3.781666666666667,1.5667200732433049,1.5533684290836958
4670,4670,4670,3.783333333333334,1.5663385976958877,1.5533684290836958
4671,4671,4671,3.785,1.5663385976958877,1.5533684290836958
4672,4672,4672,3.786666666666667,1.5663385976958877,1.5533684290836958
4673,4673,4673,3.788333333333334,1.5663385976958877,1.5533684290836958
4674,4674,4674,3.790000000000001,1.5663385976958877,1.5529869535362784
4675,4675,4675,3.791666666666668,1.5659571221484705,1.5529869535362784
4676,4676,4676,3.793333333333334,1.5659571221484705,1.5529869535362784
4677,4677,4677,3.795000000000001,1.5655756466010529,1.5529869535362784
4678,4678,4678,3.7966666666666677,1.5655756466010529,1.552605477988861
4679,4679,4679,3.798333333333334,1.5655756466010529,1.5529869535362784
4680,4680,4680,3.8000000000000025,1.5655756466010529,1.552605477988861
4681,4681,4681,3.8016666666666676,1.5655756466010529,1.5529869535362784
4682,4682,4682,3.8033333333333337,1.5655756466010529,1.552605477988861
4683,4683,4683,3.8050000000000015,1.5655756466010529,1.552605477988861
4684,4684,4684,3.8066666666666675,1.5655756466010529,1.552605477988861
4685,4685,4685,3.8083333333333336,1.5651941710536357,1.5522240024414435
4686,4686,4686,3.8099999999999996,1.5651941710536357,1.552605477988861
4687,4687,4687,3.8116666666666674,1.5651941710536357,1.5522240024414435
4688,4688,4688,3.8133333333333326,1.5651941710536357,1.5522240024414435
4689,4689,4689,3.8150000000000004,1.5651941710536357,1.5522240024414435
4690,4690,4690,3.8166666666666673,1.564812695506218,1.551842526894026
4691,4691,4691,3.8183333333333325,1.5651941710536357,1.551842526894026
4692,4692,4692,3.8200000000000003,1.564812695506218,1.551842526894026
4693,4693,4693,3.821666666666667,1.564812695506218,1.551842526894026
4694,4694,4694,3.823333333333334,1.564812695506218,1.551842526894026
4695,4695,4695,3.825,1.564812695506218,1.5514610513466087
4696,4696,4696,3.826666666666667,1.564812695506218,1.551842526894026
4697,4697,4697,3.828333333333334,1.564812695506218,1.5514610513466087
4698,4698,4698,3.83,1.564812695506218,1.5514610513466087
4699,4699,4699,3.831666666666668,1.5644312199588006,1.5514610513466087
4700,4700,4700,3.833333333333334,1.5644312199588006,1.551842526894026
4701,4701,4701,3.835000000000001,1.5644312199588006,1.5514610513466087
4702,4702,4702,3.836666666666668,1.5640497444113832,1.5514610513466087
4703,4703,4703,3.838333333333334,1.5640497444113832,1.5514610513466087
4704,4704,4704,3.8400000000000025,1.5640497444113832,1.5514610513466087
4705,4705,4705,3.8416666666666677,1.5636682688639658,1.551079575799191
4706,4706,4706,3.8433333333333337,1.5636682688639658,1.551079575799191
4707,4707,4707,3.8450000000000015,1.5636682688639658,1.550698100251774
4708,4708,4708,3.8466666666666676,1.5636682688639658,1.550698100251774
4709,4709,4709,3.8483333333333336,1.5636682688639658,1.550698100251774
4710,4710,4710,3.8499999999999996,1.5632867933165484,1.5503166247043565
4711,4711,4711,3.8516666666666675,1.5636682688639658,1.550698100251774
4712,4712,4712,3.8533333333333326,1.5632867933165484,1.5503166247043565
4713,4713,4713,3.8550000000000004,1.5632867933165484,1.5503166247043565
4714,4714,4714,3.8566666666666674,1.5632867933165484,1.5503166247043565
4715,4715,4715,3.8583333333333325,1.5632867933165484,1.549935149156939
4716,4716,4716,3.8600000000000003,1.5629053177691308,1.549935149156939
4717,4717,4717,3.8616666666666672,1.5632867933165484,1.549935149156939
4718,4718,4718,3.863333333333334,1.5629053177691308,1.549935149156939
4719,4719,4719,3.865,1.5629053177691308,1.549935149156939
4720,4720,4720,3.866666666666667,1.5625238422217136,1.549935149156939
4721,4721,4721,3.868333333333334,1.5629053177691308,1.549935149156939
4722,4722,4722,3.87,1.5625238422217136,1.549935149156939
4723,4723,4723,3.871666666666667,1.5625238422217136,1.549935149156939
4724,4724,4724,3.873333333333334,1.5625238422217136,1.5495536736095217
4725,4725,4725,3.875000000000001,1.5621423666742962,1.5495536736095217
4726,4726,4726,3.876666666666668,1.5625238422217136,1.5495536736095217
4727,4727,4727,3.878333333333334,1.5621423666742962,1.5491721980621045
4728,4728,4728,3.880000000000001,1.5621423666742962,1.5491721980621045
4729,4729,4729,3.8816666666666677,1.5621423666742962,1.5491721980621045
4730,4730,4730,3.8833333333333337,1.5617608911268788,1.5491721980621045
4731,4731,4731,3.8850000000000025,1.5617608911268788,1.5491721980621045
4732,4732,4732,3.8866666666666676,1.5617608911268788,1.5491721980621045
4733,4733,4733,3.8883333333333336,1.5617608911268788,1.5491721980621045
4734,4734,4734,3.8900000000000015,1.5617608911268788,1.5491721980621045
4735,4735,4735,3.8916666666666675,1.5613794155794614,1.5487907225146869
4736,4736,4736,3.8933333333333326,1.560997940032044,1.5487907225146869
4737,4737,4737,3.8949999999999996,1.5613794155794614,1.5487907225146869
4738,4738,4738,3.8966666666666674,1.5613794155794614,1.5487907225146869
4739,4739,4739,3.8983333333333308,1.560997940032044,1.5487907225146869
4740,4740,4740,3.9000000000000004,1.560997940032044,1.5480277714198518
4741,4741,4741,3.9016666666666673,1.5606164644846263,1.5484092469672694
4742,4742,4742,3.9033333333333324,1.5606164644846263,1.5484092469672694
4743,4743,4743,3.9050000000000002,1.5606164644846263,1.5484092469672694
4744,4744,4744,3.906666666666667,1.5602349889372091,1.5480277714198518
4745,4745,4745,3.908333333333334,1.5602349889372091,1.5476462958724346
4746,4746,4746,3.91,1.5602349889372091,1.5476462958724346
4747,4747,4747,3.911666666666667,1.5602349889372091,1.5476462958724346
4748,4748,4748,3.913333333333334,1.5602349889372091,1.5476462958724346
4749,4749,4749,3.915000000000001,1.5602349889372091,1.5476462958724346
4750,4750,4750,3.916666666666668,1.5598535133897915,1.5472648203250172
4751,4751,4751,3.918333333333334,1.5598535133897915,1.5472648203250172
4752,4752,4752,3.920000000000001,1.5598535133897915,1.5476462958724346
4753,4753,4753,3.9216666666666677,1.5598535133897915,1.5472648203250172
4754,4754,4754,3.923333333333334,1.5594720378423743,1.5472648203250172
4755,4755,4755,3.9250000000000025,1.5594720378423743,1.5472648203250172
4756,4756,4756,3.9266666666666676,1.5598535133897915,1.5468833447775998
4757,4757,4757,3.9283333333333337,1.5594720378423743,1.5472648203250172
4758,4758,4758,3.9300000000000015,1.5594720378423743,1.5468833447775998
4759,4759,4759,3.9316666666666675,1.559090562294957,1.5468833447775998
4760,4760,4760,3.9333333333333336,1.559090562294957,1.5468833447775998
4761,4761,4761,3.9349999999999996,1.559090562294957,1.5468833447775998
4762,4762,4762,3.9366666666666674,1.5587090867475395,1.5465018692301824
4763,4763,4763,3.9383333333333326,1.5587090867475395,1.5465018692301824
4764,4764,4764,3.9400000000000004,1.5587090867475395,1.5465018692301824
4765,4765,4765,3.9416666666666673,1.5587090867475395,1.5465018692301824
4766,4766,4766,3.9433333333333325,1.558327611200122,1.5465018692301824
4767,4767,4767,3.9450000000000003,1.558327611200122,1.5465018692301824
4768,4768,4768,3.946666666666667,1.558327611200122,1.5461203936827648
4769,4769,4769,3.948333333333334,1.5579461356527051,1.5461203936827648
4770,4770,4770,3.95,1.5579461356527051,1.5461203936827648
4771,4771,4771,3.951666666666667,1.5579461356527051,1.5461203936827648
4772,4772,4772,3.953333333333334,1.5579461356527051,1.5461203936827648
4773,4773,4773,3.955,1.5579461356527051,1.5461203936827648
4774,4774,4774,3.956666666666668,1.5579461356527051,1.5457389181353476
4775,4775,4775,3.958333333333334,1.5575646601052873,1.5457389181353476
4776,4776,4776,3.960000000000001,1.5575646601052873,1.5453574425879302
4777,4777,4777,3.961666666666668,1.5575646601052873,1.5453574425879302
4778,4778,4778,3.963333333333334,1.5575646601052873,1.5453574425879302
4779,4779,4779,3.9650000000000025,1.55718318455787,1.5449759670405128
4780,4780,4780,3.9666666666666677,1.55718318455787,1.5449759670405128
4781,4781,4781,3.9683333333333337,1.55718318455787,1.5449759670405128
4782,4782,4782,3.9700000000000015,1.55718318455787,1.5449759670405128
4783,4783,4783,3.9716666666666676,1.5568017090104525,1.5445944914930954
4784,4784,4784,3.9733333333333336,1.5568017090104525,1.5445944914930954
4785,4785,4785,3.9749999999999996,1.5564202334630348,1.5445944914930954
4786,4786,4786,3.9766666666666675,1.5568017090104525,1.5445944914930954
4787,4787,4787,3.9783333333333326,1.5568017090104525,1.5445944914930954
4788,4788,4788,3.9800000000000004,1.5564202334630348,1.5442130159456784
4789,4789,4789,3.9816666666666674,1.5564202334630348,1.5442130159456784
4790,4790,4790,3.9833333333333325,1.5564202334630348,1.5442130159456784
4791,4791,4791,3.9850000000000003,1.5562893844469499,1.5442130159456784
4792,4792,4792,3.9866666666666672,1.5557412422328665,1.5442130159456784
4793,4793,4793,3.988333333333334,1.5551931000187822,1.5442130159456784
4794,4794,4794,3.99,1.5550264333521155,1.5442130159456784
4795,4795,4795,3.991666666666667,1.554859766685449,1.5438315403982603
4796,4796,4796,3.993333333333334,1.5543116244713646,1.5438315403982603
4797,4797,4797,3.995,1.5545264333521156,1.5438315403982603
4798,4798,4798,3.996666666666667,1.553978291138031,1.5434500648508431
4799,4799,4799,3.998333333333334,1.554193100018782,1.5434500648508431
4800,4800,4800,4.0,1.5536449578046982,1.5434500648508431
4801,4801,4801,4.001666666666667,1.5534782911380316,1.5434500648508431
4802,4802,4802,4.003333333333334,1.5533116244713647,1.5430685893034255
4803,4803,4803,4.005000000000001,1.552763482257281,1.5430685893034255
4804,4804,4804,4.006666666666668,1.552596815590614,1.5430685893034255
4805,4805,4805,4.008333333333335,1.5524301489239472,1.5426871137560083
4806,4806,4806,4.01,1.5518820067098635,1.5430685893034255
4807,4807,4807,4.011666666666667,1.552096815590614,1.5426871137560083
4808,4808,4808,4.013333333333334,1.5519301489239474,1.5426871137560083
4809,4809,4809,4.015000000000001,1.5513820067098636,1.5426871137560083
4810,4810,4810,4.0166666666666675,1.5512153400431967,1.542305638208591
4811,4811,4811,4.018333333333334,1.5506671978291124,1.542251867531458
4812,4812,4812,4.020000000000001,1.5508820067098634,1.5420852008647916
4813,4813,4813,4.021666666666668,1.5507153400431968,1.5415370586507078
4814,4814,4814,4.023333333333332,1.5501671978291127,1.5413703919840411
4815,4815,4815,4.025,1.5500005311624458,1.5408222497699566
4816,4816,4816,4.026666666666667,1.549833864495779,1.5410370586507076
4817,4817,4817,4.028333333333334,1.5496671978291126,1.5404889164366231
4818,4818,4818,4.030000000000001,1.5495005311624457,1.5403222497699565
4819,4819,4819,4.031666666666668,1.5489523889483618,1.5401555831032898
4820,4820,4820,4.033333333333333,1.5487857222816952,1.5399889164366236
4821,4821,4821,4.035,1.5486190556150286,1.5394407742225398
4822,4822,4822,4.036666666666667,1.5480709134009445,1.5392741075558731
4823,4823,4823,4.038333333333334,1.5479042467342778,1.5394889164366234
4824,4824,4824,4.040000000000001,1.5477375800676108,1.5389407742225396
4825,4825,4825,4.041666666666668,1.5471894378535267,1.5387741075558732
4826,4826,4826,4.043333333333333,1.5470227711868605,1.5386074408892063
4827,4827,4827,4.045,1.5468561045201936,1.538059298675122
4828,4828,4828,4.046666666666667,1.5466894378535267,1.5378926320084556
4829,4829,4829,4.048333333333334,1.5461412956394431,1.5377259653417887
4830,4830,4830,4.050000000000001,1.5459746289727765,1.5375592986751219
4831,4831,4831,4.051666666666668,1.5458079623061094,1.5370111564610385
4832,4832,4832,4.053333333333335,1.5456412956394432,1.5372259653417888
4833,4833,4833,4.055,1.5454746289727763,1.5366778231277052
4834,4834,4834,4.056666666666667,1.5449264867586925,1.5365111564610383
4835,4835,4835,4.058333333333334,1.5447598200920254,1.5363444897943717
4836,4836,4836,4.0600000000000005,1.5445931534253587,1.5361778231277052
4837,4837,4837,4.061666666666667,1.5444264867586919,1.5356296809136207
4838,4838,4838,4.063333333333334,1.5446412956394429,1.5358444897943715
4839,4839,4839,4.065000000000001,1.5440931534253588,1.5352963475802872
4840,4840,4840,4.066666666666666,1.5439264867586924,1.5351296809136208
4841,4841,4841,4.068333333333333,1.5437598200920255,1.534963014246954
4842,4842,4842,4.07,1.5432116778779412,1.5340333964854524
4843,4843,4843,4.071666666666667,1.5434264867586922,1.5338667298187858
4844,4844,4844,4.073333333333334,1.5428783445446084,1.5337000631521192
4845,4845,4845,4.075000000000001,1.5427116778779408,1.5335333964854525
4846,4846,4846,4.076666666666668,1.5421635356638572,1.5337482053662033
4847,4847,4847,4.078333333333333,1.5423783445446078,1.5332000631521192
4848,4848,4848,4.08,1.541830202330524,1.5326519209380352
4849,4849,4849,4.081666666666667,1.5416635356638575,1.5324852542713685
4850,4850,4850,4.083333333333334,1.5414968689971906,1.532318587604702
4851,4851,4851,4.085000000000001,1.541330202330524,1.532151920938035
4852,4852,4852,4.086666666666668,1.541163535663857,1.5319852542713683
4853,4853,4853,4.088333333333335,1.5406153934497733,1.5314371120572845
4854,4854,4854,4.09,1.5404487267831064,1.5316519209380353
4855,4855,4855,4.091666666666667,1.5402820601164398,1.531103778723951
4856,4856,4856,4.093333333333334,1.5397339179023561,1.5309371120572843
4857,4857,4857,4.095000000000001,1.5399487267831065,1.5307704453906177
4858,4858,4858,4.096666666666668,1.5394005845690226,1.5306037787239508
4859,4859,4859,4.0983333333333345,1.5396153934497732,1.5304371120572844
4860,4860,4860,4.1,1.5386857756882721,1.5298889698432003
4861,4861,4861,4.101666666666668,1.5389005845690233,1.5297223031765337
4862,4862,4862,4.103333333333332,1.538733917902356,1.5295556365098668
4863,4863,4863,4.105,1.5381857756882718,1.5293889698432004
4864,4864,4864,4.106666666666667,1.5384005845690227,1.5292223031765335
4865,4865,4865,4.108333333333334,1.5378524423549385,1.529055636509867
4866,4866,4866,4.110000000000001,1.5376857756882716,1.5285074942957828
4867,4867,4867,4.111666666666666,1.5375191090216052,1.5283408276291164
4868,4868,4868,4.113333333333333,1.5369709668075209,1.5281741609624495
4869,4869,4869,4.115,1.5368043001408545,1.5280074942957833
4870,4870,4870,4.116666666666667,1.5366376334741876,1.5278408276291162
4871,4871,4871,4.118333333333334,1.5364709668075212,1.5276741609624491
4872,4872,4872,4.120000000000001,1.5363043001408545,1.5275074942957834
4873,4873,4873,4.121666666666668,1.5361376334741874,1.5273408276291158
4874,4874,4874,4.123333333333333,1.535970966807521,1.5267926854150322
4875,4875,4875,4.125,1.5354228245934367,1.5262445432009482
4876,4876,4876,4.126666666666667,1.5352561579267705,1.5260778765342815
4877,4877,4877,4.128333333333334,1.535470966807521,1.5259112098676146
4878,4878,4878,4.130000000000001,1.5349228245934368,1.5257445432009482
4879,4879,4879,4.131666666666668,1.53475615792677,1.5255778765342811
4880,4880,4880,4.133333333333335,1.5342080157126865,1.5254112098676145
4881,4881,4881,4.135,1.5344228245934368,1.5252445432009483
4882,4882,4882,4.136666666666667,1.533874682379353,1.524696400986864
4883,4883,4883,4.138333333333334,1.5340894912601035,1.5245297343201971
4884,4884,4884,4.140000000000001,1.5335413490460197,1.5243630676535305
4885,4885,4885,4.1416666666666675,1.533374682379353,1.524196400986864
4886,4886,4886,4.143333333333334,1.5332080157126864,1.5240297343201972
4887,4887,4887,4.145000000000001,1.5330413490460195,1.5234815921061131
4888,4888,4888,4.146666666666668,1.5324932068319357,1.5233149254394465
4889,4889,4889,4.148333333333332,1.5327080157126869,1.52314825877278
4890,4890,4890,4.15,1.5321598734986022,1.522600116558696
4891,4891,4891,4.151666666666667,1.5319932068319355,1.5224334498920291
4892,4892,4892,4.153333333333334,1.5318265401652686,1.522266783225363
4893,4893,4893,4.155000000000001,1.531659873498602,1.522100116558696
4894,4894,4894,4.156666666666668,1.5314932068319351,1.5219334498920292
4895,4895,4895,4.158333333333333,1.5309450646178515,1.5217667832253627
4896,4896,4896,4.16,1.5307783979511846,1.521600116558696
4897,4897,4897,4.161666666666667,1.5306117312845182,1.5214334498920294
4898,4898,4898,4.163333333333334,1.5304450646178511,1.5212667832253626
4899,4899,4899,4.165000000000001,1.5302783979511847,1.521100116558696
4900,4900,4900,4.166666666666668,1.5297302557371004,1.5205519743446116
4901,4901,4901,4.168333333333333,1.5299450646178514,1.5207667832253629
4902,4902,4902,4.17,1.5293969224037671,1.5202186410112783
4903,4903,4903,4.171666666666667,1.5296117312845179,1.5200519743446117
4904,4904,4904,4.173333333333334,1.5294450646178517,1.5198853076779453
4905,4905,4905,4.175000000000001,1.5288969224037672,1.5193371654638608
4906,4906,4906,4.176666666666668,1.5287302557371003,1.5195519743446115
4907,4907,4907,4.178333333333335,1.5285635890704337,1.519385307677945
4908,4908,4908,4.18,1.5283969224037672,1.5188371654638608
4909,4909,4909,4.181666666666667,1.5278487801896832,1.5186704987971942
4910,4910,4910,4.183333333333334,1.5276821135230163,1.5185038321305275
4911,4911,4911,4.1850000000000005,1.52751544685635,1.5183371654638609
4912,4912,4912,4.186666666666667,1.5273487801896832,1.5181704987971942
4913,4913,4913,4.188333333333334,1.5268006379755992,1.5180038321305274
4914,4914,4914,4.190000000000001,1.5270154468563495,1.5174556899164435
4915,4915,4915,4.191666666666666,1.526467304642266,1.5172890232497769
4916,4916,4916,4.193333333333333,1.5263006379755992,1.5171223565831102
4917,4917,4917,4.195,1.5261339713089326,1.5165742143690262
4918,4918,4918,4.196666666666667,1.5259673046422657,1.5164075477023595
4919,4919,4919,4.198333333333334,1.5258006379755993,1.5162408810356929
4920,4920,4920,4.200000000000001,1.525252495761515,1.5156927388216088
4921,4921,4921,4.201666666666668,1.525085829094848,1.5155260721549424
4922,4922,4922,4.203333333333333,1.5249191624281817,1.5153594054882755
4923,4923,4923,4.205,1.5247524957615153,1.515192738821609
4924,4924,4924,4.206666666666667,1.5245858290948484,1.5150260721549422
4925,4925,4925,4.208333333333334,1.5244191624281818,1.5144779299408582
4926,4926,4926,4.210000000000001,1.5242524957615151,1.5143112632741915
4927,4927,4927,4.211666666666668,1.5237043535474308,1.5145260721549425
4928,4928,4928,4.213333333333335,1.5239191624281818,1.5139779299408578
4929,4929,4929,4.215,1.523752495761515,1.5138112632741914
4930,4930,4930,4.216666666666667,1.5232043535474311,1.5136445966075252
4931,4931,4931,4.218333333333334,1.5230376868807642,1.5134779299408583
4932,4932,4932,4.220000000000001,1.5228710202140976,1.5133112632741912
4933,4933,4933,4.221666666666668,1.522704353547431,1.5127631210601074
4934,4934,4934,4.2233333333333345,1.5225376868807643,1.5125964543934407
4935,4935,4935,4.225,1.5219895446666802,1.5124297877267743
4936,4936,4936,4.226666666666668,1.5218228780000134,1.5122631210601076
4937,4937,4937,4.228333333333332,1.521656211333347,1.5120964543934408
4938,4938,4938,4.23,1.5214895446666798,1.5119297877267743
4939,4939,4939,4.231666666666667,1.5213228780000132,1.5117631210601077
4940,4940,4940,4.233333333333334,1.5207747357859294,1.5112149788460232
4941,4941,4941,4.235000000000001,1.52098954466668,1.5114297877267742
4942,4942,4942,4.236666666666666,1.5204414024525963,1.5112631210601075
4943,4943,4943,4.238333333333333,1.5202747357859296,1.5107149788460232
4944,4944,4944,4.24,1.5201080691192628,1.5105483121793566
4945,4945,4945,4.241666666666667,1.5199414024525963,1.51038164551269
4946,4946,4946,4.243333333333334,1.5197747357859297,1.5102149788460233
4947,4947,4947,4.245000000000001,1.5196080691192628,1.5096668366319392
4948,4948,4948,4.246666666666668,1.5190599269051788,1.5098816455126898
4949,4949,4949,4.248333333333333,1.5192747357859295,1.5093335032986062
4950,4950,4950,4.25,1.5187265935718457,1.5091668366319393
4951,4951,4951,4.251666666666667,1.5185599269051788,1.5090001699652726
4952,4952,4952,4.253333333333334,1.5183932602385122,1.508833503298606
4953,4953,4953,4.255000000000001,1.5178451180244281,1.5086668366319391
4954,4954,4954,4.256666666666668,1.5176784513577617,1.5085001699652727
4955,4955,4955,4.258333333333335,1.5175117846910946,1.5079520277511884
4956,4956,4956,4.26,1.5169636424770108,1.5081668366319394
4957,4957,4957,4.261666666666667,1.516796975810344,1.5076186944178551
4958,4958,4958,4.263333333333334,1.5166303091436772,1.5074520277511885
4959,4959,4959,4.265000000000001,1.5164636424770106,1.5072853610845218
4960,4960,4960,4.2666666666666675,1.516296975810344,1.5067372188704375
4961,4961,4961,4.268333333333334,1.5161303091436773,1.5069520277511883
4962,4962,4962,4.270000000000001,1.5159636424770104,1.5067853610845217
4963,4963,4963,4.271666666666668,1.515796975810344,1.5066186944178552
4964,4964,4964,4.273333333333332,1.5156303091436774,1.506070552203771
4965,4965,4965,4.275,1.5150821669295935,1.5059038855371043
4966,4966,4966,4.276666666666667,1.5152969758103438,1.5057372188704377
4967,4967,4967,4.278333333333334,1.5147488335962602,1.5055705522037708
4968,4968,4968,4.280000000000001,1.5145821669295936,1.5050224099896865
4969,4969,4969,4.281666666666668,1.5144155002629267,1.50485574332302
4970,4970,4970,4.283333333333333,1.5142488335962605,1.5046890766563534
4971,4971,4971,4.285,1.514082166929594,1.5049038855371042
4972,4972,4972,4.286666666666667,1.5139155002629268,1.5043557433230201
4973,4973,4973,4.288333333333334,1.5137488335962603,1.5041890766563537
4974,4974,4974,4.290000000000001,1.5132006913821756,1.5036409344422696
4975,4975,4975,4.291666666666668,1.5130340247155092,1.5030927922281854
4976,4976,4976,4.293333333333333,1.5128673580488423,1.502926125561519
4977,4977,4977,4.295,1.5127006913821757,1.5031409344422697
4978,4978,4978,4.296666666666667,1.5125340247155088,1.5025927922281856
4979,4979,4979,4.298333333333334,1.5119858825014252,1.5024261255615188
4980,4980,4980,4.300000000000001,1.5118192158347583,1.502259458894852
4981,4981,4981,4.301666666666668,1.5120340247155089,1.5020927922281857
4982,4982,4982,4.303333333333335,1.5114858825014252,1.5019261255615186
4983,4983,4983,4.305,1.5113192158347584,1.5017594588948522
4984,4984,4984,4.306666666666667,1.5111525491680917,1.5012113166807681
4985,4985,4985,4.308333333333334,1.5106044069540077,1.5010446500141017
4986,4986,4986,4.3100000000000005,1.5108192158347582,1.5008779833474346
4987,4987,4987,4.311666666666667,1.5106525491680918,1.5007113166807682
4988,4988,4988,4.313333333333334,1.5101044069540075,1.500544650014101
4989,4989,4989,4.315000000000001,1.5099377402873406,1.5007594588948518
4990,4990,4990,4.316666666666666,1.509389598073257,1.5002113166807682
4991,4991,4991,4.318333333333333,1.5092229314065904,1.5000446500141014
4992,4992,4992,4.32,1.5090562647399235,1.4998779833474347
4993,4993,4993,4.321666666666667,1.509271073620674,1.4997113166807678
4994,4994,4994,4.323333333333334,1.5087229314065902,1.4995446500141014
4995,4995,4995,4.325000000000001,1.5081747891925057,1.4989965078000171
4996,4996,4996,4.326666666666668,1.508389598073257,1.4988298411333505
4997,4997,4997,4.328333333333333,1.5082229314065905,1.4986631744666838
4998,4998,4998,4.33,1.5076747891925057,1.4984965078000174
4999,4999,4999,4.331666666666667,1.507508122525839,1.4983298411333503
5000,5000,5000,4.333333333333334,1.5073414558591725,1.4977816989192665
5001,5001,5001,4.335000000000001,1.5067933136450886,1.4976150322525998
5002,5002,5002,4.336666666666668,1.5066266469784222,1.4974483655859332
5003,5003,5003,4.338333333333335,1.506459980311755,1.4972816989192663
5004,5004,5004,4.34,1.506293313645089,1.4971150322526001
5005,5005,5005,4.341666666666667,1.5061266469784218,1.4969483655859332
5006,5006,5006,4.343333333333334,1.5059599803117554,1.4964002233718492
5007,5007,5007,4.345000000000001,1.5057933136450887,1.4966150322526002
5008,5008,5008,4.346666666666668,1.5056266469784219,1.4960668900385157
5009,5009,5009,4.3483333333333345,1.5054599803117554,1.495900223371849
5010,5010,5010,4.350000000000001,1.5049118380976712,1.4957335567051824
5011,5011,5011,4.351666666666668,1.5047451714310045,1.495566890038516
5012,5012,5012,4.353333333333332,1.504578504764338,1.4950187478244317
5013,5013,5013,4.355,1.5044118380976712,1.4948520811577648
5014,5014,5014,4.356666666666667,1.5042451714310046,1.4946854144910984
5015,5015,5015,4.358333333333334,1.5040785047643377,1.4945187478244315
5016,5016,5016,4.360000000000001,1.503911838097671,1.4943520811577649
5017,5017,5017,4.361666666666666,1.5037451714310044,1.4941854144910984
5018,5018,5018,4.363333333333333,1.503197029216921,1.4940187478244318
5019,5019,5019,4.365,1.503030362550254,1.4934706056103475
5020,5020,5020,4.366666666666667,1.5028636958835877,1.4933039389436809
5021,5021,5021,4.368333333333334,1.5026970292169208,1.4931372722770142
5022,5022,5022,4.370000000000001,1.5025303625502542,1.4929706056103476
5023,5023,5023,4.371666666666668,1.5023636958835875,1.4924224633962635
5024,5024,5024,4.373333333333333,1.5018155536695033,1.4926372722770145
5025,5025,5025,4.375,1.5016488870028364,1.4920891300629302
5026,5026,5026,4.376666666666667,1.50148222033617,1.4919224633962636
5027,5027,5027,4.378333333333334,1.500934078122086,1.491755796729597
5028,5028,5028,4.380000000000001,1.5011488870028369,1.49158913006293
5029,5029,5029,4.381666666666668,1.5009822203361698,1.4914224633962636
5030,5030,5030,4.383333333333335,1.500434078122086,1.4912557967295967
5031,5031,5031,4.385,1.5002674114554195,1.4910891300629303
5032,5032,5032,4.386666666666667,1.5001007447887529,1.490540987848846
5033,5033,5033,4.388333333333334,1.4999340781220862,1.4903743211821792
5034,5034,5034,4.390000000000001,1.4997674114554194,1.4902076545155127
5035,5035,5035,4.3916666666666675,1.499219269241335,1.490040987848846
5036,5036,5036,4.393333333333334,1.4994340781220858,1.4898743211821792
5037,5037,5037,4.395000000000001,1.4988859359080016,1.4897076545155126
5038,5038,5038,4.396666666666668,1.4987192692413351,1.4891595123014287
5039,5039,5039,4.398333333333332,1.4985526025746685,1.488992845634762
5040,5040,5040,4.4,1.4983859359080016,1.4888261789680952
5041,5041,5041,4.401666666666667,1.4982192692413352,1.4886595123014286
5042,5042,5042,4.403333333333334,1.4976711270272511,1.4884928456347617
5043,5043,5043,4.405000000000001,1.4971229848131666,1.4883261789680948
5044,5044,5044,4.406666666666668,1.4973377936939176,1.4881595123014284
5045,5045,5045,4.408333333333333,1.4971711270272512,1.4876113700873446
5046,5046,5046,4.41,1.496622984813167,1.487444703420678
5047,5047,5047,4.411666666666667,1.4964563181465005,1.4872780367540113
5048,5048,5048,4.413333333333334,1.4962896514798336,1.4871113700873446
5049,5049,5049,4.415000000000001,1.4961229848131667,1.486944703420678
5050,5050,5050,4.416666666666668,1.495574842599083,1.486778036754011
5051,5051,5051,4.418333333333333,1.4957896514798337,1.486611370087345
5052,5052,5052,4.42,1.4952415092657496,1.486444703420678
5053,5053,5053,4.421666666666667,1.4950748425990827,1.4858965612065935
5054,5054,5054,4.423333333333334,1.494908175932416,1.4857298945399267
5055,5055,5055,4.425000000000001,1.4947415092657494,1.4855632278732602
5056,5056,5056,4.426666666666668,1.4945748425990828,1.4853965612065936
5057,5057,5057,4.428333333333335,1.494408175932416,1.4848484189925095
5058,5058,5058,4.43,1.4938600337183323,1.4850632278732605
5059,5059,5059,4.431666666666667,1.4936933670516654,1.484515085659177
5060,5060,5060,4.433333333333334,1.4935267003849988,1.4843484189925098
5061,5061,5061,4.4350000000000005,1.493360033718332,1.4841817523258432
5062,5062,5062,4.436666666666667,1.4931933670516653,1.4840150856591765
5063,5063,5063,4.438333333333334,1.4930267003849986,1.483466943445093
5064,5064,5064,4.440000000000001,1.4928600337183318,1.4833002767784258
5065,5065,5065,4.441666666666666,1.492311891504248,1.4831336101117594
5066,5066,5066,4.443333333333333,1.4921452248375813,1.4829669434450927
5067,5067,5067,4.445,1.4923600337183325,1.4824188012310089
5068,5068,5068,4.446666666666667,1.491811891504248,1.4826336101117592
5069,5069,5069,4.448333333333334,1.491645224837581,1.4820854678976754
5070,5070,5070,4.450000000000001,1.4910970826234973,1.4819188012310085
5071,5071,5071,4.451666666666668,1.4913118915042478,1.4817521345643418
5072,5072,5072,4.453333333333333,1.4911452248375814,1.4812039923502571
5073,5073,5073,4.455,1.4905970826234969,1.4814188012310088
5074,5074,5074,4.456666666666667,1.490430415956831,1.481252134564342
5075,5075,5075,4.458333333333334,1.4898822737427464,1.4807039923502574
5076,5076,5076,4.460000000000001,1.4900970826234974,1.4805373256835908
5077,5077,5077,4.461666666666668,1.4895489404094129,1.4807521345643415
5078,5078,5078,4.463333333333335,1.4893822737427465,1.4802039923502577
5079,5079,5079,4.465,1.4892156070760798,1.4800373256835908
5080,5080,5080,4.466666666666667,1.488667464861996,1.4798706590169242
5081,5081,5081,4.468333333333334,1.488500798195329,1.4797039923502573
5082,5082,5082,4.470000000000001,1.4883341315286622,1.4795373256835909
5083,5083,5083,4.471666666666668,1.4881674648619958,1.4789891834695068
5084,5084,5084,4.4733333333333345,1.488000798195329,1.4788225168028402
5085,5085,5085,4.475000000000001,1.4878341315286625,1.478274374588756
5086,5086,5086,4.476666666666668,1.4872859893145784,1.4784891834695073
5087,5087,5087,4.478333333333332,1.4875007981953292,1.4783225168028404
5088,5088,5088,4.48,1.4873341315286623,1.4781558501361736
5089,5089,5089,4.481666666666667,1.4867859893145785,1.4779891834695071
5090,5090,5090,4.483333333333334,1.4862378471004942,1.4774410412554229
5091,5091,5091,4.485000000000001,1.4864526559812448,1.477274374588756
5092,5092,5092,4.486666666666666,1.4862859893145783,1.4771077079220896
5093,5093,5093,4.488333333333333,1.4857378471004945,1.4769410412554227
5094,5094,5094,4.49,1.485952655981245,1.4767743745887565
5095,5095,5095,4.491666666666667,1.4854045137671608,1.4762262323746724
5096,5096,5096,4.493333333333334,1.4856193226479115,1.4760595657080056
5097,5097,5097,4.495000000000001,1.4850711804338277,1.4762743745887559
5098,5098,5098,4.496666666666668,1.4849045137671608,1.4757262323746725
5099,5099,5099,4.498333333333333,1.4847378471004944,1.4755595657080058
5100,5100,5100,4.5,1.4841897048864106,1.4750114234939211
5101,5101,5101,4.501666666666667,1.4840230382197444,1.4752262323746723
5102,5102,5102,4.503333333333334,1.4838563715530768,1.4750595657080057
5103,5103,5103,4.505000000000001,1.4836897048864104,1.4748928990413388
5104,5104,5104,4.506666666666668,1.4835230382197435,1.4743447568272543
5105,5105,5105,4.508333333333335,1.4829748960056597,1.4741780901605877
5106,5106,5106,4.51,1.4831897048864104,1.4736299479465038
5107,5107,5107,4.511666666666667,1.4826415626723262,1.4738447568272544
5108,5108,5108,4.513333333333334,1.4824748960056595,1.4732966146131703
5109,5109,5109,4.515000000000001,1.4823082293389929,1.4731299479465036
5110,5110,5110,4.5166666666666675,1.4817600871249086,1.4725818057324196
5111,5111,5111,4.518333333333334,1.4819748960056591,1.4727966146131704
5112,5112,5112,4.520000000000001,1.4818082293389927,1.4726299479465037
5113,5113,5113,4.521666666666668,1.4816415626723265,1.4720818057324196
5114,5114,5114,4.523333333333332,1.481093420458242,1.4719151390657532
5115,5115,5115,4.525,1.4809267537915751,1.4717484723990863
5116,5116,5116,4.526666666666667,1.4807600871249085,1.4715818057324197
5117,5117,5117,4.528333333333334,1.4805934204582418,1.4714151390657528
5118,5118,5118,4.530000000000001,1.4804267537915752,1.4712484723990862
5119,5119,5119,4.531666666666668,1.4798786115774911,1.4710818057324195
5120,5120,5120,4.533333333333333,1.4797119449108247,1.470533663518336
5121,5121,5121,4.535,1.4795452782441578,1.470366996851669
5122,5122,5122,4.536666666666667,1.4793786115774914,1.4702003301850024
5123,5123,5123,4.538333333333334,1.4788304693634071,1.4700336635183358
5124,5124,5124,4.540000000000001,1.4786638026967407,1.4698669968516689
5125,5125,5125,4.541666666666668,1.4784971360300738,1.4697003301850025
5126,5126,5126,4.543333333333333,1.4783304693634074,1.4691521879709182
5127,5127,5127,4.545,1.4781638026967403,1.4693669968516692
5128,5128,5128,4.546666666666667,1.4776156604826567,1.4688188546375849
5129,5129,5129,4.548333333333334,1.4778304693634072,1.468652187970918
5130,5130,5130,4.550000000000001,1.4772823271493234,1.4684855213042516
5131,5131,5131,4.551666666666668,1.4771156604826563,1.4683188546375847
5132,5132,5132,4.553333333333335,1.47694899381599,1.4681521879709178
5133,5133,5133,4.555,1.4767823271493234,1.4679855213042514
5134,5134,5134,4.556666666666667,1.4762341849352392,1.467818854637585
5135,5135,5135,4.558333333333334,1.4760675182685723,1.467652187970918
5136,5136,5136,4.5600000000000005,1.4762823271493235,1.4671040457568338
5137,5137,5137,4.561666666666667,1.4757341849352392,1.4669373790901674
5138,5138,5138,4.563333333333334,1.4755675182685724,1.4667707124235003
5139,5139,5139,4.565000000000001,1.4754008516019057,1.4669855213042515
5140,5140,5140,4.566666666666666,1.475234184935239,1.4664373790901672
5141,5141,5141,4.568333333333333,1.4746860427211552,1.4662707124235008
5142,5142,5142,4.57,1.4749008516019058,1.466104045756834
5143,5143,5143,4.571666666666667,1.474352709387822,1.46555590354275
5144,5144,5144,4.573333333333334,1.474186042721155,1.4653892368760832
5145,5145,5145,4.575000000000001,1.4740193760544886,1.4652225702094166
5146,5146,5146,4.576666666666668,1.4738527093878218,1.46505590354275
5147,5147,5147,4.578333333333333,1.473686042721155,1.4648892368760835
5148,5148,5148,4.58,1.4735193760544885,1.4647225702094169
5149,5149,5149,4.581666666666667,1.4729712338404042,1.4641744279953326
5150,5150,5150,4.583333333333334,1.4728045671737375,1.464007761328666
5151,5151,5151,4.585000000000001,1.4730193760544883,1.463841094661999
5152,5152,5152,4.586666666666668,1.4724712338404042,1.4636744279953324
5153,5153,5153,4.588333333333335,1.4723045671737376,1.4635077613286658
5154,5154,5154,4.59,1.4717564249596538,1.4629596191145815
5155,5155,5155,4.591666666666667,1.4719712338404043,1.462792952447915
5156,5156,5156,4.593333333333334,1.4718045671737376,1.4630077613286658
5157,5157,5157,4.595000000000001,1.471637900507071,1.4624596191145816
5158,5158,5158,4.596666666666668,1.4710897582929872,1.4622929524479151
5159,5159,5159,4.5983333333333345,1.4709230916263203,1.461744810233831
5160,5160,5160,4.600000000000001,1.4707564249596536,1.4615781435671642
5161,5161,5161,4.601666666666668,1.4705897582929868,1.4614114769004978
5162,5162,5162,4.603333333333332,1.4704230916263206,1.4612448102338311
5163,5163,5163,4.605,1.4702564249596537,1.4610781435671645
5164,5164,5164,4.606666666666667,1.4700897582929868,1.4609114769004976
5165,5165,5165,4.608333333333334,1.4695416160789028,1.460363334686413
5166,5166,5166,4.610000000000001,1.469374949412236,1.460196668019747
5167,5167,5167,4.611666666666666,1.4692082827455697,1.4600300013530805
5168,5168,5168,4.613333333333333,1.4690416160789028,1.4598633346864134
5169,5169,5169,4.615,1.4684934738648188,1.4596966680197467
5170,5170,5170,4.616666666666667,1.468326807198152,1.4591485258056631
5171,5171,5171,4.618333333333334,1.4681601405314852,1.4593633346864134
5172,5172,5172,4.620000000000001,1.4679934738648188,1.4591966680197466
5173,5173,5173,4.621666666666668,1.467826807198152,1.45903000135308
5174,5174,5174,4.623333333333333,1.4676601405314855,1.4588633346864135
5175,5175,5175,4.625,1.4671119983174012,1.4583151924723297
5176,5176,5176,4.626666666666667,1.4673268071981522,1.4581485258056632
5177,5177,5177,4.628333333333334,1.4671601405314854,1.457981859138996
5178,5178,5178,4.630000000000001,1.4666119983174009,1.4578151924723295
5179,5179,5179,4.631666666666668,1.4668268071981518,1.4576485258056628
5180,5180,5180,4.633333333333335,1.4662786649840678,1.4574818591389958
5181,5181,5181,4.635,1.4661119983174011,1.4573151924723295
5182,5182,5182,4.636666666666667,1.4659453316507345,1.4571485258056631
5183,5183,5183,4.638333333333334,1.4653971894366506,1.4569818591389962
5184,5184,5184,4.640000000000001,1.4656119983174012,1.4568151924723294
5185,5185,5185,4.6416666666666675,1.4650638561033174,1.4562670502582455
5186,5186,5186,4.643333333333334,1.4648971894366505,1.4564818591389956
5187,5187,5187,4.645000000000001,1.4647305227699836,1.4559337169249122
5188,5188,5188,4.646666666666668,1.4645638561033172,1.4557670502582456
5189,5189,5189,4.648333333333332,1.4643971894366503,1.4556003835915792
5190,5190,5190,4.65,1.464230522769984,1.455052241377495
5191,5191,5191,4.651666666666667,1.4640638561033172,1.4552670502582457
5192,5192,5192,4.653333333333334,1.4638971894366506,1.4551003835915788
5193,5193,5193,4.655000000000001,1.4633490472225663,1.4549337169249117
5194,5194,5194,4.656666666666668,1.4631823805559,1.4547670502582457
5195,5195,5195,4.658333333333333,1.4630157138892332,1.4546003835915793
5196,5196,5196,4.66,1.463230522769984,1.4540522413774948
5197,5197,5197,4.661666666666667,1.4626823805558995,1.454267050258245
5198,5198,5198,4.663333333333334,1.462515713889233,1.4541003835915791
5199,5199,5199,4.665000000000001,1.4627305227699838,1.4535522413774946
5200,5200,5200,4.666666666666668,1.4621823805558998,1.4533855747108282
5201,5201,5201,4.668333333333333,1.4620157138892331,1.453218908044161
5202,5202,5202,4.67,1.4618490472225667,1.4530522413774953
5203,5203,5203,4.671666666666667,1.4616823805558998,1.4532670502582454
5204,5204,5204,4.673333333333334,1.4611342383418158,1.4527189080441616
5205,5205,5205,4.675000000000001,1.4609675716751491,1.4525522413774947
5206,5206,5206,4.676666666666668,1.4611823805558997,1.452385574710828
5207,5207,5207,4.678333333333335,1.4606342383418156,1.4522189080441614
5208,5208,5208,4.68,1.4604675716751492,1.4520522413774952
5209,5209,5209,4.681666666666667,1.4603009050084823,1.451885574710828
5210,5210,5210,4.683333333333334,1.4601342383418157,1.4517189080441617
5211,5211,5211,4.6850000000000005,1.4599675716751492,1.4515522413774948
5212,5212,5212,4.686666666666667,1.4598009050084824,1.451385574710828
5213,5213,5213,4.688333333333334,1.4596342383418155,1.451218908044161
5214,5214,5214,4.690000000000001,1.4594675716751493,1.451052241377495
5215,5215,5215,4.691666666666666,1.458919429461065,1.4508855747108282
5216,5216,5216,4.693333333333333,1.4591342383418158,1.4507189080441614
5217,5217,5217,4.695,1.4585860961277315,1.4505522413774947
5218,5218,5218,4.696666666666667,1.4584194294610648,1.450385574710828
5219,5219,5219,4.698333333333334,1.4582527627943982,1.4502189080441614
5220,5220,5220,4.700000000000001,1.4577046205803144,1.4500522413774948
5221,5221,5221,4.701666666666668,1.457919429461065,1.4498855747108281
5222,5222,5222,4.703333333333333,1.4577527627943985,1.4497189080441617
5223,5223,5223,4.705,1.4575860961277316,1.4499337169249122
5224,5224,5224,4.706666666666667,1.4570379539136475,1.4493855747108282
5225,5225,5225,4.708333333333334,1.456871287246981,1.449218908044161
5226,5226,5226,4.710000000000001,1.456704620580314,1.4494337169249116
5227,5227,5227,4.711666666666668,1.4565379539136476,1.448885574710828
5228,5228,5228,4.713333333333335,1.4563712872469807,1.4487189080441614
5229,5229,5229,4.715,1.455823145032897,1.4485522413774947
5230,5230,5230,4.716666666666667,1.4556564783662302,1.448385574710828
5231,5231,5231,4.718333333333334,1.455871287246981,1.4482189080441614
5232,5232,5232,4.720000000000001,1.4553231450328967,1.4480522413774948
5233,5233,5233,4.721666666666668,1.4551564783662303,1.447885574710828
5234,5234,5234,4.7233333333333345,1.4549898116995634,1.4481003835915789
5235,5235,5235,4.725000000000001,1.4548231450328966,1.4475522413774948
5236,5236,5236,4.726666666666668,1.45465647836623,1.4477670502582456
5237,5237,5237,4.728333333333332,1.4541083361521459,1.4476003835915792
5238,5238,5238,4.73,1.4543231450328968,1.4474337169249116
5239,5239,5239,4.731666666666667,1.4537750028188128,1.4472670502582456
5240,5240,5240,4.733333333333334,1.453608336152146,1.4471003835915788
5241,5241,5241,4.735000000000001,1.4534416694854793,1.4469337169249117
5242,5242,5242,4.736666666666666,1.4532750028188128,1.4467670502582457
5243,5243,5243,4.738333333333333,1.453108336152146,1.4466003835915793
5244,5244,5244,4.74,1.4529416694854795,1.4464337169249122
5245,5245,5245,4.741666666666667,1.4527750028188129,1.446267050258245
5246,5246,5246,4.743333333333334,1.4526083361521458,1.4461003835915789
5247,5247,5247,4.745000000000001,1.4524416694854794,1.4459337169249118
5248,5248,5248,4.746666666666668,1.451893527271395,1.4461485258056632
5249,5249,5249,4.748333333333333,1.4521083361521459,1.445981859138996
5250,5250,5250,4.75,1.4519416694854796,1.4454337169249123
5251,5251,5251,4.751666666666667,1.4517750028188128,1.4452670502582454
5252,5252,5252,4.753333333333334,1.451608336152146,1.4454818591389964
5253,5253,5253,4.755000000000001,1.4510601939380618,1.4453151924723295
5254,5254,5254,4.756666666666668,1.4512750028188126,1.4451485258056629
5255,5255,5255,4.758333333333335,1.4507268606047286,1.4449818591389962
5256,5256,5256,4.76,1.450560193938062,1.4448151924723298
5257,5257,5257,4.761666666666667,1.4503935272713957,1.44503000135308
5258,5258,5258,4.763333333333334,1.4498453850573112,1.4448633346864137
5259,5259,5259,4.765000000000001,1.4500601939380622,1.4443151924723296
5260,5260,5260,4.7666666666666675,1.449512051723978,1.4441485258056628
5261,5261,5261,4.768333333333334,1.4497268606047289,1.444363334686413
5262,5262,5262,4.770000000000001,1.4495601939380618,1.4441966680197469
5263,5263,5263,4.771666666666668,1.449012051723978,1.44403000135308
5264,5264,5264,4.773333333333332,1.4492268606047287,1.4438633346864136
5265,5265,5265,4.775,1.4486787183906449,1.4436966680197467
5266,5266,5266,4.776666666666667,1.448512051723978,1.44353000135308
5267,5267,5267,4.778333333333334,1.4487268606047286,1.4433633346864134
5268,5268,5268,4.780000000000001,1.4481787183906447,1.4431966680197468
5269,5269,5269,4.781666666666668,1.4480120517239778,1.44303000135308
5270,5270,5270,4.783333333333333,1.4478453850573114,1.443244810233831
5271,5271,5271,4.785,1.4476787183906443,1.4430781435671645
5272,5272,5272,4.786666666666667,1.447512051723978,1.4429114769004978
5273,5273,5273,4.788333333333334,1.4473453850573113,1.4427448102338312
5274,5274,5274,4.790000000000001,1.4471787183906446,1.4429596191145817
5275,5275,5275,4.791666666666668,1.447012051723978,1.4424114769004976
5276,5276,5276,4.793333333333335,1.446845385057311,1.4426262857812482
5277,5277,5277,4.795,1.4462972428432268,1.4424596191145818
5278,5278,5278,4.796666666666667,1.446512051723978,1.4422929524479149
5279,5279,5279,4.798333333333334,1.4463453850573114,1.4421262857812482
5280,5280,5280,4.800000000000001,1.4461787183906445,1.4419596191145816
5281,5281,5281,4.801666666666668,1.4460120517239778,1.4421744279953326
5282,5282,5282,4.803333333333336,1.4458453850573112,1.4420077613286657
5283,5283,5283,4.805,1.4456787183906448,1.442222570209417
5284,5284,5284,4.806666666666667,1.445512051723978,1.4416744279953326
5285,5285,5285,4.808333333333334,1.4453453850573112,1.441507761328666
5286,5286,5286,4.8100000000000005,1.4451787183906446,1.4417225702094163
5287,5287,5287,4.811666666666667,1.445012051723978,1.4415559035427499
5288,5288,5288,4.813333333333334,1.4448453850573113,1.4410077613286658
5289,5289,5289,4.815000000000003,1.4446787183906444,1.4412225702094164
5290,5290,5290,4.816666666666666,1.4441305761765606,1.44105590354275
5291,5291,5291,4.818333333333333,1.4443453850573111,1.4408892368760835
5292,5292,5292,4.82,1.4441787183906447,1.4407225702094166
5293,5293,5293,4.821666666666667,1.4440120517239778,1.4405559035427498
5294,5294,5294,4.823333333333334,1.4438453850573112,1.4407707124235007
5295,5295,5295,4.825000000000003,1.4436787183906443,1.440604045756834
5296,5296,5296,4.826666666666668,1.443512051723978,1.4404373790901674
5297,5297,5297,4.828333333333333,1.4433453850573112,1.4402707124235006
5298,5298,5298,4.83,1.4431787183906448,1.4401040457568342
5299,5299,5299,4.831666666666667,1.443012051723978,1.4399373790901673
5300,5300,5300,4.833333333333334,1.4428453850573113,1.4397707124235009
5301,5301,5301,4.835000000000001,1.4426787183906449,1.4396040457568338
5302,5302,5302,4.836666666666668,1.4425120517239778,1.4394373790901671
5303,5303,5303,4.8383333333333365,1.4423453850573111,1.439270712423501
5304,5304,5304,4.84,1.4421787183906447,1.4394855213042517
5305,5305,5305,4.841666666666667,1.4420120517239778,1.4389373790901674
5306,5306,5306,4.843333333333334,1.4418453850573112,1.4391521879709182
5307,5307,5307,4.845000000000001,1.4416787183906448,1.4389855213042515
5308,5308,5308,4.846666666666668,1.441512051723978,1.4388188546375846
5309,5309,5309,4.8483333333333345,1.4413453850573112,1.4386521879709182
5310,5310,5310,4.850000000000003,1.4411787183906446,1.4384855213042511
5311,5311,5311,4.851666666666668,1.441012051723978,1.438318854637585
5312,5312,5312,4.853333333333332,1.4408453850573113,1.438533663518336
5313,5313,5313,4.855,1.4406787183906449,1.4379855213042514
5314,5314,5314,4.856666666666667,1.440512051723978,1.4382003301850024
5315,5315,5315,4.858333333333334,1.4403453850573111,1.437652187970918
5316,5316,5316,4.860000000000003,1.4401787183906447,1.4378669968516689
5317,5317,5317,4.861666666666666,1.4400120517239778,1.4377003301850024
5318,5318,5318,4.863333333333333,1.4398453850573114,1.4375336635183358
5319,5319,5319,4.865,1.4396787183906443,1.4377484723990863
5320,5320,5320,4.866666666666667,1.4398935272713953,1.4372003301850025
5321,5321,5321,4.868333333333334,1.4393453850573112,1.4370336635183356
5322,5322,5322,4.870000000000003,1.4395601939380618,1.4372484723990862
5323,5323,5323,4.871666666666668,1.439012051723978,1.4370818057324195
5324,5324,5324,4.873333333333333,1.4392268606047292,1.4369151390657533
5325,5325,5325,4.875,1.4390601939380618,1.4367484723990862
5326,5326,5326,4.876666666666667,1.4388935272713954,1.4365818057324196
5327,5327,5327,4.878333333333334,1.4387268606047288,1.4364151390657531
5328,5328,5328,4.880000000000001,1.438560193938062,1.4366299479465037
5329,5329,5329,4.881666666666668,1.4383935272713952,1.4360818057324196
5330,5330,5330,4.883333333333336,1.4378453850573112,1.4362966146131702
5331,5331,5331,4.885,1.4380601939380622,1.4361299479465035
5332,5332,5332,4.886666666666667,1.4378935272713953,1.4359632812798369
5333,5333,5333,4.888333333333334,1.4381083361521465,1.4357966146131704
5334,5334,5334,4.890000000000001,1.437560193938062,1.4356299479465036
5335,5335,5335,4.8916666666666675,1.4373935272713954,1.4354632812798371
5336,5336,5336,4.893333333333334,1.4372268606047287,1.4352966146131705
5337,5337,5337,4.895000000000003,1.4374416694854792,1.4351299479465036
5338,5338,5338,4.896666666666668,1.4372750028188128,1.4353447568272544
5339,5339,5339,4.898333333333332,1.437108336152146,1.4351780901605875
5340,5340,5340,4.9,1.4369416694854795,1.4346299479465037
5341,5341,5341,4.901666666666667,1.4367750028188129,1.4344632812798368
5342,5342,5342,4.903333333333334,1.4362268606047286,1.4346780901605878
5343,5343,5343,4.905000000000003,1.4364416694854794,1.434511423493921
5344,5344,5344,4.906666666666668,1.4362750028188127,1.4343447568272545
5345,5345,5345,4.908333333333333,1.4361083361521458,1.4341780901605878
5346,5346,5346,4.91,1.4359416694854796,1.4340114234939212
5347,5347,5347,4.911666666666667,1.4357750028188128,1.4342262323746722
5348,5348,5348,4.913333333333334,1.435608336152146,1.4340595657080055
5349,5349,5349,4.915000000000003,1.4358231450328969,1.4335114234939208
5350,5350,5350,4.916666666666668,1.4352750028188126,1.433726232374672
5351,5351,5351,4.9183333333333366,1.4354898116995634,1.4335595657080056
5352,5352,5352,4.92,1.4349416694854795,1.4333928990413392
5353,5353,5353,4.921666666666667,1.4351564783662305,1.4332262323746725
5354,5354,5354,4.923333333333334,1.4349898116995634,1.4334410412554228
5355,5355,5355,4.925000000000001,1.4344416694854796,1.4328928990413392
5356,5356,5356,4.926666666666668,1.43465647836623,1.4331077079220895
5357,5357,5357,4.928333333333336,1.4344898116995637,1.4329410412554229
5358,5358,5358,4.93,1.4343231450328968,1.4327743745887562
5359,5359,5359,4.931666666666667,1.4341564783662302,1.4326077079220894
5360,5360,5360,4.933333333333334,1.4339898116995635,1.4324410412554232
5361,5361,5361,4.9350000000000005,1.4342046205803145,1.432274374588756
5362,5362,5362,4.936666666666667,1.4340379539136476,1.4321077079220894
5363,5363,5363,4.938333333333334,1.4338712872469808,1.4319410412554228
5364,5364,5364,4.940000000000003,1.4337046205803143,1.4321558501361735
5365,5365,5365,4.941666666666666,1.4335379539136477,1.4316077079220897
5366,5366,5366,4.943333333333333,1.4337527627943984,1.4314410412554228
5367,5367,5367,4.945,1.4332046205803142,1.4312743745887562
5368,5368,5368,4.946666666666667,1.4330379539136475,1.4311077079220893
5369,5369,5369,4.948333333333334,1.4332527627943985,1.4313225168028405
5370,5370,5370,4.950000000000003,1.4327046205803142,1.430774374588756
5371,5371,5371,4.951666666666668,1.432919429461065,1.4306077079220894
5372,5372,5372,4.953333333333333,1.4323712872469812,1.4308225168028406
5373,5373,5373,4.955,1.4325860961277317,1.4302743745887565
5374,5374,5374,4.956666666666667,1.432419429461065,1.4304891834695068
5375,5375,5375,4.958333333333334,1.4322527627943984,1.4303225168028404
5376,5376,5376,4.960000000000001,1.4320860961277315,1.4301558501361735
5377,5377,5377,4.961666666666668,1.4319194294610649,1.4299891834695069
5378,5378,5378,4.9633333333333365,1.4317527627943982,1.4298225168028402
5379,5379,5379,4.965,1.4319675716751492,1.4296558501361738
5380,5380,5380,4.966666666666667,1.431419429461065,1.4294891834695072
5381,5381,5381,4.968333333333334,1.4316342383418157,1.4293225168028405
5382,5382,5382,4.970000000000001,1.4314675716751493,1.4295373256835906
5383,5383,5383,4.971666666666668,1.4313009050084824,1.4293706590169242
5384,5384,5384,4.9733333333333345,1.4311342383418155,1.4292039923502573
5385,5385,5385,4.975000000000003,1.4309675716751489,1.4286558501361737
5386,5386,5386,4.976666666666668,1.4308009050084824,1.4288706590169242
5387,5387,5387,4.978333333333332,1.4310157138892332,1.4283225168028404
5388,5388,5388,4.98,1.4304675716751492,1.4285373256835907
5389,5389,5389,4.981666666666667,1.4303009050084825,1.4283706590169243
5390,5390,5390,4.983333333333334,1.4301342383418156,1.4282039923502574
5391,5391,5391,4.985000000000003,1.4303490472225664,1.4276558501361736
5392,5392,5392,4.986666666666666,1.4301823805559,1.427870659016924
5393,5393,5393,4.988333333333333,1.430015713889233,1.4277039923502577
5394,5394,5394,4.99,1.429849047222567,1.4275373256835908
5395,5395,5395,4.991666666666667,1.4296823805558998,1.4273706590169242
5396,5396,5396,4.993333333333334,1.4295157138892332,1.4272039923502575
5397,5397,5397,4.995000000000003,1.4293490472225665,1.4270373256835909
5398,5398,5398,4.996666666666668,1.4291823805558996,1.4268706590169238
5399,5399,5399,4.998333333333333,1.4290157138892332,1.4267039923502574
5400,5400,5400,5.0,1.4288490472225666,1.4265373256835907
5401,5401,5401,5.001666666666667,1.4286823805559001,1.4263706590169243
5402,5402,5402,5.003333333333334,1.4285157138892333,1.4262039923502572
5403,5403,5403,5.005000000000001,1.4283490472225666,1.4260373256835908
5404,5404,5404,5.006666666666668,1.4281823805558995,1.4258706590169241
5405,5405,5405,5.008333333333336,1.4280157138892329,1.4257039923502577
5406,5406,5406,5.01,1.4278490472225664,1.4255373256835906
5407,5407,5407,5.011666666666667,1.4276823805558998,1.4253706590169242
5408,5408,5408,5.013333333333334,1.4278971894366506,1.4252039923502573
5409,5409,5409,5.015000000000001,1.427730522769984,1.4250373256835909
5410,5410,5410,5.0166666666666675,1.4271823805559,1.4248706590169242
5411,5411,5411,5.018333333333334,1.4273971894366504,1.4250854678976752
5412,5412,5412,5.02,1.427230522769984,1.4245373256835907
5413,5413,5413,5.021666666666668,1.427063856103317,1.424752134564342
5414,5414,5414,5.023333333333332,1.426897189436651,1.4245854678976753
5415,5415,5415,5.025,1.4267305227699838,1.4244188012310086
5416,5416,5416,5.026666666666667,1.4265638561033172,1.424252134564342
5417,5417,5417,5.028333333333334,1.4263971894366505,1.4237039923502572
5418,5418,5418,5.029999999999999,1.426230522769984,1.4239188012310084
5419,5419,5419,5.031666666666668,1.4260638561033172,1.4237521345643418
5420,5420,5420,5.033333333333333,1.4258971894366508,1.4232039923502575
5421,5421,5421,5.035,1.425730522769984,1.4234188012310085
5422,5422,5422,5.036666666666667,1.4259453316507344,1.423252134564342
5423,5423,5423,5.038333333333334,1.4257786649840678,1.4230854678976752
5424,5424,5424,5.039999999999999,1.4252305227699835,1.4229188012310086
5425,5425,5425,5.041666666666668,1.4250638561033169,1.4223706590169243
5426,5426,5426,5.0433333333333366,1.4252786649840676,1.422585467897675
5427,5427,5427,5.045,1.4251119983174008,1.4228002767784262
5428,5428,5428,5.046666666666667,1.4249453316507346,1.422252134564342
5429,5429,5429,5.048333333333334,1.4247786649840677,1.422085467897675
5430,5430,5430,5.050000000000001,1.4246119983174008,1.4219188012310084
5431,5431,5431,5.051666666666668,1.424826807198152,1.4217521345643418
5432,5432,5432,5.053333333333336,1.4242786649840675,1.4215854678976751
5433,5433,5433,5.055,1.4241119983174009,1.4214188012310087
5434,5434,5434,5.056666666666667,1.4239453316507344,1.421252134564342
5435,5435,5435,5.058333333333334,1.4237786649840678,1.4207039923502571
5436,5436,5436,5.0600000000000005,1.4236119983174007,1.4209188012310086
5437,5437,5437,5.061666666666667,1.4234453316507345,1.420752134564342
5438,5438,5438,5.063333333333334,1.4232786649840676,1.420966943445093
5439,5439,5439,5.0649999999999995,1.4231119983174008,1.4204188012310084
5440,5440,5440,5.066666666666666,1.4233268071981522,1.4206336101117594
5441,5441,5441,5.068333333333333,1.422778664984068,1.420085467897675
5442,5442,5442,5.07,1.4226119983174008,1.4199188012310089
5443,5443,5443,5.071666666666667,1.422826807198152,1.4201336101117592
5444,5444,5444,5.073333333333334,1.4226601405314852,1.4195854678976754
5445,5445,5445,5.074999999999999,1.4224934738648187,1.4198002767784261
5446,5446,5446,5.076666666666668,1.422326807198152,1.4192521345643416
5447,5447,5447,5.078333333333333,1.4221601405314854,1.4190854678976752
5448,5448,5448,5.08,1.4216119983174011,1.4189188012310088
5449,5449,5449,5.081666666666667,1.4214453316507345,1.418752134564342
5450,5450,5450,5.083333333333334,1.4216601405314853,1.418585467897675
5451,5451,5451,5.085000000000001,1.4214934738648188,1.4184188012310086
5452,5452,5452,5.086666666666668,1.421326807198152,1.4186336101117591
5453,5453,5453,5.0883333333333365,1.421160140531485,1.418085467897675
5454,5454,5454,5.09,1.420993473864819,1.4179188012310084
5455,5455,5455,5.091666666666667,1.420826807198152,1.4177521345643418
5456,5456,5456,5.093333333333334,1.4206601405314854,1.4175854678976751
5457,5457,5457,5.095000000000001,1.4204934738648187,1.4174188012310087
5458,5458,5458,5.096666666666668,1.4203268071981519,1.4172521345643418
5459,5459,5459,5.0983333333333345,1.4201601405314852,1.417085467897675
5460,5460,5460,5.1,1.4199934738648188,1.4169188012310086
5461,5461,5461,5.101666666666668,1.419826807198152,1.416752134564342
5462,5462,5462,5.103333333333332,1.4200416160789031,1.4165854678976753
5463,5463,5463,5.105,1.419874949412236,1.4164188012310084
5464,5464,5464,5.106666666666667,1.4197082827455694,1.416252134564342
5465,5465,5465,5.108333333333334,1.419160140531485,1.416085467897675
5466,5466,5466,5.109999999999999,1.4189934738648189,1.416300276778426
5467,5467,5467,5.111666666666668,1.4192082827455694,1.4161336101117592
5468,5468,5468,5.113333333333333,1.419041616078903,1.4159669434450928
5469,5469,5469,5.115,1.418874949412236,1.4154188012310085
5470,5470,5470,5.116666666666667,1.4183268071981519,1.4152521345643418
5471,5471,5471,5.118333333333334,1.4185416160789028,1.4150854678976752
5472,5472,5472,5.119999999999999,1.418374949412236,1.4149188012310083
5473,5473,5473,5.121666666666668,1.4185897582929867,1.4151336101117593
5474,5474,5474,5.123333333333333,1.4176601405314857,1.4145854678976757
5475,5475,5475,5.125,1.4178749494122362,1.4144188012310086
5476,5476,5476,5.126666666666667,1.4180897582929872,1.414252134564342
5477,5477,5477,5.128333333333334,1.4179230916263204,1.4140854678976753
5478,5478,5478,5.130000000000001,1.4177564249596537,1.4139188012310084
5479,5479,5479,5.131666666666668,1.4172082827455694,1.4141336101117592
5480,5480,5480,5.133333333333336,1.4174230916263204,1.4135854678976751
5481,5481,5481,5.135,1.4172564249596538,1.4134188012310087
5482,5482,5482,5.136666666666667,1.4170897582929871,1.4132521345643418
5483,5483,5483,5.138333333333334,1.4169230916263205,1.4130854678976752
5484,5484,5484,5.140000000000001,1.4167564249596536,1.4133002767784262
5485,5485,5485,5.1416666666666675,1.4165897582929872,1.412752134564342
5486,5486,5486,5.143333333333334,1.4164230916263203,1.4125854678976753
5487,5487,5487,5.145,1.4162564249596536,1.4124188012310084
5488,5488,5488,5.146666666666668,1.4160897582929872,1.4126336101117594
5489,5489,5489,5.148333333333332,1.4159230916263206,1.4120854678976753
5490,5490,5490,5.15,1.4157564249596537,1.4119188012310089
5491,5491,5491,5.151666666666667,1.4155897582929868,1.4117521345643418
5492,5492,5492,5.153333333333334,1.4154230916263204,1.4115854678976751
5493,5493,5493,5.154999999999999,1.4152564249596535,1.4114188012310085
5494,5494,5494,5.156666666666668,1.415471233840404,1.4112521345643418
5495,5495,5495,5.158333333333333,1.4149230916263205,1.4110854678976752
5496,5496,5496,5.16,1.4147564249596538,1.4109188012310083
5497,5497,5497,5.161666666666667,1.4149712338404044,1.4111336101117593
5498,5498,5498,5.163333333333334,1.4144230916263203,1.4105854678976752
5499,5499,5499,5.164999999999999,1.414637900507071,1.4108002767784262
5500,5500,5500,5.166666666666668,1.4140897582929872,1.4102521345643415
5501,5501,5501,5.1683333333333366,1.414304567173737,1.4104669434450927
5502,5502,5502,5.17,1.4141379005070709,1.4099188012310089
5503,5503,5503,5.171666666666667,1.4135897582929868,1.409752134564342
5504,5504,5504,5.173333333333334,1.4134230916263204,1.4095854678976751
5505,5505,5505,5.175000000000001,1.413637900507071,1.4094188012310087
5506,5506,5506,5.176666666666668,1.4130897582929869,1.4092521345643418
5507,5507,5507,5.178333333333336,1.4133045671737374,1.409085467897675
5508,5508,5508,5.18,1.413137900507071,1.4089188012310083
5509,5509,5509,5.181666666666667,1.4129712338404044,1.408752134564342
5510,5510,5510,5.183333333333334,1.4128045671737377,1.4089669434450929
5511,5511,5511,5.1850000000000005,1.412256424959654,1.4084188012310084
5512,5512,5512,5.186666666666667,1.4124712338404042,1.408252134564342
5513,5513,5513,5.188333333333334,1.4123045671737375,1.408085467897675
5514,5514,5514,5.1899999999999995,1.4121379005070709,1.4079188012310089
5515,5515,5515,5.191666666666666,1.4115897582929873,1.4077521345643418
5516,5516,5516,5.193333333333333,1.4118045671737378,1.4075854678976754
5517,5517,5517,5.195,1.411637900507071,1.4078002767784261
5518,5518,5518,5.196666666666667,1.4114712338404043,1.4072521345643418
5519,5519,5519,5.198333333333334,1.4113045671737376,1.4070854678976752
5520,5520,5520,5.199999999999999,1.4111379005070708,1.4069188012310083
5521,5521,5521,5.201666666666668,1.410971233840404,1.406752134564342
5522,5522,5522,5.203333333333333,1.4108045671737377,1.4065854678976757
5523,5523,5523,5.205,1.410637900507071,1.4064188012310086
5524,5524,5524,5.206666666666667,1.4104712338404042,1.406252134564342
5525,5525,5525,5.208333333333334,1.4103045671737378,1.4060854678976753
5526,5526,5526,5.210000000000001,1.4101379005070709,1.4059188012310084
5527,5527,5527,5.211666666666668,1.4099712338404042,1.4057521345643418
5528,5528,5528,5.2133333333333365,1.4098045671737376,1.4055854678976751
5529,5529,5529,5.215,1.4100193760544886,1.405800276778426
5530,5530,5530,5.216666666666667,1.4094712338404043,1.4052521345643418
5531,5531,5531,5.218333333333334,1.4093045671737374,1.4050854678976752
5532,5532,5532,5.220000000000001,1.4095193760544884,1.4049188012310083
5533,5533,5533,5.221666666666668,1.4093527093878218,1.404752134564342
5534,5534,5534,5.2233333333333345,1.4091860427211549,1.4045854678976752
5535,5535,5535,5.225,1.4086379005070708,1.4044188012310084
5536,5536,5536,5.226666666666668,1.4088527093878218,1.404252134564342
5537,5537,5537,5.228333333333332,1.4083045671737375,1.4040854678976753
5538,5538,5538,5.23,1.408137900507071,1.4039188012310089
5539,5539,5539,5.231666666666667,1.4079712338404042,1.4037521345643418
5540,5540,5540,5.233333333333334,1.4078045671737374,1.4035854678976751
5541,5541,5541,5.234999999999999,1.4080193760544883,1.4034188012310085
5542,5542,5542,5.236666666666668,1.407471233840404,1.4032521345643418
5543,5543,5543,5.238333333333333,1.4073045671737376,1.4030854678976752
5544,5544,5544,5.24,1.407137900507071,1.4029188012310083
5545,5545,5545,5.241666666666667,1.4069712338404043,1.402752134564342
5546,5546,5546,5.243333333333334,1.4068045671737377,1.4025854678976752
5547,5547,5547,5.244999999999999,1.406637900507071,1.4024188012310086
5548,5548,5548,5.246666666666668,1.4068527093878218,1.4022521345643415
5549,5549,5549,5.248333333333333,1.4063045671737378,1.4020854678976753
5550,5550,5550,5.25,1.4061379005070709,1.4019188012310086
5551,5551,5551,5.251666666666667,1.406352709387822,1.401752134564342
5552,5552,5552,5.253333333333334,1.4061860427211552,1.4015854678976751
5553,5553,5553,5.255000000000001,1.4060193760544886,1.4014188012310087
5554,5554,5554,5.256666666666668,1.4058527093878217,1.4008706590169242
5555,5555,5555,5.258333333333336,1.4053045671737374,1.401085467897675
5556,5556,5556,5.26,1.4055193760544888,1.4009188012310083
5557,5557,5557,5.261666666666667,1.4053527093878222,1.4007521345643419
5558,5558,5558,5.263333333333334,1.4051860427211549,1.4005854678976752
5559,5559,5559,5.265000000000001,1.405019376054489,1.4004188012310084
5560,5560,5560,5.2666666666666675,1.4044712338404042,1.3998706590169243
5561,5561,5561,5.268333333333334,1.4046860427211552,1.400085467897675
5562,5562,5562,5.27,1.4045193760544885,1.3999188012310086
5563,5563,5563,5.271666666666668,1.404352709387822,1.3997521345643418
5564,5564,5564,5.273333333333332,1.4041860427211552,1.3995854678976754
5565,5565,5565,5.275,1.403637900507071,1.3990373256835906
5566,5566,5566,5.276666666666667,1.4038527093878221,1.3992521345643418
5567,5567,5567,5.278333333333334,1.403686042721155,1.3990854678976752
5568,5568,5568,5.279999999999999,1.4035193760544886,1.3989188012310083
5569,5569,5569,5.281666666666668,1.4033527093878218,1.398752134564342
5570,5570,5570,5.283333333333333,1.403186042721155,1.3985854678976757
5571,5571,5571,5.285,1.4030193760544885,1.3984188012310086
5572,5572,5572,5.286666666666667,1.4028527093878222,1.3982521345643415
5573,5573,5573,5.288333333333334,1.4026860427211552,1.3977039923502574
5574,5574,5574,5.289999999999999,1.4025193760544885,1.3979188012310084
5575,5575,5575,5.291666666666668,1.4019712338404042,1.3973706590169241
5576,5576,5576,5.2933333333333366,1.4018045671737376,1.3972039923502573
5577,5577,5577,5.295,1.4020193760544886,1.3970373256835908
5578,5578,5578,5.296666666666667,1.4018527093878221,1.3972521345643418
5579,5579,5579,5.298333333333334,1.4016860427211553,1.3970854678976752
5580,5580,5580,5.300000000000001,1.4015193760544884,1.396537325683591
5581,5581,5581,5.301666666666668,1.4013527093878222,1.396752134564342
5582,5582,5582,5.303333333333336,1.4011860427211549,1.3965854678976752
5583,5583,5583,5.305,1.401019376054489,1.3964188012310086
5584,5584,5584,5.306666666666667,1.4008527093878222,1.396252134564342
5585,5585,5585,5.308333333333334,1.4006860427211554,1.3957039923502574
5586,5586,5586,5.3100000000000005,1.4005193760544885,1.3959188012310086
5587,5587,5587,5.311666666666667,1.400352709387822,1.3957521345643418
5588,5588,5588,5.313333333333334,1.3998045671737374,1.3952039923502573
5589,5589,5589,5.3149999999999995,1.4000193760544883,1.3950373256835906
5590,5590,5590,5.316666666666666,1.3998527093878221,1.3948706590169242
5591,5591,5591,5.318333333333333,1.3996860427211553,1.3950854678976752
5592,5592,5592,5.32,1.3995193760544886,1.394537325683591
5593,5593,5593,5.321666666666667,1.3993527093878222,1.394752134564342
5594,5594,5594,5.323333333333334,1.399186042721155,1.3942039923502574
5595,5595,5595,5.324999999999999,1.398637900507071,1.3940373256835907
5596,5596,5596,5.326666666666668,1.3988527093878218,1.393870659016924
5597,5597,5597,5.328333333333333,1.3986860427211552,1.3940854678976753
5598,5598,5598,5.33,1.3985193760544887,1.3935373256835908
5599,5599,5599,5.331666666666667,1.3979712338404042,1.393370659016924
5600,5600,5600,5.333333333333334,1.3978045671737376,1.3932039923502573
5601,5601,5601,5.335000000000001,1.3980193760544886,1.3930373256835906
5602,5602,5602,5.336666666666668,1.3978527093878221,1.3928706590169242
5603,5603,5603,5.3383333333333365,1.3976860427211553,1.392703992350257
5604,5604,5604,5.34,1.397137900507071,1.392537325683591
5605,5605,5605,5.341666666666667,1.3973527093878222,1.3923706590169243
5606,5606,5606,5.343333333333334,1.397186042721155,1.3922039923502574
5607,5607,5607,5.345000000000001,1.397019376054489,1.3920373256835907
5608,5608,5608,5.346666666666668,1.3968527093878218,1.3918706590169243
5609,5609,5609,5.3483333333333345,1.3966860427211552,1.3917039923502572
5610,5610,5610,5.35,1.3965193760544885,1.3915373256835908
5611,5611,5611,5.351666666666668,1.3959712338404042,1.391370659016924
5612,5612,5612,5.353333333333332,1.3961860427211552,1.3912039923502575
5613,5613,5613,5.355,1.3960193760544886,1.3910373256835906
5614,5614,5614,5.356666666666667,1.3958527093878221,1.3908706590169242
5615,5615,5615,5.358333333333334,1.395686042721155,1.390703992350257
5616,5616,5616,5.359999999999999,1.3955193760544886,1.3905373256835905
5617,5617,5617,5.361666666666668,1.3953527093878215,1.3903706590169242
5618,5618,5618,5.363333333333333,1.3948045671737377,1.3902039923502576
5619,5619,5619,5.365,1.3950193760544884,1.3900373256835907
5620,5620,5620,5.366666666666667,1.3944712338404042,1.3894891834695071
5621,5621,5621,5.368333333333334,1.3943045671737375,1.3897039923502574
5622,5622,5622,5.369999999999999,1.3945193760544885,1.3895373256835906
5623,5623,5623,5.371666666666668,1.394352709387822,1.389370659016924
5624,5624,5624,5.373333333333333,1.3941860427211552,1.3892039923502573
5625,5625,5625,5.375,1.393637900507071,1.388655850136174
5626,5626,5626,5.376666666666667,1.3938527093878221,1.3888706590169242
5627,5627,5627,5.378333333333334,1.3936860427211553,1.3887039923502575
5628,5628,5628,5.380000000000001,1.3935193760544884,1.3881558501361737
5629,5629,5629,5.381666666666668,1.3933527093878222,1.387989183469507
5630,5630,5630,5.383333333333336,1.393186042721155,1.3882039923502574
5631,5631,5631,5.385,1.393019376054489,1.3880373256835907
5632,5632,5632,5.386666666666667,1.3928527093878222,1.3878706590169243
5633,5633,5633,5.388333333333334,1.3923045671737375,1.3873225168028405
5634,5634,5634,5.390000000000001,1.3925193760544885,1.3875373256835908
5635,5635,5635,5.3916666666666675,1.3919712338404042,1.3873706590169241
5636,5636,5636,5.393333333333334,1.3921860427211552,1.3868225168028403
5637,5637,5637,5.395,1.3920193760544883,1.3870373256835906
5638,5638,5638,5.396666666666668,1.3918527093878221,1.3868706590169242
5639,5639,5639,5.398333333333332,1.3916860427211553,1.3863225168028404
5640,5640,5640,5.4,1.391137900507071,1.3861558501361737
5641,5641,5641,5.401666666666667,1.3913527093878222,1.385989183469507
5642,5642,5642,5.403333333333334,1.391186042721155,1.3862039923502574
5643,5643,5643,5.404999999999999,1.3906379005070708,1.3856558501361738
5644,5644,5644,5.406666666666668,1.3904712338404042,1.3854891834695071
5645,5645,5645,5.408333333333333,1.3903045671737375,1.3853225168028405
5646,5646,5646,5.41,1.3905193760544887,1.3851558501361738
5647,5647,5647,5.411666666666667,1.3899712338404042,1.3849891834695072
5648,5648,5648,5.413333333333334,1.3901860427211552,1.3848225168028403
5649,5649,5649,5.414999999999999,1.3900193760544886,1.3846558501361736
5650,5650,5650,5.416666666666668,1.3894712338404045,1.384489183469507
5651,5651,5651,5.4183333333333366,1.3893045671737374,1.3843225168028404
5652,5652,5652,5.42,1.389137900507071,1.384537325683591
5653,5653,5653,5.421666666666667,1.388971233840404,1.383989183469507
5654,5654,5654,5.423333333333334,1.3888045671737377,1.3838225168028404
5655,5655,5655,5.425000000000001,1.3886379005070708,1.3836558501361738
5656,5656,5656,5.426666666666668,1.3884712338404042,1.3834891834695071
5657,5657,5657,5.428333333333336,1.3886860427211551,1.3833225168028402
5658,5658,5658,5.43,1.3881379005070709,1.3831558501361738
5659,5659,5659,5.431666666666667,1.3879712338404042,1.3829891834695072
5660,5660,5660,5.433333333333334,1.3878045671737378,1.3828225168028403
5661,5661,5661,5.4350000000000005,1.387637900507071,1.3826558501361736
5662,5662,5662,5.436666666666667,1.3874712338404045,1.3824891834695072
5663,5663,5663,5.438333333333334,1.3873045671737376,1.3823225168028404
5664,5664,5664,5.4399999999999995,1.3871379005070708,1.3821558501361737
5665,5665,5665,5.441666666666666,1.3869712338404043,1.381989183469507
5666,5666,5666,5.443333333333333,1.3868045671737377,1.3818225168028406
5667,5667,5667,5.445,1.386637900507071,1.3816558501361738
5668,5668,5668,5.446666666666667,1.3864712338404042,1.3814891834695069
5669,5669,5669,5.448333333333334,1.3863045671737375,1.3813225168028405
5670,5670,5670,5.449999999999999,1.3861379005070709,1.3811558501361736
5671,5671,5671,5.451666666666668,1.3859712338404042,1.3809891834695072
5672,5672,5672,5.453333333333333,1.3858045671737376,1.3808225168028403
5673,5673,5673,5.455,1.385637900507071,1.380655850136174
5674,5674,5674,5.456666666666667,1.3854712338404045,1.380489183469507
5675,5675,5675,5.458333333333334,1.3853045671737376,1.3803225168028406
5676,5676,5676,5.460000000000001,1.385137900507071,1.3801558501361737
5677,5677,5677,5.461666666666668,1.384971233840404,1.3796077079220894
5678,5678,5678,5.4633333333333365,1.3848045671737377,1.3798225168028404
5679,5679,5679,5.465,1.384637900507071,1.379274374588756
5680,5680,5680,5.466666666666667,1.3844712338404044,1.3791077079220897
5681,5681,5681,5.468333333333334,1.3843045671737375,1.3793225168028405
5682,5682,5682,5.470000000000001,1.3837564249596537,1.3791558501361738
5683,5683,5683,5.471666666666668,1.3839712338404042,1.3789891834695072
5684,5684,5684,5.4733333333333345,1.3838045671737376,1.3788225168028403
5685,5685,5685,5.475,1.3832564249596535,1.378274374588756
5686,5686,5686,5.476666666666668,1.3834712338404045,1.3784891834695072
5687,5687,5687,5.478333333333332,1.3833045671737376,1.3783225168028403
5688,5688,5688,5.48,1.3827564249596538,1.3781558501361737
5689,5689,5689,5.481666666666667,1.3829712338404043,1.377989183469507
5690,5690,5690,5.483333333333334,1.3824230916263205,1.3774410412554228
5691,5691,5691,5.484999999999999,1.3822564249596536,1.3776558501361738
5692,5692,5692,5.486666666666668,1.3824712338404042,1.3774891834695069
5693,5693,5693,5.488333333333333,1.3819230916263203,1.3769410412554228
5694,5694,5694,5.49,1.3821379005070709,1.3767743745887562
5695,5695,5695,5.491666666666667,1.381589758292987,1.3766077079220895
5696,5696,5696,5.493333333333334,1.3814230916263204,1.3764410412554229
5697,5697,5697,5.494999999999999,1.381637900507071,1.3766558501361736
5698,5698,5698,5.496666666666668,1.381089758292987,1.376489183469507
5699,5699,5699,5.498333333333333,1.3813045671737378,1.375941041255423
5700,5700,5700,5.5,1.380756424959654,1.375774374588756
5701,5701,5701,5.501666666666667,1.3805897582929871,1.3756077079220894
5702,5702,5702,5.503333333333334,1.3808045671737377,1.3754410412554228
5703,5703,5703,5.505000000000001,1.3802564249596538,1.375274374588756
5704,5704,5704,5.506666666666668,1.380089758292987,1.3751077079220893
5705,5705,5705,5.508333333333336,1.3799230916263203,1.3749410412554228
5706,5706,5706,5.51,1.3797564249596537,1.3747743745887562
5707,5707,5707,5.511666666666667,1.3795897582929872,1.3746077079220895
5708,5708,5708,5.513333333333334,1.3794230916263204,1.3740595657080057
5709,5709,5709,5.515000000000001,1.379256424959654,1.3742743745887562
5710,5710,5710,5.5166666666666675,1.379089758292987,1.3741077079220894
5711,5711,5711,5.518333333333334,1.3785416160789028,1.3739410412554227
5712,5712,5712,5.52,1.3787564249596538,1.373774374588756
5713,5713,5713,5.521666666666668,1.3785897582929871,1.3736077079220896
5714,5714,5714,5.523333333333332,1.3784230916263205,1.3734410412554228
5715,5715,5715,5.525,1.3778749494122362,1.373274374588756
5716,5716,5716,5.526666666666667,1.3777082827455691,1.3731077079220897
5717,5717,5717,5.528333333333334,1.3779230916263203,1.3729410412554226
5718,5718,5718,5.529999999999999,1.377756424959654,1.3727743745887562
5719,5719,5719,5.531666666666668,1.377589758292987,1.3726077079220893
5720,5720,5720,5.533333333333333,1.3770416160789027,1.3724410412554229
5721,5721,5721,5.535,1.3772564249596535,1.372274374588756
5722,5722,5722,5.536666666666667,1.3767082827455694,1.3721077079220896
5723,5723,5723,5.538333333333334,1.3769230916263204,1.3719410412554227
5724,5724,5724,5.539999999999999,1.3767564249596536,1.371774374588756
5725,5725,5725,5.541666666666668,1.3762082827455693,1.371226232374672
5726,5726,5726,5.5433333333333366,1.3764230916263205,1.3714410412554223
5727,5727,5727,5.545,1.3758749494122362,1.371274374588756
5728,5728,5728,5.546666666666667,1.3760897582929872,1.3711077079220897
5729,5729,5729,5.548333333333334,1.3759230916263203,1.3709410412554228
5730,5730,5730,5.550000000000001,1.3753749494122358,1.3703928990413392
5731,5731,5731,5.551666666666668,1.375589758292987,1.3706077079220895
5732,5732,5732,5.553333333333336,1.3754230916263204,1.3700595657080057
5733,5733,5733,5.555,1.3752564249596535,1.370274374588756
5734,5734,5734,5.556666666666667,1.375089758292987,1.3701077079220894
5735,5735,5735,5.558333333333334,1.3745416160789028,1.3695595657080055
5736,5736,5736,5.5600000000000005,1.374374949412236,1.369774374588756
5737,5737,5737,5.561666666666667,1.3745897582929871,1.3696077079220894
5738,5738,5738,5.563333333333334,1.3744230916263205,1.3690595657080056
5739,5739,5739,5.5649999999999995,1.373874949412236,1.3688928990413392
5740,5740,5740,5.566666666666666,1.373708282745569,1.3687262323746725
5741,5741,5741,5.568333333333333,1.3739230916263203,1.3685595657080056
5742,5742,5742,5.57,1.373756424959654,1.3687743745887562
5743,5743,5743,5.571666666666667,1.3732082827455696,1.3686077079220895
5744,5744,5744,5.573333333333334,1.3730416160789027,1.3680595657080057
5745,5745,5745,5.574999999999999,1.372493473864819,1.3678928990413388
5746,5746,5746,5.576666666666668,1.3727082827455694,1.3677262323746722
5747,5747,5747,5.578333333333333,1.372541616078903,1.3679410412554227
5748,5748,5748,5.58,1.372374949412236,1.3673928990413389
5749,5749,5749,5.581666666666667,1.3722082827455693,1.3672262323746722
5750,5750,5750,5.583333333333334,1.3716601405314854,1.3670595657080056
5751,5751,5751,5.585000000000001,1.371874949412236,1.367274374588756
5752,5752,5752,5.586666666666668,1.371708282745569,1.3667262323746725
5753,5753,5753,5.5883333333333365,1.371541616078903,1.3665595657080054
5754,5754,5754,5.59,1.3713749494122365,1.3663928990413392
5755,5755,5755,5.591666666666667,1.3712082827455694,1.3662262323746723
5756,5756,5756,5.593333333333334,1.3710416160789032,1.3660595657080057
5757,5757,5757,5.595000000000001,1.370493473864819,1.3658928990413388
5758,5758,5758,5.596666666666668,1.3707082827455692,1.3653447568272543
5759,5759,5759,5.5983333333333345,1.3701601405314854,1.3659410412554227
5760,5760,5760,5.6,1.3699934738648183,1.3653928990413389
5761,5761,5761,5.601666666666668,1.3702082827455695,1.3652262323746722
5762,5762,5762,5.603333333333332,1.3700416160789028,1.3650595657080056
5763,5763,5763,5.605,1.3698749494122362,1.3648928990413391
5764,5764,5764,5.606666666666667,1.369708282745569,1.3647262323746725
5765,5765,5765,5.608333333333334,1.3691601405314855,1.3641780901605878
5766,5766,5766,5.609999999999999,1.3693749494122358,1.3643928990413388
5767,5767,5767,5.611666666666668,1.3692082827455692,1.3642262323746723
5768,5768,5768,5.613333333333333,1.3690416160789027,1.3640595657080057
5769,5769,5769,5.615,1.3688749494122359,1.3638928990413393
5770,5770,5770,5.616666666666667,1.3683268071981523,1.3633447568272543
5771,5771,5771,5.618333333333334,1.3685416160789028,1.3635595657080055
5772,5772,5772,5.619999999999999,1.368374949412236,1.3633928990413389
5773,5773,5773,5.621666666666668,1.3682082827455693,1.363226232374672
5774,5774,5774,5.623333333333333,1.3680416160789028,1.3630595657080056
5775,5775,5775,5.625,1.3674934738648188,1.3628928990413391
5776,5776,5776,5.626666666666667,1.3677082827455695,1.3627262323746725
5777,5777,5777,5.628333333333334,1.3671601405314853,1.3625595657080054
5778,5778,5778,5.630000000000001,1.3669934738648186,1.3623928990413392
5779,5779,5779,5.631666666666668,1.3668268071981522,1.3622262323746719
5780,5780,5780,5.633333333333336,1.366660140531485,1.3620595657080057
5781,5781,5781,5.635,1.366493473864819,1.3618928990413388
5782,5782,5782,5.636666666666667,1.3663268071981522,1.3613447568272543
5783,5783,5783,5.638333333333334,1.3661601405314854,1.3611780901605877
5784,5784,5784,5.640000000000001,1.3659934738648187,1.361392899041339
5785,5785,5785,5.6416666666666675,1.3658268071981523,1.3608447568272544
5786,5786,5786,5.643333333333334,1.3656601405314852,1.3610595657080056
5787,5787,5787,5.645,1.365874949412236,1.3608928990413391
5788,5788,5788,5.646666666666668,1.365708282745569,1.3607262323746725
5789,5789,5789,5.648333333333332,1.3651601405314857,1.3605595657080056
5790,5790,5790,5.65,1.3649934738648186,1.3600114234939211
5791,5791,5791,5.651666666666667,1.3648268071981522,1.3598447568272545
5792,5792,5792,5.653333333333334,1.364660140531485,1.3600595657080057
5793,5793,5793,5.654999999999999,1.3648749494122359,1.359511423493921
5794,5794,5794,5.656666666666668,1.3643268071981522,1.3597262323746722
5795,5795,5795,5.658333333333333,1.3641601405314856,1.359178090160588
5796,5796,5796,5.66,1.3639934738648187,1.3593928990413389
5797,5797,5797,5.661666666666667,1.363826807198152,1.3588447568272544
5798,5798,5798,5.663333333333334,1.3640416160789028,1.3590595657080056
5799,5799,5799,5.664999999999999,1.3634934738648186,1.3585114234939208
5800,5800,5800,5.666666666666668,1.363326807198152,1.3583447568272544
5801,5801,5801,5.6683333333333366,1.3631601405314853,1.3585595657080054
5802,5802,5802,5.67,1.3629934738648188,1.3580114234939211
5803,5803,5803,5.671666666666667,1.3632082827455694,1.3582262323746723
5804,5804,5804,5.673333333333334,1.3622786649840677,1.3580595657080057
5805,5805,5805,5.675000000000001,1.3621119983174008,1.357511423493921
5806,5806,5806,5.676666666666668,1.3623268071981518,1.3577262323746722
5807,5807,5807,5.678333333333336,1.3621601405314854,1.3575595657080055
5808,5808,5808,5.68,1.3619934738648185,1.3570114234939208
5809,5809,5809,5.681666666666667,1.3618268071981523,1.3568447568272544
5810,5810,5810,5.683333333333334,1.3616601405314854,1.3566780901605875
5811,5811,5811,5.6850000000000005,1.3614934738648188,1.3565114234939208
5812,5812,5812,5.686666666666667,1.3613268071981521,1.3567262323746725
5813,5813,5813,5.688333333333334,1.3611601405314857,1.3561780901605878
5814,5814,5814,5.6899999999999995,1.3609934738648186,1.356011423493921
5815,5815,5815,5.691666666666666,1.3608268071981522,1.3558447568272545
5816,5816,5816,5.693333333333333,1.360660140531485,1.3556780901605878
5817,5817,5817,5.695,1.360493473864819,1.3555114234939212
5818,5818,5818,5.696666666666667,1.3603268071981522,1.3553447568272543
5819,5819,5819,5.698333333333334,1.3601601405314854,1.355178090160588
5820,5820,5820,5.699999999999999,1.3596119983174009,1.3550114234939208
5821,5821,5821,5.701666666666668,1.359826807198152,1.354844756827254
5822,5822,5822,5.703333333333333,1.3596601405314854,1.3546780901605875
5823,5823,5823,5.705,1.3594934738648188,1.3545114234939213
5824,5824,5824,5.706666666666667,1.359326807198152,1.3543447568272544
5825,5825,5825,5.708333333333334,1.358778664984068,1.35379661461317
5826,5826,5826,5.710000000000001,1.3589934738648186,1.3540114234939211
5827,5827,5827,5.711666666666668,1.3588268071981522,1.3534632812798368
5828,5828,5828,5.7133333333333365,1.358660140531485,1.3536780901605878
5829,5829,5829,5.715,1.358493473864819,1.353511423493921
5830,5830,5830,5.716666666666667,1.3583268071981522,1.3533447568272543
5831,5831,5831,5.718333333333334,1.3581601405314854,1.3527966146131702
5832,5832,5832,5.720000000000001,1.3579934738648187,1.3530114234939212
5833,5833,5833,5.721666666666668,1.3578268071981523,1.3528447568272544
5834,5834,5834,5.7233333333333345,1.3572786649840676,1.3526780901605877
5835,5835,5835,5.725,1.3574934738648186,1.3521299479465037
5836,5836,5836,5.726666666666668,1.3573268071981524,1.3519632812798372
5837,5837,5837,5.728333333333332,1.3571601405314857,1.3521780901605878
5838,5838,5838,5.73,1.3569934738648186,1.3516299479465037
5839,5839,5839,5.731666666666667,1.3568268071981522,1.3518447568272545
5840,5840,5840,5.733333333333334,1.356660140531485,1.3516780901605876
5841,5841,5841,5.734999999999999,1.3564934738648189,1.351511423493921
5842,5842,5842,5.736666666666668,1.3563268071981522,1.3513447568272543
5843,5843,5843,5.738333333333333,1.3561601405314854,1.351178090160588
5844,5844,5844,5.74,1.3559934738648187,1.3510114234939208
5845,5845,5845,5.741666666666667,1.3554453316507344,1.3508447568272544
5846,5846,5846,5.743333333333334,1.3552786649840676,1.3506780901605877
5847,5847,5847,5.744999999999999,1.3554934738648186,1.3505114234939208
5848,5848,5848,5.746666666666668,1.355326807198152,1.3503447568272544
5849,5849,5849,5.748333333333333,1.3551601405314857,1.3501780901605878
5850,5850,5850,5.75,1.3546119983174012,1.3496299479465037
5851,5851,5851,5.751666666666667,1.3548268071981522,1.3498447568272545
5852,5852,5852,5.753333333333334,1.3546601405314855,1.3496780901605878
5853,5853,5853,5.755000000000001,1.3544934738648189,1.349511423493921
5854,5854,5854,5.756666666666668,1.3543268071981518,1.3493447568272543
5855,5855,5855,5.758333333333336,1.3541601405314854,1.3487966146131702
5856,5856,5856,5.76,1.3539934738648187,1.3490114234939212
5857,5857,5857,5.761666666666667,1.3538268071981523,1.348463281279837
5858,5858,5858,5.763333333333334,1.3540416160789028,1.3486780901605877
5859,5859,5859,5.765000000000001,1.3534934738648188,1.3488928990413391
5860,5860,5860,5.7666666666666675,1.3533268071981523,1.3483447568272544
5861,5861,5861,5.768333333333334,1.3531601405314857,1.3481780901605878
5862,5862,5862,5.77,1.3529934738648186,1.348011423493921
5863,5863,5863,5.771666666666668,1.3528268071981522,1.3478447568272545
5864,5864,5864,5.773333333333332,1.352660140531485,1.3472966146131704
5865,5865,5865,5.775,1.3524934738648189,1.3471299479465038
5866,5866,5866,5.776666666666667,1.3527082827455694,1.3473447568272543
5867,5867,5867,5.778333333333334,1.3521601405314854,1.3471780901605876
5868,5868,5868,5.779999999999999,1.3519934738648187,1.3470114234939208
5869,5869,5869,5.781666666666668,1.3518268071981518,1.347226232374672
5870,5870,5870,5.783333333333333,1.3516601405314854,1.3466780901605877
5871,5871,5871,5.785,1.3514934738648188,1.3465114234939208
5872,5872,5872,5.786666666666667,1.3509453316507345,1.3463447568272544
5873,5873,5873,5.788333333333334,1.3511601405314853,1.3461780901605878
5874,5874,5874,5.789999999999999,1.351374949412236,1.3463928990413392
5875,5875,5875,5.791666666666668,1.3508268071981522,1.3454632812798368
5876,5876,5876,5.7933333333333366,1.3510416160789027,1.3456780901605878
5877,5877,5877,5.795,1.3501119983174013,1.3455114234939212
5878,5878,5878,5.796666666666667,1.3507082827455696,1.3453447568272543
5879,5879,5879,5.798333333333334,1.3505416160789028,1.3455595657080055
5880,5880,5880,5.800000000000001,1.3499934738648187,1.3450114234939212
5881,5881,5881,5.801666666666668,1.3502082827455697,1.3452262323746722
5882,5882,5882,5.803333333333336,1.3500416160789026,1.3450595657080051
5883,5883,5883,5.805,1.349874949412236,1.3448928990413391
5884,5884,5884,5.806666666666667,1.3497082827455695,1.3447262323746725
5885,5885,5885,5.808333333333334,1.3491601405314857,1.3441780901605878
5886,5886,5886,5.8100000000000005,1.3489934738648186,1.3443928990413387
5887,5887,5887,5.811666666666667,1.3492082827455696,1.3438447568272545
5888,5888,5888,5.813333333333334,1.3490416160789027,1.3440595657080054
5889,5889,5889,5.8149999999999995,1.3488749494122358,1.3435114234939212
5890,5890,5890,5.816666666666666,1.3487082827455694,1.343726232374672
5891,5891,5891,5.818333333333333,1.3489230916263204,1.3435595657080055
5892,5892,5892,5.82,1.348374949412236,1.3433928990413389
5893,5893,5893,5.821666666666667,1.3482082827455693,1.3432262323746724
5894,5894,5894,5.823333333333334,1.3480416160789028,1.3430595657080056
5895,5895,5895,5.824999999999999,1.3482564249596538,1.3428928990413391
5896,5896,5896,5.826666666666668,1.348089758292987,1.3427262323746725
5897,5897,5897,5.828333333333333,1.3479230916263203,1.3425595657080058
5898,5898,5898,5.83,1.347756424959654,1.3423928990413392
5899,5899,5899,5.831666666666667,1.3475897582929872,1.3422262323746723
5900,5900,5900,5.833333333333334,1.3474230916263203,1.3420595657080057
5901,5901,5901,5.835000000000001,1.3472564249596537,1.3418928990413388
5902,5902,5902,5.836666666666668,1.347089758292987,1.341726232374672
5903,5903,5903,5.8383333333333365,1.3469230916263202,1.341941041255423
5904,5904,5904,5.84,1.3467564249596538,1.3417743745887558
5905,5905,5905,5.841666666666667,1.3469712338404043,1.3412262323746722
5906,5906,5906,5.843333333333334,1.3464230916263205,1.3410595657080056
5907,5907,5907,5.845000000000001,1.346637900507071,1.3408928990413391
5908,5908,5908,5.846666666666668,1.346471233840404,1.3411077079220894
5909,5909,5909,5.8483333333333345,1.3463045671737377,1.3409410412554228
5910,5910,5910,5.85,1.3461379005070708,1.340774374588756
5911,5911,5911,5.851666666666668,1.3459712338404044,1.3406077079220895
5912,5912,5912,5.853333333333332,1.3461860427211554,1.3400595657080057
5913,5913,5913,5.855,1.3460193760544883,1.3402743745887562
5914,5914,5914,5.856666666666667,1.3454712338404042,1.3401077079220896
5915,5915,5915,5.858333333333334,1.3453045671737376,1.3395595657080055
5916,5916,5916,5.859999999999999,1.3455193760544883,1.3397743745887558
5917,5917,5917,5.861666666666668,1.3453527093878221,1.339989183469507
5918,5918,5918,5.863333333333333,1.3451860427211553,1.3394410412554227
5919,5919,5919,5.865,1.3450193760544886,1.3396558501361735
5920,5920,5920,5.866666666666667,1.3448527093878218,1.3387262323746725
5921,5921,5921,5.868333333333334,1.344686042721155,1.3389410412554228
5922,5922,5922,5.869999999999999,1.3445193760544885,1.338774374588756
5923,5923,5923,5.871666666666668,1.344734184935239,1.3386077079220895
5924,5924,5924,5.873333333333337,1.3445675182685723,1.3388225168028405
5925,5925,5925,5.875,1.3440193760544887,1.3386558501361738
5926,5926,5926,5.876666666666667,1.3442341849352393,1.3384891834695072
5927,5927,5927,5.878333333333334,1.3440675182685724,1.3383225168028403
5928,5928,5928,5.880000000000001,1.3439008516019058,1.338155850136174
5929,5929,5929,5.881666666666668,1.3437341849352389,1.337989183469507
5930,5930,5930,5.883333333333336,1.3435675182685722,1.33782251680284
5931,5931,5931,5.885,1.3437823271493234,1.3376558501361735
5932,5932,5932,5.886666666666667,1.3432341849352392,1.3374891834695073
5933,5933,5933,5.888333333333334,1.3434489938159901,1.3373225168028404
5934,5934,5934,5.890000000000001,1.3432823271493235,1.3375373256835903
5935,5935,5935,5.8916666666666675,1.3431156604826566,1.3369891834695071
5936,5936,5936,5.893333333333334,1.3433304693634072,1.3368225168028405
5937,5937,5937,5.895,1.3431638026967403,1.3370373256835908
5938,5938,5938,5.896666666666668,1.342997136030074,1.3368706590169241
5939,5939,5939,5.898333333333332,1.3428304693634072,1.3367039923502575
5940,5940,5940,5.9,1.3426638026967406,1.3365373256835906
5941,5941,5941,5.901666666666667,1.3424971360300741,1.3363706590169242
5942,5942,5942,5.903333333333334,1.342711944910825,1.336203992350257
5943,5943,5943,5.904999999999999,1.3425452782441578,1.336037325683591
5944,5944,5944,5.906666666666668,1.3423786115774914,1.335870659016924
5945,5945,5945,5.908333333333333,1.3422119449108247,1.3360854678976757
5946,5946,5946,5.91,1.3424267537915753,1.3359188012310086
5947,5947,5947,5.911666666666667,1.3422600871249086,1.335752134564342
5948,5948,5948,5.913333333333334,1.3420934204582418,1.3355854678976753
5949,5949,5949,5.914999999999999,1.3419267537915749,1.3354188012310084
5950,5950,5950,5.916666666666668,1.3417600871249085,1.3352521345643418
5951,5951,5951,5.9183333333333366,1.3419748960056594,1.3350854678976751
5952,5952,5952,5.92,1.3418082293389928,1.3349188012310087
5953,5953,5953,5.921666666666667,1.341641562672326,1.3347521345643418
5954,5954,5954,5.923333333333334,1.3414748960056595,1.3349669434450926
5955,5955,5955,5.925000000000001,1.3413082293389929,1.334800276778426
5956,5956,5956,5.926666666666668,1.3415230382197438,1.3346336101117593
5957,5957,5957,5.928333333333336,1.3413563715530772,1.3348484189925098
5958,5958,5958,5.93,1.3411897048864099,1.334681752325843
5959,5959,5959,5.931666666666667,1.3410230382197437,1.3345150856591763
5960,5960,5960,5.933333333333334,1.3408563715530772,1.33434841899251
5961,5961,5961,5.9350000000000005,1.3410711804338278,1.3341817523258432
5962,5962,5962,5.936666666666667,1.340904513767161,1.3340150856591764
5963,5963,5963,5.938333333333334,1.3407378471004943,1.334229894539927
5964,5964,5964,5.9399999999999995,1.3409526559812452,1.3340632278732605
5965,5965,5965,5.941666666666666,1.3404045137671612,1.3338965612065938
5966,5966,5966,5.943333333333333,1.3406193226479115,1.333729894539927
5967,5967,5967,5.945,1.3404526559812453,1.333944703420678
5968,5968,5968,5.946666666666667,1.3402859893145782,1.3337780367540113
5969,5969,5969,5.948333333333334,1.3405007981953292,1.3336113700873446
5970,5970,5970,5.949999999999999,1.3403341315286623,1.3334447034206778
5971,5971,5971,5.951666666666668,1.340548940409413,1.3332780367540114
5972,5972,5972,5.953333333333333,1.3400007981953292,1.3331113700873447
5973,5973,5973,5.955,1.3402156070760802,1.3333261789680952
5974,5974,5974,5.956666666666667,1.3404304159568303,1.3331595123014286
5975,5975,5975,5.958333333333334,1.3398822737427465,1.3329928456347615
5976,5976,5976,5.960000000000001,1.3400970826234972,1.3328261789680953
5977,5977,5977,5.961666666666668,1.340311891504248,1.3326595123014284
5978,5978,5978,5.9633333333333365,1.3401452248375811,1.3324928456347616
5979,5979,5979,5.965,1.3399785581709147,1.3323261789680951
5980,5980,5980,5.966666666666667,1.3398118915042478,1.3321595123014285
5981,5981,5981,5.968333333333334,1.3396452248375814,1.3323743211821792
5982,5982,5982,5.970000000000001,1.339860033718332,1.3322076545155124
5983,5983,5983,5.971666666666668,1.3396933670516655,1.332040987848846
5984,5984,5984,5.9733333333333345,1.3395267003849989,1.331874321182179
5985,5985,5985,5.975,1.3393600337183322,1.3317076545155129
5986,5986,5986,5.976666666666668,1.3395748425990828,1.3315409878488458
5987,5987,5987,5.978333333333332,1.339408175932416,1.3317557967295968
5988,5988,5988,5.98,1.3392415092657497,1.3315891300629303
5989,5989,5989,5.981666666666667,1.3394563181465002,1.3314224633962637
5990,5990,5990,5.983333333333334,1.3392896514798336,1.3312557967295968
5991,5991,5991,5.984999999999999,1.3391229848131667,1.3310891300629302
5992,5992,5992,5.986666666666668,1.3389563181465,1.3309224633962633
5993,5993,5993,5.988333333333333,1.3387896514798336,1.3311372722770145
5994,5994,5994,5.99,1.3390044603605844,1.3309706056103476
5995,5995,5995,5.991666666666667,1.3388377936939178,1.330803938943681
5996,5996,5996,5.993333333333334,1.3386711270272509,1.3310187478244315
5997,5997,5997,5.994999999999999,1.3385044603605842,1.3304706056103477
5998,5998,5998,5.996666666666668,1.3383377936939174,1.3306854144910982
5999,5999,5999,5.998333333333337,1.3385526025746683,1.3305187478244316
