,Unnamed: 0,Unnamed: 0.1,time,discharge_pressure,suction_pressure
2400,2400,2400,0.0,2.2426947432669566,2.095445181963836
2401,2401,2401,0.0016666666666669272,2.243076218814374,2.095445181963836
2402,2402,2402,0.0033333333333338544,2.243076218814374,2.095445181963836
2403,2403,2403,0.004999999999999893,2.243076218814374,2.095445181963836
2404,2404,2404,0.006666666666666821,2.243076218814374,2.0958266575112536
2405,2405,2405,0.008333333333333748,2.2426947432669566,2.095445181963836
2406,2406,2406,0.010000000000001563,2.2434576943617914,2.0958266575112536
2407,2407,2407,0.011666666666666714,2.2434576943617914,2.0958266575112536
2408,2408,2408,0.013333333333333641,2.243076218814374,2.095445181963836
2409,2409,2409,0.015000000000001457,2.2434576943617914,2.0958266575112536
2410,2410,2410,0.016666666666666607,2.243076218814374,2.0958266575112536
2411,2411,2411,0.018333333333333535,2.2434576943617914,2.0958266575112536
2412,2412,2412,0.020000000000000462,2.2434576943617914,2.0958266575112536
2413,2413,2413,0.0216666666666665,2.2434576943617914,2.0958266575112536
2414,2414,2414,0.023333333333333428,2.2434576943617914,2.0958266575112536
2415,2415,2415,0.025000000000000355,2.243076218814374,2.0958266575112536
2416,2416,2416,0.026666666666667282,2.2434576943617914,2.0958266575112536
2417,2417,2417,0.02833333333333332,2.243839169909209,2.0958266575112536
2418,2418,2418,0.03000000000000025,2.2434576943617914,2.0958266575112536
2419,2419,2419,0.031666666666667176,2.243839169909209,2.0958266575112536
2420,2420,2420,0.033333333333333215,2.2434576943617914,2.0958266575112536
2421,2421,2421,0.03500000000000014,2.243839169909209,2.0962081330586706
2422,2422,2422,0.03666666666666707,2.243839169909209,2.0958266575112536
2423,2423,2423,0.038333333333333997,2.243839169909209,2.0962081330586706
2424,2424,2424,0.040000000000000036,2.243839169909209,2.0962081330586706
2425,2425,2425,0.04166666666666696,2.2434576943617914,2.0958266575112536
2426,2426,2426,0.04333333333333389,2.243839169909209,2.0962081330586706
2427,2427,2427,0.04499999999999993,2.243839169909209,2.0962081330586706
2428,2428,2428,0.046666666666666856,2.2442206454566263,2.0962081330586706
2429,2429,2429,0.04833333333333378,2.243839169909209,2.0962081330586706
2430,2430,2430,0.04999999999999982,2.243839169909209,2.0962081330586706
2431,2431,2431,0.05166666666666675,2.2442206454566263,2.0962081330586706
2432,2432,2432,0.05333333333333368,2.2442206454566263,2.0962081330586706
2433,2433,2433,0.05500000000000149,2.243839169909209,2.0962081330586706
2434,2434,2434,0.05666666666666664,2.2442206454566263,2.0965896086060885
2435,2435,2435,0.05833333333333357,2.243839169909209,2.0965896086060885
2436,2436,2436,0.0600000000000005,2.2442206454566263,2.0965896086060885
2437,2437,2437,0.061666666666666536,2.2442206454566263,2.0965896086060885
2438,2438,2438,0.06333333333333346,2.2442206454566263,2.0962081330586706
2439,2439,2439,0.06500000000000039,2.2442206454566263,2.0965896086060885
2440,2440,2440,0.06666666666666643,2.2442206454566263,2.0965896086060885
2441,2441,2441,0.06833333333333336,2.2446021210040437,2.0965896086060885
2442,2442,2442,0.07000000000000028,2.2446021210040437,2.0965896086060885
2443,2443,2443,0.07166666666666721,2.2446021210040437,2.0965896086060885
2444,2444,2444,0.07333333333333325,2.2446021210040437,2.0965896086060885
2445,2445,2445,0.07500000000000018,2.2446021210040437,2.096971084153506
2446,2446,2446,0.0766666666666671,2.2446021210040437,2.0965896086060885
2447,2447,2447,0.07833333333333403,2.2446021210040437,2.0965896086060885
2448,2448,2448,0.08000000000000007,2.2446021210040437,2.096971084153506
2449,2449,2449,0.081666666666667,2.244983596551461,2.096971084153506
2450,2450,2450,0.08333333333333393,2.2446021210040437,2.096971084153506
2451,2451,2451,0.08499999999999996,2.244983596551461,2.096971084153506
2452,2452,2452,0.08666666666666689,2.244983596551461,2.097352559700924
2453,2453,2453,0.08833333333333382,2.2453650720988785,2.097352559700924
2454,2454,2454,0.08999999999999986,2.244983596551461,2.097352559700924
2455,2455,2455,0.09166666666666679,2.2446021210040437,2.096971084153506
2456,2456,2456,0.09333333333333371,2.2453650720988785,2.097352559700924
2457,2457,2457,0.09500000000000153,2.2453650720988785,2.0977340352483407
2458,2458,2458,0.09666666666666668,2.2453650720988785,2.0977340352483407
2459,2459,2459,0.0983333333333336,2.2453650720988785,2.0977340352483407
2460,2460,2460,0.10000000000000053,2.244983596551461,2.0977340352483407
2461,2461,2461,0.10166666666666657,2.2453650720988785,2.098115510795758
2462,2462,2462,0.1033333333333335,2.2453650720988785,2.0977340352483407
2463,2463,2463,0.10500000000000043,2.2453650720988785,2.098115510795758
2464,2464,2464,0.10666666666666647,2.2453650720988785,2.098115510795758
2465,2465,2465,0.10833333333333339,2.2453650720988785,2.098115510795758
2466,2466,2466,0.11000000000000032,2.245746547646296,2.0984969863431755
2467,2467,2467,0.11166666666666725,2.2453650720988785,2.098115510795758
2468,2468,2468,0.11333333333333329,2.245746547646296,2.098115510795758
2469,2469,2469,0.11500000000000021,2.245746547646296,2.098115510795758
2470,2470,2470,0.11666666666666714,2.2453650720988785,2.098115510795758
2471,2471,2471,0.11833333333333318,2.245746547646296,2.0984969863431755
2472,2472,2472,0.1200000000000001,2.245746547646296,2.0984969863431755
2473,2473,2473,0.12166666666666703,2.245746547646296,2.0984969863431755
2474,2474,2474,0.12333333333333396,2.245746547646296,2.0984969863431755
2475,2475,2475,0.125,2.2453650720988785,2.0984969863431755
2476,2476,2476,0.12666666666666693,2.245746547646296,2.098878461890593
2477,2477,2477,0.12833333333333385,2.245746547646296,2.098878461890593
2478,2478,2478,0.1299999999999999,2.2461280231937133,2.098878461890593
2479,2479,2479,0.13166666666666682,2.245746547646296,2.098878461890593
2480,2480,2480,0.13333333333333375,2.245746547646296,2.0984969863431755
2481,2481,2481,0.13500000000000156,2.2461280231937133,2.098878461890593
2482,2482,2482,0.13666666666666671,2.2461280231937133,2.098878461890593
2483,2483,2483,0.13833333333333364,2.2461280231937133,2.0992599374380103
2484,2484,2484,0.14000000000000146,2.2461280231937133,2.098878461890593
2485,2485,2485,0.1416666666666666,2.245746547646296,2.098878461890593
2486,2486,2486,0.14333333333333353,2.2461280231937133,2.0992599374380103
2487,2487,2487,0.14500000000000046,2.2461280231937133,2.0992599374380103
2488,2488,2488,0.1466666666666665,2.2461280231937133,2.0992599374380103
2489,2489,2489,0.14833333333333343,2.2461280231937133,2.099641412985428
2490,2490,2490,0.15000000000000036,2.2461280231937133,2.099641412985428
2491,2491,2491,0.15166666666666728,2.2461280231937133,2.099641412985428
2492,2492,2492,0.15333333333333332,2.2465094987411307,2.099641412985428
2493,2493,2493,0.15500000000000025,2.2465094987411307,2.100022888532845
2494,2494,2494,0.15666666666666718,2.2461280231937133,2.100022888532845
2495,2495,2495,0.15833333333333321,2.2461280231937133,2.099641412985428
2496,2496,2496,0.16000000000000014,2.2465094987411307,2.100022888532845
2497,2497,2497,0.16166666666666707,2.2465094987411307,2.1004043640802625
2498,2498,2498,0.163333333333334,2.2465094987411307,2.1004043640802625
2499,2499,2499,0.16500000000000004,2.2465094987411307,2.1004043640802625
2500,2500,2500,0.16666666666666696,2.2465094987411307,2.1004043640802625
2501,2501,2501,0.1683333333333339,2.2465094987411307,2.1004043640802625
2502,2502,2502,0.16999999999999993,2.2465094987411307,2.1004043640802625
2503,2503,2503,0.17166666666666686,2.2465094987411307,2.1004043640802625
2504,2504,2504,0.17333333333333378,2.2465094987411307,2.10078583962768
2505,2505,2505,0.1750000000000016,2.2465094987411307,2.1004043640802625
2506,2506,2506,0.17666666666666675,2.246890974288548,2.10078583962768
2507,2507,2507,0.17833333333333368,2.246890974288548,2.1011673151750974
2508,2508,2508,0.1800000000000015,2.246890974288548,2.10078583962768
2509,2509,2509,0.18166666666666664,2.246890974288548,2.1011673151750974
2510,2510,2510,0.18333333333333357,2.246890974288548,2.10078583962768
2511,2511,2511,0.1850000000000005,2.246890974288548,2.1011673151750974
2512,2512,2512,0.18666666666666654,2.246890974288548,2.1011673151750974
2513,2513,2513,0.18833333333333346,2.2472724498359646,2.1011673151750974
2514,2514,2514,0.1900000000000004,2.2472724498359646,2.1015487907225148
2515,2515,2515,0.19166666666666643,2.246890974288548,2.1011673151750974
2516,2516,2516,0.19333333333333336,2.2472724498359646,2.1015487907225148
2517,2517,2517,0.19500000000000028,2.246890974288548,2.1015487907225148
2518,2518,2518,0.1966666666666672,2.247653925383384,2.1015487907225148
2519,2519,2519,0.19833333333333325,2.247653925383384,2.1015487907225148
2520,2520,2520,0.20000000000000018,2.246890974288548,2.1015487907225148
2521,2521,2521,0.2016666666666671,2.247653925383384,2.1015487907225148
2522,2522,2522,0.20333333333333403,2.247653925383384,2.101930266269932
2523,2523,2523,0.20500000000000007,2.247653925383384,2.1015487907225148
2524,2524,2524,0.206666666666667,2.247653925383384,2.101930266269932
2525,2525,2525,0.20833333333333393,2.2472724498359646,2.101930266269932
2526,2526,2526,0.20999999999999996,2.247653925383384,2.101930266269932
2527,2527,2527,0.2116666666666669,2.247653925383384,2.1023117418173496
2528,2528,2528,0.21333333333333382,2.247653925383384,2.101930266269932
2529,2529,2529,0.21499999999999986,2.247653925383384,2.1023117418173496
2530,2530,2530,0.21666666666666679,2.2472724498359646,2.1023117418173496
2531,2531,2531,0.2183333333333337,2.247653925383384,2.1023117418173496
2532,2532,2532,0.22000000000000153,2.247653925383384,2.1023117418173496
2533,2533,2533,0.22166666666666668,2.2480354009308003,2.102693217364767
2534,2534,2534,0.2233333333333336,2.2480354009308003,2.102693217364767
2535,2535,2535,0.22500000000000053,2.247653925383384,2.102693217364767
2536,2536,2536,0.22666666666666657,2.2480354009308003,2.102693217364767
2537,2537,2537,0.2283333333333335,2.2480354009308003,2.1030746929121844
2538,2538,2538,0.23000000000000043,2.2480354009308003,2.1030746929121844
2539,2539,2539,0.23166666666666647,2.2480354009308003,2.1030746929121844
2540,2540,2540,0.2333333333333334,2.247653925383384,2.102693217364767
2541,2541,2541,0.23500000000000032,2.2480354009308003,2.1030746929121844
2542,2542,2542,0.23666666666666725,2.2480354009308003,2.103456168459602
2543,2543,2543,0.23833333333333329,2.2484168764782178,2.103456168459602
2544,2544,2544,0.2400000000000002,2.2480354009308003,2.103456168459602
2545,2545,2545,0.24166666666666714,2.2480354009308003,2.103456168459602
2546,2546,2546,0.24333333333333318,2.2484168764782178,2.103456168459602
2547,2547,2547,0.2450000000000001,2.2480354009308003,2.103456168459602
2548,2548,2548,0.24666666666666703,2.2480354009308003,2.1038376440070192
2549,2549,2549,0.24833333333333396,2.2484168764782178,2.103456168459602
2550,2550,2550,0.25,2.2480354009308003,2.103456168459602
2551,2551,2551,0.2516666666666669,2.2484168764782178,2.1038376440070192
2552,2552,2552,0.25333333333333385,2.2484168764782178,2.1038376440070192
2553,2553,2553,0.2549999999999999,2.2484168764782178,2.1038376440070192
2554,2554,2554,0.2566666666666668,2.2484168764782178,2.1038376440070192
2555,2555,2555,0.25833333333333375,2.2480354009308003,2.1038376440070192
2556,2556,2556,0.26000000000000156,2.2484168764782178,2.1042191195544366
2557,2557,2557,0.2616666666666667,2.2487983520256347,2.1038376440070192
2558,2558,2558,0.26333333333333364,2.2484168764782178,2.1038376440070192
2559,2559,2559,0.26500000000000146,2.2484168764782178,2.1042191195544366
2560,2560,2560,0.2666666666666666,2.2484168764782178,2.1042191195544366
2561,2561,2561,0.26833333333333353,2.2484168764782178,2.104600595101854
2562,2562,2562,0.27000000000000046,2.2484168764782178,2.104600595101854
2563,2563,2563,0.2716666666666665,2.2487983520256347,2.1042191195544366
2564,2564,2564,0.27333333333333343,2.2484168764782178,2.104600595101854
2565,2565,2565,0.27500000000000036,2.2484168764782178,2.1042191195544366
2566,2566,2566,0.2766666666666673,2.2487983520256347,2.104600595101854
2567,2567,2567,0.2783333333333333,2.2487983520256347,2.1049820706492715
2568,2568,2568,0.28000000000000025,2.2487983520256347,2.104600595101854
2569,2569,2569,0.2816666666666672,2.2484168764782178,2.1049820706492715
2570,2570,2570,0.2833333333333332,2.2484168764782178,2.104600595101854
2571,2571,2571,0.28500000000000014,2.2487983520256347,2.1049820706492715
2572,2572,2572,0.28666666666666707,2.2484168764782178,2.105363546196689
2573,2573,2573,0.288333333333334,2.2487983520256347,2.1049820706492715
2574,2574,2574,0.29000000000000004,2.2484168764782178,2.1049820706492715
2575,2575,2575,0.29166666666666696,2.2487983520256347,2.105363546196689
2576,2576,2576,0.2933333333333339,2.2487983520256347,2.105363546196689
2577,2577,2577,0.29499999999999993,2.2487983520256347,2.105363546196689
2578,2578,2578,0.29666666666666686,2.2491798275730535,2.105363546196689
2579,2579,2579,0.2983333333333338,2.2487983520256347,2.105363546196689
2580,2580,2580,0.3000000000000016,2.2487983520256347,2.105363546196689
2581,2581,2581,0.30166666666666675,2.2491798275730535,2.1057450217441063
2582,2582,2582,0.3033333333333337,2.2487983520256347,2.1057450217441063
2583,2583,2583,0.3050000000000015,2.2487983520256347,2.1057450217441063
2584,2584,2584,0.30666666666666664,2.2487983520256347,2.1057450217441063
2585,2585,2585,0.30833333333333357,2.2487983520256347,2.1057450217441063
2586,2586,2586,0.3100000000000005,2.2487983520256347,2.106126497291524
2587,2587,2587,0.31166666666666654,2.2487983520256347,2.1057450217441063
2588,2588,2588,0.31333333333333346,2.2491798275730535,2.106126497291524
2589,2589,2589,0.3150000000000004,2.2491798275730535,2.106126497291524
2590,2590,2590,0.31666666666666643,2.2487983520256347,2.106126497291524
2591,2591,2591,0.31833333333333336,2.2491798275730535,2.106126497291524
2592,2592,2592,0.3200000000000003,2.2491798275730535,2.106126497291524
2593,2593,2593,0.3216666666666672,2.2491798275730535,2.106507972838941
2594,2594,2594,0.32333333333333325,2.2491798275730535,2.106507972838941
2595,2595,2595,0.3250000000000002,2.2487983520256347,2.106507972838941
2596,2596,2596,0.3266666666666671,2.2491798275730535,2.106126497291524
2597,2597,2597,0.32833333333333403,2.2491798275730535,2.106507972838941
2598,2598,2598,0.33000000000000007,2.2487983520256347,2.106507972838941
2599,2599,2599,0.331666666666667,2.2491798275730535,2.106507972838941
2600,2600,2600,0.3333333333333339,2.2487983520256347,2.106507972838941
2601,2601,2601,0.33499999999999996,2.2491798275730535,2.106507972838941
2602,2602,2602,0.3366666666666669,2.2491798275730535,2.1068894483863585
2603,2603,2603,0.3383333333333338,2.2491798275730535,2.1068894483863585
2604,2604,2604,0.33999999999999986,2.2491798275730535,2.1068894483863585
2605,2605,2605,0.3416666666666668,2.2487983520256347,2.106507972838941
2606,2606,2606,0.3433333333333337,2.2491798275730535,2.107270923933776
2607,2607,2607,0.3450000000000015,2.2491798275730535,2.1068894483863585
2608,2608,2608,0.3466666666666667,2.2491798275730535,2.107270923933776
2609,2609,2609,0.3483333333333336,2.2491798275730535,2.107270923933776
2610,2610,2610,0.35000000000000053,2.2491798275730535,2.1068894483863585
2611,2611,2611,0.35166666666666657,2.2491798275730535,2.107270923933776
2612,2612,2612,0.3533333333333335,2.2495613031204704,2.107270923933776
2613,2613,2613,0.3550000000000004,2.2491798275730535,2.107270923933776
2614,2614,2614,0.35666666666666647,2.2491798275730535,2.107270923933776
2615,2615,2615,0.3583333333333334,2.2491798275730535,2.107270923933776
2616,2616,2616,0.3600000000000003,2.2495613031204704,2.107270923933776
2617,2617,2617,0.36166666666666725,2.2495613031204704,2.1076523994811933
2618,2618,2618,0.3633333333333333,2.2491798275730535,2.1076523994811933
2619,2619,2619,0.3650000000000002,2.2495613031204704,2.1076523994811933
2620,2620,2620,0.36666666666666714,2.2491798275730535,2.107270923933776
2621,2621,2621,0.3683333333333332,2.2491798275730535,2.1076523994811933
2622,2622,2622,0.3700000000000001,2.2495613031204704,2.1076523994811933
2623,2623,2623,0.37166666666666703,2.2495613031204704,2.1076523994811933
2624,2624,2624,0.37333333333333396,2.2491798275730535,2.1080338750286107
2625,2625,2625,0.375,2.2491798275730535,2.1076523994811933
2626,2626,2626,0.3766666666666669,2.2491798275730535,2.1076523994811933
2627,2627,2627,0.37833333333333385,2.2495613031204704,2.1080338750286107
2628,2628,2628,0.3799999999999999,2.2491798275730535,2.1080338750286107
2629,2629,2629,0.3816666666666668,2.2495613031204704,2.1080338750286107
2630,2630,2630,0.38333333333333375,2.2491798275730535,2.1080338750286107
2631,2631,2631,0.38500000000000156,2.2491798275730535,2.108415350576028
2632,2632,2632,0.3866666666666667,2.2491798275730535,2.1080338750286107
2633,2633,2633,0.38833333333333364,2.2495613031204704,2.108415350576028
2634,2634,2634,0.39000000000000146,2.2491798275730535,2.108796826123445
2635,2635,2635,0.3916666666666666,2.2495613031204704,2.1080338750286107
2636,2636,2636,0.39333333333333353,2.2495613031204704,2.108415350576028
2637,2637,2637,0.39500000000000046,2.2495613031204704,2.108796826123445
2638,2638,2638,0.3966666666666665,2.2495613031204704,2.108415350576028
2639,2639,2639,0.39833333333333343,2.2495613031204704,2.108415350576028
2640,2640,2640,0.40000000000000036,2.2495613031204704,2.108796826123445
2641,2641,2641,0.4016666666666673,2.2495613031204704,2.108796826123445
2642,2642,2642,0.4033333333333333,2.2491798275730535,2.108796826123445
2643,2643,2643,0.40500000000000025,2.2495613031204704,2.109178301670863
2644,2644,2644,0.4066666666666672,2.2495613031204704,2.109178301670863
2645,2645,2645,0.4083333333333332,2.2495613031204704,2.108796826123445
2646,2646,2646,0.41000000000000014,2.2499427786678874,2.109178301670863
2647,2647,2647,0.41166666666666707,2.2495613031204704,2.109178301670863
2648,2648,2648,0.413333333333334,2.2499427786678874,2.109178301670863
2649,2649,2649,0.41500000000000004,2.2499427786678874,2.109178301670863
2650,2650,2650,0.41666666666666696,2.2495613031204704,2.109178301670863
2651,2651,2651,0.4183333333333339,2.2499427786678874,2.109178301670863
2652,2652,2652,0.41999999999999993,2.2499427786678874,2.1095597772182804
2653,2653,2653,0.42166666666666686,2.2495613031204704,2.109178301670863
2654,2654,2654,0.4233333333333338,2.2495613031204704,2.109178301670863
2655,2655,2655,0.4250000000000016,2.2495613031204704,2.109178301670863
2656,2656,2656,0.42666666666666675,2.2499427786678874,2.1095597772182804
2657,2657,2657,0.4283333333333337,2.2499427786678874,2.109178301670863
2658,2658,2658,0.4300000000000015,2.2499427786678874,2.1095597772182804
2659,2659,2659,0.43166666666666664,2.2499427786678874,2.1095597772182804
2660,2660,2660,0.43333333333333357,2.2499427786678874,2.1095597772182804
2661,2661,2661,0.4350000000000005,2.2499427786678874,2.1095597772182804
2662,2662,2662,0.43666666666666654,2.2499427786678874,2.1099412527656978
2663,2663,2663,0.43833333333333346,2.250324254215305,2.1099412527656978
2664,2664,2664,0.4400000000000004,2.250324254215305,2.1095597772182804
2665,2665,2665,0.44166666666666643,2.2499427786678874,2.1099412527656978
2666,2666,2666,0.44333333333333336,2.2499427786678874,2.1099412527656978
2667,2667,2667,0.4450000000000003,2.2499427786678874,2.1099412527656978
2668,2668,2668,0.4466666666666672,2.250324254215305,2.1099412527656978
2669,2669,2669,0.44833333333333325,2.250324254215305,2.1099412527656978
2670,2670,2670,0.4500000000000002,2.2495613031204704,2.1099412527656978
2671,2671,2671,0.4516666666666671,2.250324254215305,2.1103227283131147
2672,2672,2672,0.45333333333333403,2.250324254215305,2.1099412527656978
2673,2673,2673,0.45500000000000007,2.2499427786678874,2.1099412527656978
2674,2674,2674,0.456666666666667,2.250324254215305,2.1103227283131147
2675,2675,2675,0.4583333333333339,2.2499427786678874,2.1103227283131147
2676,2676,2676,0.45999999999999996,2.2499427786678874,2.1103227283131147
2677,2677,2677,0.4616666666666669,2.250324254215305,2.1103227283131147
2678,2678,2678,0.4633333333333338,2.250324254215305,2.1103227283131147
2679,2679,2679,0.46499999999999986,2.250324254215305,2.1103227283131147
2680,2680,2680,0.4666666666666668,2.2507057297627218,2.1103227283131147
2681,2681,2681,0.4683333333333337,2.250324254215305,2.1107042038605326
2682,2682,2682,0.4700000000000015,2.250324254215305,2.1103227283131147
2683,2683,2683,0.4716666666666667,2.250324254215305,2.1103227283131147
2684,2684,2684,0.4733333333333336,2.250324254215305,2.1107042038605326
2685,2685,2685,0.47500000000000053,2.2507057297627218,2.1107042038605326
2686,2686,2686,0.47666666666666657,2.250324254215305,2.11108567940795
2687,2687,2687,0.4783333333333335,2.2507057297627218,2.11108567940795
2688,2688,2688,0.4800000000000004,2.2507057297627218,2.11108567940795
2689,2689,2689,0.48166666666666647,2.250324254215305,2.11108567940795
2690,2690,2690,0.4833333333333334,2.250324254215305,2.11108567940795
2691,2691,2691,0.4850000000000003,2.2507057297627218,2.11108567940795
2692,2692,2692,0.48666666666666725,2.2507057297627218,2.1114671549553674
2693,2693,2693,0.4883333333333333,2.2507057297627218,2.11108567940795
2694,2694,2694,0.4900000000000002,2.250324254215305,2.11108567940795
2695,2695,2695,0.49166666666666714,2.2507057297627218,2.11108567940795
2696,2696,2696,0.4933333333333332,2.2507057297627218,2.11108567940795
2697,2697,2697,0.4950000000000001,2.2507057297627218,2.1114671549553674
2698,2698,2698,0.49666666666666703,2.2507057297627218,2.1114671549553674
2699,2699,2699,0.49833333333333396,2.2507057297627218,2.1114671549553674
2700,2700,2700,0.5,2.2507057297627218,2.1114671549553674
2701,2701,2701,0.5016666666666669,2.25108720531014,2.1114671549553674
2702,2702,2702,0.5033333333333339,2.2507057297627218,2.1114671549553674
2703,2703,2703,0.5049999999999999,2.25108720531014,2.1114671549553674
2704,2704,2704,0.5066666666666668,2.25108720531014,2.111848630502785
2705,2705,2705,0.5083333333333337,2.2507057297627218,2.1114671549553674
2706,2706,2706,0.5100000000000016,2.25108720531014,2.1114671549553674
2707,2707,2707,0.5116666666666667,2.25108720531014,2.111848630502785
2708,2708,2708,0.5133333333333336,2.25108720531014,2.111848630502785
2709,2709,2709,0.5150000000000015,2.25108720531014,2.111848630502785
2710,2710,2710,0.5166666666666666,2.25108720531014,2.111848630502785
2711,2711,2711,0.5183333333333335,2.2514686808575566,2.111848630502785
2712,2712,2712,0.5200000000000005,2.2514686808575566,2.1122301060502022
2713,2713,2713,0.5216666666666665,2.2514686808575566,2.111848630502785
2714,2714,2714,0.5233333333333334,2.2514686808575566,2.111848630502785
2715,2715,2715,0.5250000000000004,2.2514686808575566,2.111848630502785
2716,2716,2716,0.5266666666666673,2.2514686808575566,2.1122301060502022
2717,2717,2717,0.5283333333333333,2.2514686808575566,2.1122301060502022
2718,2718,2718,0.5300000000000002,2.2514686808575566,2.1122301060502022
2719,2719,2719,0.5316666666666672,2.2514686808575566,2.1122301060502022
2720,2720,2720,0.5333333333333332,2.2514686808575566,2.1122301060502022
2721,2721,2721,0.5350000000000001,2.2518501564049744,2.1122301060502022
2722,2722,2722,0.5366666666666671,2.2518501564049744,2.1122301060502022
2723,2723,2723,0.538333333333334,2.2518501564049744,2.1122301060502022
2724,2724,2724,0.54,2.2518501564049744,2.1122301060502022
2725,2725,2725,0.541666666666667,2.2518501564049744,2.1122301060502022
2726,2726,2726,0.5433333333333339,2.2522316319523923,2.11261158159762
2727,2727,2727,0.5449999999999999,2.2522316319523923,2.1122301060502022
2728,2728,2728,0.5466666666666669,2.2522316319523923,2.11261158159762
2729,2729,2729,0.5483333333333338,2.2526131074998093,2.11261158159762
2730,2730,2730,0.5500000000000016,2.2522316319523923,2.1122301060502022
2731,2731,2731,0.5516666666666667,2.2526131074998093,2.1122301060502022
2732,2732,2732,0.5533333333333337,2.2522316319523923,2.11261158159762
2733,2733,2733,0.5550000000000015,2.2526131074998093,2.11261158159762
2734,2734,2734,0.5566666666666666,2.2526131074998093,2.11261158159762
2735,2735,2735,0.5583333333333336,2.2522316319523923,2.11261158159762
2736,2736,2736,0.5600000000000005,2.2529945830472267,2.1129930571450366
2737,2737,2737,0.5616666666666665,2.2529945830472267,2.1129930571450366
2738,2738,2738,0.5633333333333335,2.2529945830472267,2.11261158159762
2739,2739,2739,0.5650000000000004,2.253376058594644,2.11261158159762
2740,2740,2740,0.5666666666666664,2.2529945830472267,2.11261158159762
2741,2741,2741,0.5683333333333334,2.2529945830472267,2.1129930571450366
2742,2742,2742,0.5700000000000003,2.253757534142061,2.1129930571450366
2743,2743,2743,0.5716666666666672,2.253757534142061,2.1129930571450366
2744,2744,2744,0.5733333333333333,2.253757534142061,2.1129930571450366
2745,2745,2745,0.5750000000000002,2.253757534142061,2.1129930571450366
2746,2746,2746,0.5766666666666671,2.253757534142061,2.1133745326924545
2747,2747,2747,0.578333333333334,2.254139009689479,2.1129930571450366
2748,2748,2748,0.5800000000000001,2.254139009689479,2.1129930571450366
2749,2749,2749,0.581666666666667,2.254139009689479,2.1129930571450366
2750,2750,2750,0.5833333333333339,2.254139009689479,2.1129930571450366
2751,2751,2751,0.585,2.2545204852368963,2.1133745326924545
2752,2752,2752,0.5866666666666669,2.2545204852368963,2.1133745326924545
2753,2753,2753,0.5883333333333338,2.2545204852368963,2.1133745326924545
2754,2754,2754,0.5899999999999999,2.2545204852368963,2.1133745326924545
2755,2755,2755,0.5916666666666668,2.2545204852368963,2.1133745326924545
2756,2756,2756,0.5933333333333337,2.2549019607843137,2.1133745326924545
2757,2757,2757,0.5950000000000015,2.2549019607843137,2.1133745326924545
2758,2758,2758,0.5966666666666667,2.255283436331731,2.113756008239872
2759,2759,2759,0.5983333333333336,2.255283436331731,2.113756008239872
2760,2760,2760,0.6000000000000005,2.2549019607843137,2.1133745326924545
2761,2761,2761,0.6016666666666666,2.255283436331731,2.113756008239872
2762,2762,2762,0.6033333333333335,2.255283436331731,2.1141374837872893
2763,2763,2763,0.6050000000000004,2.2556649118791485,2.1141374837872893
2764,2764,2764,0.6066666666666665,2.2556649118791485,2.1141374837872893
2765,2765,2765,0.6083333333333334,2.2556649118791485,2.113756008239872
2766,2766,2766,0.6100000000000003,2.256046387426566,2.1141374837872893
2767,2767,2767,0.6116666666666672,2.256046387426566,2.1141374837872893
2768,2768,2768,0.6133333333333333,2.256427862973984,2.1141374837872893
2769,2769,2769,0.6150000000000002,2.256046387426566,2.1145189593347067
2770,2770,2770,0.6166666666666671,2.256427862973984,2.1141374837872893
2771,2771,2771,0.6183333333333341,2.2568093385214008,2.1141374837872893
2772,2772,2772,0.6200000000000001,2.256427862973984,2.1145189593347067
2773,2773,2773,0.621666666666667,2.2568093385214008,2.1145189593347067
2774,2774,2774,0.623333333333334,2.2568093385214008,2.1141374837872893
2775,2775,2775,0.625,2.2568093385214008,2.1141374837872893
2776,2776,2776,0.6266666666666669,2.2571908140688186,2.1145189593347067
2777,2777,2777,0.6283333333333339,2.2571908140688186,2.1145189593347067
2778,2778,2778,0.6299999999999999,2.2571908140688186,2.1145189593347067
2779,2779,2779,0.6316666666666668,2.2575722896162356,2.1145189593347067
2780,2780,2780,0.6333333333333337,2.2575722896162356,2.1145189593347067
2781,2781,2781,0.6350000000000016,2.2575722896162356,2.114900434882124
2782,2782,2782,0.6366666666666667,2.2575722896162356,2.1145189593347067
2783,2783,2783,0.6383333333333336,2.2575722896162356,2.114900434882124
2784,2784,2784,0.6400000000000015,2.257953765163653,2.1145189593347067
2785,2785,2785,0.6416666666666666,2.2575722896162356,2.1145189593347067
2786,2786,2786,0.6433333333333335,2.257953765163653,2.114900434882124
2787,2787,2787,0.6450000000000005,2.257953765163653,2.114900434882124
2788,2788,2788,0.6466666666666665,2.2583352407110704,2.114900434882124
2789,2789,2789,0.6483333333333334,2.258716716258488,2.114900434882124
2790,2790,2790,0.6500000000000004,2.2583352407110704,2.114900434882124
2791,2791,2791,0.6516666666666673,2.2590981918059048,2.114900434882124
2792,2792,2792,0.6533333333333333,2.2590981918059048,2.114900434882124
2793,2793,2793,0.6550000000000002,2.258716716258488,2.114900434882124
2794,2794,2794,0.6566666666666672,2.2590981918059048,2.115281910429541
2795,2795,2795,0.6583333333333332,2.2590981918059048,2.114900434882124
2796,2796,2796,0.6600000000000001,2.2590981918059048,2.115281910429541
2797,2797,2797,0.6616666666666671,2.2594796673533226,2.115281910429541
2798,2798,2798,0.663333333333334,2.2594796673533226,2.115281910429541
2799,2799,2799,0.665,2.25986114290074,2.115281910429541
2800,2800,2800,0.666666666666667,2.25986114290074,2.115281910429541
2801,2801,2801,0.6683333333333339,2.25986114290074,2.115281910429541
2802,2802,2802,0.6699999999999999,2.25986114290074,2.115281910429541
2803,2803,2803,0.6716666666666669,2.25986114290074,2.115281910429541
2804,2804,2804,0.6733333333333338,2.2602426184481565,2.115281910429541
2805,2805,2805,0.6750000000000016,2.25986114290074,2.115281910429541
2806,2806,2806,0.6766666666666667,2.2602426184481565,2.115281910429541
2807,2807,2807,0.6783333333333337,2.2602426184481565,2.115281910429541
2808,2808,2808,0.6800000000000015,2.2602426184481565,2.115663385976959
2809,2809,2809,0.6816666666666666,2.2606240939955757,2.115663385976959
2810,2810,2810,0.6833333333333336,2.2602426184481565,2.115281910429541
2811,2811,2811,0.6850000000000005,2.2610055695429923,2.115663385976959
2812,2812,2812,0.6866666666666665,2.2613870450904097,2.115663385976959
2813,2813,2813,0.6883333333333335,2.2613870450904097,2.115663385976959
2814,2814,2814,0.6900000000000004,2.2613870450904097,2.115663385976959
2815,2815,2815,0.6916666666666664,2.2610055695429923,2.115663385976959
2816,2816,2816,0.6933333333333334,2.2613870450904097,2.115663385976959
2817,2817,2817,0.6950000000000003,2.261768520637826,2.1160448615243763
2818,2818,2818,0.6966666666666672,2.261768520637826,2.115663385976959
2819,2819,2819,0.6983333333333333,2.261768520637826,2.1160448615243763
2820,2820,2820,0.7000000000000002,2.261768520637826,2.115663385976959
2821,2821,2821,0.7016666666666671,2.2621499961852445,2.115663385976959
2822,2822,2822,0.703333333333334,2.2621499961852445,2.115663385976959
2823,2823,2823,0.7050000000000001,2.2621499961852445,2.1160448615243763
2824,2824,2824,0.706666666666667,2.2621499961852445,2.1160448615243763
2825,2825,2825,0.7083333333333339,2.2621499961852445,2.115663385976959
2826,2826,2826,0.71,2.262531471732662,2.1160448615243763
2827,2827,2827,0.7116666666666669,2.262531471732662,2.1160448615243763
2828,2828,2828,0.7133333333333338,2.262531471732662,2.1160448615243763
2829,2829,2829,0.7150000000000016,2.262531471732662,2.1160448615243763
2830,2830,2830,0.7166666666666668,2.262531471732662,2.1160448615243763
2831,2831,2831,0.7183333333333337,2.26291294728008,2.1160448615243763
2832,2832,2832,0.7200000000000015,2.26291294728008,2.1164263370717937
2833,2833,2833,0.7216666666666667,2.26291294728008,2.1164263370717937
2834,2834,2834,0.7233333333333336,2.2632944228274967,2.1164263370717937
2835,2835,2835,0.7250000000000005,2.26291294728008,2.1160448615243763
2836,2836,2836,0.7266666666666666,2.2632944228274967,2.1164263370717937
2837,2837,2837,0.7283333333333335,2.2632944228274967,2.1164263370717937
2838,2838,2838,0.7300000000000004,2.2632944228274967,2.1164263370717937
2839,2839,2839,0.7316666666666665,2.2632944228274967,2.1164263370717937
2840,2840,2840,0.7333333333333334,2.263675898374914,2.1164263370717937
2841,2841,2841,0.7350000000000003,2.2640573739223315,2.1164263370717937
2842,2842,2842,0.7366666666666672,2.2640573739223315,2.1164263370717937
2843,2843,2843,0.7383333333333333,2.2640573739223315,2.1164263370717937
2844,2844,2844,0.7400000000000002,2.2640573739223315,2.116807812619211
2845,2845,2845,0.7416666666666671,2.2640573739223315,2.1164263370717937
2846,2846,2846,0.7433333333333341,2.264438849469749,2.116807812619211
2847,2847,2847,0.7450000000000001,2.264438849469749,2.116807812619211
2848,2848,2848,0.746666666666667,2.264438849469749,2.116807812619211
2849,2849,2849,0.748333333333334,2.2648203250171663,2.116807812619211
2850,2850,2850,0.75,2.264438849469749,2.116807812619211
2851,2851,2851,0.7516666666666669,2.2648203250171663,2.116807812619211
2852,2852,2852,0.7533333333333339,2.2648203250171663,2.116807812619211
2853,2853,2853,0.7549999999999999,2.2648203250171663,2.1171892881666285
2854,2854,2854,0.7566666666666668,2.2648203250171663,2.116807812619211
2855,2855,2855,0.7583333333333337,2.2648203250171663,2.116807812619211
2856,2856,2856,0.7600000000000016,2.2652018005645838,2.1171892881666285
2857,2857,2857,0.7616666666666667,2.2652018005645838,2.1171892881666285
2858,2858,2858,0.7633333333333336,2.2652018005645838,2.1171892881666285
2859,2859,2859,0.7650000000000015,2.2652018005645838,2.1171892881666285
2860,2860,2860,0.7666666666666666,2.2652018005645838,2.116807812619211
2861,2861,2861,0.7683333333333335,2.2655832761120007,2.1171892881666285
2862,2862,2862,0.7700000000000005,2.2655832761120007,2.1171892881666285
2863,2863,2863,0.7716666666666665,2.2655832761120007,2.1171892881666285
2864,2864,2864,0.7733333333333334,2.2655832761120007,2.1171892881666285
2865,2865,2865,0.7750000000000004,2.2655832761120007,2.1171892881666285
2866,2866,2866,0.7766666666666673,2.2659647516594186,2.1171892881666285
2867,2867,2867,0.7783333333333333,2.2659647516594186,2.1171892881666285
2868,2868,2868,0.7800000000000002,2.2659647516594186,2.1171892881666285
2869,2869,2869,0.7816666666666672,2.2659647516594186,2.1171892881666285
2870,2870,2870,0.7833333333333332,2.2659647516594186,2.117570763714046
2871,2871,2871,0.7850000000000001,2.266346227206836,2.1171892881666285
2872,2872,2872,0.7866666666666671,2.2667277027542534,2.1171892881666285
2873,2873,2873,0.788333333333334,2.2667277027542534,2.117570763714046
2874,2874,2874,0.79,2.2667277027542534,2.117570763714046
2875,2875,2875,0.791666666666667,2.266346227206836,2.1171892881666285
2876,2876,2876,0.7933333333333339,2.2667277027542534,2.117570763714046
2877,2877,2877,0.7949999999999999,2.2667277027542534,2.117570763714046
2878,2878,2878,0.7966666666666669,2.267109178301671,2.1179522392614643
2879,2879,2879,0.7983333333333338,2.267109178301671,2.117570763714046
2880,2880,2880,0.8000000000000016,2.2667277027542534,2.117570763714046
2881,2881,2881,0.8016666666666667,2.267109178301671,2.117570763714046
2882,2882,2882,0.8033333333333337,2.267490653849088,2.117570763714046
2883,2883,2883,0.8050000000000015,2.267490653849088,2.117570763714046
2884,2884,2884,0.8066666666666666,2.267109178301671,2.1179522392614643
2885,2885,2885,0.8083333333333336,2.267109178301671,2.117570763714046
2886,2886,2886,0.8100000000000005,2.267490653849088,2.117570763714046
2887,2887,2887,0.8116666666666665,2.267490653849088,2.1179522392614643
2888,2888,2888,0.8133333333333335,2.2678721293965056,2.117570763714046
2889,2889,2889,0.8150000000000004,2.267490653849088,2.1179522392614643
2890,2890,2890,0.8166666666666664,2.267490653849088,2.117570763714046
2891,2891,2891,0.8183333333333334,2.2678721293965056,2.1179522392614643
2892,2892,2892,0.8200000000000003,2.2678721293965056,2.1179522392614643
2893,2893,2893,0.8216666666666672,2.2678721293965056,2.1179522392614643
2894,2894,2894,0.8233333333333333,2.2678721293965056,2.1179522392614643
2895,2895,2895,0.8250000000000002,2.2678721293965056,2.1179522392614643
2896,2896,2896,0.8266666666666671,2.2682536049439235,2.1179522392614643
2897,2897,2897,0.828333333333334,2.2682536049439235,2.1179522392614643
2898,2898,2898,0.8300000000000001,2.2682536049439235,2.1179522392614643
2899,2899,2899,0.831666666666667,2.2682536049439235,2.1179522392614643
2900,2900,2900,0.8333333333333339,2.2682536049439235,2.1183337148088808
2901,2901,2901,0.835,2.2682536049439235,2.1179522392614643
2902,2902,2902,0.8366666666666669,2.2686350804913404,2.1179522392614643
2903,2903,2903,0.8383333333333338,2.2686350804913404,2.1183337148088808
2904,2904,2904,0.8400000000000016,2.2686350804913404,2.1183337148088808
2905,2905,2905,0.8416666666666668,2.2682536049439235,2.1179522392614643
2906,2906,2906,0.8433333333333337,2.2686350804913404,2.1183337148088808
2907,2907,2907,0.8450000000000015,2.2690165560387583,2.1183337148088808
2908,2908,2908,0.8466666666666667,2.2690165560387583,2.1183337148088808
2909,2909,2909,0.8483333333333336,2.2690165560387583,2.1183337148088808
2910,2910,2910,0.8500000000000005,2.2686350804913404,2.1183337148088808
2911,2911,2911,0.8516666666666666,2.269398031586176,2.1183337148088808
2912,2912,2912,0.8533333333333335,2.2697795071335927,2.1183337148088808
2913,2913,2913,0.8550000000000004,2.269398031586176,2.1183337148088808
2914,2914,2914,0.8566666666666665,2.269398031586176,2.1183337148088808
2915,2915,2915,0.8583333333333334,2.2690165560387583,2.1183337148088808
2916,2916,2916,0.8600000000000003,2.2697795071335927,2.1183337148088808
2917,2917,2917,0.8616666666666672,2.2697795071335927,2.118715190356298
2918,2918,2918,0.8633333333333333,2.2697795071335927,2.118715190356298
2919,2919,2919,0.8650000000000002,2.2697795071335927,2.1183337148088808
2920,2920,2920,0.8666666666666671,2.269398031586176,2.1183337148088808
2921,2921,2921,0.8683333333333341,2.2697795071335927,2.1183337148088808
2922,2922,2922,0.8700000000000001,2.2701609826810096,2.118715190356298
2923,2923,2923,0.871666666666667,2.2697795071335927,2.1183337148088808
2924,2924,2924,0.873333333333334,2.2701609826810096,2.118715190356298
2925,2925,2925,0.875,2.2697795071335927,2.1183337148088808
2926,2926,2926,0.8766666666666669,2.2701609826810096,2.1183337148088808
2927,2927,2927,0.8783333333333339,2.2701609826810096,2.118715190356298
2928,2928,2928,0.8799999999999999,2.2701609826810096,2.118715190356298
2929,2929,2929,0.8816666666666668,2.2701609826810096,2.118715190356298
2930,2930,2930,0.8833333333333337,2.2701609826810096,2.118715190356298
2931,2931,2931,0.8850000000000016,2.2701609826810096,2.118715190356298
2932,2932,2932,0.8866666666666667,2.2705424582284275,2.118715190356298
2933,2933,2933,0.8883333333333336,2.2705424582284275,2.118715190356298
2934,2934,2934,0.8900000000000015,2.2705424582284275,2.118715190356298
2935,2935,2935,0.8916666666666666,2.2705424582284275,2.118715190356298
2936,2936,2936,0.8933333333333335,2.2709239337758453,2.118715190356298
2937,2937,2937,0.8950000000000005,2.2705424582284275,2.1190966659037156
2938,2938,2938,0.8966666666666665,2.2705424582284275,2.118715190356298
2939,2939,2939,0.8983333333333334,2.2709239337758453,2.1190966659037156
2940,2940,2940,0.9000000000000004,2.2709239337758453,2.1190966659037156
2941,2941,2941,0.9016666666666673,2.2709239337758453,2.1190966659037156
2942,2942,2942,0.9033333333333333,2.2709239337758453,2.1190966659037156
2943,2943,2943,0.9050000000000002,2.2709239337758453,2.1190966659037156
2944,2944,2944,0.9066666666666672,2.2709239337758453,2.119478141451133
2945,2945,2945,0.9083333333333332,2.2709239337758453,2.1190966659037156
2946,2946,2946,0.9100000000000001,2.2713054093232623,2.119478141451133
2947,2947,2947,0.9116666666666671,2.2713054093232623,2.119478141451133
2948,2948,2948,0.913333333333334,2.2713054093232623,2.119478141451133
2949,2949,2949,0.915,2.2713054093232623,2.119478141451133
2950,2950,2950,0.916666666666667,2.2713054093232623,2.119478141451133
2951,2951,2951,0.9183333333333339,2.27168688487068,2.1198596169985504
2952,2952,2952,0.9199999999999999,2.27168688487068,2.119478141451133
2953,2953,2953,0.9216666666666669,2.27168688487068,2.1198596169985504
2954,2954,2954,0.9233333333333338,2.27168688487068,2.119478141451133
2955,2955,2955,0.9250000000000016,2.2713054093232623,2.119478141451133
2956,2956,2956,0.9266666666666667,2.27168688487068,2.119478141451133
2957,2957,2957,0.9283333333333337,2.2720683604180967,2.1198596169985504
2958,2958,2958,0.9300000000000015,2.2720683604180967,2.1198596169985504
2959,2959,2959,0.9316666666666666,2.2720683604180967,2.1198596169985504
2960,2960,2960,0.9333333333333336,2.2720683604180967,2.119478141451133
2961,2961,2961,0.9350000000000005,2.2724498359655145,2.1198596169985504
2962,2962,2962,0.9366666666666665,2.2724498359655145,2.1198596169985504
2963,2963,2963,0.9383333333333335,2.2724498359655145,2.1198596169985504
2964,2964,2964,0.9400000000000004,2.2724498359655145,2.120241092545968
2965,2965,2965,0.9416666666666664,2.2720683604180967,2.1198596169985504
2966,2966,2966,0.9433333333333334,2.2724498359655145,2.120241092545968
2967,2967,2967,0.9450000000000003,2.2724498359655145,2.1198596169985504
2968,2968,2968,0.9466666666666672,2.2724498359655145,2.120241092545968
2969,2969,2969,0.9483333333333333,2.2724498359655145,2.120241092545968
2970,2970,2970,0.9500000000000002,2.2724498359655145,2.1198596169985504
2971,2971,2971,0.9516666666666671,2.2728313115129315,2.1198596169985504
2972,2972,2972,0.953333333333334,2.2728313115129315,2.120241092545968
2973,2973,2973,0.9550000000000001,2.2728313115129315,2.120241092545968
2974,2974,2974,0.956666666666667,2.2732127870603493,2.120241092545968
2975,2975,2975,0.9583333333333339,2.2724498359655145,2.120241092545968
2976,2976,2976,0.96,2.2732127870603493,2.120241092545968
2977,2977,2977,0.9616666666666669,2.2728313115129315,2.120241092545968
2978,2978,2978,0.9633333333333338,2.2732127870603493,2.120241092545968
2979,2979,2979,0.9650000000000016,2.2732127870603493,2.120241092545968
2980,2980,2980,0.9666666666666668,2.2728313115129315,2.120241092545968
2981,2981,2981,0.9683333333333337,2.2732127870603493,2.1206225680933852
2982,2982,2982,0.9700000000000015,2.2732127870603493,2.120241092545968
2983,2983,2983,0.9716666666666667,2.2732127870603493,2.1206225680933852
2984,2984,2984,0.9733333333333336,2.2735942626077668,2.1206225680933852
2985,2985,2985,0.9750000000000005,2.2732127870603493,2.1206225680933852
2986,2986,2986,0.9766666666666666,2.2735942626077668,2.1206225680933852
2987,2987,2987,0.9783333333333335,2.2735942626077668,2.1206225680933852
2988,2988,2988,0.9800000000000004,2.2732127870603493,2.1206225680933852
2989,2989,2989,0.9816666666666665,2.2732127870603493,2.1206225680933852
2990,2990,2990,0.9833333333333334,2.2735942626077668,2.1206225680933852
2991,2991,2991,0.9850000000000003,2.2735942626077668,2.1206225680933852
2992,2992,2992,0.9866666666666672,2.2735942626077668,2.1206225680933852
2993,2993,2993,0.9883333333333333,2.2732127870603493,2.1206225680933852
2994,2994,2994,0.9900000000000002,2.2735942626077668,2.1210040436408018
2995,2995,2995,0.9916666666666671,2.2735942626077668,2.1206225680933852
2996,2996,2996,0.9933333333333341,2.2735942626077668,2.1210040436408018
2997,2997,2997,0.9950000000000001,2.273975738155184,2.1210040436408018
2998,2998,2998,0.996666666666667,2.273975738155184,2.1210040436408018
2999,2999,2999,0.998333333333334,2.273975738155184,2.1210040436408018
3000,3000,3000,1.0,2.2735942626077668,2.1210040436408018
3001,3001,3001,1.001666666666667,2.273975738155184,2.12138551918822
3002,3002,3002,1.0033333333333339,2.2743572137026016,2.12138551918822
3003,3003,3003,1.005,2.273975738155184,2.12138551918822
3004,3004,3004,1.0066666666666668,2.2743572137026016,2.12138551918822
3005,3005,3005,1.0083333333333337,2.2735942626077668,2.12138551918822
3006,3006,3006,1.0100000000000016,2.2743572137026016,2.121766994735637
3007,3007,3007,1.0116666666666667,2.2743572137026016,2.121766994735637
3008,3008,3008,1.0133333333333336,2.2743572137026016,2.121766994735637
3009,3009,3009,1.0150000000000015,2.2743572137026016,2.12138551918822
3010,3010,3010,1.0166666666666666,2.2743572137026016,2.12138551918822
3011,3011,3011,1.0183333333333335,2.2743572137026016,2.121766994735637
3012,3012,3012,1.0200000000000005,2.2743572137026016,2.121766994735637
3013,3013,3013,1.0216666666666665,2.274738689250019,2.122148470283055
3014,3014,3014,1.0233333333333334,2.274738689250019,2.121766994735637
3015,3015,3015,1.0250000000000004,2.2743572137026016,2.122148470283055
3016,3016,3016,1.0266666666666673,2.274738689250019,2.1225299458304723
3017,3017,3017,1.0283333333333333,2.274738689250019,2.1225299458304723
3018,3018,3018,1.0300000000000002,2.2751201647974364,2.1225299458304723
3019,3019,3019,1.0316666666666672,2.2751201647974364,2.1225299458304723
3020,3020,3020,1.0333333333333332,2.2751201647974364,2.122148470283055
3021,3021,3021,1.0350000000000001,2.2751201647974364,2.1225299458304723
3022,3022,3022,1.036666666666667,2.2751201647974364,2.1225299458304723
3023,3023,3023,1.038333333333334,2.2751201647974364,2.1225299458304723
3024,3024,3024,1.04,2.2751201647974364,2.1229114213778897
3025,3025,3025,1.041666666666667,2.2751201647974364,2.1225299458304723
3026,3026,3026,1.043333333333334,2.2751201647974364,2.1229114213778897
3027,3027,3027,1.045,2.2751201647974364,2.1229114213778897
3028,3028,3028,1.0466666666666669,2.275501640344854,2.1229114213778897
3029,3029,3029,1.0483333333333338,2.275501640344854,2.1229114213778897
3030,3030,3030,1.0500000000000016,2.2751201647974364,2.1229114213778897
3031,3031,3031,1.0516666666666667,2.275501640344854,2.1229114213778897
3032,3032,3032,1.0533333333333337,2.275501640344854,2.1229114213778897
3033,3033,3033,1.0550000000000015,2.275501640344854,2.1229114213778897
3034,3034,3034,1.0566666666666666,2.275501640344854,2.123292896925307
3035,3035,3035,1.0583333333333336,2.275501640344854,2.123292896925307
3036,3036,3036,1.0600000000000005,2.275883115892271,2.123292896925307
3037,3037,3037,1.0616666666666665,2.275501640344854,2.123292896925307
3038,3038,3038,1.0633333333333335,2.275883115892271,2.1236743724727245
3039,3039,3039,1.0650000000000004,2.275883115892271,2.1236743724727245
3040,3040,3040,1.0666666666666664,2.275883115892271,2.1236743724727245
3041,3041,3041,1.0683333333333334,2.275883115892271,2.1236743724727245
3042,3042,3042,1.0700000000000003,2.275883115892271,2.1236743724727245
3043,3043,3043,1.0716666666666672,2.275883115892271,2.1236743724727245
3044,3044,3044,1.0733333333333333,2.275883115892271,2.1236743724727245
3045,3045,3045,1.0750000000000002,2.275501640344854,2.1236743724727245
3046,3046,3046,1.076666666666667,2.275883115892271,2.1236743724727245
3047,3047,3047,1.078333333333334,2.275883115892271,2.124055848020142
3048,3048,3048,1.08,2.2762645914396886,2.124055848020142
3049,3049,3049,1.081666666666667,2.2762645914396886,2.124055848020142
3050,3050,3050,1.083333333333334,2.275883115892271,2.124055848020142
3051,3051,3051,1.085,2.2762645914396886,2.124055848020142
3052,3052,3052,1.086666666666667,2.2762645914396886,2.12443732356756
3053,3053,3053,1.0883333333333338,2.2762645914396886,2.12443732356756
3054,3054,3054,1.0900000000000016,2.2762645914396886,2.12443732356756
3055,3055,3055,1.0916666666666668,2.2762645914396886,2.12443732356756
3056,3056,3056,1.0933333333333337,2.2762645914396886,2.12443732356756
3057,3057,3057,1.0950000000000015,2.2762645914396886,2.12443732356756
3058,3058,3058,1.0966666666666667,2.276646066987106,2.1248187991149767
3059,3059,3059,1.0983333333333336,2.276646066987106,2.1248187991149767
3060,3060,3060,1.1000000000000005,2.2762645914396886,2.1248187991149767
3061,3061,3061,1.1016666666666666,2.2762645914396886,2.1248187991149767
3062,3062,3062,1.1033333333333335,2.276646066987106,2.125200274662394
3063,3063,3063,1.1050000000000004,2.2762645914396886,2.125200274662394
3064,3064,3064,1.1066666666666665,2.276646066987106,2.125200274662394
3065,3065,3065,1.1083333333333334,2.276646066987106,2.125200274662394
3066,3066,3066,1.1100000000000003,2.276646066987106,2.125200274662394
3067,3067,3067,1.1116666666666672,2.2770275425345234,2.125200274662394
3068,3068,3068,1.1133333333333333,2.2762645914396886,2.125200274662394
3069,3069,3069,1.1150000000000002,2.2770275425345234,2.125200274662394
3070,3070,3070,1.1166666666666671,2.276646066987106,2.125200274662394
3071,3071,3071,1.118333333333334,2.276646066987106,2.1255817502098115
3072,3072,3072,1.12,2.2770275425345234,2.1255817502098115
3073,3073,3073,1.121666666666667,2.2770275425345234,2.1255817502098115
3074,3074,3074,1.123333333333334,2.2770275425345234,2.1255817502098115
3075,3075,3075,1.125,2.276646066987106,2.1255817502098115
3076,3076,3076,1.126666666666667,2.2770275425345234,2.1255817502098115
3077,3077,3077,1.1283333333333339,2.2770275425345234,2.125963225757229
3078,3078,3078,1.13,2.277409018081941,2.1255817502098115
3079,3079,3079,1.1316666666666668,2.277409018081941,2.1255817502098115
3080,3080,3080,1.1333333333333337,2.2770275425345234,2.1255817502098115
3081,3081,3081,1.1350000000000016,2.277409018081941,2.125963225757229
3082,3082,3082,1.1366666666666667,2.277409018081941,2.125963225757229
3083,3083,3083,1.1383333333333336,2.277409018081941,2.125963225757229
3084,3084,3084,1.1400000000000015,2.2770275425345234,2.1263447013046464
3085,3085,3085,1.1416666666666666,2.277409018081941,2.125963225757229
3086,3086,3086,1.1433333333333335,2.2777904936293583,2.125963225757229
3087,3087,3087,1.1450000000000005,2.2777904936293583,2.125963225757229
3088,3088,3088,1.1466666666666665,2.2777904936293583,2.125963225757229
3089,3089,3089,1.1483333333333334,2.277409018081941,2.1263447013046464
3090,3090,3090,1.1500000000000004,2.2777904936293583,2.125963225757229
3091,3091,3091,1.1516666666666673,2.2781719691767757,2.125963225757229
3092,3092,3092,1.1533333333333333,2.277409018081941,2.1263447013046464
3093,3093,3093,1.1550000000000002,2.2781719691767757,2.1263447013046464
3094,3094,3094,1.1566666666666672,2.2781719691767757,2.1263447013046464
3095,3095,3095,1.158333333333334,2.2777904936293583,2.125963225757229
3096,3096,3096,1.1600000000000001,2.2781719691767757,2.1263447013046464
3097,3097,3097,1.161666666666667,2.2777904936293583,2.1263447013046464
3098,3098,3098,1.163333333333334,2.2781719691767757,2.1263447013046464
3099,3099,3099,1.165,2.2781719691767757,2.1263447013046464
3100,3100,3100,1.166666666666667,2.2781719691767757,2.1263447013046464
3101,3101,3101,1.168333333333334,2.2781719691767757,2.1263447013046464
3102,3102,3102,1.17,2.2781719691767757,2.1263447013046464
3103,3103,3103,1.1716666666666669,2.2781719691767757,2.1263447013046464
3104,3104,3104,1.1733333333333338,2.278553444724193,2.1267261768520638
3105,3105,3105,1.1750000000000016,2.2781719691767757,2.1263447013046464
3106,3106,3106,1.1766666666666667,2.278553444724193,2.1267261768520638
3107,3107,3107,1.1783333333333337,2.278553444724193,2.1267261768520638
3108,3108,3108,1.1800000000000015,2.278553444724193,2.1267261768520638
3109,3109,3109,1.1816666666666666,2.278553444724193,2.1267261768520638
3110,3110,3110,1.1833333333333336,2.2781719691767757,2.1263447013046464
3111,3111,3111,1.1850000000000005,2.278553444724193,2.1267261768520638
3112,3112,3112,1.1866666666666665,2.278553444724193,2.1267261768520638
3113,3113,3113,1.1883333333333335,2.278553444724193,2.1267261768520638
3114,3114,3114,1.1900000000000004,2.278553444724193,2.1267261768520638
3115,3115,3115,1.1916666666666664,2.278553444724193,2.1263447013046464
3116,3116,3116,1.1933333333333334,2.278553444724193,2.1267261768520638
3117,3117,3117,1.1950000000000003,2.2789349202716105,2.1267261768520638
3118,3118,3118,1.1966666666666672,2.278553444724193,2.1267261768520638
3119,3119,3119,1.1983333333333333,2.2789349202716105,2.1267261768520638
3120,3120,3120,1.2000000000000002,2.278553444724193,2.1267261768520638
3121,3121,3121,1.201666666666667,2.2789349202716105,2.1267261768520638
3122,3122,3122,1.203333333333334,2.2789349202716105,2.1263447013046464
3123,3123,3123,1.205,2.2789349202716105,2.1267261768520638
3124,3124,3124,1.206666666666667,2.2789349202716105,2.1267261768520638
3125,3125,3125,1.208333333333334,2.2789349202716105,2.1267261768520638
3126,3126,3126,1.21,2.2789349202716105,2.1267261768520638
3127,3127,3127,1.211666666666667,2.2793163958190283,2.1267261768520638
3128,3128,3128,1.2133333333333338,2.2793163958190283,2.1267261768520638
3129,3129,3129,1.2150000000000016,2.2793163958190283,2.1267261768520638
3130,3130,3130,1.2166666666666668,2.2789349202716105,2.1267261768520638
3131,3131,3131,1.2183333333333337,2.2793163958190283,2.1263447013046464
3132,3132,3132,1.2200000000000015,2.2793163958190283,2.1267261768520638
3133,3133,3133,1.2216666666666667,2.2793163958190283,2.1267261768520638
3134,3134,3134,1.2233333333333336,2.2793163958190283,2.1263447013046464
3135,3135,3135,1.2250000000000005,2.2789349202716105,2.1263447013046464
3136,3136,3136,1.2266666666666666,2.2796978713664453,2.1267261768520638
3137,3137,3137,1.2283333333333335,2.2796978713664453,2.1267261768520638
3138,3138,3138,1.2300000000000004,2.2793163958190283,2.1267261768520638
3139,3139,3139,1.2316666666666665,2.2793163958190283,2.1267261768520638
3140,3140,3140,1.2333333333333334,2.2796978713664453,2.1263447013046464
3141,3141,3141,1.2350000000000003,2.2796978713664453,2.1263447013046464
3142,3142,3142,1.2366666666666672,2.2796978713664453,2.1263447013046464
3143,3143,3143,1.2383333333333333,2.2796978713664453,2.1263447013046464
3144,3144,3144,1.2400000000000002,2.2796978713664453,2.1267261768520638
3145,3145,3145,1.2416666666666671,2.2796978713664453,2.1263447013046464
3146,3146,3146,1.243333333333334,2.2796978713664453,2.1263447013046464
3147,3147,3147,1.245,2.2796978713664453,2.1263447013046464
3148,3148,3148,1.246666666666667,2.2800793469138627,2.1263447013046464
3149,3149,3149,1.248333333333334,2.2796978713664453,2.1263447013046464
3150,3150,3150,1.25,2.2796978713664453,2.1263447013046464
3151,3151,3151,1.251666666666667,2.2800793469138627,2.1263447013046464
3152,3152,3152,1.2533333333333339,2.2800793469138627,2.1263447013046464
3153,3153,3153,1.255,2.28046082246128,2.1263447013046464
3154,3154,3154,1.2566666666666668,2.2800793469138627,2.1263447013046464
3155,3155,3155,1.2583333333333337,2.2800793469138627,2.125963225757229
3156,3156,3156,1.2600000000000016,2.2800793469138627,2.1263447013046464
3157,3157,3157,1.2616666666666667,2.28046082246128,2.1263447013046464
3158,3158,3158,1.2633333333333336,2.28046082246128,2.1263447013046464
3159,3159,3159,1.2650000000000015,2.28046082246128,2.1263447013046464
3160,3160,3160,1.2666666666666666,2.2800793469138627,2.125963225757229
3161,3161,3161,1.2683333333333335,2.28046082246128,2.1263447013046464
3162,3162,3162,1.2700000000000005,2.28046082246128,2.1263447013046464
3163,3163,3163,1.2716666666666665,2.28046082246128,2.1263447013046464
3164,3164,3164,1.2733333333333334,2.2808422980086966,2.125963225757229
3165,3165,3165,1.2750000000000004,2.28046082246128,2.125963225757229
3166,3166,3166,1.2766666666666673,2.2808422980086966,2.125963225757229
3167,3167,3167,1.2783333333333333,2.2808422980086966,2.125963225757229
3168,3168,3168,1.2800000000000002,2.2808422980086966,2.125963225757229
3169,3169,3169,1.2816666666666672,2.2808422980086966,2.125963225757229
3170,3170,3170,1.283333333333334,2.28046082246128,2.125963225757229
3171,3171,3171,1.2850000000000001,2.2808422980086966,2.125963225757229
3172,3172,3172,1.286666666666667,2.2808422980086966,2.125963225757229
3173,3173,3173,1.288333333333334,2.2808422980086966,2.125963225757229
3174,3174,3174,1.29,2.2808422980086966,2.125963225757229
3175,3175,3175,1.291666666666667,2.2808422980086966,2.125963225757229
3176,3176,3176,1.293333333333334,2.2812237735561154,2.125963225757229
3177,3177,3177,1.295,2.2808422980086966,2.125963225757229
3178,3178,3178,1.2966666666666669,2.2812237735561154,2.1255817502098115
3179,3179,3179,1.2983333333333338,2.2812237735561154,2.1255817502098115
3180,3180,3180,1.3000000000000016,2.2808422980086966,2.1255817502098115
3181,3181,3181,1.3016666666666667,2.2812237735561154,2.1255817502098115
3182,3182,3182,1.3033333333333337,2.2812237735561154,2.1255817502098115
3183,3183,3183,1.3050000000000015,2.2812237735561154,2.1255817502098115
3184,3184,3184,1.3066666666666666,2.2812237735561154,2.125200274662394
3185,3185,3185,1.3083333333333336,2.2808422980086966,2.125200274662394
3186,3186,3186,1.3100000000000005,2.2816052491035324,2.1255817502098115
3187,3187,3187,1.3116666666666665,2.2816052491035324,2.125200274662394
3188,3188,3188,1.3133333333333335,2.2812237735561154,2.125200274662394
3189,3189,3189,1.3150000000000004,2.2816052491035324,2.1255817502098115
3190,3190,3190,1.3166666666666664,2.2812237735561154,2.125200274662394
3191,3191,3191,1.3183333333333334,2.2816052491035324,2.125200274662394
3192,3192,3192,1.3200000000000003,2.2816052491035324,2.125200274662394
3193,3193,3193,1.3216666666666672,2.2816052491035324,2.125200274662394
3194,3194,3194,1.3233333333333333,2.2816052491035324,2.125200274662394
3195,3195,3195,1.3250000000000002,2.2816052491035324,2.125200274662394
3196,3196,3196,1.326666666666667,2.2816052491035324,2.125200274662394
3197,3197,3197,1.328333333333334,2.2816052491035324,2.125200274662394
3198,3198,3198,1.33,2.2819867246509498,2.1248187991149767
3199,3199,3199,1.331666666666667,2.2819867246509498,2.1248187991149767
3200,3200,3200,1.333333333333334,2.2816052491035324,2.1248187991149767
3201,3201,3201,1.335,2.2819867246509498,2.1248187991149767
3202,3202,3202,1.336666666666667,2.2819867246509498,2.1248187991149767
3203,3203,3203,1.3383333333333338,2.2819867246509498,2.125200274662394
3204,3204,3204,1.3400000000000016,2.2819867246509498,2.1248187991149767
3205,3205,3205,1.3416666666666668,2.2816052491035324,2.12443732356756
3206,3206,3206,1.3433333333333337,2.2819867246509498,2.12443732356756
3207,3207,3207,1.3450000000000015,2.2819867246509498,2.12443732356756
3208,3208,3208,1.3466666666666667,2.2819867246509498,2.12443732356756
3209,3209,3209,1.3483333333333336,2.2819867246509498,2.124055848020142
3210,3210,3210,1.3500000000000005,2.2819867246509498,2.124055848020142
3211,3211,3211,1.3516666666666666,2.2819867246509498,2.12443732356756
3212,3212,3212,1.3533333333333335,2.2823682001983667,2.12443732356756
3213,3213,3213,1.3550000000000004,2.2823682001983667,2.124055848020142
3214,3214,3214,1.3566666666666665,2.2823682001983667,2.124055848020142
3215,3215,3215,1.3583333333333334,2.2819867246509498,2.1236743724727245
3216,3216,3216,1.3600000000000003,2.2823682001983667,2.124055848020142
3217,3217,3217,1.3616666666666672,2.2823682001983667,2.124055848020142
3218,3218,3218,1.3633333333333333,2.2823682001983667,2.124055848020142
3219,3219,3219,1.3650000000000002,2.2823682001983667,2.124055848020142
3220,3220,3220,1.3666666666666671,2.2819867246509498,2.1236743724727245
3221,3221,3221,1.368333333333334,2.2827496757457846,2.124055848020142
3222,3222,3222,1.37,2.2823682001983667,2.1236743724727245
3223,3223,3223,1.371666666666667,2.2827496757457846,2.124055848020142
3224,3224,3224,1.373333333333334,2.2823682001983667,2.1236743724727245
3225,3225,3225,1.375,2.2827496757457846,2.1236743724727245
3226,3226,3226,1.3766666666666678,2.2827496757457846,2.1236743724727245
3227,3227,3227,1.3783333333333339,2.2827496757457846,2.1236743724727245
3228,3228,3228,1.3800000000000008,2.2827496757457846,2.1236743724727245
3229,3229,3229,1.3816666666666677,2.2827496757457846,2.123292896925307
3230,3230,3230,1.3833333333333337,2.2827496757457846,2.123292896925307
3231,3231,3231,1.3850000000000025,2.283131151293201,2.123292896925307
3232,3232,3232,1.3866666666666676,2.283131151293201,2.123292896925307
3233,3233,3233,1.3883333333333336,2.283131151293201,2.123292896925307
3234,3234,3234,1.3900000000000015,2.283131151293201,2.1229114213778897
3235,3235,3235,1.3916666666666684,2.2827496757457846,2.123292896925307
3236,3236,3236,1.3933333333333335,2.283131151293201,2.123292896925307
3237,3237,3237,1.3950000000000005,2.2835126268406194,2.123292896925307
3238,3238,3238,1.3966666666666674,2.2835126268406194,2.1229114213778897
3239,3239,3239,1.3983333333333325,2.2835126268406194,2.1229114213778897
3240,3240,3240,1.4000000000000004,2.283131151293201,2.1229114213778897
3241,3241,3241,1.4016666666666673,2.283131151293201,2.1229114213778897
3242,3242,3242,1.4033333333333324,2.2835126268406194,2.1229114213778897
3243,3243,3243,1.4050000000000002,2.2835126268406194,2.1229114213778897
3244,3244,3244,1.4066666666666672,2.2835126268406194,2.1229114213778897
3245,3245,3245,1.408333333333334,2.283131151293201,2.1225299458304723
3246,3246,3246,1.4100000000000001,2.2835126268406194,2.1229114213778897
3247,3247,3247,1.411666666666667,2.2838941023880373,2.1225299458304723
3248,3248,3248,1.413333333333334,2.2835126268406194,2.1225299458304723
3249,3249,3249,1.415,2.2835126268406194,2.1225299458304723
3250,3250,3250,1.4166666666666679,2.2835126268406194,2.1225299458304723
3251,3251,3251,1.418333333333334,2.2835126268406194,2.1225299458304723
3252,3252,3252,1.42,2.2838941023880373,2.1225299458304723
3253,3253,3253,1.4216666666666677,2.2835126268406194,2.1225299458304723
3254,3254,3254,1.4233333333333338,2.2838941023880373,2.122148470283055
3255,3255,3255,1.4250000000000025,2.2835126268406194,2.122148470283055
3256,3256,3256,1.4266666666666676,2.2838941023880373,2.122148470283055
3257,3257,3257,1.4283333333333337,2.2838941023880373,2.122148470283055
3258,3258,3258,1.4300000000000015,2.2838941023880373,2.122148470283055
3259,3259,3259,1.4316666666666684,2.2838941023880373,2.122148470283055
3260,3260,3260,1.4333333333333336,2.2838941023880373,2.121766994735637
3261,3261,3261,1.4350000000000005,2.284275577935454,2.121766994735637
3262,3262,3262,1.4366666666666674,2.284275577935454,2.121766994735637
3263,3263,3263,1.4383333333333335,2.284275577935454,2.121766994735637
3264,3264,3264,1.4400000000000004,2.284275577935454,2.12138551918822
3265,3265,3265,1.4416666666666673,2.2838941023880373,2.12138551918822
3266,3266,3266,1.4433333333333325,2.284275577935454,2.12138551918822
3267,3267,3267,1.4450000000000003,2.284275577935454,2.12138551918822
3268,3268,3268,1.4466666666666672,2.284275577935454,2.12138551918822
3269,3269,3269,1.4483333333333324,2.284275577935454,2.1210040436408018
3270,3270,3270,1.4500000000000002,2.2838941023880373,2.1210040436408018
3271,3271,3271,1.451666666666667,2.284275577935454,2.12138551918822
3272,3272,3272,1.453333333333334,2.284657053482872,2.12138551918822
3273,3273,3273,1.455,2.284275577935454,2.1210040436408018
3274,3274,3274,1.4566666666666679,2.284275577935454,2.1210040436408018
3275,3275,3275,1.458333333333334,2.284275577935454,2.1210040436408018
3276,3276,3276,1.46,2.284657053482872,2.1206225680933852
3277,3277,3277,1.4616666666666678,2.284657053482872,2.1210040436408018
3278,3278,3278,1.4633333333333338,2.284657053482872,2.1210040436408018
3279,3279,3279,1.4650000000000025,2.284657053482872,2.1206225680933852
3280,3280,3280,1.4666666666666677,2.284275577935454,2.1206225680933852
3281,3281,3281,1.4683333333333337,2.284657053482872,2.1206225680933852
3282,3282,3282,1.4700000000000015,2.284657053482872,2.120241092545968
3283,3283,3283,1.4716666666666676,2.284657053482872,2.1206225680933852
3284,3284,3284,1.4733333333333336,2.284657053482872,2.1206225680933852
3285,3285,3285,1.4750000000000005,2.284657053482872,2.120241092545968
3286,3286,3286,1.4766666666666675,2.285038529030289,2.120241092545968
3287,3287,3287,1.4783333333333335,2.284657053482872,2.120241092545968
3288,3288,3288,1.4800000000000004,2.285038529030289,2.120241092545968
3289,3289,3289,1.4816666666666674,2.284657053482872,2.120241092545968
3290,3290,3290,1.4833333333333325,2.284657053482872,2.120241092545968
3291,3291,3291,1.4850000000000003,2.285038529030289,2.120241092545968
3292,3292,3292,1.4866666666666672,2.285038529030289,2.1198596169985504
3293,3293,3293,1.4883333333333324,2.285038529030289,2.1198596169985504
3294,3294,3294,1.4900000000000002,2.285038529030289,2.1198596169985504
3295,3295,3295,1.4916666666666671,2.285038529030289,2.1198596169985504
3296,3296,3296,1.493333333333334,2.2854200045777064,2.1198596169985504
3297,3297,3297,1.495,2.285038529030289,2.1198596169985504
3298,3298,3298,1.496666666666667,2.2854200045777064,2.119478141451133
3299,3299,3299,1.498333333333334,2.2854200045777064,2.1198596169985504
3300,3300,3300,1.5,2.285038529030289,2.119478141451133
3301,3301,3301,1.5016666666666678,2.2854200045777064,2.119478141451133
3302,3302,3302,1.5033333333333339,2.2854200045777064,2.119478141451133
3303,3303,3303,1.5050000000000008,2.2854200045777064,2.119478141451133
3304,3304,3304,1.5066666666666677,2.2854200045777064,2.119478141451133
3305,3305,3305,1.5083333333333337,2.2854200045777064,2.1190966659037156
3306,3306,3306,1.5100000000000025,2.2854200045777064,2.1190966659037156
3307,3307,3307,1.5116666666666676,2.2858014801251243,2.1190966659037156
3308,3308,3308,1.5133333333333336,2.2858014801251243,2.1190966659037156
3309,3309,3309,1.5150000000000015,2.2858014801251243,2.1190966659037156
3310,3310,3310,1.5166666666666684,2.2854200045777064,2.1183337148088808
3311,3311,3311,1.5183333333333335,2.2854200045777064,2.118715190356298
3312,3312,3312,1.5200000000000005,2.2858014801251243,2.118715190356298
3313,3313,3313,1.5216666666666674,2.2858014801251243,2.118715190356298
3314,3314,3314,1.5233333333333325,2.2858014801251243,2.118715190356298
3315,3315,3315,1.5250000000000004,2.2854200045777064,2.1183337148088808
3316,3316,3316,1.5266666666666673,2.2858014801251243,2.118715190356298
3317,3317,3317,1.5283333333333324,2.2858014801251243,2.1183337148088808
3318,3318,3318,1.5300000000000002,2.2858014801251243,2.1183337148088808
3319,3319,3319,1.5316666666666672,2.2858014801251243,2.1183337148088808
3320,3320,3320,1.533333333333334,2.2854200045777064,2.1183337148088808
3321,3321,3321,1.5350000000000001,2.2858014801251243,2.1179522392614643
3322,3322,3322,1.536666666666667,2.2858014801251243,2.1183337148088808
3323,3323,3323,1.538333333333334,2.2858014801251243,2.1179522392614643
3324,3324,3324,1.54,2.2858014801251243,2.1179522392614643
3325,3325,3325,1.5416666666666679,2.2858014801251243,2.117570763714046
3326,3326,3326,1.543333333333334,2.2861829556725413,2.1179522392614643
3327,3327,3327,1.545,2.2858014801251243,2.117570763714046
3328,3328,3328,1.5466666666666677,2.2861829556725413,2.117570763714046
3329,3329,3329,1.5483333333333338,2.2858014801251243,2.1179522392614643
3330,3330,3330,1.5500000000000025,2.2858014801251243,2.117570763714046
3331,3331,3331,1.5516666666666676,2.2861829556725413,2.117570763714046
3332,3332,3332,1.5533333333333337,2.2861829556725413,2.117570763714046
3333,3333,3333,1.5550000000000015,2.2861829556725413,2.117570763714046
3334,3334,3334,1.5566666666666684,2.2861829556725413,2.117570763714046
3335,3335,3335,1.5583333333333336,2.2858014801251243,2.117570763714046
3336,3336,3336,1.5600000000000005,2.2861829556725413,2.1171892881666285
3337,3337,3337,1.5616666666666674,2.2861829556725413,2.1171892881666285
3338,3338,3338,1.5633333333333335,2.2858014801251243,2.1171892881666285
3339,3339,3339,1.5650000000000004,2.2861829556725413,2.1171892881666285
3340,3340,3340,1.5666666666666673,2.2858014801251243,2.1171892881666285
3341,3341,3341,1.5683333333333325,2.2858014801251243,2.1171892881666285
3342,3342,3342,1.5700000000000003,2.2858014801251243,2.116807812619211
3343,3343,3343,1.5716666666666672,2.2861829556725413,2.116807812619211
3344,3344,3344,1.5733333333333324,2.2861829556725413,2.116807812619211
3345,3345,3345,1.5750000000000002,2.2858014801251243,2.116807812619211
3346,3346,3346,1.576666666666667,2.2858014801251243,2.116807812619211
3347,3347,3347,1.578333333333334,2.2858014801251243,2.116807812619211
3348,3348,3348,1.58,2.2861829556725413,2.1164263370717937
3349,3349,3349,1.5816666666666679,2.2858014801251243,2.1164263370717937
3350,3350,3350,1.583333333333334,2.2858014801251243,2.1164263370717937
3351,3351,3351,1.585,2.2861829556725413,2.1160448615243763
3352,3352,3352,1.5866666666666678,2.2858014801251243,2.1164263370717937
3353,3353,3353,1.5883333333333338,2.2858014801251243,2.1160448615243763
3354,3354,3354,1.5900000000000025,2.2858014801251243,2.1160448615243763
3355,3355,3355,1.5916666666666677,2.2858014801251243,2.1160448615243763
3356,3356,3356,1.5933333333333337,2.2858014801251243,2.1160448615243763
3357,3357,3357,1.5950000000000015,2.2858014801251243,2.1160448615243763
3358,3358,3358,1.5966666666666676,2.2858014801251243,2.1160448615243763
3359,3359,3359,1.5983333333333336,2.2858014801251243,2.1160448615243763
3360,3360,3360,1.6000000000000005,2.2854200045777064,2.115663385976959
3361,3361,3361,1.6016666666666675,2.2858014801251243,2.115663385976959
3362,3362,3362,1.6033333333333335,2.2854200045777064,2.115663385976959
3363,3363,3363,1.6050000000000004,2.2858014801251243,2.115663385976959
3364,3364,3364,1.6066666666666674,2.2854200045777064,2.115663385976959
3365,3365,3365,1.6083333333333325,2.2854200045777064,2.115281910429541
3366,3366,3366,1.6100000000000003,2.2854200045777064,2.115281910429541
3367,3367,3367,1.6116666666666672,2.285038529030289,2.115663385976959
3368,3368,3368,1.6133333333333324,2.285038529030289,2.115281910429541
3369,3369,3369,1.6150000000000002,2.285038529030289,2.115281910429541
3370,3370,3370,1.6166666666666671,2.285038529030289,2.115281910429541
3371,3371,3371,1.618333333333334,2.285038529030289,2.115281910429541
3372,3372,3372,1.62,2.285038529030289,2.115281910429541
3373,3373,3373,1.621666666666667,2.285038529030289,2.115281910429541
3374,3374,3374,1.623333333333334,2.285038529030289,2.115281910429541
3375,3375,3375,1.625,2.284657053482872,2.114900434882124
3376,3376,3376,1.6266666666666678,2.285038529030289,2.114900434882124
3377,3377,3377,1.6283333333333339,2.285038529030289,2.114900434882124
3378,3378,3378,1.6300000000000008,2.284657053482872,2.114900434882124
3379,3379,3379,1.6316666666666677,2.284657053482872,2.114900434882124
3380,3380,3380,1.6333333333333337,2.284657053482872,2.114900434882124
3381,3381,3381,1.6350000000000025,2.284657053482872,2.114900434882124
3382,3382,3382,1.6366666666666676,2.284657053482872,2.114900434882124
3383,3383,3383,1.6383333333333336,2.284275577935454,2.1145189593347067
3384,3384,3384,1.6400000000000015,2.284657053482872,2.1145189593347067
3385,3385,3385,1.6416666666666684,2.2838941023880373,2.1145189593347067
3386,3386,3386,1.6433333333333335,2.284275577935454,2.1145189593347067
3387,3387,3387,1.6450000000000005,2.284275577935454,2.1145189593347067
3388,3388,3388,1.6466666666666674,2.284275577935454,2.1145189593347067
3389,3389,3389,1.6483333333333325,2.284275577935454,2.1145189593347067
3390,3390,3390,1.6500000000000004,2.2838941023880373,2.1141374837872893
3391,3391,3391,1.6516666666666673,2.2838941023880373,2.1141374837872893
3392,3392,3392,1.6533333333333324,2.284275577935454,2.1141374837872893
3393,3393,3393,1.6550000000000002,2.2838941023880373,2.1141374837872893
3394,3394,3394,1.6566666666666672,2.2838941023880373,2.1141374837872893
3395,3395,3395,1.658333333333334,2.2835126268406194,2.1141374837872893
3396,3396,3396,1.6600000000000001,2.2838941023880373,2.1141374837872893
3397,3397,3397,1.661666666666667,2.2838941023880373,2.1141374837872893
3398,3398,3398,1.663333333333334,2.2835126268406194,2.113756008239872
3399,3399,3399,1.665,2.2835126268406194,2.113756008239872
3400,3400,3400,1.6666666666666679,2.283131151293201,2.113756008239872
3401,3401,3401,1.668333333333334,2.283131151293201,2.113756008239872
3402,3402,3402,1.67,2.2835126268406194,2.113756008239872
3403,3403,3403,1.6716666666666677,2.283131151293201,2.1133745326924545
3404,3404,3404,1.6733333333333338,2.283131151293201,2.1133745326924545
3405,3405,3405,1.6750000000000025,2.2827496757457846,2.1133745326924545
3406,3406,3406,1.6766666666666676,2.2827496757457846,2.113756008239872
3407,3407,3407,1.6783333333333337,2.283131151293201,2.1133745326924545
3408,3408,3408,1.6800000000000015,2.2827496757457846,2.1129930571450366
3409,3409,3409,1.6816666666666684,2.2827496757457846,2.1133745326924545
3410,3410,3410,1.6833333333333336,2.2819867246509498,2.1133745326924545
3411,3411,3411,1.6850000000000005,2.2823682001983667,2.1133745326924545
3412,3412,3412,1.6866666666666674,2.2819867246509498,2.1129930571450366
3413,3413,3413,1.6883333333333335,2.2819867246509498,2.1129930571450366
3414,3414,3414,1.6900000000000004,2.2819867246509498,2.1133745326924545
3415,3415,3415,1.6916666666666673,2.2816052491035324,2.1129930571450366
3416,3416,3416,1.6933333333333325,2.2819867246509498,2.1129930571450366
3417,3417,3417,1.6950000000000003,2.2816052491035324,2.1129930571450366
3418,3418,3418,1.6966666666666672,2.2819867246509498,2.1129930571450366
3419,3419,3419,1.6983333333333341,2.2816052491035324,2.1129930571450366
3420,3420,3420,1.7000000000000002,2.2812237735561154,2.11261158159762
3421,3421,3421,1.701666666666667,2.2816052491035324,2.1129930571450366
3422,3422,3422,1.703333333333334,2.2812237735561154,2.11261158159762
3423,3423,3423,1.705,2.2812237735561154,2.11261158159762
3424,3424,3424,1.7066666666666679,2.2812237735561154,2.11261158159762
3425,3425,3425,1.708333333333334,2.2808422980086966,2.11261158159762
3426,3426,3426,1.71,2.2808422980086966,2.1122301060502022
3427,3427,3427,1.7116666666666678,2.28046082246128,2.11261158159762
3428,3428,3428,1.7133333333333338,2.2808422980086966,2.11261158159762
3429,3429,3429,1.7150000000000025,2.2808422980086966,2.11261158159762
3430,3430,3430,1.7166666666666677,2.28046082246128,2.11261158159762
3431,3431,3431,1.7183333333333337,2.2800793469138627,2.11261158159762
3432,3432,3432,1.7200000000000015,2.28046082246128,2.1122301060502022
3433,3433,3433,1.7216666666666676,2.2800793469138627,2.1122301060502022
3434,3434,3434,1.7233333333333336,2.2796978713664453,2.1122301060502022
3435,3435,3435,1.7250000000000005,2.2796978713664453,2.1122301060502022
3436,3436,3436,1.7266666666666675,2.2796978713664453,2.11261158159762
3437,3437,3437,1.7283333333333335,2.2793163958190283,2.1122301060502022
3438,3438,3438,1.7300000000000004,2.2793163958190283,2.1122301060502022
3439,3439,3439,1.7316666666666674,2.2793163958190283,2.1122301060502022
3440,3440,3440,1.7333333333333325,2.2789349202716105,2.1122301060502022
3441,3441,3441,1.7350000000000003,2.2789349202716105,2.1122301060502022
3442,3442,3442,1.7366666666666672,2.2789349202716105,2.111848630502785
3443,3443,3443,1.7383333333333324,2.2789349202716105,2.111848630502785
3444,3444,3444,1.7400000000000002,2.2789349202716105,2.111848630502785
3445,3445,3445,1.7416666666666671,2.278553444724193,2.1114671549553674
3446,3446,3446,1.743333333333334,2.278553444724193,2.111848630502785
3447,3447,3447,1.745,2.278553444724193,2.111848630502785
3448,3448,3448,1.746666666666667,2.2781719691767757,2.111848630502785
3449,3449,3449,1.748333333333334,2.2781719691767757,2.111848630502785
3450,3450,3450,1.75,2.2777904936293583,2.1114671549553674
3451,3451,3451,1.7516666666666678,2.2781719691767757,2.111848630502785
3452,3452,3452,1.7533333333333339,2.2777904936293583,2.111848630502785
3453,3453,3453,1.7550000000000008,2.277409018081941,2.1114671549553674
3454,3454,3454,1.7566666666666677,2.277409018081941,2.1114671549553674
3455,3455,3455,1.7583333333333337,2.2770275425345234,2.1114671549553674
3456,3456,3456,1.7600000000000025,2.2770275425345234,2.1114671549553674
3457,3457,3457,1.7616666666666676,2.2770275425345234,2.1114671549553674
3458,3458,3458,1.7633333333333336,2.2770275425345234,2.1114671549553674
3459,3459,3459,1.7650000000000015,2.276646066987106,2.1114671549553674
3460,3460,3460,1.7666666666666684,2.2762645914396886,2.11108567940795
3461,3461,3461,1.7683333333333335,2.2762645914396886,2.1114671549553674
3462,3462,3462,1.7700000000000005,2.2762645914396886,2.11108567940795
3463,3463,3463,1.7716666666666674,2.2762645914396886,2.11108567940795
3464,3464,3464,1.7733333333333325,2.275883115892271,2.11108567940795
3465,3465,3465,1.7750000000000004,2.275883115892271,2.1107042038605326
3466,3466,3466,1.7766666666666673,2.275501640344854,2.11108567940795
3467,3467,3467,1.7783333333333324,2.275883115892271,2.11108567940795
3468,3468,3468,1.7800000000000002,2.275501640344854,2.11108567940795
3469,3469,3469,1.7816666666666672,2.275501640344854,2.11108567940795
3470,3470,3470,1.783333333333334,2.2751201647974364,2.1107042038605326
3471,3471,3471,1.7850000000000001,2.275501640344854,2.1107042038605326
3472,3472,3472,1.786666666666667,2.2751201647974364,2.1107042038605326
3473,3473,3473,1.788333333333334,2.274738689250019,2.1107042038605326
3474,3474,3474,1.79,2.274738689250019,2.1107042038605326
3475,3475,3475,1.7916666666666679,2.2743572137026016,2.1107042038605326
3476,3476,3476,1.793333333333334,2.2743572137026016,2.1107042038605326
3477,3477,3477,1.795,2.2743572137026016,2.11108567940795
3478,3478,3478,1.7966666666666677,2.273975738155184,2.1107042038605326
3479,3479,3479,1.7983333333333338,2.273975738155184,2.1107042038605326
3480,3480,3480,1.8000000000000025,2.2735942626077668,2.1103227283131147
3481,3481,3481,1.8016666666666676,2.2735942626077668,2.1107042038605326
3482,3482,3482,1.8033333333333337,2.2735942626077668,2.1103227283131147
3483,3483,3483,1.8050000000000015,2.2735942626077668,2.1103227283131147
3484,3484,3484,1.8066666666666684,2.2728313115129315,2.1103227283131147
3485,3485,3485,1.8083333333333336,2.2728313115129315,2.1103227283131147
3486,3486,3486,1.8100000000000005,2.2732127870603493,2.1103227283131147
3487,3487,3487,1.8116666666666674,2.2728313115129315,2.1103227283131147
3488,3488,3488,1.8133333333333335,2.2728313115129315,2.1099412527656978
3489,3489,3489,1.8150000000000004,2.2724498359655145,2.1099412527656978
3490,3490,3490,1.8166666666666673,2.2720683604180967,2.1099412527656978
3491,3491,3491,1.8183333333333325,2.2724498359655145,2.1099412527656978
3492,3492,3492,1.8200000000000003,2.2720683604180967,2.1099412527656978
3493,3493,3493,1.8216666666666672,2.2720683604180967,2.1099412527656978
3494,3494,3494,1.8233333333333341,2.27168688487068,2.1099412527656978
3495,3495,3495,1.8250000000000002,2.27168688487068,2.1099412527656978
3496,3496,3496,1.826666666666667,2.27168688487068,2.1099412527656978
3497,3497,3497,1.828333333333334,2.2713054093232623,2.1099412527656978
3498,3498,3498,1.83,2.2713054093232623,2.1099412527656978
3499,3499,3499,1.8316666666666679,2.2713054093232623,2.1099412527656978
3500,3500,3500,1.833333333333334,2.2705424582284275,2.1095597772182804
3501,3501,3501,1.835,2.2709239337758453,2.1095597772182804
3502,3502,3502,1.8366666666666678,2.2705424582284275,2.1099412527656978
3503,3503,3503,1.8383333333333338,2.2705424582284275,2.1095597772182804
3504,3504,3504,1.8400000000000025,2.2705424582284275,2.1095597772182804
3505,3505,3505,1.8416666666666677,2.2701609826810096,2.1095597772182804
3506,3506,3506,1.8433333333333337,2.2701609826810096,2.1095597772182804
3507,3507,3507,1.8450000000000015,2.2701609826810096,2.1095597772182804
3508,3508,3508,1.8466666666666676,2.2697795071335927,2.1095597772182804
3509,3509,3509,1.8483333333333336,2.2697795071335927,2.1095597772182804
3510,3510,3510,1.8500000000000005,2.2697795071335927,2.1095597772182804
3511,3511,3511,1.8516666666666675,2.269398031586176,2.1095597772182804
3512,3512,3512,1.8533333333333335,2.2690165560387583,2.1095597772182804
3513,3513,3513,1.8550000000000004,2.2690165560387583,2.109178301670863
3514,3514,3514,1.8566666666666674,2.2690165560387583,2.109178301670863
3515,3515,3515,1.8583333333333325,2.2682536049439235,2.1095597772182804
3516,3516,3516,1.8600000000000003,2.2682536049439235,2.1095597772182804
3517,3517,3517,1.8616666666666672,2.2686350804913404,2.109178301670863
3518,3518,3518,1.8633333333333324,2.2682536049439235,2.109178301670863
3519,3519,3519,1.8650000000000002,2.2682536049439235,2.1095597772182804
3520,3520,3520,1.8666666666666671,2.2678721293965056,2.109178301670863
3521,3521,3521,1.868333333333334,2.2678721293965056,2.109178301670863
3522,3522,3522,1.87,2.267490653849088,2.1095597772182804
3523,3523,3523,1.871666666666667,2.267490653849088,2.109178301670863
3524,3524,3524,1.873333333333334,2.267490653849088,2.109178301670863
3525,3525,3525,1.875,2.267109178301671,2.109178301670863
3526,3526,3526,1.8766666666666678,2.267109178301671,2.109178301670863
3527,3527,3527,1.8783333333333339,2.267109178301671,2.109178301670863
3528,3528,3528,1.8800000000000008,2.267109178301671,2.109178301670863
3529,3529,3529,1.8816666666666677,2.2667277027542534,2.109178301670863
3530,3530,3530,1.8833333333333337,2.2659647516594186,2.109178301670863
3531,3531,3531,1.8850000000000025,2.266346227206836,2.108796826123445
3532,3532,3532,1.8866666666666676,2.266346227206836,2.108796826123445
3533,3533,3533,1.8883333333333336,2.2659647516594186,2.108796826123445
3534,3534,3534,1.8900000000000015,2.2659647516594186,2.109178301670863
3535,3535,3535,1.8916666666666684,2.2652018005645838,2.108796826123445
3536,3536,3536,1.8933333333333335,2.2655832761120007,2.108796826123445
3537,3537,3537,1.8950000000000005,2.2652018005645838,2.108796826123445
3538,3538,3538,1.8966666666666674,2.2652018005645838,2.108796826123445
3539,3539,3539,1.8983333333333325,2.2648203250171663,2.108796826123445
3540,3540,3540,1.9000000000000004,2.2648203250171663,2.108796826123445
3541,3541,3541,1.9016666666666673,2.2648203250171663,2.108796826123445
3542,3542,3542,1.9033333333333324,2.2648203250171663,2.108796826123445
3543,3543,3543,1.9050000000000002,2.264438849469749,2.108796826123445
3544,3544,3544,1.9066666666666672,2.264438849469749,2.108796826123445
3545,3545,3545,1.908333333333334,2.2640573739223315,2.108796826123445
3546,3546,3546,1.9100000000000001,2.2640573739223315,2.108796826123445
3547,3547,3547,1.911666666666667,2.263675898374914,2.108415350576028
3548,3548,3548,1.913333333333334,2.263675898374914,2.108415350576028
3549,3549,3549,1.915,2.2632944228274967,2.108415350576028
3550,3550,3550,1.9166666666666679,2.26291294728008,2.108415350576028
3551,3551,3551,1.918333333333334,2.2632944228274967,2.108796826123445
3552,3552,3552,1.9200000000000008,2.26291294728008,2.108796826123445
3553,3553,3553,1.9216666666666677,2.26291294728008,2.108415350576028
3554,3554,3554,1.9233333333333338,2.262531471732662,2.108415350576028
3555,3555,3555,1.9250000000000025,2.2621499961852445,2.1080338750286107
3556,3556,3556,1.9266666666666676,2.262531471732662,2.1080338750286107
3557,3557,3557,1.9283333333333337,2.2621499961852445,2.108415350576028
3558,3558,3558,1.9300000000000015,2.2621499961852445,2.108415350576028
3559,3559,3559,1.9316666666666684,2.2621499961852445,2.108415350576028
3560,3560,3560,1.9333333333333336,2.2613870450904097,2.1080338750286107
3561,3561,3561,1.9350000000000005,2.261768520637826,2.1080338750286107
3562,3562,3562,1.9366666666666674,2.261768520637826,2.108415350576028
3563,3563,3563,1.9383333333333335,2.2613870450904097,2.1080338750286107
3564,3564,3564,1.9400000000000004,2.2610055695429923,2.1080338750286107
3565,3565,3565,1.9416666666666673,2.2606240939955757,2.1080338750286107
3566,3566,3566,1.9433333333333325,2.2606240939955757,2.1080338750286107
3567,3567,3567,1.9450000000000003,2.2606240939955757,2.1080338750286107
3568,3568,3568,1.9466666666666672,2.2602426184481565,2.1076523994811933
3569,3569,3569,1.9483333333333341,2.2602426184481565,2.1080338750286107
3570,3570,3570,1.9500000000000002,2.25986114290074,2.1076523994811933
3571,3571,3571,1.951666666666667,2.25986114290074,2.1076523994811933
3572,3572,3572,1.953333333333334,2.25986114290074,2.1076523994811933
3573,3573,3573,1.955,2.25986114290074,2.1076523994811933
3574,3574,3574,1.9566666666666679,2.2594796673533226,2.1076523994811933
3575,3575,3575,1.958333333333334,2.2594796673533226,2.107270923933776
3576,3576,3576,1.96,2.2590981918059048,2.1076523994811933
3577,3577,3577,1.9616666666666678,2.2590981918059048,2.107270923933776
3578,3578,3578,1.9633333333333338,2.258716716258488,2.1076523994811933
3579,3579,3579,1.9650000000000025,2.258716716258488,2.1076523994811933
3580,3580,3580,1.9666666666666677,2.2583352407110704,2.107270923933776
3581,3581,3581,1.9683333333333337,2.2583352407110704,2.107270923933776
3582,3582,3582,1.9700000000000015,2.2583352407110704,2.1076523994811933
3583,3583,3583,1.9716666666666676,2.257953765163653,2.107270923933776
3584,3584,3584,1.9733333333333336,2.2575722896162356,2.107270923933776
3585,3585,3585,1.9750000000000005,2.2575722896162356,2.107270923933776
3586,3586,3586,1.9766666666666675,2.2571908140688186,2.107270923933776
3587,3587,3587,1.9783333333333335,2.2575722896162356,2.107270923933776
3588,3588,3588,1.9800000000000004,2.2571908140688186,2.107270923933776
3589,3589,3589,1.9816666666666674,2.2571908140688186,2.107270923933776
3590,3590,3590,1.9833333333333325,2.2568093385214008,2.107270923933776
3591,3591,3591,1.9850000000000003,2.2568093385214008,2.107270923933776
3592,3592,3592,1.9866666666666672,2.256427862973984,2.107270923933776
3593,3593,3593,1.9883333333333324,2.256427862973984,2.107270923933776
3594,3594,3594,1.9900000000000002,2.256427862973984,2.1068894483863585
3595,3595,3595,1.9916666666666671,2.256046387426566,2.1068894483863585
3596,3596,3596,1.993333333333334,2.256046387426566,2.1068894483863585
3597,3597,3597,1.995,2.256046387426566,2.107270923933776
3598,3598,3598,1.996666666666667,2.2556649118791485,2.107270923933776
3599,3599,3599,1.998333333333334,2.255283436331731,2.1068894483863585
3600,3600,3600,2.0,2.255283436331731,2.1068894483863585
3601,3601,3601,2.001666666666668,2.2549019607843137,2.1068894483863585
3602,3602,3602,2.003333333333334,2.2549019607843137,2.1068894483863585
3603,3603,3603,2.005000000000001,2.2549019607843137,2.1068894483863585
3604,3604,3604,2.0066666666666677,2.2545204852368963,2.1068894483863585
3605,3605,3605,2.0083333333333337,2.254139009689479,2.1068894483863585
3606,3606,3606,2.0100000000000025,2.2545204852368963,2.1068894483863585
3607,3607,3607,2.0116666666666676,2.254139009689479,2.106507972838941
3608,3608,3608,2.0133333333333336,2.254139009689479,2.106507972838941
3609,3609,3609,2.0150000000000015,2.254139009689479,2.1068894483863585
3610,3610,3610,2.0166666666666675,2.253376058594644,2.106507972838941
3611,3611,3611,2.0183333333333335,2.253757534142061,2.106507972838941
3612,3612,3612,2.0200000000000005,2.253376058594644,2.106507972838941
3613,3613,3613,2.0216666666666674,2.253376058594644,2.106507972838941
3614,3614,3614,2.0233333333333325,2.2529945830472267,2.106126497291524
3615,3615,3615,2.0250000000000004,2.2526131074998093,2.106126497291524
3616,3616,3616,2.0266666666666673,2.2529945830472267,2.106126497291524
3617,3617,3617,2.0283333333333324,2.2526131074998093,2.106507972838941
3618,3618,3618,2.0300000000000002,2.2526131074998093,2.106507972838941
3619,3619,3619,2.031666666666667,2.2522316319523923,2.106507972838941
3620,3620,3620,2.033333333333334,2.2518501564049744,2.106126497291524
3621,3621,3621,2.035,2.2518501564049744,2.106126497291524
3622,3622,3622,2.036666666666667,2.2518501564049744,2.106126497291524
3623,3623,3623,2.038333333333334,2.2518501564049744,2.106126497291524
3624,3624,3624,2.04,2.2514686808575566,2.106126497291524
3625,3625,3625,2.041666666666668,2.25108720531014,2.1057450217441063
3626,3626,3626,2.043333333333334,2.25108720531014,2.106126497291524
3627,3627,3627,2.045000000000001,2.25108720531014,2.106126497291524
3628,3628,3628,2.0466666666666677,2.2507057297627218,2.1057450217441063
3629,3629,3629,2.048333333333334,2.2507057297627218,2.106126497291524
3630,3630,3630,2.0500000000000025,2.2507057297627218,2.1057450217441063
3631,3631,3631,2.0516666666666676,2.2507057297627218,2.1057450217441063
3632,3632,3632,2.0533333333333337,2.250324254215305,2.1057450217441063
3633,3633,3633,2.0550000000000015,2.250324254215305,2.1057450217441063
3634,3634,3634,2.0566666666666684,2.250324254215305,2.1057450217441063
3635,3635,3635,2.0583333333333336,2.2495613031204704,2.1057450217441063
3636,3636,3636,2.0600000000000005,2.2499427786678874,2.1057450217441063
3637,3637,3637,2.0616666666666674,2.2495613031204704,2.1057450217441063
3638,3638,3638,2.0633333333333335,2.2495613031204704,2.105363546196689
3639,3639,3639,2.0650000000000004,2.2491798275730535,2.105363546196689
3640,3640,3640,2.0666666666666673,2.2487983520256347,2.1049820706492715
3641,3641,3641,2.0683333333333325,2.2491798275730535,2.105363546196689
3642,3642,3642,2.0700000000000003,2.2491798275730535,2.105363546196689
3643,3643,3643,2.071666666666667,2.2487983520256347,2.1049820706492715
3644,3644,3644,2.073333333333334,2.2487983520256347,2.1049820706492715
3645,3645,3645,2.075,2.2484168764782178,2.104600595101854
3646,3646,3646,2.076666666666667,2.2484168764782178,2.1049820706492715
3647,3647,3647,2.078333333333334,2.2484168764782178,2.104600595101854
3648,3648,3648,2.08,2.2480354009308003,2.1049820706492715
3649,3649,3649,2.081666666666668,2.2480354009308003,2.1049820706492715
3650,3650,3650,2.083333333333334,2.247653925383384,2.104600595101854
3651,3651,3651,2.085,2.247653925383384,2.104600595101854
3652,3652,3652,2.086666666666668,2.247653925383384,2.104600595101854
3653,3653,3653,2.088333333333334,2.2472724498359646,2.104600595101854
3654,3654,3654,2.0900000000000025,2.2472724498359646,2.104600595101854
3655,3655,3655,2.0916666666666677,2.246890974288548,2.104600595101854
3656,3656,3656,2.0933333333333337,2.246890974288548,2.1042191195544366
3657,3657,3657,2.0950000000000015,2.2465094987411307,2.1042191195544366
3658,3658,3658,2.0966666666666676,2.2465094987411307,2.1042191195544366
3659,3659,3659,2.0983333333333336,2.2465094987411307,2.1042191195544366
3660,3660,3660,2.1000000000000005,2.2461280231937133,2.1042191195544366
3661,3661,3661,2.1016666666666675,2.2461280231937133,2.1042191195544366
3662,3662,3662,2.1033333333333335,2.2461280231937133,2.1042191195544366
3663,3663,3663,2.1050000000000004,2.2461280231937133,2.1038376440070192
3664,3664,3664,2.1066666666666674,2.245746547646296,2.1038376440070192
3665,3665,3665,2.1083333333333325,2.245746547646296,2.1038376440070192
3666,3666,3666,2.1100000000000003,2.245746547646296,2.1038376440070192
3667,3667,3667,2.1116666666666672,2.245746547646296,2.1038376440070192
3668,3668,3668,2.1133333333333324,2.2453650720988785,2.1038376440070192
3669,3669,3669,2.115,2.2453650720988785,2.103456168459602
3670,3670,3670,2.116666666666667,2.2446021210040437,2.103456168459602
3671,3671,3671,2.118333333333334,2.244983596551461,2.103456168459602
3672,3672,3672,2.12,2.244983596551461,2.103456168459602
3673,3673,3673,2.121666666666667,2.2446021210040437,2.103456168459602
3674,3674,3674,2.123333333333334,2.2442206454566263,2.1030746929121844
3675,3675,3675,2.125,2.243839169909209,2.1030746929121844
3676,3676,3676,2.126666666666668,2.2442206454566263,2.1030746929121844
3677,3677,3677,2.128333333333334,2.243839169909209,2.1030746929121844
3678,3678,3678,2.130000000000001,2.243839169909209,2.1030746929121844
3679,3679,3679,2.1316666666666677,2.243839169909209,2.1030746929121844
3680,3680,3680,2.1333333333333337,2.2434576943617914,2.102693217364767
3681,3681,3681,2.1350000000000025,2.2434576943617914,2.1030746929121844
3682,3682,3682,2.1366666666666676,2.2434576943617914,2.1023117418173496
3683,3683,3683,2.1383333333333336,2.2434576943617914,2.1023117418173496
3684,3684,3684,2.1400000000000015,2.243076218814374,2.1023117418173496
3685,3685,3685,2.1416666666666675,2.2426947432669566,2.101930266269932
3686,3686,3686,2.1433333333333335,2.243076218814374,2.101930266269932
3687,3687,3687,2.1450000000000005,2.2426947432669566,2.101930266269932
3688,3688,3688,2.1466666666666674,2.2426947432669566,2.101930266269932
3689,3689,3689,2.1483333333333325,2.2426947432669566,2.101930266269932
3690,3690,3690,2.1500000000000004,2.242313267719539,2.101930266269932
3691,3691,3691,2.1516666666666673,2.242313267719539,2.101930266269932
3692,3692,3692,2.1533333333333324,2.242313267719539,2.1015487907225148
3693,3693,3693,2.1550000000000002,2.242313267719539,2.1015487907225148
3694,3694,3694,2.156666666666667,2.241931792172122,2.1015487907225148
3695,3695,3695,2.158333333333334,2.241168841077287,2.1011673151750974
3696,3696,3696,2.16,2.2415503166247044,2.1015487907225148
3697,3697,3697,2.161666666666667,2.2415503166247044,2.1011673151750974
3698,3698,3698,2.163333333333334,2.241168841077287,2.1015487907225148
3699,3699,3699,2.165,2.2415503166247044,2.1011673151750974
3700,3700,3700,2.166666666666668,2.2407873655298696,2.1011673151750974
3701,3701,3701,2.168333333333334,2.241168841077287,2.10078583962768
3702,3702,3702,2.170000000000001,2.2407873655298696,2.10078583962768
3703,3703,3703,2.1716666666666677,2.2407873655298696,2.10078583962768
3704,3704,3704,2.173333333333334,2.2407873655298696,2.10078583962768
3705,3705,3705,2.1750000000000025,2.240405889982452,2.1004043640802625
3706,3706,3706,2.1766666666666676,2.240405889982452,2.10078583962768
3707,3707,3707,2.1783333333333337,2.240405889982452,2.10078583962768
3708,3708,3708,2.1800000000000015,2.2400244144350347,2.10078583962768
3709,3709,3709,2.1816666666666684,2.2400244144350347,2.100022888532845
3710,3710,3710,2.1833333333333336,2.2396429388876173,2.100022888532845
3711,3711,3711,2.1850000000000005,2.2400244144350347,2.1004043640802625
3712,3712,3712,2.1866666666666674,2.2396429388876173,2.100022888532845
3713,3713,3713,2.1883333333333335,2.2396429388876173,2.100022888532845
3714,3714,3714,2.1900000000000004,2.2396429388876173,2.099641412985428
3715,3715,3715,2.1916666666666673,2.2392614633402004,2.099641412985428
3716,3716,3716,2.1933333333333325,2.2392614633402004,2.0992599374380103
3717,3717,3717,2.1950000000000003,2.2388799877927825,2.099641412985428
3718,3718,3718,2.196666666666667,2.2388799877927825,2.0992599374380103
3719,3719,3719,2.198333333333334,2.2388799877927825,2.0992599374380103
3720,3720,3720,2.2,2.2384985122453656,2.098878461890593
3721,3721,3721,2.201666666666667,2.2384985122453656,2.0992599374380103
3722,3722,3722,2.203333333333334,2.2384985122453656,2.0992599374380103
3723,3723,3723,2.205,2.238117036697948,2.098878461890593
3724,3724,3724,2.206666666666668,2.238117036697948,2.098878461890593
3725,3725,3725,2.208333333333334,2.2377355611505303,2.0984969863431755
3726,3726,3726,2.21,2.2377355611505303,2.0984969863431755
3727,3727,3727,2.211666666666668,2.238117036697948,2.0984969863431755
3728,3728,3728,2.213333333333334,2.238117036697948,2.0984969863431755
3729,3729,3729,2.2150000000000025,2.2377355611505303,2.0984969863431755
3730,3730,3730,2.2166666666666677,2.2373540856031133,2.098115510795758
3731,3731,3731,2.2183333333333337,2.2373540856031133,2.098115510795758
3732,3732,3732,2.2200000000000015,2.2373540856031133,2.098115510795758
3733,3733,3733,2.2216666666666676,2.2373540856031133,2.098115510795758
3734,3734,3734,2.2233333333333336,2.2369726100556955,2.0977340352483407
3735,3735,3735,2.2250000000000005,2.2369726100556955,2.0977340352483407
3736,3736,3736,2.2266666666666675,2.2369726100556955,2.0977340352483407
3737,3737,3737,2.2283333333333335,2.2365911345082785,2.097352559700924
3738,3738,3738,2.2300000000000004,2.2365911345082785,2.0977340352483407
3739,3739,3739,2.2316666666666674,2.2362096589608607,2.097352559700924
3740,3740,3740,2.2333333333333325,2.2362096589608607,2.096971084153506
3741,3741,3741,2.2350000000000003,2.2362096589608607,2.096971084153506
3742,3742,3742,2.2366666666666672,2.2362096589608607,2.096971084153506
3743,3743,3743,2.238333333333334,2.2362096589608607,2.096971084153506
3744,3744,3744,2.24,2.2358281834134432,2.096971084153506
3745,3745,3745,2.241666666666667,2.235446707866026,2.0965896086060885
3746,3746,3746,2.243333333333334,2.2358281834134432,2.0965896086060885
3747,3747,3747,2.245,2.235446707866026,2.0965896086060885
3748,3748,3748,2.246666666666667,2.235446707866026,2.0962081330586706
3749,3749,3749,2.248333333333334,2.235446707866026,2.0962081330586706
3750,3750,3750,2.25,2.2350652323186084,2.0962081330586706
3751,3751,3751,2.251666666666668,2.2350652323186084,2.0958266575112536
3752,3752,3752,2.253333333333334,2.2350652323186084,2.0962081330586706
3753,3753,3753,2.255000000000001,2.2350652323186084,2.0958266575112536
3754,3754,3754,2.2566666666666677,2.2350652323186084,2.0958266575112536
3755,3755,3755,2.2583333333333337,2.234683756771191,2.095445181963836
3756,3756,3756,2.2600000000000025,2.234683756771191,2.095445181963836
3757,3757,3757,2.2616666666666676,2.234683756771191,2.095445181963836
3758,3758,3758,2.2633333333333336,2.2343022812237736,2.095445181963836
3759,3759,3759,2.2650000000000015,2.234683756771191,2.095445181963836
3760,3760,3760,2.2666666666666675,2.233920805676356,2.095063706416419
3761,3761,3761,2.2683333333333335,2.2343022812237736,2.0946822308690014
3762,3762,3762,2.2700000000000005,2.233920805676356,2.095063706416419
3763,3763,3763,2.2716666666666674,2.233920805676356,2.0946822308690014
3764,3764,3764,2.2733333333333325,2.233920805676356,2.0946822308690014
3765,3765,3765,2.2750000000000004,2.2331578545815214,2.094300755321584
3766,3766,3766,2.2766666666666673,2.233539330128939,2.094300755321584
3767,3767,3767,2.2783333333333324,2.233539330128939,2.0939192797741666
3768,3768,3768,2.2800000000000002,2.2331578545815214,2.094300755321584
3769,3769,3769,2.281666666666667,2.2331578545815214,2.0939192797741666
3770,3770,3770,2.283333333333334,2.232776379034104,2.0939192797741666
3771,3771,3771,2.285,2.2331578545815214,2.0939192797741666
3772,3772,3772,2.286666666666667,2.2331578545815214,2.0935378042267487
3773,3773,3773,2.288333333333334,2.232776379034104,2.0935378042267487
3774,3774,3774,2.29,2.232776379034104,2.0935378042267487
3775,3775,3775,2.291666666666668,2.2323949034866866,2.0935378042267487
3776,3776,3776,2.293333333333334,2.2323949034866866,2.0931563286793318
3777,3777,3777,2.295000000000001,2.232776379034104,2.0931563286793318
3778,3778,3778,2.2966666666666677,2.2323949034866866,2.0931563286793318
3779,3779,3779,2.298333333333334,2.2323949034866866,2.0931563286793318
3780,3780,3780,2.3000000000000025,2.232013427939269,2.0931563286793318
3781,3781,3781,2.3016666666666676,2.232013427939269,2.0927748531319144
3782,3782,3782,2.3033333333333337,2.232013427939269,2.0927748531319144
3783,3783,3783,2.3050000000000015,2.231631952391852,2.0927748531319144
3784,3784,3784,2.3066666666666684,2.232013427939269,2.092393377584497
3785,3785,3785,2.3083333333333336,2.2312504768444343,2.092393377584497
3786,3786,3786,2.3100000000000005,2.231631952391852,2.092393377584497
3787,3787,3787,2.3116666666666674,2.231631952391852,2.0920119020370795
3788,3788,3788,2.3133333333333335,2.2312504768444343,2.0920119020370795
3789,3789,3789,2.3150000000000004,2.2312504768444343,2.091630426489662
3790,3790,3790,2.3166666666666673,2.230869001297017,2.091630426489662
3791,3791,3791,2.3183333333333325,2.230869001297017,2.091630426489662
3792,3792,3792,2.3200000000000003,2.230869001297017,2.091630426489662
3793,3793,3793,2.321666666666667,2.230869001297017,2.091630426489662
3794,3794,3794,2.323333333333334,2.2304875257495995,2.0912489509422447
3795,3795,3795,2.325,2.2304875257495995,2.090867475394828
3796,3796,3796,2.326666666666667,2.2304875257495995,2.0912489509422447
3797,3797,3797,2.328333333333334,2.2304875257495995,2.090867475394828
3798,3798,3798,2.33,2.2304875257495995,2.090867475394828
3799,3799,3799,2.331666666666668,2.2301060502021817,2.090867475394828
3800,3800,3800,2.333333333333334,2.2301060502021817,2.090867475394828
3801,3801,3801,2.335,2.2301060502021817,2.09048599984741
3802,3802,3802,2.336666666666668,2.2297245746547647,2.09048599984741
3803,3803,3803,2.338333333333334,2.2297245746547647,2.09048599984741
3804,3804,3804,2.3400000000000025,2.2297245746547647,2.09048599984741
3805,3805,3805,2.3416666666666677,2.2297245746547647,2.0901045242999925
3806,3806,3806,2.3433333333333337,2.2297245746547647,2.0901045242999925
3807,3807,3807,2.3450000000000015,2.229343099107348,2.0901045242999925
3808,3808,3808,2.3466666666666676,2.2297245746547647,2.0901045242999925
3809,3809,3809,2.3483333333333336,2.229343099107348,2.0901045242999925
3810,3810,3810,2.3500000000000005,2.2289616235599303,2.089723048752575
3811,3811,3811,2.3516666666666675,2.229343099107348,2.089723048752575
3812,3812,3812,2.3533333333333335,2.2289616235599303,2.089723048752575
3813,3813,3813,2.3550000000000004,2.229343099107348,2.089723048752575
3814,3814,3814,2.3566666666666674,2.2289616235599303,2.0889600976577403
3815,3815,3815,2.3583333333333325,2.2285801480125125,2.0885786221103237
3816,3816,3816,2.3600000000000003,2.2285801480125125,2.0889600976577403
3817,3817,3817,2.3616666666666672,2.2285801480125125,2.0889600976577403
3818,3818,3818,2.363333333333334,2.2285801480125125,2.0885786221103237
3819,3819,3819,2.365,2.2285801480125125,2.0889600976577403
3820,3820,3820,2.366666666666667,2.228198672465095,2.088197146562905
3821,3821,3821,2.368333333333334,2.228198672465095,2.0885786221103237
3822,3822,3822,2.37,2.2278171969176777,2.088197146562905
3823,3823,3823,2.371666666666667,2.2278171969176777,2.088197146562905
3824,3824,3824,2.373333333333334,2.2278171969176777,2.088197146562905
3825,3825,3825,2.375,2.22743572137026,2.087815671015488
3826,3826,3826,2.376666666666668,2.2278171969176777,2.088197146562905
3827,3827,3827,2.378333333333334,2.22743572137026,2.087815671015488
3828,3828,3828,2.380000000000001,2.22743572137026,2.087815671015488
3829,3829,3829,2.3816666666666677,2.22743572137026,2.087815671015488
3830,3830,3830,2.3833333333333337,2.2270542458228437,2.08743419546807
3831,3831,3831,2.3850000000000025,2.22743572137026,2.08743419546807
3832,3832,3832,2.3866666666666676,2.22743572137026,2.08743419546807
3833,3833,3833,2.3883333333333336,2.2270542458228437,2.08743419546807
3834,3834,3834,2.3900000000000015,2.2270542458228437,2.087052719920653
3835,3835,3835,2.3916666666666675,2.2266727702754245,2.087052719920653
3836,3836,3836,2.3933333333333335,2.2270542458228437,2.087052719920653
3837,3837,3837,2.3950000000000005,2.2270542458228437,2.087052719920653
3838,3838,3838,2.3966666666666674,2.2266727702754245,2.086671244373236
3839,3839,3839,2.3983333333333325,2.2266727702754245,2.0862897688258184
3840,3840,3840,2.4000000000000004,2.226291294728008,2.0862897688258184
3841,3841,3841,2.4016666666666673,2.226291294728008,2.0862897688258184
3842,3842,3842,2.4033333333333324,2.226291294728008,2.085908293278401
3843,3843,3843,2.4050000000000002,2.226291294728008,2.0862897688258184
3844,3844,3844,2.406666666666667,2.226291294728008,2.085908293278401
3845,3845,3845,2.408333333333334,2.2259098191805906,2.085526817730984
3846,3846,3846,2.41,2.2259098191805906,2.085908293278401
3847,3847,3847,2.411666666666667,2.226291294728008,2.085908293278401
3848,3848,3848,2.413333333333334,2.2259098191805906,2.085526817730984
3849,3849,3849,2.415,2.2259098191805906,2.085526817730984
3850,3850,3850,2.416666666666668,2.225146868085756,2.085526817730984
3851,3851,3851,2.418333333333334,2.225528343633173,2.0851453421835657
3852,3852,3852,2.420000000000001,2.225528343633173,2.0851453421835657
3853,3853,3853,2.4216666666666677,2.225146868085756,2.0851453421835657
3854,3854,3854,2.423333333333334,2.225146868085756,2.0847638666361488
3855,3855,3855,2.4250000000000025,2.225146868085756,2.0847638666361488
3856,3856,3856,2.4266666666666676,2.2247653925383384,2.0847638666361488
3857,3857,3857,2.4283333333333337,2.225146868085756,2.0847638666361488
3858,3858,3858,2.4300000000000015,2.2247653925383384,2.0847638666361488
3859,3859,3859,2.4316666666666684,2.2247653925383384,2.0847638666361488
3860,3860,3860,2.4333333333333336,2.224383916990921,2.084382391088732
3861,3861,3861,2.4350000000000005,2.2247653925383384,2.084382391088732
3862,3862,3862,2.4366666666666674,2.224383916990921,2.084000915541314
3863,3863,3863,2.4383333333333335,2.224383916990921,2.084000915541314
3864,3864,3864,2.4400000000000004,2.224383916990921,2.084000915541314
3865,3865,3865,2.4416666666666673,2.224002441443504,2.083237964446479
3866,3866,3866,2.4433333333333325,2.224383916990921,2.0836194399938965
3867,3867,3867,2.4450000000000003,2.224002441443504,2.083237964446479
3868,3868,3868,2.446666666666667,2.224002441443504,2.083237964446479
3869,3869,3869,2.448333333333334,2.224002441443504,2.083237964446479
3870,3870,3870,2.45,2.2236209658960857,2.083237964446479
3871,3871,3871,2.451666666666667,2.224002441443504,2.0828564888990617
3872,3872,3872,2.453333333333334,2.2236209658960857,2.0828564888990617
3873,3873,3873,2.455,2.2236209658960857,2.0828564888990617
3874,3874,3874,2.456666666666668,2.2236209658960857,2.0828564888990617
3875,3875,3875,2.458333333333334,2.2236209658960857,2.0824750133516443
3876,3876,3876,2.460000000000001,2.2236209658960857,2.0824750133516443
3877,3877,3877,2.461666666666668,2.2232394903486687,2.0824750133516443
3878,3878,3878,2.463333333333334,2.2232394903486687,2.0824750133516443
3879,3879,3879,2.4650000000000025,2.2232394903486687,2.0824750133516443
3880,3880,3880,2.4666666666666677,2.222858014801252,2.082093537804227
3881,3881,3881,2.4683333333333337,2.2232394903486687,2.082093537804227
3882,3882,3882,2.4700000000000015,2.222858014801252,2.082093537804227
3883,3883,3883,2.4716666666666676,2.222858014801252,2.081712062256809
3884,3884,3884,2.4733333333333336,2.222858014801252,2.081712062256809
3885,3885,3885,2.4750000000000005,2.222476539253834,2.082093537804227
3886,3886,3886,2.4766666666666675,2.222858014801252,2.081712062256809
3887,3887,3887,2.4783333333333335,2.222476539253834,2.081712062256809
3888,3888,3888,2.4800000000000004,2.222476539253834,2.081712062256809
3889,3889,3889,2.4816666666666674,2.2220950637064165,2.081712062256809
3890,3890,3890,2.4833333333333325,2.2220950637064165,2.081330586709392
3891,3891,3891,2.4850000000000003,2.222476539253834,2.081330586709392
3892,3892,3892,2.4866666666666672,2.2220950637064165,2.0809491111619747
3893,3893,3893,2.488333333333334,2.2220950637064165,2.0809491111619747
3894,3894,3894,2.49,2.2220950637064165,2.0809491111619747
3895,3895,3895,2.491666666666667,2.221713588158999,2.0805676356145573
3896,3896,3896,2.493333333333334,2.2220950637064165,2.0805676356145573
3897,3897,3897,2.495,2.221713588158999,2.0805676356145573
3898,3898,3898,2.496666666666667,2.221713588158999,2.0805676356145573
3899,3899,3899,2.498333333333334,2.221713588158999,2.08018616006714
3900,3900,3900,2.5,2.2213321126115817,2.08018616006714
3901,3901,3901,2.501666666666668,2.221713588158999,2.08018616006714
3902,3902,3902,2.503333333333334,2.2213321126115817,2.08018616006714
3903,3903,3903,2.505000000000001,2.2213321126115817,2.08018616006714
3904,3904,3904,2.5066666666666677,2.2213321126115817,2.0798046845197224
3905,3905,3905,2.5083333333333337,2.2209506370641643,2.0798046845197224
3906,3906,3906,2.5100000000000025,2.2213321126115817,2.0798046845197224
3907,3907,3907,2.5116666666666676,2.2213321126115817,2.079423208972305
3908,3908,3908,2.5133333333333336,2.2209506370641643,2.0798046845197224
3909,3909,3909,2.5150000000000015,2.2209506370641643,2.079423208972305
3910,3910,3910,2.5166666666666675,2.2205691615167478,2.079423208972305
3911,3911,3911,2.5183333333333335,2.2209506370641643,2.079423208972305
3912,3912,3912,2.5200000000000005,2.2209506370641643,2.079041733424888
3913,3913,3913,2.5216666666666674,2.2209506370641643,2.079041733424888
3914,3914,3914,2.5233333333333325,2.2205691615167478,2.079423208972305
3915,3915,3915,2.5250000000000004,2.2205691615167478,2.079041733424888
3916,3916,3916,2.5266666666666673,2.2205691615167478,2.079041733424888
3917,3917,3917,2.5283333333333324,2.2205691615167478,2.079041733424888
3918,3918,3918,2.5300000000000002,2.220187685969329,2.079041733424888
3919,3919,3919,2.531666666666667,2.2205691615167478,2.0786602578774698
3920,3920,3920,2.533333333333334,2.219806210421912,2.0786602578774698
3921,3921,3921,2.535,2.219806210421912,2.0786602578774698
3922,3922,3922,2.536666666666667,2.220187685969329,2.0782787823300533
3923,3923,3923,2.538333333333334,2.219806210421912,2.0786602578774698
3924,3924,3924,2.54,2.2194247348744947,2.0782787823300533
3925,3925,3925,2.541666666666668,2.2194247348744947,2.0778973067826354
3926,3926,3926,2.543333333333334,2.2194247348744947,2.0778973067826354
3927,3927,3927,2.545000000000001,2.2194247348744947,2.0778973067826354
3928,3928,3928,2.5466666666666677,2.2194247348744947,2.0778973067826354
3929,3929,3929,2.548333333333334,2.2194247348744947,2.0778973067826354
3930,3930,3930,2.5500000000000025,2.219043259327077,2.0778973067826354
3931,3931,3931,2.5516666666666676,2.219043259327077,2.077515831235218
3932,3932,3932,2.5533333333333337,2.219043259327077,2.0778973067826354
3933,3933,3933,2.5550000000000015,2.219043259327077,2.077515831235218
3934,3934,3934,2.5566666666666675,2.219043259327077,2.077515831235218
3935,3935,3935,2.5583333333333336,2.219043259327077,2.077515831235218
3936,3936,3936,2.5600000000000005,2.219043259327077,2.077515831235218
3937,3937,3937,2.5616666666666674,2.219043259327077,2.077515831235218
3938,3938,3938,2.5633333333333335,2.2186617837796603,2.0771343556878006
3939,3939,3939,2.5650000000000004,2.2186617837796603,2.0771343556878006
3940,3940,3940,2.5666666666666673,2.2186617837796603,2.0771343556878006
3941,3941,3941,2.5683333333333325,2.2186617837796603,2.0771343556878006
3942,3942,3942,2.5700000000000003,2.2186617837796603,2.0771343556878006
3943,3943,3943,2.571666666666667,2.2186617837796603,2.0771343556878006
3944,3944,3944,2.573333333333334,2.2186617837796603,2.0771343556878006
3945,3945,3945,2.575,2.2182803082322424,2.0767528801403827
3946,3946,3946,2.576666666666667,2.2186617837796603,2.0767528801403827
3947,3947,3947,2.578333333333334,2.2182803082322424,2.0767528801403827
3948,3948,3948,2.58,2.2182803082322424,2.0767528801403827
3949,3949,3949,2.581666666666668,2.2182803082322424,2.0767528801403827
3950,3950,3950,2.583333333333334,2.217898832684825,2.0763714045929658
3951,3951,3951,2.585000000000001,2.217898832684825,2.0763714045929658
3952,3952,3952,2.586666666666668,2.217898832684825,2.0767528801403827
3953,3953,3953,2.588333333333334,2.217898832684825,2.0763714045929658
3954,3954,3954,2.5900000000000025,2.217517357137408,2.0763714045929658
3955,3955,3955,2.5916666666666677,2.21713588158999,2.0763714045929658
3956,3956,3956,2.5933333333333337,2.217517357137408,2.0763714045929658
3957,3957,3957,2.5950000000000015,2.217517357137408,2.0759899290455484
3958,3958,3958,2.5966666666666676,2.217517357137408,2.0763714045929658
3959,3959,3959,2.5983333333333336,2.217517357137408,2.0759899290455484
3960,3960,3960,2.6000000000000005,2.216754406042573,2.0759899290455484
3961,3961,3961,2.6016666666666675,2.21713588158999,2.0759899290455484
3962,3962,3962,2.6033333333333335,2.21713588158999,2.0759899290455484
3963,3963,3963,2.6050000000000004,2.21713588158999,2.075608453498131
3964,3964,3964,2.6066666666666674,2.21713588158999,2.075608453498131
3965,3965,3965,2.6083333333333325,2.216754406042573,2.075608453498131
3966,3966,3966,2.6100000000000003,2.216754406042573,2.0759899290455484
3967,3967,3967,2.6116666666666672,2.216754406042573,2.0759899290455484
3968,3968,3968,2.613333333333334,2.216754406042573,2.075608453498131
3969,3969,3969,2.615,2.216754406042573,2.075608453498131
3970,3970,3970,2.616666666666667,2.2163729304951554,2.075226977950713
3971,3971,3971,2.618333333333334,2.2163729304951554,2.075226977950713
3972,3972,3972,2.62,2.2163729304951554,2.075226977950713
3973,3973,3973,2.621666666666667,2.216754406042573,2.075226977950713
3974,3974,3974,2.623333333333334,2.2163729304951554,2.075226977950713
3975,3975,3975,2.625,2.2159914549477384,2.075226977950713
3976,3976,3976,2.626666666666668,2.2159914549477384,2.075226977950713
3977,3977,3977,2.628333333333334,2.2163729304951554,2.075226977950713
3978,3978,3978,2.630000000000001,2.2159914549477384,2.074845502403296
3979,3979,3979,2.6316666666666677,2.2159914549477384,2.075226977950713
3980,3980,3980,2.6333333333333337,2.215609979400321,2.074845502403296
3981,3981,3981,2.6350000000000025,2.2159914549477384,2.074845502403296
3982,3982,3982,2.6366666666666676,2.2159914549477384,2.075226977950713
3983,3983,3983,2.6383333333333336,2.215609979400321,2.074845502403296
3984,3984,3984,2.6400000000000015,2.2159914549477384,2.074845502403296
3985,3985,3985,2.6416666666666675,2.215609979400321,2.074845502403296
3986,3986,3986,2.6433333333333335,2.215609979400321,2.074845502403296
3987,3987,3987,2.6450000000000005,2.215228503852903,2.074845502403296
3988,3988,3988,2.6466666666666674,2.215609979400321,2.0744640268558787
3989,3989,3989,2.6483333333333325,2.215609979400321,2.074845502403296
3990,3990,3990,2.6500000000000004,2.215228503852903,2.0744640268558787
3991,3991,3991,2.6516666666666673,2.215228503852903,2.074845502403296
3992,3992,3992,2.6533333333333324,2.215228503852903,2.0744640268558787
3993,3993,3993,2.6550000000000002,2.2148470283054857,2.0744640268558787
3994,3994,3994,2.656666666666667,2.2148470283054857,2.0744640268558787
3995,3995,3995,2.658333333333334,2.2148470283054857,2.0744640268558787
3996,3996,3996,2.66,2.2144655527580683,2.0744640268558787
3997,3997,3997,2.661666666666667,2.2144655527580683,2.0744640268558787
3998,3998,3998,2.663333333333334,2.2144655527580683,2.0744640268558787
3999,3999,3999,2.665,2.214084077210651,2.0744640268558787
4000,4000,4000,2.666666666666668,2.214084077210651,2.0740825513084613
4001,4001,4001,2.668333333333334,2.2144655527580683,2.0744640268558787
4002,4002,4002,2.670000000000001,2.214084077210651,2.0744640268558787
4003,4003,4003,2.6716666666666677,2.214084077210651,2.0744640268558787
4004,4004,4004,2.673333333333334,2.214084077210651,2.0740825513084613
4005,4005,4005,2.6750000000000025,2.213702601663233,2.0740825513084613
4006,4006,4006,2.6766666666666676,2.214084077210651,2.0740825513084613
4007,4007,4007,2.6783333333333337,2.214084077210651,2.0744640268558787
4008,4008,4008,2.6800000000000015,2.214084077210651,2.0740825513084613
4009,4009,4009,2.6816666666666675,2.213702601663233,2.0740825513084613
4010,4010,4010,2.6833333333333336,2.213702601663233,2.0740825513084613
4011,4011,4011,2.6850000000000005,2.213702601663233,2.0740825513084613
4012,4012,4012,2.6866666666666674,2.213321126115816,2.0740825513084613
4013,4013,4013,2.6883333333333335,2.213702601663233,2.0740825513084613
4014,4014,4014,2.6900000000000004,2.213321126115816,2.0740825513084613
4015,4015,4015,2.6916666666666673,2.213321126115816,2.0740825513084613
4016,4016,4016,2.6933333333333325,2.213321126115816,2.073701075761044
4017,4017,4017,2.6950000000000003,2.213321126115816,2.073701075761044
4018,4018,4018,2.696666666666667,2.213321126115816,2.0740825513084613
4019,4019,4019,2.698333333333334,2.213321126115816,2.073701075761044
4020,4020,4020,2.7,2.2129396505683987,2.073701075761044
4021,4021,4021,2.701666666666667,2.2129396505683987,2.073701075761044
4022,4022,4022,2.703333333333334,2.2129396505683987,2.073701075761044
4023,4023,4023,2.705,2.2129396505683987,2.073701075761044
4024,4024,4024,2.706666666666668,2.2129396505683987,2.073701075761044
4025,4025,4025,2.708333333333334,2.2125581750209813,2.073701075761044
4026,4026,4026,2.710000000000001,2.2129396505683987,2.073701075761044
4027,4027,4027,2.711666666666668,2.2125581750209813,2.073701075761044
4028,4028,4028,2.713333333333334,2.212176699473564,2.073701075761044
4029,4029,4029,2.7150000000000025,2.2125581750209813,2.073701075761044
4030,4030,4030,2.7166666666666677,2.212176699473564,2.0733196002136265
4031,4031,4031,2.7183333333333337,2.2125581750209813,2.073701075761044
4032,4032,4032,2.7200000000000015,2.212176699473564,2.073701075761044
4033,4033,4033,2.7216666666666676,2.2117952239261465,2.0733196002136265
4034,4034,4034,2.7233333333333336,2.2117952239261465,2.073701075761044
4035,4035,4035,2.7250000000000005,2.211413748378729,2.073701075761044
4036,4036,4036,2.7266666666666675,2.2117952239261465,2.073701075761044
4037,4037,4037,2.7283333333333335,2.2117952239261465,2.073701075761044
4038,4038,4038,2.7300000000000004,2.2117952239261465,2.0733196002136265
4039,4039,4039,2.7316666666666674,2.211413748378729,2.073701075761044
4040,4040,4040,2.7333333333333325,2.211413748378729,2.0733196002136265
4041,4041,4041,2.7350000000000003,2.211413748378729,2.073701075761044
4042,4042,4042,2.7366666666666672,2.211413748378729,2.0733196002136265
4043,4043,4043,2.738333333333334,2.211032272831312,2.0733196002136265
4044,4044,4044,2.74,2.211413748378729,2.0733196002136265
4045,4045,4045,2.741666666666667,2.211032272831312,2.0733196002136265
4046,4046,4046,2.743333333333334,2.211032272831312,2.0733196002136265
4047,4047,4047,2.745,2.211032272831312,2.0733196002136265
4048,4048,4048,2.746666666666667,2.211032272831312,2.0733196002136265
4049,4049,4049,2.748333333333334,2.211032272831312,2.0733196002136265
4050,4050,4050,2.75,2.2106507972838942,2.072938124666209
4051,4051,4051,2.751666666666668,2.2106507972838942,2.0733196002136265
4052,4052,4052,2.753333333333334,2.2106507972838942,2.0733196002136265
4053,4053,4053,2.755000000000001,2.211032272831312,2.0733196002136265
4054,4054,4054,2.7566666666666677,2.2106507972838942,2.072938124666209
4055,4055,4055,2.7583333333333337,2.210269321736477,2.072938124666209
4056,4056,4056,2.7600000000000025,2.2106507972838942,2.0733196002136265
4057,4057,4057,2.7616666666666676,2.210269321736477,2.0733196002136265
4058,4058,4058,2.7633333333333336,2.210269321736477,2.0733196002136265
4059,4059,4059,2.7650000000000015,2.210269321736477,2.0733196002136265
4060,4060,4060,2.7666666666666675,2.210269321736477,2.072938124666209
4061,4061,4061,2.7683333333333335,2.210269321736477,2.0733196002136265
4062,4062,4062,2.7700000000000005,2.210269321736477,2.072938124666209
4063,4063,4063,2.7716666666666674,2.210269321736477,2.0733196002136265
4064,4064,4064,2.7733333333333325,2.2098878461890594,2.072938124666209
4065,4065,4065,2.7750000000000004,2.2098878461890594,2.072938124666209
4066,4066,4066,2.7766666666666673,2.2098878461890594,2.072556649118792
4067,4067,4067,2.7783333333333324,2.2098878461890594,2.0733196002136265
4068,4068,4068,2.7800000000000002,2.2098878461890594,2.072556649118792
4069,4069,4069,2.781666666666667,2.2098878461890594,2.072938124666209
4070,4070,4070,2.783333333333334,2.209506370641642,2.072556649118792
4071,4071,4071,2.785,2.209506370641642,2.0733196002136265
4072,4072,4072,2.786666666666667,2.2091248950942246,2.072938124666209
4073,4073,4073,2.788333333333334,2.209506370641642,2.072938124666209
4074,4074,4074,2.79,2.2091248950942246,2.072938124666209
4075,4075,4075,2.791666666666668,2.2091248950942246,2.072556649118792
4076,4076,4076,2.793333333333334,2.2091248950942246,2.072556649118792
4077,4077,4077,2.795000000000001,2.2091248950942246,2.072556649118792
4078,4078,4078,2.7966666666666677,2.2091248950942246,2.072556649118792
4079,4079,4079,2.798333333333334,2.2087434195468063,2.072556649118792
4080,4080,4080,2.8000000000000025,2.20836194399939,2.072556649118792
4081,4081,4081,2.8016666666666676,2.2087434195468063,2.072938124666209
4082,4082,4082,2.8033333333333337,2.2087434195468063,2.072556649118792
4083,4083,4083,2.8050000000000015,2.2087434195468063,2.072938124666209
4084,4084,4084,2.8066666666666675,2.2087434195468063,2.0721751735713743
4085,4085,4085,2.8083333333333336,2.20836194399939,2.072556649118792
4086,4086,4086,2.8100000000000005,2.20836194399939,2.072938124666209
4087,4087,4087,2.8116666666666674,2.20836194399939,2.072556649118792
4088,4088,4088,2.8133333333333335,2.20836194399939,2.072556649118792
4089,4089,4089,2.8150000000000004,2.20836194399939,2.072556649118792
4090,4090,4090,2.8166666666666673,2.2079804684519724,2.072556649118792
4091,4091,4091,2.8183333333333325,2.20836194399939,2.072556649118792
4092,4092,4092,2.8200000000000003,2.20836194399939,2.072556649118792
4093,4093,4093,2.821666666666667,2.2079804684519724,2.072556649118792
4094,4094,4094,2.823333333333334,2.20836194399939,2.072556649118792
4095,4095,4095,2.825,2.2075989929045554,2.072556649118792
4096,4096,4096,2.826666666666667,2.2079804684519724,2.072938124666209
4097,4097,4097,2.828333333333334,2.2079804684519724,2.072556649118792
4098,4098,4098,2.83,2.2079804684519724,2.072556649118792
4099,4099,4099,2.831666666666668,2.2079804684519724,2.072556649118792
4100,4100,4100,2.833333333333334,2.2075989929045554,2.0721751735713743
4101,4101,4101,2.835000000000001,2.2075989929045554,2.072556649118792
4102,4102,4102,2.836666666666668,2.2079804684519724,2.072556649118792
4103,4103,4103,2.838333333333334,2.2075989929045554,2.072556649118792
4104,4104,4104,2.8400000000000025,2.2072175173571376,2.072556649118792
4105,4105,4105,2.8416666666666677,2.2075989929045554,2.0721751735713743
4106,4106,4106,2.8433333333333337,2.2075989929045554,2.072556649118792
4107,4107,4107,2.8450000000000015,2.2075989929045554,2.072556649118792
4108,4108,4108,2.8466666666666676,2.2072175173571376,2.0721751735713743
4109,4109,4109,2.8483333333333336,2.2072175173571376,2.0721751735713743
4110,4110,4110,2.8500000000000005,2.20683604180972,2.0721751735713743
4111,4111,4111,2.8516666666666675,2.2072175173571376,2.072556649118792
4112,4112,4112,2.8533333333333335,2.2072175173571376,2.0721751735713743
4113,4113,4113,2.8550000000000004,2.2072175173571376,2.0721751735713743
4114,4114,4114,2.8566666666666674,2.20683604180972,2.0721751735713743
4115,4115,4115,2.8583333333333325,2.20683604180972,2.0721751735713743
4116,4116,4116,2.8600000000000003,2.2064545662623027,2.0721751735713743
4117,4117,4117,2.8616666666666672,2.20683604180972,2.0721751735713743
4118,4118,4118,2.863333333333334,2.20683604180972,2.0721751735713743
4119,4119,4119,2.865,2.2064545662623027,2.0721751735713743
4120,4120,4120,2.866666666666667,2.2064545662623027,2.0721751735713743
4121,4121,4121,2.868333333333334,2.2064545662623027,2.0721751735713743
4122,4122,4122,2.87,2.2064545662623027,2.0721751735713743
4123,4123,4123,2.871666666666667,2.2064545662623027,2.0721751735713743
4124,4124,4124,2.873333333333334,2.2064545662623027,2.072556649118792
4125,4125,4125,2.875,2.2064545662623027,2.0721751735713743
4126,4126,4126,2.876666666666668,2.2064545662623027,2.0721751735713743
4127,4127,4127,2.878333333333334,2.2060730907148853,2.0721751735713743
4128,4128,4128,2.880000000000001,2.2060730907148853,2.0721751735713743
4129,4129,4129,2.8816666666666677,2.2056916151674684,2.072556649118792
4130,4130,4130,2.8833333333333337,2.2056916151674684,2.0721751735713743
4131,4131,4131,2.8850000000000025,2.2060730907148853,2.0721751735713743
4132,4132,4132,2.8866666666666676,2.2060730907148853,2.0721751735713743
4133,4133,4133,2.8883333333333336,2.2056916151674684,2.0721751735713743
4134,4134,4134,2.8900000000000015,2.2056916151674684,2.0721751735713743
4135,4135,4135,2.8916666666666675,2.2056916151674684,2.0721751735713743
4136,4136,4136,2.8933333333333335,2.2056916151674684,2.0721751735713743
4137,4137,4137,2.8950000000000005,2.2053101396200505,2.0721751735713743
4138,4138,4138,2.8966666666666674,2.2056916151674684,2.0721751735713743
4139,4139,4139,2.8983333333333325,2.2053101396200505,2.0721751735713743
4140,4140,4140,2.9000000000000004,2.2053101396200505,2.0721751735713743
4141,4141,4141,2.9016666666666673,2.2053101396200505,2.0721751735713743
4142,4142,4142,2.9033333333333324,2.2053101396200505,2.0721751735713743
4143,4143,4143,2.9050000000000002,2.2053101396200505,2.0721751735713743
4144,4144,4144,2.906666666666667,2.204928664072633,2.0721751735713743
4145,4145,4145,2.908333333333334,2.2053101396200505,2.071793698023957
4146,4146,4146,2.91,2.2053101396200505,2.0721751735713743
4147,4147,4147,2.911666666666667,2.2053101396200505,2.0721751735713743
4148,4148,4148,2.913333333333334,2.2053101396200505,2.0721751735713743
4149,4149,4149,2.915,2.2053101396200505,2.071793698023957
4150,4150,4150,2.916666666666668,2.2045471885252157,2.0721751735713743
4151,4151,4151,2.918333333333334,2.2053101396200505,2.0721751735713743
4152,4152,4152,2.920000000000001,2.204928664072633,2.0721751735713743
4153,4153,4153,2.9216666666666677,2.204928664072633,2.0721751735713743
4154,4154,4154,2.923333333333334,2.204928664072633,2.0721751735713743
4155,4155,4155,2.9250000000000025,2.2045471885252157,2.0721751735713743
4156,4156,4156,2.9266666666666676,2.204928664072633,2.0721751735713743
4157,4157,4157,2.9283333333333337,2.204928664072633,2.071793698023957
4158,4158,4158,2.9300000000000015,2.2045471885252157,2.0721751735713743
4159,4159,4159,2.9316666666666675,2.204928664072633,2.071793698023957
4160,4160,4160,2.9333333333333336,2.2045471885252157,2.0721751735713743
4161,4161,4161,2.9350000000000005,2.2045471885252157,2.0721751735713743
4162,4162,4162,2.9366666666666674,2.2045471885252157,2.0721751735713743
4163,4163,4163,2.9383333333333335,2.2045471885252157,2.0721751735713743
4164,4164,4164,2.9400000000000004,2.2045471885252157,2.0721751735713743
4165,4165,4165,2.9416666666666673,2.2045471885252157,2.071793698023957
4166,4166,4166,2.9433333333333325,2.2045471885252157,2.071793698023957
4167,4167,4167,2.9450000000000003,2.2045471885252157,2.071793698023957
4168,4168,4168,2.946666666666667,2.2041657129777983,2.0721751735713743
4169,4169,4169,2.948333333333334,2.2045471885252157,2.0721751735713743
4170,4170,4170,2.95,2.2041657129777983,2.071793698023957
4171,4171,4171,2.951666666666667,2.2041657129777983,2.0721751735713743
4172,4172,4172,2.953333333333334,2.2045471885252157,2.0721751735713743
4173,4173,4173,2.955,2.2041657129777983,2.071793698023957
4174,4174,4174,2.956666666666668,2.2041657129777983,2.071793698023957
4175,4175,4175,2.958333333333334,2.2041657129777983,2.071793698023957
4176,4176,4176,2.960000000000001,2.2041657129777983,2.0721751735713743
4177,4177,4177,2.961666666666668,2.2041657129777983,2.0721751735713743
4178,4178,4178,2.963333333333334,2.203784237430381,2.071793698023957
4179,4179,4179,2.9650000000000025,2.203784237430381,2.071793698023957
4180,4180,4180,2.9666666666666677,2.203784237430381,2.071793698023957
4181,4181,4181,2.9683333333333337,2.203784237430381,2.0721751735713743
4182,4182,4182,2.9700000000000015,2.203784237430381,2.0721751735713743
4183,4183,4183,2.9716666666666676,2.203784237430381,2.071793698023957
4184,4184,4184,2.9733333333333336,2.203784237430381,2.071793698023957
4185,4185,4185,2.9750000000000005,2.2034027618829635,2.071793698023957
4186,4186,4186,2.9766666666666675,2.203784237430381,2.0721751735713743
4187,4187,4187,2.9783333333333335,2.2034027618829635,2.071793698023957
4188,4188,4188,2.9800000000000004,2.203784237430381,2.071793698023957
4189,4189,4189,2.9816666666666674,2.2034027618829635,2.0721751735713743
4190,4190,4190,2.9833333333333325,2.2034027618829635,2.0721751735713743
4191,4191,4191,2.9850000000000003,2.2034027618829635,2.071793698023957
4192,4192,4192,2.9866666666666672,2.2034027618829635,2.071793698023957
4193,4193,4193,2.988333333333334,2.203784237430381,2.0721751735713743
4194,4194,4194,2.99,2.2034027618829635,2.0721751735713743
4195,4195,4195,2.991666666666667,2.2034027618829635,2.071793698023957
4196,4196,4196,2.993333333333334,2.2034027618829635,2.0721751735713743
4197,4197,4197,2.995,2.2034027618829635,2.071793698023957
4198,4198,4198,2.996666666666667,2.2034027618829635,2.071793698023957
4199,4199,4199,2.998333333333334,2.2034027618829635,2.071793698023957
4200,4200,4200,3.000000000000001,2.2030212863355456,2.071793698023957
4201,4201,4201,3.001666666666668,2.2034027618829635,2.0721751735713743
4202,4202,4202,3.003333333333334,2.2034027618829635,2.071793698023957
4203,4203,4203,3.005000000000001,2.2034027618829635,2.071793698023957
4204,4204,4204,3.0066666666666677,2.2034027618829635,2.071793698023957
4205,4205,4205,3.0083333333333337,2.2034027618829635,2.071793698023957
4206,4206,4206,3.0100000000000025,2.2034027618829635,2.071793698023957
4207,4207,4207,3.0116666666666676,2.2034027618829635,2.071793698023957
4208,4208,4208,3.0133333333333336,2.2034027618829635,2.071793698023957
4209,4209,4209,3.0150000000000015,2.2034027618829635,2.071793698023957
4210,4210,4210,3.0166666666666675,2.2030212863355456,2.071793698023957
4211,4211,4211,3.0183333333333335,2.2034027618829635,2.071793698023957
4212,4212,4212,3.0200000000000005,2.2034027618829635,2.071793698023957
4213,4213,4213,3.0216666666666674,2.2034027618829635,2.071793698023957
4214,4214,4214,3.0233333333333325,2.2034027618829635,2.071793698023957
4215,4215,4215,3.0250000000000004,2.2034027618829635,2.071793698023957
4216,4216,4216,3.0266666666666673,2.2034027618829635,2.071793698023957
4217,4217,4217,3.0283333333333324,2.2034027618829635,2.071793698023957
4218,4218,4218,3.0300000000000002,2.2034027618829635,2.071793698023957
4219,4219,4219,3.031666666666667,2.2034027618829635,2.071793698023957
4220,4220,4220,3.033333333333334,2.2030212863355456,2.071793698023957
4221,4221,4221,3.035,2.2034027618829635,2.071793698023957
4222,4222,4222,3.036666666666667,2.2034027618829635,2.071793698023957
4223,4223,4223,3.038333333333334,2.2034027618829635,2.071793698023957
4224,4224,4224,3.04,2.2034027618829635,2.071793698023957
4225,4225,4225,3.041666666666668,2.2034027618829635,2.071793698023957
4226,4226,4226,3.043333333333334,2.2034027618829635,2.071793698023957
4227,4227,4227,3.045000000000001,2.2034027618829635,2.071793698023957
4228,4228,4228,3.0466666666666677,2.203784237430381,2.071793698023957
4229,4229,4229,3.048333333333334,2.2034027618829635,2.071793698023957
4230,4230,4230,3.0500000000000025,2.2030212863355456,2.071793698023957
4231,4231,4231,3.0516666666666676,2.203784237430381,2.071793698023957
4232,4232,4232,3.0533333333333337,2.203784237430381,2.071793698023957
4233,4233,4233,3.0550000000000015,2.203784237430381,2.071793698023957
4234,4234,4234,3.0566666666666675,2.203784237430381,2.071793698023957
4235,4235,4235,3.0583333333333336,2.2034027618829635,2.071793698023957
4236,4236,4236,3.0600000000000005,2.2034027618829635,2.071793698023957
4237,4237,4237,3.0616666666666674,2.203784237430381,2.071793698023957
4238,4238,4238,3.0633333333333335,2.203784237430381,2.071793698023957
4239,4239,4239,3.0650000000000004,2.203784237430381,2.071793698023957
4240,4240,4240,3.0666666666666673,2.203784237430381,2.071793698023957
4241,4241,4241,3.0683333333333325,2.203784237430381,2.071793698023957
4242,4242,4242,3.0700000000000003,2.2041657129777983,2.071793698023957
4243,4243,4243,3.071666666666667,2.2041657129777983,2.071793698023957
4244,4244,4244,3.073333333333334,2.2041657129777983,2.071793698023957
4245,4245,4245,3.075,2.2034027618829635,2.071793698023957
4246,4246,4246,3.076666666666667,2.2041657129777983,2.071793698023957
4247,4247,4247,3.078333333333334,2.2041657129777983,2.071793698023957
4248,4248,4248,3.08,2.2041657129777983,2.071793698023957
4249,4249,4249,3.081666666666668,2.2041657129777983,2.071793698023957
4250,4250,4250,3.083333333333334,2.2041657129777983,2.071793698023957
4251,4251,4251,3.085000000000001,2.2041657129777983,2.071793698023957
4252,4252,4252,3.086666666666668,2.2045471885252157,2.071793698023957
4253,4253,4253,3.088333333333334,2.2045471885252157,2.071793698023957
4254,4254,4254,3.0900000000000025,2.2045471885252157,2.071793698023957
4255,4255,4255,3.0916666666666677,2.2041657129777983,2.071793698023957
4256,4256,4256,3.0933333333333337,2.2045471885252157,2.071793698023957
4257,4257,4257,3.0950000000000015,2.2045471885252157,2.071793698023957
4258,4258,4258,3.0966666666666676,2.2045471885252157,2.071793698023957
4259,4259,4259,3.0983333333333336,2.2045471885252157,2.071793698023957
4260,4260,4260,3.1000000000000005,2.2045471885252157,2.071793698023957
4261,4261,4261,3.1016666666666675,2.204928664072633,2.071793698023957
4262,4262,4262,3.1033333333333335,2.2045471885252157,2.0714122224765394
4263,4263,4263,3.1050000000000004,2.204928664072633,2.071793698023957
4264,4264,4264,3.1066666666666674,2.2045471885252157,2.071793698023957
4265,4265,4265,3.1083333333333325,2.2045471885252157,2.0714122224765394
4266,4266,4266,3.1100000000000003,2.204928664072633,2.071793698023957
4267,4267,4267,3.1116666666666672,2.204928664072633,2.0714122224765394
4268,4268,4268,3.113333333333334,2.204928664072633,2.071793698023957
4269,4269,4269,3.115,2.204928664072633,2.071793698023957
4270,4270,4270,3.116666666666667,2.204928664072633,2.071793698023957
4271,4271,4271,3.118333333333334,2.204928664072633,2.0714122224765394
4272,4272,4272,3.12,2.204928664072633,2.0714122224765394
4273,4273,4273,3.121666666666667,2.2053101396200505,2.0714122224765394
4274,4274,4274,3.123333333333334,2.204928664072633,2.071793698023957
4275,4275,4275,3.125000000000001,2.204928664072633,2.0714122224765394
4276,4276,4276,3.126666666666668,2.2053101396200505,2.0714122224765394
4277,4277,4277,3.128333333333334,2.2053101396200505,2.0714122224765394
4278,4278,4278,3.130000000000001,2.2053101396200505,2.071793698023957
4279,4279,4279,3.1316666666666677,2.2053101396200505,2.0714122224765394
4280,4280,4280,3.1333333333333337,2.2053101396200505,2.071793698023957
4281,4281,4281,3.1350000000000025,2.2056916151674684,2.0714122224765394
4282,4282,4282,3.1366666666666676,2.2056916151674684,2.0714122224765394
4283,4283,4283,3.1383333333333336,2.2056916151674684,2.0714122224765394
4284,4284,4284,3.1400000000000015,2.2056916151674684,2.0714122224765394
4285,4285,4285,3.1416666666666675,2.2053101396200505,2.0714122224765394
4286,4286,4286,3.1433333333333335,2.2056916151674684,2.0714122224765394
4287,4287,4287,3.1450000000000005,2.2056916151674684,2.0714122224765394
4288,4288,4288,3.1466666666666674,2.2056916151674684,2.0714122224765394
4289,4289,4289,3.1483333333333325,2.2060730907148853,2.0714122224765394
4290,4290,4290,3.1500000000000004,2.2056916151674684,2.0714122224765394
4291,4291,4291,3.1516666666666673,2.2060730907148853,2.071793698023957
4292,4292,4292,3.1533333333333324,2.2064545662623027,2.0714122224765394
4293,4293,4293,3.1550000000000002,2.2060730907148853,2.0714122224765394
4294,4294,4294,3.156666666666667,2.2060730907148853,2.0714122224765394
4295,4295,4295,3.158333333333334,2.2060730907148853,2.0714122224765394
4296,4296,4296,3.16,2.2064545662623027,2.0714122224765394
4297,4297,4297,3.161666666666667,2.2064545662623027,2.0714122224765394
4298,4298,4298,3.163333333333334,2.2064545662623027,2.0714122224765394
4299,4299,4299,3.165,2.2064545662623027,2.0714122224765394
4300,4300,4300,3.166666666666668,2.2064545662623027,2.071030746929122
4301,4301,4301,3.168333333333334,2.20683604180972,2.0714122224765394
4302,4302,4302,3.170000000000001,2.20683604180972,2.0714122224765394
4303,4303,4303,3.1716666666666677,2.20683604180972,2.0714122224765394
4304,4304,4304,3.173333333333334,2.20683604180972,2.0714122224765394
4305,4305,4305,3.1750000000000025,2.20683604180972,2.0714122224765394
4306,4306,4306,3.1766666666666676,2.2072175173571376,2.0714122224765394
4307,4307,4307,3.1783333333333337,2.2072175173571376,2.0714122224765394
4308,4308,4308,3.1800000000000015,2.2072175173571376,2.0714122224765394
4309,4309,4309,3.1816666666666675,2.2072175173571376,2.0714122224765394
4310,4310,4310,3.1833333333333336,2.20683604180972,2.0714122224765394
4311,4311,4311,3.1850000000000005,2.2072175173571376,2.0714122224765394
4312,4312,4312,3.1866666666666674,2.2075989929045554,2.0714122224765394
4313,4313,4313,3.1883333333333335,2.2075989929045554,2.0714122224765394
4314,4314,4314,3.1900000000000004,2.2075989929045554,2.0714122224765394
4315,4315,4315,3.1916666666666673,2.2072175173571376,2.0714122224765394
4316,4316,4316,3.1933333333333325,2.2075989929045554,2.0714122224765394
4317,4317,4317,3.1950000000000003,2.2075989929045554,2.0714122224765394
4318,4318,4318,3.196666666666667,2.2079804684519724,2.0714122224765394
4319,4319,4319,3.198333333333334,2.2079804684519724,2.071030746929122
4320,4320,4320,3.2,2.2075989929045554,2.071030746929122
4321,4321,4321,3.201666666666667,2.2079804684519724,2.0714122224765394
4322,4322,4322,3.203333333333334,2.2079804684519724,2.071030746929122
4323,4323,4323,3.205,2.2079804684519724,2.0714122224765394
4324,4324,4324,3.206666666666668,2.20836194399939,2.071030746929122
4325,4325,4325,3.208333333333334,2.2079804684519724,2.0714122224765394
4326,4326,4326,3.210000000000001,2.20836194399939,2.071030746929122
4327,4327,4327,3.211666666666668,2.20836194399939,2.071030746929122
4328,4328,4328,3.213333333333334,2.20836194399939,2.0714122224765394
4329,4329,4329,3.2150000000000025,2.20836194399939,2.071030746929122
4330,4330,4330,3.2166666666666677,2.20836194399939,2.071030746929122
4331,4331,4331,3.2183333333333337,2.2087434195468063,2.071030746929122
4332,4332,4332,3.2200000000000015,2.2087434195468063,2.071030746929122
4333,4333,4333,3.2216666666666676,2.2087434195468063,2.0714122224765394
4334,4334,4334,3.2233333333333336,2.2087434195468063,2.071030746929122
4335,4335,4335,3.2249999999999996,2.20836194399939,2.071030746929122
4336,4336,4336,3.2266666666666675,2.2087434195468063,2.071030746929122
4337,4337,4337,3.2283333333333326,2.2091248950942246,2.0714122224765394
4338,4338,4338,3.2300000000000004,2.2091248950942246,2.071030746929122
4339,4339,4339,3.2316666666666674,2.2091248950942246,2.071030746929122
4340,4340,4340,3.2333333333333316,2.2087434195468063,2.071030746929122
4341,4341,4341,3.2350000000000003,2.2091248950942246,2.0714122224765394
4342,4342,4342,3.2366666666666672,2.209506370641642,2.071030746929122
4343,4343,4343,3.238333333333334,2.2091248950942246,2.071030746929122
4344,4344,4344,3.24,2.2091248950942246,2.071030746929122
4345,4345,4345,3.241666666666667,2.209506370641642,2.071030746929122
4346,4346,4346,3.243333333333334,2.209506370641642,2.071030746929122
4347,4347,4347,3.245,2.2098878461890594,2.071030746929122
4348,4348,4348,3.246666666666667,2.209506370641642,2.071030746929122
4349,4349,4349,3.248333333333334,2.2098878461890594,2.071030746929122
4350,4350,4350,3.250000000000001,2.209506370641642,2.071030746929122
4351,4351,4351,3.251666666666668,2.2098878461890594,2.071030746929122
4352,4352,4352,3.253333333333334,2.210269321736477,2.071030746929122
4353,4353,4353,3.255000000000001,2.2098878461890594,2.071030746929122
4354,4354,4354,3.2566666666666677,2.210269321736477,2.071030746929122
4355,4355,4355,3.2583333333333337,2.2098878461890594,2.0706492713817046
4356,4356,4356,3.2600000000000025,2.210269321736477,2.071030746929122
4357,4357,4357,3.2616666666666676,2.210269321736477,2.071030746929122
4358,4358,4358,3.2633333333333336,2.2106507972838942,2.071030746929122
4359,4359,4359,3.2650000000000015,2.2106507972838942,2.071030746929122
4360,4360,4360,3.2666666666666675,2.210269321736477,2.0706492713817046
4361,4361,4361,3.2683333333333326,2.2106507972838942,2.0714122224765394
4362,4362,4362,3.2699999999999996,2.2106507972838942,2.0706492713817046
4363,4363,4363,3.2716666666666674,2.2106507972838942,2.071030746929122
4364,4364,4364,3.2733333333333308,2.2106507972838942,2.071030746929122
4365,4365,4365,3.2750000000000004,2.2106507972838942,2.071030746929122
4366,4366,4366,3.2766666666666673,2.211032272831312,2.071030746929122
4367,4367,4367,3.2783333333333324,2.211032272831312,2.071030746929122
4368,4368,4368,3.2800000000000002,2.211032272831312,2.071030746929122
4369,4369,4369,3.281666666666667,2.211032272831312,2.071030746929122
4370,4370,4370,3.283333333333334,2.2106507972838942,2.0706492713817046
4371,4371,4371,3.285,2.211032272831312,2.071030746929122
4372,4372,4372,3.286666666666667,2.211413748378729,2.071030746929122
4373,4373,4373,3.288333333333334,2.211413748378729,2.071030746929122
4374,4374,4374,3.29,2.211413748378729,2.071030746929122
4375,4375,4375,3.291666666666668,2.211413748378729,2.0706492713817046
4376,4376,4376,3.293333333333334,2.211413748378729,2.071030746929122
4377,4377,4377,3.295000000000001,2.211413748378729,2.071030746929122
4378,4378,4378,3.2966666666666677,2.2117952239261465,2.071030746929122
4379,4379,4379,3.298333333333334,2.2117952239261465,2.071030746929122
4380,4380,4380,3.3000000000000025,2.211413748378729,2.0706492713817046
4381,4381,4381,3.3016666666666676,2.2117952239261465,2.0706492713817046
4382,4382,4382,3.3033333333333337,2.2117952239261465,2.0706492713817046
4383,4383,4383,3.3050000000000015,2.212176699473564,2.0706492713817046
4384,4384,4384,3.3066666666666675,2.212176699473564,2.071030746929122
4385,4385,4385,3.3083333333333336,2.212176699473564,2.0706492713817046
4386,4386,4386,3.3099999999999996,2.2125581750209813,2.0706492713817046
4387,4387,4387,3.3116666666666674,2.2125581750209813,2.0706492713817046
4388,4388,4388,3.3133333333333326,2.2125581750209813,2.071030746929122
4389,4389,4389,3.3150000000000004,2.2125581750209813,2.071030746929122
4390,4390,4390,3.3166666666666673,2.212176699473564,2.0706492713817046
4391,4391,4391,3.3183333333333325,2.2129396505683987,2.0706492713817046
4392,4392,4392,3.3200000000000003,2.2125581750209813,2.0706492713817046
4393,4393,4393,3.321666666666667,2.2129396505683987,2.0706492713817046
4394,4394,4394,3.323333333333334,2.2129396505683987,2.0706492713817046
4395,4395,4395,3.325,2.2125581750209813,2.0706492713817046
4396,4396,4396,3.326666666666667,2.2129396505683987,2.071030746929122
4397,4397,4397,3.328333333333334,2.2129396505683987,2.071030746929122
4398,4398,4398,3.33,2.213321126115816,2.071030746929122
4399,4399,4399,3.331666666666668,2.213321126115816,2.0706492713817046
4400,4400,4400,3.333333333333334,2.2129396505683987,2.0706492713817046
4401,4401,4401,3.335000000000001,2.213321126115816,2.0706492713817046
4402,4402,4402,3.336666666666668,2.213321126115816,2.071030746929122
4403,4403,4403,3.338333333333334,2.213321126115816,2.0706492713817046
4404,4404,4404,3.3400000000000025,2.213321126115816,2.071030746929122
4405,4405,4405,3.3416666666666677,2.213321126115816,2.0706492713817046
4406,4406,4406,3.3433333333333337,2.213702601663233,2.071030746929122
4407,4407,4407,3.3450000000000015,2.213702601663233,2.0706492713817046
4408,4408,4408,3.3466666666666676,2.213702601663233,2.0706492713817046
4409,4409,4409,3.3483333333333336,2.214084077210651,2.071030746929122
4410,4410,4410,3.3499999999999996,2.213702601663233,2.0706492713817046
4411,4411,4411,3.3516666666666675,2.214084077210651,2.0706492713817046
4412,4412,4412,3.3533333333333326,2.214084077210651,2.0702677958342868
4413,4413,4413,3.3550000000000004,2.214084077210651,2.0706492713817046
4414,4414,4414,3.3566666666666674,2.214084077210651,2.0706492713817046
4415,4415,4415,3.3583333333333316,2.214084077210651,2.0706492713817046
4416,4416,4416,3.3600000000000003,2.2144655527580683,2.0706492713817046
4417,4417,4417,3.3616666666666672,2.214084077210651,2.0706492713817046
4418,4418,4418,3.363333333333334,2.214084077210651,2.0706492713817046
4419,4419,4419,3.365,2.2144655527580683,2.0706492713817046
4420,4420,4420,3.366666666666667,2.214084077210651,2.0706492713817046
4421,4421,4421,3.368333333333334,2.2144655527580683,2.0706492713817046
4422,4422,4422,3.37,2.2144655527580683,2.0706492713817046
4423,4423,4423,3.371666666666667,2.2148470283054857,2.0706492713817046
4424,4424,4424,3.373333333333334,2.2148470283054857,2.0706492713817046
4425,4425,4425,3.375000000000001,2.2144655527580683,2.0706492713817046
4426,4426,4426,3.376666666666668,2.2148470283054857,2.0706492713817046
4427,4427,4427,3.378333333333334,2.215228503852903,2.0706492713817046
4428,4428,4428,3.380000000000001,2.215228503852903,2.0706492713817046
4429,4429,4429,3.3816666666666677,2.215609979400321,2.0706492713817046
4430,4430,4430,3.3833333333333337,2.215228503852903,2.0706492713817046
4431,4431,4431,3.3850000000000025,2.215609979400321,2.0706492713817046
4432,4432,4432,3.3866666666666676,2.215609979400321,2.0706492713817046
4433,4433,4433,3.3883333333333336,2.215609979400321,2.0706492713817046
4434,4434,4434,3.3900000000000015,2.215609979400321,2.0706492713817046
4435,4435,4435,3.3916666666666675,2.215609979400321,2.0702677958342868
4436,4436,4436,3.3933333333333326,2.215609979400321,2.0706492713817046
4437,4437,4437,3.3949999999999996,2.2159914549477384,2.0706492713817046
4438,4438,4438,3.3966666666666674,2.215609979400321,2.0706492713817046
4439,4439,4439,3.3983333333333308,2.2159914549477384,2.0706492713817046
4440,4440,4440,3.4000000000000004,2.215609979400321,2.0706492713817046
4441,4441,4441,3.4016666666666673,2.2159914549477384,2.0706492713817046
4442,4442,4442,3.4033333333333324,2.2159914549477384,2.0706492713817046
4443,4443,4443,3.4050000000000002,2.2159914549477384,2.0706492713817046
4444,4444,4444,3.406666666666667,2.2159914549477384,2.071030746929122
4445,4445,4445,3.408333333333334,2.2159914549477384,2.0706492713817046
4446,4446,4446,3.41,2.2163729304951554,2.0706492713817046
4447,4447,4447,3.411666666666667,2.2163729304951554,2.0706492713817046
4448,4448,4448,3.413333333333334,2.2163729304951554,2.0706492713817046
4449,4449,4449,3.415,2.2163729304951554,2.071030746929122
4450,4450,4450,3.416666666666668,2.2163729304951554,2.0706492713817046
4451,4451,4451,3.418333333333334,2.216754406042573,2.0706492713817046
4452,4452,4452,3.420000000000001,2.216754406042573,2.071030746929122
4453,4453,4453,3.4216666666666677,2.216754406042573,2.071030746929122
4454,4454,4454,3.423333333333334,2.216754406042573,2.0706492713817046
4455,4455,4455,3.4250000000000025,2.216754406042573,2.0706492713817046
4456,4456,4456,3.4266666666666676,2.216754406042573,2.0706492713817046
4457,4457,4457,3.4283333333333337,2.216754406042573,2.071030746929122
4458,4458,4458,3.4300000000000015,2.216754406042573,2.071030746929122
4459,4459,4459,3.4316666666666675,2.216754406042573,2.0706492713817046
4460,4460,4460,3.4333333333333336,2.21713588158999,2.0706492713817046
4461,4461,4461,3.4349999999999996,2.21713588158999,2.0706492713817046
4462,4462,4462,3.4366666666666674,2.21713588158999,2.0706492713817046
4463,4463,4463,3.4383333333333326,2.217517357137408,2.0706492713817046
4464,4464,4464,3.4400000000000004,2.217517357137408,2.071030746929122
4465,4465,4465,3.4416666666666673,2.217517357137408,2.071030746929122
4466,4466,4466,3.4433333333333325,2.217898832684825,2.071030746929122
4467,4467,4467,3.4450000000000003,2.217898832684825,2.071030746929122
4468,4468,4468,3.446666666666667,2.217898832684825,2.0706492713817046
4469,4469,4469,3.448333333333334,2.217898832684825,2.0706492713817046
4470,4470,4470,3.45,2.217898832684825,2.0706492713817046
4471,4471,4471,3.451666666666667,2.217898832684825,2.071030746929122
4472,4472,4472,3.453333333333334,2.217898832684825,2.0706492713817046
4473,4473,4473,3.455,2.2182803082322424,2.071030746929122
4474,4474,4474,3.456666666666668,2.2182803082322424,2.0706492713817046
4475,4475,4475,3.458333333333334,2.217898832684825,2.0706492713817046
4476,4476,4476,3.460000000000001,2.2182803082322424,2.071030746929122
4477,4477,4477,3.461666666666668,2.2182803082322424,2.071030746929122
4478,4478,4478,3.463333333333334,2.2182803082322424,2.071030746929122
4479,4479,4479,3.4650000000000025,2.2186617837796603,2.071030746929122
4480,4480,4480,3.4666666666666677,2.2182803082322424,2.071030746929122
4481,4481,4481,3.4683333333333337,2.2182803082322424,2.071030746929122
4482,4482,4482,3.4700000000000015,2.2186617837796603,2.071030746929122
4483,4483,4483,3.4716666666666676,2.2182803082322424,2.071030746929122
4484,4484,4484,3.4733333333333336,2.2186617837796603,2.071030746929122
4485,4485,4485,3.4749999999999996,2.2186617837796603,2.071030746929122
4486,4486,4486,3.4766666666666675,2.2186617837796603,2.071030746929122
4487,4487,4487,3.4783333333333326,2.2186617837796603,2.0714122224765394
4488,4488,4488,3.4800000000000004,2.2186617837796603,2.071030746929122
4489,4489,4489,3.4816666666666674,2.219043259327077,2.071030746929122
4490,4490,4490,3.4833333333333316,2.2186617837796603,2.071030746929122
4491,4491,4491,3.4850000000000003,2.219043259327077,2.0714122224765394
4492,4492,4492,3.4866666666666672,2.2194247348744947,2.0714122224765394
4493,4493,4493,3.488333333333334,2.219043259327077,2.071030746929122
4494,4494,4494,3.49,2.2194247348744947,2.0714122224765394
4495,4495,4495,3.491666666666667,2.2194247348744947,2.071030746929122
4496,4496,4496,3.493333333333334,2.219043259327077,2.071030746929122
4497,4497,4497,3.495,2.2194247348744947,2.0714122224765394
4498,4498,4498,3.496666666666667,2.2194247348744947,2.0714122224765394
4499,4499,4499,3.498333333333334,2.2194247348744947,2.0714122224765394
4500,4500,4500,3.500000000000001,2.2194247348744947,2.071030746929122
4501,4501,4501,3.501666666666668,2.219806210421912,2.0714122224765394
4502,4502,4502,3.503333333333334,2.219806210421912,2.0714122224765394
4503,4503,4503,3.505000000000001,2.219806210421912,2.0714122224765394
4504,4504,4504,3.5066666666666677,2.220187685969329,2.0714122224765394
4505,4505,4505,3.5083333333333337,2.2194247348744947,2.0714122224765394
4506,4506,4506,3.5100000000000025,2.220187685969329,2.0714122224765394
4507,4507,4507,3.5116666666666676,2.219806210421912,2.0714122224765394
4508,4508,4508,3.5133333333333336,2.220187685969329,2.0714122224765394
4509,4509,4509,3.5150000000000015,2.220187685969329,2.071793698023957
4510,4510,4510,3.5166666666666675,2.220187685969329,2.0714122224765394
4511,4511,4511,3.5183333333333326,2.220187685969329,2.0714122224765394
4512,4512,4512,3.5199999999999996,2.2205691615167478,2.0714122224765394
4513,4513,4513,3.5216666666666674,2.2205691615167478,2.0714122224765394
4514,4514,4514,3.5233333333333308,2.2209506370641643,2.0714122224765394
4515,4515,4515,3.5250000000000004,2.220187685969329,2.0714122224765394
4516,4516,4516,3.5266666666666673,2.2205691615167478,2.0714122224765394
4517,4517,4517,3.5283333333333324,2.2205691615167478,2.0714122224765394
4518,4518,4518,3.5300000000000002,2.2209506370641643,2.0714122224765394
4519,4519,4519,3.531666666666667,2.2209506370641643,2.0714122224765394
4520,4520,4520,3.533333333333334,2.2209506370641643,2.0714122224765394
4521,4521,4521,3.535,2.2209506370641643,2.071793698023957
4522,4522,4522,3.536666666666667,2.2209506370641643,2.071793698023957
4523,4523,4523,3.538333333333334,2.2213321126115817,2.0714122224765394
4524,4524,4524,3.540000000000001,2.2209506370641643,2.0714122224765394
4525,4525,4525,3.541666666666668,2.2209506370641643,2.0714122224765394
4526,4526,4526,3.543333333333334,2.2213321126115817,2.071793698023957
4527,4527,4527,3.545000000000001,2.2213321126115817,2.071793698023957
4528,4528,4528,3.5466666666666677,2.2213321126115817,2.071793698023957
4529,4529,4529,3.548333333333334,2.2213321126115817,2.071793698023957
4530,4530,4530,3.5500000000000025,2.2209506370641643,2.071793698023957
4531,4531,4531,3.5516666666666676,2.221713588158999,2.071793698023957
4532,4532,4532,3.5533333333333337,2.221713588158999,2.071793698023957
4533,4533,4533,3.5550000000000015,2.221713588158999,2.071793698023957
4534,4534,4534,3.5566666666666675,2.221713588158999,2.071793698023957
4535,4535,4535,3.5583333333333336,2.2213321126115817,2.0714122224765394
4536,4536,4536,3.5599999999999996,2.221713588158999,2.071793698023957
4537,4537,4537,3.5616666666666674,2.221713588158999,2.071793698023957
4538,4538,4538,3.5633333333333326,2.221713588158999,2.071793698023957
4539,4539,4539,3.5650000000000004,2.2220950637064165,2.071793698023957
4540,4540,4540,3.5666666666666673,2.221713588158999,2.071793698023957
4541,4541,4541,3.5683333333333325,2.2220950637064165,2.071793698023957
4542,4542,4542,3.5700000000000003,2.2220950637064165,2.071793698023957
4543,4543,4543,3.571666666666667,2.2220950637064165,2.071793698023957
4544,4544,4544,3.573333333333334,2.2220950637064165,2.0721751735713743
4545,4545,4545,3.575,2.2220950637064165,2.071793698023957
4546,4546,4546,3.576666666666667,2.222476539253834,2.071793698023957
4547,4547,4547,3.578333333333334,2.222476539253834,2.071793698023957
4548,4548,4548,3.58,2.2220950637064165,2.0721751735713743
4549,4549,4549,3.581666666666668,2.222476539253834,2.0721751735713743
4550,4550,4550,3.583333333333334,2.2220950637064165,2.071793698023957
4551,4551,4551,3.585000000000001,2.222476539253834,2.0721751735713743
4552,4552,4552,3.586666666666668,2.222476539253834,2.071793698023957
4553,4553,4553,3.588333333333334,2.222858014801252,2.071793698023957
4554,4554,4554,3.5900000000000025,2.222858014801252,2.0721751735713743
4555,4555,4555,3.5916666666666677,2.222476539253834,2.071793698023957
4556,4556,4556,3.5933333333333337,2.222858014801252,2.0721751735713743
4557,4557,4557,3.5950000000000015,2.2232394903486687,2.071793698023957
4558,4558,4558,3.5966666666666676,2.222858014801252,2.0721751735713743
4559,4559,4559,3.5983333333333336,2.222858014801252,2.0721751735713743
4560,4560,4560,3.5999999999999996,2.222858014801252,2.0721751735713743
4561,4561,4561,3.6016666666666675,2.2232394903486687,2.0721751735713743
4562,4562,4562,3.6033333333333326,2.2232394903486687,2.0721751735713743
4563,4563,4563,3.6050000000000004,2.2232394903486687,2.0721751735713743
4564,4564,4564,3.6066666666666674,2.2232394903486687,2.0721751735713743
4565,4565,4565,3.6083333333333316,2.2232394903486687,2.0721751735713743
4566,4566,4566,3.6100000000000003,2.2236209658960857,2.0721751735713743
4567,4567,4567,3.6116666666666672,2.2236209658960857,2.0721751735713743
4568,4568,4568,3.613333333333334,2.2236209658960857,2.0721751735713743
4569,4569,4569,3.615,2.2236209658960857,2.0721751735713743
4570,4570,4570,3.616666666666667,2.2236209658960857,2.0721751735713743
4571,4571,4571,3.618333333333334,2.2236209658960857,2.071793698023957
4572,4572,4572,3.62,2.224002441443504,2.0721751735713743
4573,4573,4573,3.621666666666667,2.224002441443504,2.0721751735713743
4574,4574,4574,3.623333333333334,2.224002441443504,2.0721751735713743
4575,4575,4575,3.625000000000001,2.2236209658960857,2.0721751735713743
4576,4576,4576,3.626666666666668,2.224002441443504,2.0721751735713743
4577,4577,4577,3.628333333333334,2.224383916990921,2.0721751735713743
4578,4578,4578,3.630000000000001,2.224383916990921,2.0721751735713743
4579,4579,4579,3.6316666666666677,2.224383916990921,2.0721751735713743
4580,4580,4580,3.6333333333333337,2.224002441443504,2.072556649118792
4581,4581,4581,3.6350000000000025,2.224002441443504,2.072556649118792
4582,4582,4582,3.6366666666666676,2.224383916990921,2.0721751735713743
4583,4583,4583,3.6383333333333336,2.224383916990921,2.0721751735713743
4584,4584,4584,3.6400000000000015,2.224383916990921,2.0721751735713743
4585,4585,4585,3.6416666666666675,2.224383916990921,2.0721751735713743
4586,4586,4586,3.6433333333333326,2.224383916990921,2.0721751735713743
4587,4587,4587,3.6449999999999996,2.2247653925383384,2.0721751735713743
4588,4588,4588,3.6466666666666674,2.2247653925383384,2.072556649118792
4589,4589,4589,3.6483333333333308,2.2247653925383384,2.072556649118792
4590,4590,4590,3.6500000000000004,2.2247653925383384,2.072556649118792
4591,4591,4591,3.6516666666666673,2.2247653925383384,2.072556649118792
4592,4592,4592,3.6533333333333324,2.2247653925383384,2.072556649118792
4593,4593,4593,3.6550000000000002,2.2247653925383384,2.072556649118792
4594,4594,4594,3.656666666666667,2.2247653925383384,2.072556649118792
4595,4595,4595,3.658333333333334,2.2247653925383384,2.072556649118792
4596,4596,4596,3.66,2.225146868085756,2.072556649118792
4597,4597,4597,3.661666666666667,2.225146868085756,2.072556649118792
4598,4598,4598,3.663333333333334,2.225146868085756,2.072938124666209
4599,4599,4599,3.665000000000001,2.225528343633173,2.072556649118792
4600,4600,4600,3.666666666666668,2.225146868085756,2.072556649118792
4601,4601,4601,3.668333333333334,2.2259098191805906,2.072556649118792
4602,4602,4602,3.670000000000001,2.225528343633173,2.072556649118792
4603,4603,4603,3.6716666666666677,2.225528343633173,2.072556649118792
4604,4604,4604,3.673333333333334,2.225528343633173,2.072556649118792
4605,4605,4605,3.6750000000000025,2.225146868085756,2.072556649118792
4606,4606,4606,3.6766666666666676,2.2259098191805906,2.072556649118792
4607,4607,4607,3.6783333333333337,2.2259098191805906,2.072938124666209
4608,4608,4608,3.6800000000000015,2.2259098191805906,2.072938124666209
4609,4609,4609,3.6816666666666675,2.2259098191805906,2.072938124666209
4610,4610,4610,3.6833333333333336,2.2259098191805906,2.072556649118792
4611,4611,4611,3.6849999999999996,2.226291294728008,2.072938124666209
4612,4612,4612,3.6866666666666674,2.2259098191805906,2.072938124666209
4613,4613,4613,3.6883333333333326,2.226291294728008,2.072938124666209
4614,4614,4614,3.6900000000000004,2.226291294728008,2.072938124666209
4615,4615,4615,3.6916666666666673,2.2259098191805906,2.072938124666209
4616,4616,4616,3.6933333333333325,2.226291294728008,2.072938124666209
4617,4617,4617,3.6950000000000003,2.226291294728008,2.072938124666209
4618,4618,4618,3.696666666666667,2.226291294728008,2.072938124666209
4619,4619,4619,3.698333333333334,2.226291294728008,2.072938124666209
4620,4620,4620,3.7,2.226291294728008,2.072938124666209
4621,4621,4621,3.701666666666667,2.226291294728008,2.0733196002136265
4622,4622,4622,3.703333333333334,2.2266727702754245,2.072938124666209
4623,4623,4623,3.705,2.226291294728008,2.0733196002136265
4624,4624,4624,3.706666666666668,2.2266727702754245,2.072938124666209
4625,4625,4625,3.708333333333334,2.2266727702754245,2.072938124666209
4626,4626,4626,3.710000000000001,2.2266727702754245,2.0733196002136265
4627,4627,4627,3.711666666666668,2.2266727702754245,2.0733196002136265
4628,4628,4628,3.713333333333334,2.2266727702754245,2.0733196002136265
4629,4629,4629,3.7150000000000025,2.2270542458228437,2.072938124666209
4630,4630,4630,3.7166666666666677,2.2270542458228437,2.0733196002136265
4631,4631,4631,3.7183333333333337,2.2270542458228437,2.0733196002136265
4632,4632,4632,3.7200000000000015,2.2270542458228437,2.0733196002136265
4633,4633,4633,3.7216666666666676,2.2270542458228437,2.073701075761044
4634,4634,4634,3.7233333333333336,2.2266727702754245,2.073701075761044
4635,4635,4635,3.7249999999999996,2.2270542458228437,2.0733196002136265
4636,4636,4636,3.7266666666666675,2.2270542458228437,2.073701075761044
4637,4637,4637,3.7283333333333326,2.22743572137026,2.073701075761044
4638,4638,4638,3.7300000000000004,2.22743572137026,2.0733196002136265
4639,4639,4639,3.7316666666666674,2.22743572137026,2.0733196002136265
4640,4640,4640,3.7333333333333316,2.2270542458228437,2.0733196002136265
4641,4641,4641,3.7350000000000003,2.22743572137026,2.073701075761044
4642,4642,4642,3.7366666666666672,2.22743572137026,2.073701075761044
4643,4643,4643,3.738333333333334,2.22743572137026,2.073701075761044
4644,4644,4644,3.74,2.22743572137026,2.073701075761044
4645,4645,4645,3.741666666666667,2.22743572137026,2.0733196002136265
4646,4646,4646,3.743333333333334,2.2278171969176777,2.073701075761044
4647,4647,4647,3.745,2.22743572137026,2.073701075761044
4648,4648,4648,3.746666666666667,2.2278171969176777,2.073701075761044
4649,4649,4649,3.748333333333334,2.2278171969176777,2.073701075761044
4650,4650,4650,3.750000000000001,2.22743572137026,2.073701075761044
4651,4651,4651,3.751666666666668,2.2278171969176777,2.073701075761044
4652,4652,4652,3.753333333333334,2.2278171969176777,2.073701075761044
4653,4653,4653,3.755000000000001,2.2278171969176777,2.073701075761044
4654,4654,4654,3.7566666666666677,2.2278171969176777,2.073701075761044
4655,4655,4655,3.7583333333333337,2.228198672465095,2.073701075761044
4656,4656,4656,3.7600000000000025,2.228198672465095,2.073701075761044
4657,4657,4657,3.7616666666666676,2.228198672465095,2.073701075761044
4658,4658,4658,3.7633333333333336,2.228198672465095,2.0740825513084613
4659,4659,4659,3.7650000000000015,2.2285801480125125,2.073701075761044
4660,4660,4660,3.7666666666666675,2.228198672465095,2.0740825513084613
4661,4661,4661,3.7683333333333326,2.228198672465095,2.0740825513084613
4662,4662,4662,3.7699999999999996,2.2285801480125125,2.0740825513084613
4663,4663,4663,3.7716666666666674,2.2285801480125125,2.0740825513084613
4664,4664,4664,3.7733333333333308,2.2285801480125125,2.0740825513084613
4665,4665,4665,3.7750000000000004,2.2285801480125125,2.0740825513084613
4666,4666,4666,3.7766666666666673,2.2289616235599303,2.0740825513084613
4667,4667,4667,3.7783333333333324,2.2289616235599303,2.0744640268558787
4668,4668,4668,3.7800000000000002,2.2289616235599303,2.0740825513084613
4669,4669,4669,3.781666666666667,2.2289616235599303,2.0740825513084613
4670,4670,4670,3.783333333333334,2.2285801480125125,2.0740825513084613
4671,4671,4671,3.785,2.2289616235599303,2.0744640268558787
4672,4672,4672,3.786666666666667,2.2289616235599303,2.0740825513084613
4673,4673,4673,3.788333333333334,2.2289616235599303,2.0744640268558787
4674,4674,4674,3.790000000000001,2.2289616235599303,2.0740825513084613
4675,4675,4675,3.791666666666668,2.2289616235599303,2.0740825513084613
4676,4676,4676,3.793333333333334,2.229343099107348,2.0744640268558787
4677,4677,4677,3.795000000000001,2.229343099107348,2.0744640268558787
4678,4678,4678,3.7966666666666677,2.2289616235599303,2.0744640268558787
4679,4679,4679,3.798333333333334,2.229343099107348,2.0744640268558787
4680,4680,4680,3.8000000000000025,2.2289616235599303,2.0740825513084613
4681,4681,4681,3.8016666666666676,2.229343099107348,2.0744640268558787
4682,4682,4682,3.8033333333333337,2.229343099107348,2.0744640268558787
4683,4683,4683,3.8050000000000015,2.229343099107348,2.0744640268558787
4684,4684,4684,3.8066666666666675,2.2297245746547647,2.0744640268558787
4685,4685,4685,3.8083333333333336,2.229343099107348,2.0744640268558787
4686,4686,4686,3.8099999999999996,2.2297245746547647,2.0744640268558787
4687,4687,4687,3.8116666666666674,2.2297245746547647,2.0744640268558787
4688,4688,4688,3.8133333333333326,2.2297245746547647,2.0744640268558787
4689,4689,4689,3.8150000000000004,2.2297245746547647,2.0744640268558787
4690,4690,4690,3.8166666666666673,2.2297245746547647,2.074845502403296
4691,4691,4691,3.8183333333333325,2.2297245746547647,2.074845502403296
4692,4692,4692,3.8200000000000003,2.2297245746547647,2.074845502403296
4693,4693,4693,3.821666666666667,2.2301060502021817,2.074845502403296
4694,4694,4694,3.823333333333334,2.2301060502021817,2.074845502403296
4695,4695,4695,3.825,2.2297245746547647,2.074845502403296
4696,4696,4696,3.826666666666667,2.2297245746547647,2.074845502403296
4697,4697,4697,3.828333333333334,2.2301060502021817,2.074845502403296
4698,4698,4698,3.83,2.2301060502021817,2.074845502403296
4699,4699,4699,3.831666666666668,2.2301060502021817,2.075226977950713
4700,4700,4700,3.833333333333334,2.2301060502021817,2.075226977950713
4701,4701,4701,3.835000000000001,2.2301060502021817,2.075226977950713
4702,4702,4702,3.836666666666668,2.2304875257495995,2.075226977950713
4703,4703,4703,3.838333333333334,2.2304875257495995,2.075226977950713
4704,4704,4704,3.8400000000000025,2.2301060502021817,2.075226977950713
4705,4705,4705,3.8416666666666677,2.2301060502021817,2.075226977950713
4706,4706,4706,3.8433333333333337,2.2301060502021817,2.075226977950713
4707,4707,4707,3.8450000000000015,2.2304875257495995,2.075226977950713
4708,4708,4708,3.8466666666666676,2.2304875257495995,2.075226977950713
4709,4709,4709,3.8483333333333336,2.2304875257495995,2.075226977950713
4710,4710,4710,3.8499999999999996,2.2301060502021817,2.075226977950713
4711,4711,4711,3.8516666666666675,2.230869001297017,2.075226977950713
4712,4712,4712,3.8533333333333326,2.230869001297017,2.075608453498131
4713,4713,4713,3.8550000000000004,2.23086121312367,2.075608453498131
4714,4714,4714,3.8566666666666674,2.230694546457003,2.0754851409779507
4715,4715,4715,3.8583333333333325,2.230527879790336,2.0753184743112842
4716,4716,4716,3.8600000000000003,2.2303612131236696,2.0751518076446174
4717,4717,4717,3.8616666666666672,2.230194546457003,2.0753666165253684
4718,4718,4718,3.863333333333334,2.2304093553377538,2.074818474311284
4719,4719,4719,3.865,2.229861213123669,2.0750332831920346
4720,4720,4720,3.866666666666667,2.229694546457003,2.074866616525368
4721,4721,4721,3.868333333333334,2.2299093553377536,2.0746999498587013
4722,4722,4722,3.87,2.229742688671087,2.074533283192035
4723,4723,4723,3.871666666666667,2.2295760220044203,2.074366616525368
4724,4724,4724,3.873333333333334,2.2294093553377534,2.0741999498587016
4725,4725,4725,3.875000000000001,2.229242688671087,2.0744147587394517
4726,4726,4726,3.876666666666668,2.229457497551838,2.0742480920727857
4727,4727,4727,3.878333333333334,2.2292908308851715,2.073699949858701
4728,4728,4728,3.880000000000001,2.229124164218505,2.073914758739452
4729,4729,4729,3.8816666666666677,2.2289574975518383,2.073748092072785
4730,4730,4730,3.8833333333333337,2.228409355337754,2.0731999498587017
4731,4731,4731,3.8850000000000025,2.228624164218505,2.073414758739452
4732,4732,4732,3.8866666666666676,2.228838973099255,2.0732480920727854
4733,4733,4733,3.8883333333333336,2.228290830885172,2.0730814254061194
4734,4734,4734,3.8900000000000015,2.2285056397659218,2.0729147587394525
4735,4735,4735,3.8916666666666675,2.227957497551838,2.0727480920727857
4736,4736,4736,3.8933333333333326,2.2277908308851715,2.0725814254061192
4737,4737,4737,3.8949999999999996,2.2280056397659216,2.0724147587394524
4738,4738,4738,3.8966666666666674,2.227838973099255,2.0726295676202025
4739,4739,4739,3.8983333333333308,2.2276723064325887,2.072462900953536
4740,4740,4740,3.9000000000000004,2.227124164218505,2.072296234286869
4741,4741,4741,3.9016666666666673,2.227338973099255,2.0721295676202027
4742,4742,4742,3.9033333333333324,2.227172306432589,2.071962900953536
4743,4743,4743,3.9050000000000002,2.2270056397659217,2.071796234286869
4744,4744,4744,3.906666666666667,2.2272204486466727,2.0716295676202026
4745,4745,4745,3.908333333333334,2.2266723064325884,2.071462900953536
4746,4746,4746,3.91,2.2268871153133394,2.0712962342868693
4747,4747,4747,3.911666666666667,2.2267204486466725,2.07151104316762
4748,4748,4748,3.913333333333334,2.2265537819800056,2.070962900953536
4749,4749,4749,3.915000000000001,2.2263871153133388,2.071177709834287
4750,4750,4750,3.916666666666668,2.2258389730992554,2.0706295676202027
4751,4751,4751,3.918333333333334,2.226053781980006,2.0708443765009537
4752,4752,4752,3.920000000000001,2.2258871153133395,2.0706777098342872
4753,4753,4753,3.9216666666666677,2.2257204486466726,2.0705110431676204
4754,4754,4754,3.923333333333334,2.225935257527423,2.070344376500953
4755,4755,4755,3.9250000000000025,2.2253871153133398,2.070177709834287
4756,4756,4756,3.9266666666666676,2.2252204486466725,2.0700110431676206
4757,4757,4757,3.9283333333333337,2.2254352575274234,2.0702258520483707
4758,4758,4758,3.9300000000000015,2.2248871153133387,2.069677709834287
4759,4759,4759,3.9316666666666675,2.2247204486466727,2.0695110431676205
4760,4760,4760,3.9333333333333336,2.224553781980006,2.0693443765009536
4761,4761,4761,3.9349999999999996,2.224768590860757,2.0691777098342867
4762,4762,4762,3.9366666666666674,2.22460192419409,2.0693925187150377
4763,4763,4763,3.9383333333333326,2.224435257527423,2.068844376500954
4764,4764,4764,3.9400000000000004,2.2242685908607567,2.0690591853817044
4765,4765,4765,3.9416666666666673,2.22410192419409,2.068892518715038
4766,4766,4766,3.9433333333333325,2.2239352575274234,2.0691073275957885
4767,4767,4767,3.9450000000000003,2.2237685908607565,2.068559185381704
4768,4768,4768,3.946666666666667,2.2239833997415075,2.068392518715038
4769,4769,4769,3.948333333333334,2.223435257527423,2.068225852048371
4770,4770,4770,3.95,2.223268590860757,2.0680591853817045
4771,4771,4771,3.951666666666667,2.2234833997415078,2.0678925187150377
4772,4772,4772,3.953333333333334,2.223316733074841,2.0677258520483712
4773,4773,4773,3.955,2.2231500664081736,2.0675591853817044
4774,4774,4774,3.956666666666668,2.222983399741508,2.067392518715038
4775,4775,4775,3.958333333333334,2.2224352575274238,2.067225852048371
4776,4776,4776,3.960000000000001,2.2222685908607565,2.0674406609291216
4777,4777,4777,3.961666666666668,2.2224833997415074,2.067273994262455
4778,4778,4778,3.963333333333334,2.222316733074841,2.0671073275957887
4779,4779,4779,3.9650000000000025,2.2221500664081737,2.066940660929122
4780,4780,4780,3.9666666666666677,2.22160192419409,2.066773994262455
4781,4781,4781,3.9683333333333337,2.221816733074841,2.0669888031432064
4782,4782,4782,3.9700000000000015,2.2216500664081735,2.06682213647654
4783,4783,4783,3.9716666666666676,2.2214833997415075,2.066655469809873
4784,4784,4784,3.9733333333333336,2.2213167330748407,2.0661073275957884
4785,4785,4785,3.9749999999999996,2.2207685908607564,2.06632213647654
4786,4786,4786,3.9766666666666675,2.2209833997415074,2.066155469809873
4787,4787,4787,3.9783333333333326,2.220816733074841,2.065988803143206
4788,4788,4788,3.9800000000000004,2.2206500664081736,2.066203612023956
4789,4789,4789,3.9816666666666674,2.2204833997415068,2.0660369453572898
4790,4790,4790,3.9833333333333325,2.220316733074841,2.0654888031432064
4791,4791,4791,3.9850000000000003,2.220531541955592,2.065703612023956
4792,4792,4792,3.9866666666666672,2.2199833997415075,2.0655369453572896
4793,4793,4793,3.988333333333334,2.2198167330748406,2.065370278690623
4794,4794,4794,3.99,2.220031541955592,2.0655850875713746
4795,4795,4795,3.991666666666667,2.2194833997415078,2.065036945357289
4796,4796,4796,3.993333333333334,2.2196982086222583,2.064870278690623
4797,4797,4797,3.995,2.2195315419555914,2.064703612023956
4798,4798,4798,3.996666666666667,2.219364875288925,2.064918420904708
4799,4799,4799,3.998333333333334,2.2188167330748407,2.064751754238041
4800,4800,4800,4.0,2.218268590860757,2.0642036120239564
4801,4801,4801,4.001666666666667,2.218864875288925,2.064418420904708
4802,4802,4802,4.003333333333334,2.2186982086222584,2.0642517542380414
4803,4803,4803,4.005000000000001,2.2181500664081737,2.0640850875713745
4804,4804,4804,4.006666666666668,2.2183648752889247,2.063918420904708
4805,4805,4805,4.008333333333335,2.217816733074841,2.063751754238041
4806,4806,4806,4.01,2.2180315419555914,2.063966563118792
4807,4807,4807,4.011666666666667,2.217864875288925,2.063418420904708
4808,4808,4808,4.013333333333334,2.2173167330748407,2.063251754238041
4809,4809,4809,4.015000000000001,2.2171500664081742,2.063466563118792
4810,4810,4810,4.0166666666666675,2.216983399741508,2.062918420904708
4811,4811,4811,4.018333333333334,2.2168167330748405,2.0631332297854583
4812,4812,4812,4.020000000000001,2.2170315419555915,2.0629665631187915
4813,4813,4813,4.021666666666668,2.216483399741508,2.062799896452125
4814,4814,4814,4.023333333333332,2.216316733074841,2.062633229785458
4815,4815,4815,4.025,2.216150066408174,2.0624665631187917
4816,4816,4816,4.026666666666667,2.216364875288925,2.062299896452125
4817,4817,4817,4.028333333333334,2.2158167330748406,2.062133229785458
4818,4818,4818,4.030000000000001,2.2156500664081737,2.061966563118792
4819,4819,4819,4.031666666666668,2.2154833997415078,2.0617998964521247
4820,4820,4820,4.033333333333333,2.215316733074841,2.0616332297854583
4821,4821,4821,4.035,2.2151500664081736,2.061848038666209
4822,4822,4822,4.036666666666667,2.214983399741508,2.0616813719995424
4823,4823,4823,4.038333333333334,2.2144352575274238,2.0615147053328755
4824,4824,4824,4.040000000000001,2.214650066408174,2.0613480386662086
4825,4825,4825,4.041666666666668,2.2144833997415074,2.061181371999542
4826,4826,4826,4.043333333333333,2.214316733074841,2.061014705332876
4827,4827,4827,4.045,2.2141500664081737,2.060848038666209
4828,4828,4828,4.046666666666667,2.2139833997415077,2.060681371999542
4829,4829,4829,4.048333333333334,2.2134352575274234,2.060514705332876
4830,4830,4830,4.050000000000001,2.213268590860757,2.0603480386662087
4831,4831,4831,4.051666666666668,2.2131019241940897,2.06056284754696
4832,4832,4832,4.053333333333335,2.2133167330748407,2.0600147053328755
4833,4833,4833,4.055,2.2131500664081742,2.0602295142136264
4834,4834,4834,4.056666666666667,2.21260192419409,2.06006284754696
4835,4835,4835,4.058333333333334,2.2124352575274235,2.059514705332876
4836,4836,4836,4.0600000000000005,2.2122685908607567,2.0597295142136263
4837,4837,4837,4.061666666666667,2.21210192419409,2.0595628475469594
4838,4838,4838,4.063333333333334,2.211935257527424,2.0593961808802934
4839,4839,4839,4.065000000000001,2.2117685908607565,2.059229514213626
4840,4840,4840,4.066666666666666,2.2116019241940896,2.05906284754696
4841,4841,4841,4.068333333333333,2.211435257527423,2.0588961808802932
4842,4842,4842,4.07,2.2112685908607568,2.0587295142136264
4843,4843,4843,4.071666666666667,2.21110192419409,2.058944323094377
4844,4844,4844,4.073333333333334,2.2109352575274235,2.058396180880293
4845,4845,4845,4.075000000000001,2.2103871153133388,2.058229514213626
4846,4846,4846,4.076666666666668,2.2106019241940897,2.0584443230943767
4847,4847,4847,4.078333333333333,2.210053781980006,2.0578961808802934
4848,4848,4848,4.08,2.210268590860757,2.058110989761044
4849,4849,4849,4.081666666666667,2.2101019241940896,2.05756284754696
4850,4850,4850,4.083333333333334,2.2095537819800057,2.05777765642771
4851,4851,4851,4.085000000000001,2.2097685908607567,2.057610989761044
4852,4852,4852,4.086666666666668,2.2092204486466724,2.057444323094377
4853,4853,4853,4.088333333333335,2.2094352575274234,2.0572776564277104
4854,4854,4854,4.09,2.208887115313339,2.057110989761044
4855,4855,4855,4.091666666666667,2.2083389730992558,2.056944323094377
4856,4856,4856,4.093333333333334,2.208553781980006,2.0567776564277103
4857,4857,4857,4.095000000000001,2.2083871153133394,2.0566109897610443
4858,4858,4858,4.096666666666668,2.208220448646673,2.0568257986417944
4859,4859,4859,4.0983333333333345,2.2080537819800057,2.057040607522545
4860,4860,4860,4.1,2.207505639765922,2.056492465308461
4861,4861,4861,4.101666666666668,2.2073389730992554,2.0563257986417947
4862,4862,4862,4.103333333333332,2.207553781980006,2.0565406075225448
4863,4863,4863,4.105,2.207387115313339,2.055992465308461
4864,4864,4864,4.106666666666667,2.2068389730992557,2.0558257986417945
4865,4865,4865,4.108333333333334,2.2066723064325884,2.0560406075225446
4866,4866,4866,4.110000000000001,2.20688711531334,2.055873940855878
4867,4867,4867,4.111666666666666,2.206338973099255,2.055707274189212
4868,4868,4868,4.113333333333333,2.2061723064325887,2.055540607522545
4869,4869,4869,4.115,2.206005639765922,2.0553739408558784
4870,4870,4870,4.116666666666667,2.205838973099256,2.055207274189212
4871,4871,4871,4.118333333333334,2.2056723064325885,2.0550406075225447
4872,4872,4872,4.120000000000001,2.2055056397659216,2.055255416403296
4873,4873,4873,4.121666666666668,2.2053389730992548,2.0550887497366293
4874,4874,4874,4.123333333333333,2.2051723064325888,2.054922083069962
4875,4875,4875,4.125,2.204624164218505,2.054373940855878
4876,4876,4876,4.126666666666667,2.204838973099255,2.054588749736629
4877,4877,4877,4.128333333333334,2.2046723064325886,2.0544220830699618
4878,4878,4878,4.130000000000001,2.2041241642185048,2.054255416403296
4879,4879,4879,4.131666666666668,2.203957497551838,2.0540887497366285
4880,4880,4880,4.133333333333335,2.2037908308851715,2.053922083069962
4881,4881,4881,4.135,2.203624164218505,2.053755416403296
4882,4882,4882,4.136666666666667,2.2034574975518377,2.0535887497366287
4883,4883,4883,4.138333333333334,2.2032908308851717,2.05380355861738
4884,4884,4884,4.140000000000001,2.203124164218505,2.0536368919507133
4885,4885,4885,4.1416666666666675,2.2025760220044197,2.053088749736629
4886,4886,4886,4.143333333333334,2.2024093553377537,2.05330355861738
4887,4887,4887,4.145000000000001,2.2026241642185047,2.0527554164032957
4888,4888,4888,4.146666666666668,2.2020760220044204,2.0529702252840467
4889,4889,4889,4.148333333333332,2.202290830885172,2.05280355861738
4890,4890,4890,4.15,2.201742688671087,2.0526368919507134
4891,4891,4891,4.151666666666667,2.2015760220044203,2.052470225284047
4892,4892,4892,4.153333333333334,2.201409355337754,2.052685034164797
4893,4893,4893,4.155000000000001,2.201242688671087,2.052136891950713
4894,4894,4894,4.156666666666668,2.2010760220044197,2.0519702252840464
4895,4895,4895,4.158333333333333,2.2005278797903363,2.05180355861738
4896,4896,4896,4.16,2.20036121312367,2.052018367498131
4897,4897,4897,4.161666666666667,2.200194546457003,2.051851700831464
4898,4898,4898,4.163333333333334,2.200027879790336,2.0516850341647968
4899,4899,4899,4.165000000000001,2.1998612131236697,2.0515183674981308
4900,4900,4900,4.166666666666668,2.1996945464570032,2.0509702252840465
4901,4901,4901,4.168333333333333,2.1995278797903364,2.051185034164797
4902,4902,4902,4.17,2.199361213123669,2.0510183674981306
4903,4903,4903,4.171666666666667,2.199194546457003,2.050851700831464
4904,4904,4904,4.173333333333334,2.1990278797903358,2.0510665097122147
4905,4905,4905,4.175000000000001,2.1984797375762524,2.050518367498131
4906,4906,4906,4.176666666666668,2.198694546457003,2.0507331763788814
4907,4907,4907,4.178333333333335,2.198146404242918,2.0501850341647967
4908,4908,4908,4.18,2.1983612131236696,2.050399843045548
4909,4909,4909,4.181666666666667,2.1978130709095858,2.0502331763788817
4910,4910,4910,4.183333333333334,2.197264928695501,2.0500665097122153
4911,4911,4911,4.1850000000000005,2.197479737576252,2.0498998430455484
4912,4912,4912,4.186666666666667,2.1973130709095856,2.049733176378881
4913,4913,4913,4.188333333333334,2.1971464042429187,2.0495665097122147
4914,4914,4914,4.190000000000001,2.1969797375762523,2.049399843045548
4915,4915,4915,4.191666666666666,2.196813070909585,2.0492331763788814
4916,4916,4916,4.193333333333333,2.196646404242919,2.049066509712215
4917,4917,4917,4.195,2.196479737576252,2.048899843045548
4918,4918,4918,4.196666666666667,2.1963130709095857,2.049114651926299
4919,4919,4919,4.198333333333334,2.1961464042429193,2.0489479852596317
4920,4920,4920,4.200000000000001,2.1955982620288346,2.0483998430455483
4921,4921,4921,4.201666666666668,2.1958130709095856,2.048233176378881
4922,4922,4922,4.203333333333333,2.1952649286955013,2.0484479852596325
4923,4923,4923,4.205,2.1954797375762523,2.0482813185929656
4924,4924,4924,4.206666666666667,2.1953130709095854,2.0481146519262987
4925,4925,4925,4.208333333333334,2.195146404242919,2.047566509712215
4926,4926,4926,4.210000000000001,2.194979737576252,2.0477813185929654
4927,4927,4927,4.211666666666668,2.194431595362168,2.047614651926299
4928,4928,4928,4.213333333333335,2.1946464042429192,2.0474479852596317
4929,4929,4929,4.215,2.1944797375762524,2.047662794140383
4930,4930,4930,4.216666666666667,2.193931595362168,2.047114651926299
4931,4931,4931,4.218333333333334,2.193764928695501,2.0469479852596324
4932,4932,4932,4.220000000000001,2.1939797375762518,2.047162794140383
4933,4933,4933,4.221666666666668,2.1934315953621684,2.0469961274737156
4934,4934,4934,4.2233333333333345,2.193264928695501,2.0468294608070496
4935,4935,4935,4.225,2.1930982620288337,2.046281318592966
4936,4936,4936,4.226666666666668,2.192931595362168,2.0464961274737163
4937,4937,4937,4.228333333333332,2.192764928695501,2.046329460807049
4938,4938,4938,4.23,2.1925982620288345,2.0465442696878005
4939,4939,4939,4.231666666666667,2.192431595362168,2.0463776030211336
4940,4940,4940,4.233333333333334,2.191883453148084,2.0458294608070497
4941,4941,4941,4.235000000000001,2.1920982620288343,2.045662794140383
4942,4942,4942,4.236666666666666,2.1919315953621683,2.0458776030211343
4943,4943,4943,4.238333333333333,2.191764928695501,2.0453294608070496
4944,4944,4944,4.24,2.191598262028834,2.045544269687801
4945,4945,4945,4.241666666666667,2.191431595362168,2.0453776030211337
4946,4946,4946,4.243333333333334,2.1912649286955013,2.045210936354467
4947,4947,4947,4.245000000000001,2.1910982620288344,2.0450442696878004
4948,4948,4948,4.246666666666668,2.1905501198147506,2.044877603021133
4949,4949,4949,4.248333333333333,2.190764928695501,2.045092411901885
4950,4950,4950,4.25,2.1902167864814173,2.0449257452352185
4951,4951,4951,4.251666666666667,2.1904315953621682,2.044759078568552
4952,4952,4952,4.253333333333334,2.190264928695501,2.044592411901885
4953,4953,4953,4.255000000000001,2.190098262028834,2.0444257452352184
4954,4954,4954,4.256666666666668,2.189931595362168,2.0442590785685515
4955,4955,4955,4.258333333333335,2.1897649286955008,2.044092411901885
4956,4956,4956,4.26,2.1895982620288343,2.043925745235218
4957,4957,4957,4.261666666666667,2.1894315953621675,2.043759078568552
4958,4958,4958,4.263333333333334,2.189264928695501,2.043592411901885
4959,4959,4959,4.265000000000001,2.1890982620288337,2.043807220782635
4960,4960,4960,4.2666666666666675,2.188550119814751,2.043259078568552
4961,4961,4961,4.268333333333334,2.188383453148084,2.0434738874493017
4962,4962,4962,4.270000000000001,2.1885982620288345,2.0429257452352183
4963,4963,4963,4.271666666666668,2.1884315953621685,2.0431405541159684
4964,4964,4964,4.273333333333332,2.188264928695501,2.042973887449302
4965,4965,4965,4.275,2.1880982620288343,2.042807220782635
4966,4966,4966,4.276666666666667,2.1879315953621674,2.0426405541159687
4967,4967,4967,4.278333333333334,2.187764928695501,2.0428553629967188
4968,4968,4968,4.280000000000001,2.187598262028834,2.0426886963300523
4969,4969,4969,4.281666666666668,2.187431595362168,2.042522029663385
4970,4970,4970,4.283333333333333,2.1868834531480843,2.042355362996719
4971,4971,4971,4.285,2.1870982620288344,2.0418072207826348
4972,4972,4972,4.286666666666667,2.1869315953621684,2.0420220296633858
4973,4973,4973,4.288333333333334,2.186764928695501,2.041855362996719
4974,4974,4974,4.290000000000001,2.1865982620288342,2.0416886963300516
4975,4975,4975,4.291666666666668,2.186050119814751,2.0415220296633856
4976,4976,4976,4.293333333333333,2.1862649286955014,2.0413553629967187
4977,4977,4977,4.295,2.185716786481417,2.0411886963300523
4978,4978,4978,4.296666666666667,2.185931595362168,2.0410220296633854
4979,4979,4979,4.298333333333334,2.185383453148084,2.040855362996719
4980,4980,4980,4.300000000000001,2.1855982620288343,2.0406886963300517
4981,4981,4981,4.301666666666668,2.1854315953621684,2.0405220296633857
4982,4982,4982,4.303333333333335,2.185264928695501,2.040355362996719
4983,4983,4983,4.305,2.1850982620288346,2.0401886963300524
4984,4984,4984,4.306666666666667,2.184931595362168,2.040403505210804
4985,4985,4985,4.308333333333334,2.1847649286955013,2.039855362996719
4986,4986,4986,4.3100000000000005,2.1845982620288344,2.039688696330052
4987,4987,4987,4.311666666666667,2.184431595362168,2.039903505210804
4988,4988,4988,4.313333333333334,2.1842649286955007,2.039736838544137
4989,4989,4989,4.315000000000001,2.1840982620288343,2.0395701718774704
4990,4990,4990,4.316666666666666,2.1839315953621683,2.039403505210804
4991,4991,4991,4.318333333333333,2.183764928695501,2.039236838544137
4992,4992,4992,4.32,2.1835982620288346,2.03907017187747
4993,4993,4993,4.321666666666667,2.183431595362168,2.0392849807582207
4994,4994,4994,4.323333333333334,2.1832649286955013,2.0387368385441373
4995,4995,4995,4.325000000000001,2.1830982620288344,2.0385701718774705
4996,4996,4996,4.326666666666668,2.1829315953621675,2.038784980758221
4997,4997,4997,4.328333333333333,2.183146404242919,2.038618314091554
4998,4998,4998,4.33,2.1825982620288342,2.0380701718774707
4999,4999,4999,4.331666666666667,2.1824315953621682,2.038284980758221
5000,5000,5000,4.333333333333334,2.182264928695501,2.037736838544137
5001,5001,5001,4.335000000000001,2.182098262028834,2.0379516474248875
5002,5002,5002,4.336666666666668,2.181931595362168,2.0377849807582207
5003,5003,5003,4.338333333333335,2.181764928695501,2.037618314091554
5004,5004,5004,4.34,2.1819797375762517,2.0374516474248874
5005,5005,5005,4.341666666666667,2.1814315953621684,2.037284980758221
5006,5006,5006,4.343333333333334,2.181646404242919,2.037118314091554
5007,5007,5007,4.345000000000001,2.181479737576252,2.0369516474248868
5008,5008,5008,4.346666666666668,2.1813130709095856,2.037166456305638
5009,5009,5009,4.3483333333333345,2.180764928695501,2.0369997896389718
5010,5010,5010,4.350000000000001,2.180598262028834,2.0364516474248875
5011,5011,5011,4.351666666666668,2.180431595362168,2.0362849807582206
5012,5012,5012,4.353333333333332,2.180264928695501,2.036499789638972
5013,5013,5013,4.355,2.180479737576252,2.0363331229723047
5014,5014,5014,4.356666666666667,2.1803130709095857,2.0361664563056383
5015,5015,5015,4.358333333333334,2.179764928695501,2.035618314091554
5016,5016,5016,4.360000000000001,2.179979737576252,2.035833122972305
5017,5017,5017,4.361666666666666,2.179813070909585,2.035666456305638
5018,5018,5018,4.363333333333333,2.1792649286955013,2.035499789638972
5019,5019,5019,4.365,2.179479737576252,2.035333122972305
5020,5020,5020,4.366666666666667,2.1793130709095854,2.0355479318530554
5021,5021,5021,4.368333333333334,2.179146404242919,2.035381265186389
5022,5022,5022,4.370000000000001,2.178979737576252,2.0348331229723047
5023,5023,5023,4.371666666666668,2.1788130709095856,2.035047931853056
5024,5024,5024,4.373333333333333,2.1786464042429188,2.0348812651863892
5025,5025,5025,4.375,2.1780982620288345,2.0347145985197224
5026,5026,5026,4.376666666666667,2.178313070909585,2.0345479318530555
5027,5027,5027,4.378333333333334,2.178146404242919,2.0347627407338065
5028,5028,5028,4.380000000000001,2.1783612131236696,2.03459607406714
5029,5029,5029,4.381666666666668,2.1781945464570027,2.0340479318530558
5030,5030,5030,4.383333333333335,2.177646404242919,2.033881265186389
5031,5031,5031,4.385,2.1774797375762525,2.03409607406714
5032,5032,5032,4.386666666666667,2.1773130709095856,2.033929407400473
5033,5033,5033,4.388333333333334,2.1775278797903357,2.0337627407338057
5034,5034,5034,4.390000000000001,2.1769797375762523,2.03359607406714
5035,5035,5035,4.3916666666666675,2.176813070909585,2.033429407400473
5036,5036,5036,4.393333333333334,2.176646404242919,2.0332627407338064
5037,5037,5037,4.395000000000001,2.176861213123669,2.0330960740671395
5038,5038,5038,4.396666666666668,2.176694546457003,2.032929407400473
5039,5039,5039,4.398333333333332,2.1761464042429193,2.033144216281223
5040,5040,5040,4.4,2.1759797375762524,2.03259607406714
5041,5041,5041,4.401666666666667,2.176194546457003,2.032429407400473
5042,5042,5042,4.403333333333334,2.176027879790336,2.0326442162812235
5043,5043,5043,4.405000000000001,2.175479737576252,2.0324775496145566
5044,5044,5044,4.406666666666668,2.1756945464570028,2.0319294074004732
5045,5045,5045,4.408333333333333,2.174764928695501,2.0321442162812238
5046,5046,5046,4.41,2.175361213123669,2.031977549614557
5047,5047,5047,4.411666666666667,2.175194546457003,2.03181088294789
5048,5048,5048,4.413333333333334,2.1750278797903357,2.031644216281223
5049,5049,5049,4.415000000000001,2.1748612131236698,2.0314775496145567
5050,5050,5050,4.416666666666668,2.174694546457003,2.03131088294789
5051,5051,5051,4.418333333333333,2.1745278797903365,2.0315256918286413
5052,5052,5052,4.42,2.1743612131236696,2.030977549614557
5053,5053,5053,4.421666666666667,2.174194546457003,2.031192358495308
5054,5054,5054,4.423333333333334,2.1740278797903363,2.0306442162812237
5055,5055,5055,4.425000000000001,2.173861213123669,2.0308590251619743
5056,5056,5056,4.426666666666668,2.173694546457003,2.03031088294789
5057,5057,5057,4.428333333333335,2.1735278797903357,2.030525691828641
5058,5058,5058,4.43,2.1733612131236697,2.0303590251619745
5059,5059,5059,4.431666666666667,2.1731945464570033,2.030192358495308
5060,5060,5060,4.433333333333334,2.1730278797903364,2.0296442162812234
5061,5061,5061,4.4350000000000005,2.173242688671087,2.0298590251619744
5062,5062,5062,4.436666666666667,2.1730760220044205,2.0296923584953084
5063,5063,5063,4.438333333333334,2.172527879790336,2.029525691828641
5064,5064,5064,4.440000000000001,2.1723612131236694,2.029359025161974
5065,5065,5065,4.441666666666666,2.172194546457003,2.029192358495308
5066,5066,5066,4.443333333333333,2.1724093553377544,2.0290256918286413
5067,5067,5067,4.445,2.172242688671087,2.0288590251619745
5068,5068,5068,4.446666666666667,2.1716945464570028,2.028692358495308
5069,5069,5069,4.448333333333334,2.1719093553377538,2.028525691828641
5070,5070,5070,4.450000000000001,2.171361213123669,2.0283590251619747
5071,5071,5071,4.451666666666668,2.1715760220044205,2.0281923584953083
5072,5072,5072,4.453333333333333,2.1714093553377536,2.028025691828641
5073,5073,5073,4.455,2.171242688671087,2.0278590251619746
5074,5074,5074,4.456666666666667,2.1710760220044203,2.027692358495308
5075,5075,5075,4.458333333333334,2.1705278797903365,2.0275256918286413
5076,5076,5076,4.460000000000001,2.170742688671087,2.0277405007093914
5077,5077,5077,4.461666666666668,2.1705760220044197,2.0271923584953075
5078,5078,5078,4.463333333333335,2.1704093553377537,2.027407167376058
5079,5079,5079,4.465,2.1702426886710877,2.0268590251619747
5080,5080,5080,4.466666666666667,2.1700760220044204,2.0266923584953083
5081,5081,5081,4.468333333333334,2.170290830885172,2.026525691828641
5082,5082,5082,4.470000000000001,2.170124164218505,2.0267405007093915
5083,5083,5083,4.471666666666668,2.16957602200442,2.0265738340427246
5084,5084,5084,4.4733333333333345,2.169790830885171,2.026407167376058
5085,5085,5085,4.475000000000001,2.169242688671087,2.0258590251619744
5086,5086,5086,4.476666666666668,2.1690760220044205,2.026073834042725
5087,5087,5087,4.478333333333332,2.1692908308851715,2.025907167376058
5088,5088,5088,4.48,2.169124164218505,2.025740500709392
5089,5089,5089,4.481666666666667,2.1685760220044203,2.0255738340427247
5090,5090,5090,4.483333333333334,2.168409355337753,2.0254071673760583
5091,5091,5091,4.485000000000001,2.168242688671087,2.0252405007093914
5092,5092,5092,4.486666666666666,2.168457497551838,2.024692358495308
5093,5093,5093,4.488333333333333,2.168290830885172,2.024907167376058
5094,5094,5094,4.49,2.1681241642185047,2.024740500709392
5095,5095,5095,4.491666666666667,2.1679574975518383,2.024573834042725
5096,5096,5096,4.493333333333334,2.1677908308851714,2.024407167376058
5097,5097,5097,4.495000000000001,2.167624164218505,2.0242405007093915
5098,5098,5098,4.496666666666668,2.167457497551838,2.0240738340427247
5099,5099,5099,4.498333333333333,2.167290830885172,2.0239071673760582
5100,5100,5100,4.5,2.167124164218505,2.0233590251619744
5101,5101,5101,4.501666666666667,2.166957497551838,2.0235738340427245
5102,5102,5102,4.503333333333334,2.1671723064325885,2.023407167376058
5103,5103,5103,4.505000000000001,2.1666241642185047,2.023240500709392
5104,5104,5104,4.506666666666668,2.1664574975518383,2.023073834042725
5105,5105,5105,4.508333333333335,2.1662908308851714,2.022525691828641
5106,5106,5106,4.51,2.166505639765922,2.0227405007093915
5107,5107,5107,4.511666666666667,2.166338973099255,2.022573834042725
5108,5108,5108,4.513333333333334,2.1661723064325886,2.022407167376058
5109,5109,5109,4.515000000000001,2.1660056397659218,2.0222405007093918
5110,5110,5110,4.5166666666666675,2.1654574975518384,2.0216923584953084
5111,5111,5111,4.518333333333334,2.1656723064325885,2.021907167376058
5112,5112,5112,4.520000000000001,2.1655056397659216,2.021740500709392
5113,5113,5113,4.521666666666668,2.164957497551838,2.0215738340427247
5114,5114,5114,4.523333333333332,2.1651723064325887,2.0214071673760583
5115,5115,5115,4.525,2.164624164218505,2.0212405007093914
5116,5116,5116,4.526666666666667,2.164838973099255,2.021073834042725
5117,5117,5117,4.528333333333334,2.164672306432589,2.020907167376058
5118,5118,5118,4.530000000000001,2.1645056397659217,2.0207405007093917
5119,5119,5119,4.531666666666668,2.1643389730992557,2.020573834042725
5120,5120,5120,4.533333333333333,2.1641723064325884,2.0204071673760584
5121,5121,5121,4.535,2.164005639765922,2.0202405007093915
5122,5122,5122,4.536666666666667,2.163838973099255,2.0200738340427247
5123,5123,5123,4.538333333333334,2.1636723064325887,2.0199071673760582
5124,5124,5124,4.540000000000001,2.163505639765922,2.019740500709392
5125,5125,5125,4.541666666666668,2.163338973099255,2.0191923584953075
5126,5126,5126,4.543333333333333,2.1631723064325885,2.019407167376058
5127,5127,5127,4.545,2.1630056397659216,2.019240500709392
5128,5128,5128,4.546666666666667,2.1632204486466726,2.019073834042725
5129,5129,5129,4.548333333333334,2.1626723064325883,2.0189071673760584
5130,5130,5130,4.550000000000001,2.162505639765922,2.0187405007093915
5131,5131,5131,4.551666666666668,2.1627204486466725,2.0185738340427246
5132,5132,5132,4.553333333333335,2.1625537819800056,2.018407167376058
5133,5133,5133,4.555,2.1620056397659217,2.018240500709392
5134,5134,5134,4.556666666666667,2.1622204486466727,2.018073834042725
5135,5135,5135,4.558333333333334,2.1616723064325885,2.017525691828641
5136,5136,5136,4.5600000000000005,2.1618871153133394,2.017740500709392
5137,5137,5137,4.561666666666667,2.161720448646673,2.0175738340427247
5138,5138,5138,4.563333333333334,2.1615537819800057,2.0174071673760583
5139,5139,5139,4.565000000000001,2.1613871153133397,2.0172405007093914
5140,5140,5140,4.566666666666666,2.1608389730992554,2.017073834042725
5141,5141,5141,4.568333333333333,2.161053781980006,2.016907167376058
5142,5142,5142,4.57,2.160887115313339,2.016740500709392
5143,5143,5143,4.571666666666667,2.1607204486466727,2.016573834042725
5144,5144,5144,4.573333333333334,2.160553781980006,2.016407167376058
5145,5145,5145,4.575000000000001,2.1603871153133394,2.0162405007093915
5146,5146,5146,4.576666666666668,2.1602204486466725,2.0160738340427247
5147,5147,5147,4.578333333333333,2.1604352575274235,2.0159071673760582
5148,5148,5148,4.58,2.159887115313339,2.015740500709392
5149,5149,5149,4.581666666666667,2.159720448646673,2.015573834042725
5150,5150,5150,4.583333333333334,2.159553781980006,2.015025691828641
5151,5151,5151,4.585000000000001,2.159387115313339,2.015240500709392
5152,5152,5152,4.586666666666668,2.15960192419409,2.0150738340427248
5153,5153,5153,4.588333333333335,2.159435257527423,2.014907167376058
5154,5154,5154,4.59,2.1588871153133398,2.0147405007093915
5155,5155,5155,4.591666666666667,2.158338973099255,2.014573834042725
5156,5156,5156,4.593333333333334,2.1589352575274234,2.014407167376058
5157,5157,5157,4.595000000000001,2.158768590860757,2.0142405007093918
5158,5158,5158,4.596666666666668,2.15860192419409,2.014073834042725
5159,5159,5159,4.5983333333333345,2.1584352575274237,2.013907167376058
5160,5160,5160,4.600000000000001,2.1582685908607564,2.013359025161974
5161,5161,5161,4.601666666666668,2.15810192419409,2.0135738340427247
5162,5162,5162,4.603333333333332,2.1579352575274235,2.0134071673760583
5163,5163,5163,4.605,2.1577685908607567,2.0132405007093914
5164,5164,5164,4.606666666666667,2.1576019241940902,2.013073834042725
5165,5165,5165,4.608333333333334,2.157053781980006,2.012907167376058
5166,5166,5166,4.610000000000001,2.1572685908607565,2.0127405007093917
5167,5167,5167,4.611666666666666,2.15710192419409,2.012573834042725
5168,5168,5168,4.613333333333333,2.156935257527423,2.0124071673760584
5169,5169,5169,4.615,2.157150066408174,2.0122405007093915
5170,5170,5170,4.616666666666667,2.15660192419409,2.011692358495308
5171,5171,5171,4.618333333333334,2.1564352575274235,2.0115256918286413
5172,5172,5172,4.620000000000001,2.1562685908607566,2.011740500709392
5173,5173,5173,4.621666666666668,2.1564833997415067,2.011573834042725
5174,5174,5174,4.623333333333333,2.1559352575274238,2.011407167376058
5175,5175,5175,4.625,2.155768590860757,2.011240500709392
5176,5176,5176,4.626666666666667,2.15560192419409,2.0110738340427248
5177,5177,5177,4.628333333333334,2.155816733074841,2.0109071673760583
5178,5178,5178,4.630000000000001,2.155650066408174,2.0107405007093915
5179,5179,5179,4.631666666666668,2.1554833997415077,2.0105738340427246
5180,5180,5180,4.633333333333335,2.1549352575274234,2.010407167376058
5181,5181,5181,4.635,2.155150066408174,2.010240500709392
5182,5182,5182,4.636666666666667,2.1549833997415075,2.010073834042725
5183,5183,5183,4.638333333333334,2.1548167330748407,2.009907167376058
5184,5184,5184,4.640000000000001,2.1546500664081742,2.009740500709392
5185,5185,5185,4.6416666666666675,2.15410192419409,2.0095738340427247
5186,5186,5186,4.643333333333334,2.1543167330748405,2.0094071673760583
5187,5187,5187,4.645000000000001,2.154150066408174,2.0088590251619745
5188,5188,5188,4.646666666666668,2.154364875288925,2.0090738340427245
5189,5189,5189,4.648333333333332,2.153816733074841,2.008907167376058
5190,5190,5190,4.65,2.153650066408174,2.008740500709392
5191,5191,5191,4.651666666666667,2.1538648752889253,2.008573834042725
5192,5192,5192,4.653333333333334,2.1533167330748406,2.008407167376058
5193,5193,5193,4.655000000000001,2.153150066408174,2.008240500709391
5194,5194,5194,4.656666666666668,2.1533648752889247,2.0080738340427247
5195,5195,5195,4.658333333333333,2.152816733074841,2.0075256918286413
5196,5196,5196,4.66,2.152650066408174,2.007740500709392
5197,5197,5197,4.661666666666667,2.152864875288925,2.007573834042725
5198,5198,5198,4.663333333333334,2.152698208622258,2.007407167376058
5199,5199,5199,4.665000000000001,2.152150066408174,2.007240500709392
5200,5200,5200,4.666666666666668,2.1519833997415074,2.0066923584953082
5201,5201,5201,4.668333333333333,2.1521982086222584,2.0065256918286414
5202,5202,5202,4.67,2.1520315419555915,2.0067405007093915
5203,5203,5203,4.671666666666667,2.1518648752889247,2.006573834042725
5204,5204,5204,4.673333333333334,2.1516982086222582,2.006407167376058
5205,5205,5205,4.675000000000001,2.151150066408174,2.0062405007093917
5206,5206,5206,4.676666666666668,2.151364875288925,2.006073834042725
5207,5207,5207,4.678333333333335,2.151198208622258,2.005907167376058
5208,5208,5208,4.68,2.151031541955592,2.005740500709392
5209,5209,5209,4.681666666666667,2.1512463508363417,2.005192358495308
5210,5210,5210,4.683333333333334,2.1506982086222584,2.0050256918286413
5211,5211,5211,4.6850000000000005,2.1505315419555915,2.0052405007093914
5212,5212,5212,4.686666666666667,2.1507463508363416,2.005073834042725
5213,5213,5213,4.688333333333334,2.150579684169675,2.004907167376058
5214,5214,5214,4.690000000000001,2.1504130175030083,2.0047405007093912
5215,5215,5215,4.691666666666666,2.1498648752889253,2.0041923584953083
5216,5216,5216,4.693333333333333,2.1500796841696754,2.0044071673760584
5217,5217,5217,4.695,2.1502944930504264,2.0038590251619746
5218,5218,5218,4.696666666666667,2.1497463508363417,2.0040738340427247
5219,5219,5219,4.698333333333334,2.1495796841696753,2.0039071673760582
5220,5220,5220,4.700000000000001,2.1490315419555914,2.003740500709392
5221,5221,5221,4.701666666666668,2.149246350836341,2.003573834042725
5222,5222,5222,4.703333333333333,2.149079684169675,2.003407167376058
5223,5223,5223,4.705,2.148913017503008,2.003240500709392
5224,5224,5224,4.706666666666667,2.1483648752889253,2.0030738340427248
5225,5225,5225,4.708333333333334,2.148579684169676,2.0029071673760583
5226,5226,5226,4.710000000000001,2.1487944930504264,2.0027405007093915
5227,5227,5227,4.711666666666668,2.1486278263837595,2.0025738340427246
5228,5228,5228,4.713333333333335,2.1480796841696748,2.002407167376058
5229,5229,5229,4.715,2.1482944930504257,2.002240500709392
5230,5230,5230,4.716666666666667,2.14812782638376,2.002073834042725
5231,5231,5231,4.718333333333334,2.147961159717093,2.001907167376058
5232,5232,5232,4.720000000000001,2.1477944930504265,2.001740500709392
5233,5233,5233,4.721666666666668,2.1480093019311766,2.0015738340427247
5234,5234,5234,4.7233333333333345,2.1474611597170927,2.0014071673760583
5235,5235,5235,4.725000000000001,2.1469130175030084,2.0012405007093914
5236,5236,5236,4.726666666666668,2.1475093019311773,2.001073834042725
5237,5237,5237,4.728333333333332,2.146961159717093,2.000907167376058
5238,5238,5238,4.73,2.1471759685978435,2.000740500709392
5239,5239,5239,4.731666666666667,2.14662782638376,2.000573834042725
5240,5240,5240,4.733333333333334,2.1464611597170933,2.000025691828641
5241,5241,5241,4.735000000000001,2.1462944930504264,2.0002405007093915
5242,5242,5242,4.736666666666666,2.1461278263837595,2.000073834042725
5243,5243,5243,4.738333333333333,2.1463426352645105,1.9999071673760584
5244,5244,5244,4.74,2.1457944930504262,1.9997405007093916
5245,5245,5245,4.741666666666667,2.146009301931177,1.999573834042725
5246,5246,5246,4.743333333333334,2.1458426352645104,1.999407167376058
5247,5247,5247,4.745000000000001,2.1456759685978435,1.9992405007093916
5248,5248,5248,4.746666666666668,2.1455093019311766,1.9990738340427248
5249,5249,5249,4.748333333333333,2.14534263526451,1.9989071673760583
5250,5250,5250,4.75,2.145175968597844,1.9987405007093917
5251,5251,5251,4.751666666666667,2.145009301931177,1.9985738340427248
5252,5252,5252,4.753333333333334,2.1448426352645105,1.9984071673760584
5253,5253,5253,4.755000000000001,2.144675968597844,1.9982405007093915
5254,5254,5254,4.756666666666668,2.1445093019311767,1.9980738340427249
5255,5255,5255,4.758333333333335,2.1443426352645103,1.997907167376058
5256,5256,5256,4.76,2.144175968597844,1.997740500709392
5257,5257,5257,4.761666666666667,2.1443907774785944,1.9975738340427247
5258,5258,5258,4.763333333333334,2.1442241108119284,1.9977886429234764
5259,5259,5259,4.765000000000001,2.143675968597844,1.9972405007093916
5260,5260,5260,4.7666666666666675,2.143509301931177,1.9970738340427248
5261,5261,5261,4.768333333333334,2.1433426352645104,1.996907167376058
5262,5262,5262,4.770000000000001,2.143557444145261,1.9967405007093912
5263,5263,5263,4.771666666666668,2.1430093019311767,1.9969553095901431
5264,5264,5264,4.773333333333332,2.143224110811928,1.9967886429234765
5265,5265,5265,4.775,2.142675968597844,1.9962405007093915
5266,5266,5266,4.776666666666667,2.1428907774785944,1.996455309590143
5267,5267,5267,4.778333333333334,2.1427241108119284,1.9959071673760584
5268,5268,5268,4.780000000000001,2.142557444145261,1.9961219762568096
5269,5269,5269,4.781666666666668,2.142772253026012,1.995955309590143
5270,5270,5270,4.783333333333333,2.1418426352645104,1.995407167376058
5271,5271,5271,4.785,2.1420574441452613,1.995240500709392
5272,5272,5272,4.786666666666667,2.142272253026012,1.995455309590143
5273,5273,5273,4.788333333333334,2.141724110811928,1.994907167376058
5274,5274,5274,4.790000000000001,2.141557444145261,1.9951219762568095
5275,5275,5275,4.791666666666668,2.1413907774785943,1.9949553095901429
5276,5276,5276,4.793333333333335,2.1412241108119283,1.9944071673760584
5277,5277,5277,4.795,2.1414389196926784,1.9946219762568096
5278,5278,5278,4.796666666666667,2.1408907774785946,1.9944553095901432
5279,5279,5279,4.798333333333334,2.141105586359345,1.9942886429234763
5280,5280,5280,4.800000000000001,2.1405574441452613,1.9937405007093916
5281,5281,5281,4.801666666666668,2.140772253026012,1.993955309590143
5282,5282,5282,4.803333333333336,2.140605586359345,1.9937886429234764
5283,5283,5283,4.805,2.140057444145261,1.9936219762568097
5284,5284,5284,4.806666666666667,2.140272253026012,1.9934553095901435
5285,5285,5285,4.808333333333334,2.140105586359345,1.992907167376058
5286,5286,5286,4.8100000000000005,2.1399389196926784,1.9931219762568095
5287,5287,5287,4.811666666666667,2.139772253026012,1.9929553095901429
5288,5288,5288,4.813333333333334,2.139605586359345,1.992788642923476
5289,5289,5289,4.815000000000003,2.139438919692678,1.9926219762568096
5290,5290,5290,4.816666666666666,2.139272253026012,1.9924553095901432
5291,5291,5291,4.818333333333333,2.1391055863593453,1.9922886429234763
5292,5292,5292,4.82,2.1389389196926785,1.9921219762568096
5293,5293,5293,4.821666666666667,2.138772253026012,1.9919553095901432
5294,5294,5294,4.823333333333334,2.1389870619067626,1.9917886429234763
5295,5295,5295,4.825000000000003,2.1384389196926783,1.9916219762568097
5296,5296,5296,4.826666666666668,2.1386537285734293,1.991455309590143
5297,5297,5297,4.828333333333333,2.1384870619067633,1.9912886429234764
5298,5298,5298,4.83,2.138320395240096,1.9915034518042267
5299,5299,5299,4.831666666666667,2.138153728573429,1.9909553095901429
5300,5300,5300,4.833333333333334,2.1376055863593453,1.9907886429234765
5301,5301,5301,4.835000000000001,2.137820395240096,1.9910034518042263
5302,5302,5302,4.836666666666668,2.1376537285734294,1.9908367851375601
5303,5303,5303,4.8383333333333365,2.1374870619067625,1.9902886429234763
5304,5304,5304,4.84,2.1373203952400956,1.9905034518042268
5305,5305,5305,4.841666666666667,2.137153728573429,1.989955309590143
5306,5306,5306,4.843333333333334,2.1369870619067632,1.9897886429234768
5307,5307,5307,4.845000000000001,2.136820395240096,1.9896219762568097
5308,5308,5308,4.846666666666668,2.136653728573429,1.989455309590143
5309,5309,5309,4.8483333333333345,2.136487061906762,1.9892886429234764
5310,5310,5310,4.850000000000003,2.136320395240096,1.9895034518042265
5311,5311,5311,4.851666666666668,2.1365352041208467,1.98933678513756
5312,5312,5312,4.853333333333332,2.13636853745418,1.9891701184708932
5313,5313,5313,4.855,2.136201870787513,1.9890034518042268
5314,5314,5314,4.856666666666667,2.1360352041208466,1.98883678513756
5315,5315,5315,4.858333333333334,2.1354870619067627,1.9882886429234763
5316,5316,5316,4.860000000000003,2.136083346334931,1.9885034518042264
5317,5317,5317,4.861666666666666,2.135535204120847,1.98833678513756
5318,5318,5318,4.863333333333333,2.13536853745418,1.9881701184708933
5319,5319,5319,4.865,2.1352018707875136,1.9880034518042269
5320,5320,5320,4.866666666666667,2.1350352041208467,1.98783678513756
5321,5321,5321,4.868333333333334,2.13486853745418,1.9876701184708931
5322,5322,5322,4.870000000000003,2.1347018707875134,1.987884927351644
5323,5323,5323,4.871666666666668,2.1349166796682644,1.98733678513756
5324,5324,5324,4.873333333333333,2.134750013001598,1.9871701184708932
5325,5325,5325,4.875,2.134201870787513,1.9870034518042268
5326,5326,5326,4.876666666666667,2.1344166796682646,1.987218260684977
5327,5327,5327,4.878333333333334,2.1346314885490147,1.9866701184708933
5328,5328,5328,4.880000000000001,2.133701870787513,1.986884927351644
5329,5329,5329,4.881666666666668,2.1339166796682645,1.9867182606849771
5330,5330,5330,4.883333333333336,2.13336853745418,1.9861701184708933
5331,5331,5331,4.885,2.1335833463349307,1.986384927351644
5332,5332,5332,4.886666666666667,2.1334166796682648,1.9862182606849776
5333,5333,5333,4.888333333333334,2.133631488549015,1.9860515940183108
5334,5334,5334,4.890000000000001,2.1330833463349315,1.985884927351644
5335,5335,5335,4.8916666666666675,2.1329166796682646,1.98533678513756
5336,5336,5336,4.893333333333334,2.1327500130015977,1.9855515940183104
5337,5337,5337,4.895000000000003,2.1329648218823483,1.9857664028990616
5338,5338,5338,4.896666666666668,2.1327981552156814,1.985599736232395
5339,5339,5339,4.898333333333332,2.132631488549015,1.9854330695657283
5340,5340,5340,4.9,2.132083346334931,1.984884927351644
5341,5341,5341,4.901666666666667,2.1322981552156817,1.9850997362323948
5342,5342,5342,4.903333333333334,2.132131488549015,1.984933069565728
5343,5343,5343,4.905000000000003,2.131964821882348,1.9847664028990613
5344,5344,5344,4.906666666666668,2.1321796307631,1.9845997362323948
5345,5345,5345,4.908333333333333,2.131631488549015,1.9840515940183108
5346,5346,5346,4.91,2.131464821882348,1.9842664028990613
5347,5347,5347,4.911666666666667,2.1312981552156813,1.9844812117798123
5348,5348,5348,4.913333333333334,2.131131488549015,1.9843145451131456
5349,5349,5349,4.915000000000003,2.131346297429766,1.9837664028990611
5350,5350,5350,4.916666666666668,2.1307981552156816,1.9835997362323947
5351,5351,5351,4.9183333333333366,2.1310129640964326,1.9838145451131453
5352,5352,5352,4.92,2.1308462974297657,1.9832664028990616
5353,5353,5353,4.921666666666667,2.1306796307630997,1.983481211779812
5354,5354,5354,4.923333333333334,2.1305129640964333,1.9833145451131455
5355,5355,5355,4.925000000000001,2.1303462974297656,1.9831478784464789
5356,5356,5356,4.926666666666668,2.1301796307631,1.9833626873272296
5357,5357,5357,4.928333333333336,2.1303944396438497,1.9828145451131456
5358,5358,5358,4.93,2.129846297429766,1.9830293539938968
5359,5359,5359,4.931666666666667,2.1296796307630994,1.9824812117798123
5360,5360,5360,4.933333333333334,2.1295129640964325,1.981933069565728
5361,5361,5361,4.9350000000000005,2.129727772977183,1.9821478784464792
5362,5362,5362,4.936666666666667,2.1291796307630992,1.981981211779812
5363,5363,5363,4.938333333333334,2.1293944396438502,1.982196020660563
5364,5364,5364,4.940000000000003,2.128846297429766,1.982029353993896
5365,5365,5365,4.941666666666666,2.1290611063105165,1.9818626873272296
5366,5366,5366,4.943333333333333,2.1288944396438496,1.9813145451131453
5367,5367,5367,4.945,2.128727772977183,1.9815293539938963
5368,5368,5368,4.946666666666667,2.1285611063105163,1.9813626873272296
5369,5369,5369,4.948333333333334,2.128394439643849,1.9811960206605632
5370,5370,5370,4.950000000000003,2.1278462974297656,1.9810293539938963
5371,5371,5371,4.951666666666668,2.128061106310516,1.9808626873272293
5372,5372,5372,4.953333333333333,2.1278944396438497,1.980696020660563
5373,5373,5373,4.955,2.1277277729771833,1.9805293539938964
5374,5374,5374,4.956666666666667,2.1275611063105164,1.980744162874648
5375,5375,5375,4.958333333333334,2.1273944396438496,1.9801960206605629
5376,5376,5376,4.960000000000001,2.1276092485246005,1.9804108295413143
5377,5377,5377,4.961666666666668,2.1270611063105163,1.9802441628746477
5378,5378,5378,4.9633333333333365,2.1272759151912672,1.9800774962079808
5379,5379,5379,4.965,2.127109248524601,1.9799108295413144
5380,5380,5380,4.966666666666667,2.1265611063105165,1.979744162874648
5381,5381,5381,4.968333333333334,2.1267759151912675,1.9795774962079808
5382,5382,5382,4.970000000000001,2.1266092485246006,1.9794108295413144
5383,5383,5383,4.971666666666668,2.1264425818579338,1.979244162874648
5384,5384,5384,4.9733333333333345,2.126275915191268,1.9794589717553976
5385,5385,5385,4.975000000000003,2.125727772977183,1.9789108295413145
5386,5386,5386,4.976666666666668,2.1259425818579345,1.978744162874648
5387,5387,5387,4.978333333333332,2.125775915191268,1.9789589717553981
5388,5388,5388,4.98,2.1256092485246008,1.9784108295413139
5389,5389,5389,4.981666666666667,2.125442581857934,1.9786256384220644
5390,5390,5390,4.983333333333334,2.1248944396438496,1.9784589717553975
5391,5391,5391,4.985000000000003,2.125490724072018,1.978292305088731
5392,5392,5392,4.986666666666666,2.125324057405352,1.9781256384220645
5393,5393,5393,4.988333333333333,2.124775915191268,1.9779589717553983
5394,5394,5394,4.99,2.1249907240720183,1.9781737806361488
5395,5395,5395,4.991666666666667,2.1244425818579344,1.9776256384220643
5396,5396,5396,4.993333333333334,2.124657390738685,1.9774589717553976
5397,5397,5397,4.995000000000003,2.124490724072018,1.977292305088731
5398,5398,5398,4.996666666666668,2.1243240574053512,1.977507113969482
5399,5399,5399,4.998333333333333,2.1241573907386853,1.9773404473028156
5400,5400,5400,5.0,2.123609248524601,1.9767923050887315
5401,5401,5401,5.001666666666667,2.123442581857934,1.9770071139694818
5402,5402,5402,5.003333333333334,2.1236573907386846,1.9768404473028156
5403,5403,5403,5.005000000000001,2.1234907240720178,1.977055256183566
5404,5404,5404,5.006666666666668,2.123324057405352,1.9768885895168995
5405,5405,5405,5.008333333333336,2.123157390738685,1.9763404473028152
5406,5406,5406,5.01,2.1229907240720185,1.9765552561835664
5407,5407,5407,5.011666666666667,2.1232055329527686,1.9763885895168996
5408,5408,5408,5.013333333333334,2.1230388662861017,1.976221922850233
5409,5409,5409,5.015000000000001,2.1228721996194357,1.9760552561835658
5410,5410,5410,5.0166666666666675,2.1223240574053515,1.9762700650643168
5411,5411,5411,5.018333333333334,2.1221573907386846,1.97610339839765
5412,5412,5412,5.02,2.122372199619435,1.9759367317309835
5413,5413,5413,5.021666666666668,2.1222055329527687,1.9757700650643168
5414,5414,5414,5.023333333333332,2.122038866286102,1.9759848739450676
5415,5415,5415,5.025,2.1214907240720184,1.975436731730984
5416,5416,5416,5.026666666666667,2.1217055329527685,1.975651540611734
5417,5417,5417,5.028333333333334,2.1215388662861017,1.9751033983976498
5418,5418,5418,5.029999999999999,2.121753675166853,1.9753182072784008
5419,5419,5419,5.031666666666668,2.1212055329527684,1.9751515406117341
5420,5420,5420,5.033333333333333,2.12142034183352,1.9749848739450675
5421,5421,5421,5.035,2.121253675166853,1.9748182072784009
5422,5422,5422,5.036666666666667,2.1210870085001865,1.9746515406117344
5423,5423,5423,5.038333333333334,2.12092034183352,1.9744848739450676
5424,5424,5424,5.039999999999999,2.120753675166853,1.9746996828258188
5425,5425,5425,5.041666666666668,2.1202055329527685,1.974151540611734
5426,5426,5426,5.0433333333333366,2.12042034183352,1.9739848739450676
5427,5427,5427,5.045,2.120253675166853,1.9741996828258184
5428,5428,5428,5.046666666666667,2.120468484047604,1.974033016159152
5429,5429,5429,5.048333333333334,2.11992034183352,1.9738663494924853
5430,5430,5430,5.050000000000001,2.1197536751668533,1.9736996828258184
5431,5431,5431,5.051666666666668,2.1199684840476034,1.9735330161591518
5432,5432,5432,5.053333333333336,2.11942034183352,1.973366349492485
5433,5433,5433,5.055,2.1196351507142697,1.9731996828258187
5434,5434,5434,5.056666666666667,2.1190870085001863,1.9734144917065688
5435,5435,5435,5.058333333333334,2.11892034183352,1.9728663494924852
5436,5436,5436,5.0600000000000005,2.11913515071427,1.973081158373235
5437,5437,5437,5.061666666666667,2.1189684840476035,1.9729144917065684
5438,5438,5438,5.063333333333334,2.1188018173809366,1.9727478250399015
5439,5439,5439,5.0649999999999995,2.1186351507142698,1.972581158373235
5440,5440,5440,5.066666666666666,2.118468484047604,1.9724144917065685
5441,5441,5441,5.068333333333333,2.118301817380937,1.9726293005873201
5442,5442,5442,5.07,2.11813515071427,1.9720811583732352
5443,5443,5443,5.071666666666667,2.1183499595950206,1.9719144917065683
5444,5444,5444,5.073333333333334,2.118183292928354,1.97212930058732
5445,5445,5445,5.074999999999999,2.11763515071427,1.9719626339206529
5446,5446,5446,5.076666666666668,2.117849959595021,1.9717959672539864
5447,5447,5447,5.078333333333333,2.117683292928354,1.97162930058732
5448,5448,5448,5.08,2.117516626261688,1.971462633920653
5449,5449,5449,5.081666666666667,2.1173499595950207,1.971677442801404
5450,5450,5450,5.083333333333334,2.116801817380937,1.97112930058732
5451,5451,5451,5.085000000000001,2.1170166262616874,1.9713441094680704
5452,5452,5452,5.086666666666668,2.1168499595950205,1.971177442801404
5453,5453,5453,5.0883333333333365,2.116683292928354,1.9710107761347369
5454,5454,5454,5.09,2.116516626261688,1.971225585015488
5455,5455,5455,5.091666666666667,2.1159684840476034,1.970677442801404
5456,5456,5456,5.093333333333334,2.116183292928354,1.9708922516821543
5457,5457,5457,5.095000000000001,2.1160166262616875,1.970725585015488
5458,5458,5458,5.096666666666668,2.1158499595950206,1.970177442801404
5459,5459,5459,5.0983333333333345,2.115683292928354,1.9703922516821544
5460,5460,5460,5.1,2.11513515071427,1.970225585015488
5461,5461,5461,5.101666666666668,2.1157314351424383,1.9700589183488213
5462,5462,5462,5.103333333333332,2.115183292928354,1.9698922516821544
5463,5463,5463,5.105,2.115016626261688,1.9701070605629052
5464,5464,5464,5.106666666666667,2.1152314351424377,1.9703218694436555
5465,5465,5465,5.108333333333334,2.1146832929283543,1.9697737272295717
5466,5466,5466,5.109999999999999,2.1148981018091044,1.9696070605629048
5467,5467,5467,5.111666666666668,2.1143499595950206,1.9694403938962384
5468,5468,5468,5.113333333333333,2.114564768475771,1.9692737272295717
5469,5469,5469,5.115,2.1140166262616877,1.9691070605629053
5470,5470,5470,5.116666666666667,2.113849959595021,1.9689403938962384
5471,5471,5471,5.118333333333334,2.114064768475771,1.969155202776989
5472,5472,5472,5.119999999999999,2.113898101809104,1.9686070605629051
5473,5473,5473,5.121666666666668,2.1137314351424377,1.9688218694436557
5474,5474,5474,5.123333333333333,2.1131832929283543,1.968655202776989
5475,5475,5475,5.125,2.1130166262616874,1.9684885361103224
5476,5476,5476,5.126666666666667,2.113231435142437,1.9683218694436555
5477,5477,5477,5.128333333333334,2.113064768475771,1.9685366783244067
5478,5478,5478,5.130000000000001,2.1128981018091046,1.9683700116577398
5479,5479,5479,5.131666666666668,2.1127314351424378,1.9682033449910732
5480,5480,5480,5.133333333333336,2.112564768475771,1.967655202776989
5481,5481,5481,5.135,2.1123981018091045,1.96787001165774
5482,5482,5482,5.136666666666667,2.112231435142438,1.9677033449910732
5483,5483,5483,5.138333333333334,2.1120647684757707,1.9675366783244068
5484,5484,5484,5.140000000000001,2.1118981018091043,1.96737001165774
5485,5485,5485,5.1416666666666675,2.111731435142437,1.9672033449910733
5486,5486,5486,5.143333333333334,2.111564768475771,1.9670366783244069
5487,5487,5487,5.145,2.1113981018091046,1.9668700116577398
5488,5488,5488,5.146666666666668,2.1112314351424377,1.9670848205384903
5489,5489,5489,5.148333333333332,2.111446244023189,1.966918153871824
5490,5490,5490,5.15,2.1108981018091044,1.9663700116577398
5491,5491,5491,5.151666666666667,2.1111129106898554,1.9665848205384904
5492,5492,5492,5.153333333333334,2.110564768475771,1.966418153871824
5493,5493,5493,5.154999999999999,2.1103981018091043,1.9662514872051569
5494,5494,5494,5.156666666666668,2.110612910689856,1.9664662960859085
5495,5495,5495,5.158333333333333,2.110064768475771,1.965918153871824
5496,5496,5496,5.16,2.1102795773565224,1.9657514872051567
5497,5497,5497,5.161666666666667,2.1097314351424377,1.965966296085908
5498,5498,5498,5.163333333333334,2.109946244023189,1.9657996294192417
5499,5499,5499,5.164999999999999,2.109779577356522,1.9656329627525748
5500,5500,5500,5.166666666666668,2.109231435142438,1.965466296085908
5501,5501,5501,5.1683333333333366,2.109446244023189,1.9652996294192413
5502,5502,5502,5.17,2.1092795773565225,1.9651329627525749
5503,5503,5503,5.171666666666667,2.109112910689856,1.964966296085908
5504,5504,5504,5.173333333333334,2.1089462440231888,1.9651811049666592
5505,5505,5505,5.175000000000001,2.1083981018091045,1.964632962752575
5506,5506,5506,5.176666666666668,2.1086129106898555,1.9648477716333252
5507,5507,5507,5.178333333333336,2.108446244023189,1.9646811049666593
5508,5508,5508,5.18,2.108279577356522,1.964132962752575
5509,5509,5509,5.181666666666667,2.108112910689856,1.9643477716333255
5510,5510,5510,5.183333333333334,2.107564768475771,1.9641811049666589
5511,5511,5511,5.1850000000000005,2.1077795773565224,1.9640144382999924
5512,5512,5512,5.186666666666667,2.107612910689856,1.9642292471807437
5513,5513,5513,5.188333333333334,2.1074462440231887,1.9636811049666592
5514,5514,5514,5.1899999999999995,2.1072795773565223,1.96389591384741
5515,5515,5515,5.191666666666666,2.107112910689856,1.963729247180744
5516,5516,5516,5.193333333333333,2.106946244023189,1.9635625805140768
5517,5517,5517,5.195,2.106779577356522,1.9633959138474104
5518,5518,5518,5.196666666666667,2.106612910689856,1.9636107227281605
5519,5519,5519,5.198333333333334,2.106827719570606,1.9634440560614936
5520,5520,5520,5.199999999999999,2.1062795773565224,1.9628959138474105
5521,5521,5521,5.201666666666668,2.1061129106898555,1.9631107227281603
5522,5522,5522,5.203333333333333,2.1063277195706065,1.9629440560614941
5523,5523,5523,5.205,2.10616105290394,1.9631588649422445
5524,5524,5524,5.206666666666667,2.105994386237273,1.9626107227281604
5525,5525,5525,5.208333333333334,2.105446244023189,1.9624440560614935
5526,5526,5526,5.210000000000001,2.1056610529039395,1.9626588649422445
5527,5527,5527,5.211666666666668,2.1058758617846904,1.9624921982755776
5528,5528,5528,5.2133333333333365,2.105327719570606,1.9623255316089108
5529,5529,5529,5.215,2.10516105290394,1.9621588649422448
5530,5530,5530,5.216666666666667,2.1046129106898555,1.961992198275578
5531,5531,5531,5.218333333333334,2.104446244023189,1.9618255316089117
5532,5532,5532,5.220000000000001,2.104279577356522,1.9616588649422444
5533,5533,5533,5.221666666666668,2.104494386237273,1.9618736738229956
5534,5534,5534,5.2233333333333345,2.1043277195706063,1.9613255316089109
5535,5535,5535,5.225,2.1041610529039394,1.9611588649422445
5536,5536,5536,5.226666666666668,2.1039943862372734,1.9609921982755776
5537,5537,5537,5.228333333333332,2.1038277195706065,1.9612070071563288
5538,5538,5538,5.23,2.10366105290394,1.961040340489662
5539,5539,5539,5.231666666666667,2.1034943862372733,1.9608736738229957
5540,5540,5540,5.233333333333334,2.102946244023189,1.9607070071563288
5541,5541,5541,5.234999999999999,2.1031610529039395,1.9605403404896615
5542,5542,5542,5.236666666666668,2.1033758617846905,1.9603736738229955
5543,5543,5543,5.238333333333333,2.102827719570606,1.960207007156329
5544,5544,5544,5.24,2.1030425284513568,1.960040340489662
5545,5545,5545,5.241666666666667,2.1021129106898555,1.9598736738229952
5546,5546,5546,5.243333333333334,2.1023277195706065,1.960088482703746
5547,5547,5547,5.244999999999999,2.102542528451357,1.9595403404896616
5548,5548,5548,5.246666666666668,2.1019943862372727,1.9597551493704128
5549,5549,5549,5.248333333333333,2.1018277195706063,1.959588482703746
5550,5550,5550,5.25,2.1020425284513573,1.9594218160370795
5551,5551,5551,5.251666666666667,2.101494386237273,1.959255149370413
5552,5552,5552,5.253333333333334,2.101709195118024,1.959088482703746
5553,5553,5553,5.255000000000001,2.1015425284513567,1.9589218160370796
5554,5554,5554,5.256666666666668,2.1009943862372733,1.9587551493704125
5555,5555,5555,5.258333333333336,2.1008277195706064,1.9585884827037459
5556,5556,5556,5.26,2.101042528451357,1.9588032915844968
5557,5557,5557,5.261666666666667,2.100494386237273,1.9582551493704128
5558,5558,5558,5.263333333333334,2.1003277195706063,1.9584699582511635
5559,5559,5559,5.265000000000001,2.1001610529039403,1.958303291584497
5560,5560,5560,5.2666666666666675,2.1003758617846904,1.95813662491783
5561,5561,5561,5.268333333333334,2.1002091951180235,1.9579699582511636
5562,5562,5562,5.27,2.09966105290394,1.9578032915844967
5563,5563,5563,5.271666666666668,2.0998758617846907,1.9576366249178303
5564,5564,5564,5.273333333333332,2.0997091951180242,1.9574699582511637
5565,5565,5565,5.275,2.0991610529039395,1.9573032915844968
5566,5566,5566,5.276666666666667,2.0993758617846905,1.95713662491783
5567,5567,5567,5.278333333333334,2.099209195118024,1.957351433798581
5568,5568,5568,5.279999999999999,2.0990425284513567,1.9571847671319147
5569,5569,5569,5.281666666666668,2.0988758617846903,1.95663662491783
5570,5570,5570,5.283333333333333,2.0983277195706065,1.9568514337985812
5571,5571,5571,5.285,2.098542528451357,1.9566847671319143
5572,5572,5572,5.286666666666667,2.0983758617846906,1.9561366249178305
5573,5573,5573,5.288333333333334,2.098209195118024,1.9563514337985808
5574,5574,5574,5.289999999999999,2.098042528451357,1.9558032915844967
5575,5575,5575,5.291666666666668,2.0978758617846904,1.9563995760126651
5576,5576,5576,5.2933333333333366,2.097709195118024,1.955851433798581
5577,5577,5577,5.295,2.0975425284513567,1.9556847671319144
5578,5578,5578,5.296666666666667,2.0973758617846903,1.955899576012665
5579,5579,5579,5.298333333333334,2.097209195118024,1.9557329093459983
5580,5580,5580,5.300000000000001,2.097042528451357,1.9555662426793317
5581,5581,5581,5.301666666666668,2.097257337332108,1.9557810515600824
5582,5582,5582,5.303333333333336,2.0970906706654406,1.9556143848934155
5583,5583,5583,5.305,2.0969240039987747,1.955447718226749
5584,5584,5584,5.306666666666667,2.0967573373321082,1.9552810515600825
5585,5585,5585,5.308333333333334,2.096209195118024,1.9547329093459984
5586,5586,5586,5.3100000000000005,2.0964240039987745,1.954947718226749
5587,5587,5587,5.311666666666667,2.096257337332108,1.9547810515600823
5588,5588,5588,5.313333333333334,2.0960906706654407,1.954995860440833
5589,5589,5589,5.3149999999999995,2.096305479546192,1.9544477182267488
5590,5590,5590,5.316666666666666,2.0953758617846905,1.9542810515600824
5591,5591,5591,5.318333333333333,2.095590670665441,1.954495860440833
5592,5592,5592,5.32,2.0954240039987746,1.9543291937741665
5593,5593,5593,5.321666666666667,2.0956388128795247,1.9541625271075
5594,5594,5594,5.323333333333334,2.0950906706654413,1.953995860440833
5595,5595,5595,5.324999999999999,2.0949240039987744,1.9538291937741663
5596,5596,5596,5.326666666666668,2.095138812879525,1.9536625271075
5597,5597,5597,5.328333333333333,2.0949721462128585,1.953495860440833
5598,5598,5598,5.33,2.094805479546192,1.9537106693215842
5599,5599,5599,5.331666666666667,2.094638812879525,1.953544002654917
5600,5600,5600,5.333333333333334,2.094090670665441,1.9529958604408328
5601,5601,5601,5.335000000000001,2.094305479546192,1.953210669321584
5602,5602,5602,5.336666666666668,2.0941388128795246,1.9530440026549167
5603,5603,5603,5.3383333333333365,2.0939721462128587,1.9528773359882503
5604,5604,5604,5.34,2.093805479546192,1.952710669321584
5605,5605,5605,5.341666666666667,2.0936388128795254,1.9525440026549168
5606,5606,5606,5.343333333333334,2.0934721462128585,1.9523773359882504
5607,5607,5607,5.345000000000001,2.093305479546192,1.9522106693215842
5608,5608,5608,5.346666666666668,2.0931388128795247,1.9520440026549168
5609,5609,5609,5.3483333333333345,2.0929721462128583,1.9518773359882504
5610,5610,5610,5.35,2.092805479546192,1.951710669321584
5611,5611,5611,5.351666666666668,2.092638812879525,1.9515440026549171
5612,5612,5612,5.353333333333332,2.0924721462128586,1.9513773359882505
5613,5613,5613,5.355,2.092686955093609,1.9515921448690008
5614,5614,5614,5.356666666666667,2.0925202884269427,1.9514254782023344
5615,5615,5615,5.358333333333334,2.092353621760276,1.9512588115356682
5616,5616,5616,5.359999999999999,2.0921869550936094,1.9510921448690008
5617,5617,5617,5.361666666666668,2.0920202884269425,1.9509254782023344
5618,5618,5618,5.363333333333333,2.092235097307693,1.950758811535668
5619,5619,5619,5.365,2.091686955093609,1.950592144869001
5620,5620,5620,5.366666666666667,2.0915202884269433,1.9504254782023347
5621,5621,5621,5.368333333333334,2.091353621760276,1.950258811535668
5622,5622,5622,5.369999999999999,2.091186955093609,1.950092144869001
5623,5623,5623,5.371666666666668,2.0910202884269427,1.9503069537497515
5624,5624,5624,5.373333333333333,2.0912350973076936,1.949758811535668
5625,5625,5625,5.375,2.0910684306410268,1.9499736204164184
5626,5626,5626,5.376666666666667,2.0909017639743603,1.9498069537497515
5627,5627,5627,5.378333333333334,2.090735097307693,1.949640287083085
5628,5628,5628,5.380000000000001,2.090949906188444,1.9494736204164183
5629,5629,5629,5.381666666666668,2.0907832395217776,1.949306953749752
5630,5630,5630,5.383333333333336,2.0902350973076933,1.9491402870830847
5631,5631,5631,5.385,2.0904499061884443,1.9489736204164183
5632,5632,5632,5.386666666666667,2.0899017639743604,1.9491884292971693
5633,5633,5633,5.388333333333334,2.0901165728551105,1.9486402870830848
5634,5634,5634,5.390000000000001,2.089949906188444,1.948473620416418
5635,5635,5635,5.3916666666666675,2.0894017639743603,1.9483069537497515
5636,5636,5636,5.393333333333334,2.089616572855111,1.9485217626305027
5637,5637,5637,5.395,2.0894499061884444,1.9479736204164184
5638,5638,5638,5.396666666666668,2.089283239521777,1.9481884292971692
5639,5639,5639,5.398333333333332,2.0891165728551107,1.9480217626305028
5640,5640,5640,5.4,2.088949906188444,1.947855095963836
5641,5641,5641,5.401666666666667,2.0891647150691948,1.9476884292971688
5642,5642,5642,5.403333333333334,2.0889980484025283,1.94790323817792
5643,5643,5643,5.404999999999999,2.088831381735861,1.947355095963836
5644,5644,5644,5.406666666666668,2.0886647150691946,1.9475699048445867
5645,5645,5645,5.408333333333333,2.088498048402528,1.9470217626305029
5646,5646,5646,5.41,2.088712857283279,1.9472365715112532
5647,5647,5647,5.411666666666667,2.088164715069195,1.9470699048445868
5648,5648,5648,5.413333333333334,2.087998048402528,1.9469032381779199
5649,5649,5649,5.414999999999999,2.088212857283279,1.9467365715112532
5650,5650,5650,5.416666666666668,2.0876647150691947,1.9465699048445864
5651,5651,5651,5.4183333333333366,2.0878795239499457,1.94640323817792
5652,5652,5652,5.42,2.0880943328306967,1.9466180470586711
5653,5653,5653,5.421666666666667,2.0875461906166124,1.9464513803920045
5654,5654,5654,5.423333333333334,2.087379523949945,1.9462847137253372
5655,5655,5655,5.425000000000001,2.087212857283279,1.9457365715112536
5656,5656,5656,5.426666666666668,2.0878091417114466,1.9459513803920043
5657,5657,5657,5.428333333333336,2.0872609994973628,1.9457847137253372
5658,5658,5658,5.43,2.0874758083781138,1.945999522606088
5659,5659,5659,5.431666666666667,2.0873091417114478,1.945451380392004
5660,5660,5660,5.433333333333334,2.0867609994973635,1.9456661892727547
5661,5661,5661,5.4350000000000005,2.087357283925531,1.9454995226060885
5662,5662,5662,5.436666666666667,2.087190617258865,1.944951380392004
5663,5663,5663,5.438333333333334,2.0870239505921977,1.9451661892727548
5664,5664,5664,5.4399999999999995,2.0868572839255317,1.9449995226060883
5665,5665,5665,5.441666666666666,2.0863091417114465,1.9444513803920043
5666,5666,5666,5.443333333333333,2.086523950592197,1.9446661892727548
5667,5667,5667,5.445,2.0867387594729485,1.9444995226060884
5668,5668,5668,5.446666666666667,2.0861906172588647,1.9443328559394213
5669,5669,5669,5.448333333333334,2.0864054261396148,1.9441661892727549
5670,5670,5670,5.449999999999999,2.085857283925531,1.943999522606088
5671,5671,5671,5.451666666666668,2.086072092806282,1.9438328559394216
5672,5672,5672,5.453333333333333,2.0859054261396155,1.9436661892727551
5673,5673,5673,5.455,2.0857387594729486,1.9434995226060885
5674,5674,5674,5.456666666666667,2.0859535683536987,1.9437143314868388
5675,5675,5675,5.458333333333334,2.085405426139615,1.9431661892727548
5676,5676,5676,5.460000000000001,2.085620235020366,1.9433809981535053
5677,5677,5677,5.461666666666668,2.0854535683536994,1.943214331486839
5678,5678,5678,5.4633333333333365,2.085286901687033,1.943047664820172
5679,5679,5679,5.465,2.085120235020366,1.9428809981535056
5680,5680,5680,5.466666666666667,2.0849535683537,1.9427143314868391
5681,5681,5681,5.468333333333334,2.0847869016870333,1.9425476648201725
5682,5682,5682,5.470000000000001,2.0850017105677834,1.9423809981535056
5683,5683,5683,5.471666666666668,2.0848350439011165,1.9422143314868392
5684,5684,5684,5.4733333333333345,2.08466837723445,1.9420476648201723
5685,5685,5685,5.475,2.084501710567783,1.9418809981535052
5686,5686,5686,5.476666666666668,2.084716519448534,1.9420958070342564
5687,5687,5687,5.478333333333332,2.0845498527818678,1.9419291403675896
5688,5688,5688,5.48,2.084383186115201,1.9417624737009231
5689,5689,5689,5.481666666666667,2.0842165194485345,1.9415958070342565
5690,5690,5690,5.483333333333334,2.084049852781868,1.941047664820172
5691,5691,5691,5.484999999999999,2.084646137210036,1.941262473700923
5692,5692,5692,5.486666666666668,2.0837165194485343,1.9410958070342563
5693,5693,5693,5.488333333333333,2.0839313283292844,1.9409291403675897
5694,5694,5694,5.49,2.0837646616626184,1.9411439492483409
5695,5695,5695,5.491666666666667,2.0839794705433694,1.9405958070342564
5696,5696,5696,5.493333333333334,2.0838128038767025,1.9404291403675893
5697,5697,5697,5.494999999999999,2.083646137210036,1.9406439492483405
5698,5698,5698,5.496666666666668,2.083479470543369,1.9404772825816736
5699,5699,5699,5.498333333333333,2.08369427942412,1.9403106159150072
5700,5700,5700,5.5,2.0831461372100364,1.9397624737009231
5701,5701,5701,5.501666666666667,2.0833609460907865,1.9399772825816741
5702,5702,5702,5.503333333333334,2.08319427942412,1.9398106159150066
5703,5703,5703,5.505000000000001,2.0834090883048706,1.9400254247957576
5704,5704,5704,5.506666666666668,2.0828609460907863,1.9394772825816735
5705,5705,5705,5.508333333333336,2.0826942794241194,1.9389291403675901
5706,5706,5706,5.51,2.0829090883048704,1.9391439492483404
5707,5707,5707,5.511666666666667,2.082742421638204,1.9389772825816742
5708,5708,5708,5.513333333333334,2.082957230518954,1.9391920914624243
5709,5709,5709,5.515000000000001,2.0824090883048703,1.9386439492483405
5710,5710,5710,5.5166666666666675,2.0822424216382043,1.9384772825816736
5711,5711,5711,5.518333333333334,2.082457230518954,1.9386920914624248
5712,5712,5712,5.52,2.0822905638522875,1.9385254247957575
5713,5713,5713,5.521666666666668,2.08250537273304,1.9383587581290915
5714,5714,5714,5.523333333333332,2.081957230518954,1.9381920914624249
5715,5715,5715,5.525,2.081790563852288,1.9380254247957576
5716,5716,5716,5.526666666666667,2.0820053727330388,1.9378587581290916
5717,5717,5717,5.528333333333334,2.0822201816137897,1.9376920914624245
5718,5718,5718,5.529999999999999,2.081672039399705,1.9375254247957576
5719,5719,5719,5.531666666666668,2.0818868482804564,1.9377402336765088
5720,5720,5720,5.533333333333333,2.0813387060663717,1.9375735670098424
5721,5721,5721,5.535,2.081553514947123,1.9374069003431755
5722,5722,5722,5.536666666666667,2.0813868482804567,1.9372402336765089
5723,5723,5723,5.538333333333334,2.0812201816137903,1.9370735670098418
5724,5724,5724,5.539999999999999,2.08143499049454,1.9372883758905928
5725,5725,5725,5.541666666666668,2.080886848280457,1.9363587581290909
5726,5726,5726,5.5433333333333366,2.0807201816137897,1.9365735670098416
5727,5727,5727,5.545,2.081316466041958,1.9367883758905928
5728,5728,5728,5.546666666666667,2.0811497993752908,1.936621709223926
5729,5729,5729,5.548333333333334,2.080983132708625,1.936073567009842
5730,5730,5730,5.550000000000001,2.08043499049454,1.9359069003431757
5731,5731,5731,5.551666666666668,2.0806497993752915,1.936121709223926
5732,5732,5732,5.553333333333336,2.0804831327086246,1.9359550425572596
5733,5733,5733,5.555,2.0806979415893743,1.9354069003431755
5734,5734,5734,5.556666666666667,2.0801497993752918,1.935621709223926
5735,5735,5735,5.558333333333334,2.0803646082560414,1.9354550425572596
5736,5736,5736,5.5600000000000005,2.0801979415893745,1.9352883758905928
5737,5737,5737,5.561666666666667,2.080031274922708,1.9351217092239261
5738,5738,5738,5.563333333333334,2.0802460838034595,1.9349550425572597
5739,5739,5739,5.5649999999999995,2.0800794171367927,1.9347883758905928
5740,5740,5740,5.566666666666666,2.079531274922708,1.9346217092239264
5741,5741,5741,5.568333333333333,2.079364608256041,1.9344550425572595
5742,5742,5742,5.57,2.0795794171367925,1.9342883758905929
5743,5743,5743,5.571666666666667,2.0797942260175426,1.934121709223926
5744,5744,5744,5.573333333333334,2.0796275593508757,1.9343365181046768
5745,5745,5745,5.574999999999999,2.0794608926842093,1.9337883758905927
5746,5746,5746,5.576666666666668,2.0792942260175424,1.934003184771344
5747,5747,5747,5.578333333333333,2.079127559350876,1.9338365181046773
5748,5748,5748,5.58,2.0789608926842096,1.9336698514380108
5749,5749,5749,5.581666666666667,2.079175701564961,1.933503184771344
5750,5750,5750,5.583333333333334,2.078627559350876,1.9333365181046769
5751,5751,5751,5.585000000000001,2.0788423682316277,1.933169851438011
5752,5752,5752,5.586666666666668,2.0786757015649604,1.933003184771344
5753,5753,5753,5.5883333333333365,2.078509034898293,1.9328365181046767
5754,5754,5754,5.59,2.078342368231627,1.933051326985428
5755,5755,5755,5.591666666666667,2.0781757015649607,1.932503184771344
5756,5756,5756,5.593333333333334,2.078390510445712,1.9323365181046768
5757,5757,5757,5.595000000000001,2.078223843779045,1.9325513269854275
5758,5758,5758,5.596666666666668,2.0780571771123784,1.9323846603187609
5759,5759,5759,5.5983333333333345,2.0778905104457115,1.932217993652094
5760,5760,5760,5.6,2.077723843779045,1.9316698514380104
5761,5761,5761,5.601666666666668,2.077557177112378,1.9318846603187607
5762,5762,5762,5.603333333333332,2.0777719859931287,1.9317179936520943
5763,5763,5763,5.605,2.077605319326462,1.9315513269854276
5764,5764,5764,5.606666666666667,2.0774386526597954,1.9313846603187608
5765,5765,5765,5.608333333333334,2.077271985993129,1.931217993652094
5766,5766,5766,5.609999999999999,2.0771053193264617,1.9310513269854277
5767,5767,5767,5.611666666666668,2.0773201282072127,1.9308846603187608
5768,5768,5768,5.613333333333333,2.0771534615405463,1.9307179936520944
5769,5769,5769,5.615,2.0769867948738794,1.930932802532845
5770,5770,5770,5.616666666666667,2.0768201282072125,1.9303846603187609
5771,5771,5771,5.618333333333334,2.0770349370879635,1.9302179936520945
5772,5772,5772,5.619999999999999,2.0768682704212966,1.9300513269854276
5773,5773,5773,5.621666666666668,2.0767016037546298,1.9302661358661783
5774,5774,5774,5.623333333333333,2.076534937087964,1.9300994691995117
5775,5775,5775,5.625,2.076368270421297,1.929551326985428
5776,5776,5776,5.626666666666667,2.076583079302047,1.9297661358661784
5777,5777,5777,5.628333333333334,2.07641641263538,1.9295994691995115
5778,5778,5778,5.630000000000001,2.0762497459687137,1.9294328025328449
5779,5779,5779,5.631666666666668,2.0764645548494647,1.9292661358661785
5780,5780,5780,5.633333333333336,2.0759164126353804,1.9287179936520944
5781,5781,5781,5.635,2.076131221516132,1.9289328025328447
5782,5782,5782,5.636666666666667,2.075583079302047,1.9287661358661785
5783,5783,5783,5.638333333333334,2.075797888182798,1.9285994691995116
5784,5784,5784,5.640000000000001,2.075631221516132,1.9284328025328448
5785,5785,5785,5.6416666666666675,2.0754645548494652,1.928266135866178
5786,5786,5786,5.643333333333334,2.0752978881827984,1.928099469199512
5787,5787,5787,5.645,2.0755126970635493,1.9279328025328448
5788,5788,5788,5.646666666666668,2.0753460303968825,1.9277661358661784
5789,5789,5789,5.648333333333332,2.075560839277633,1.9275994691995115
5790,5790,5790,5.65,2.074631221516132,1.9274328025328449
5791,5791,5791,5.651666666666667,2.0748460303968823,1.927647611413596
5792,5792,5792,5.653333333333334,2.0750608392776333,1.927099469199512
5793,5793,5793,5.654999999999999,2.0748941726109664,1.926932802532845
5794,5794,5794,5.656666666666668,2.0747275059443,1.9271476114135957
5795,5795,5795,5.658333333333333,2.074560839277633,1.926599469199512
5796,5796,5796,5.66,2.0743941726109663,1.9268142780802624
5797,5797,5797,5.661666666666667,2.0742275059443,1.926647611413596
5798,5798,5798,5.663333333333334,2.074060839277633,1.9264809447469289
5799,5799,5799,5.664999999999999,2.074275648158384,1.9263142780802625
5800,5800,5800,5.666666666666668,2.0737275059443,1.926147611413596
5801,5801,5801,5.6683333333333366,2.0739423148250498,1.9259809447469287
5802,5802,5802,5.67,2.074157123705801,1.9258142780802625
5803,5803,5803,5.671666666666667,2.0736089814917174,1.925647611413596
5804,5804,5804,5.673333333333334,2.0734423148250505,1.9258624202943464
5805,5805,5805,5.675000000000001,2.073275648158384,1.925314278080262
5806,5806,5806,5.676666666666668,2.0734904570391346,1.925147611413596
5807,5807,5807,5.678333333333336,2.073705265919885,1.9249809447469288
5808,5808,5808,5.68,2.0731571237058013,1.92519575362768
5809,5809,5809,5.681666666666667,2.073371932586552,1.9250290869610127
5810,5810,5810,5.683333333333334,2.072823790372468,1.9244809447469289
5811,5811,5811,5.6850000000000005,2.0730385992532185,1.92469575362768
5812,5812,5812,5.686666666666667,2.072871932586552,1.924529086961013
5813,5813,5813,5.688333333333334,2.0730867414673035,1.9239809447469287
5814,5814,5814,5.6899999999999995,2.0729200748006367,1.92419575362768
5815,5815,5815,5.691666666666666,2.072371932586552,1.924029086961013
5816,5816,5816,5.693333333333333,2.072586741467304,1.9242438958417643
5817,5817,5817,5.695,2.0724200748006365,1.92369575362768
5818,5818,5818,5.696666666666667,2.0722534081339696,1.923529086961013
5819,5819,5819,5.698333333333334,2.072086741467303,1.923743895841764
5820,5820,5820,5.699999999999999,2.0719200748006363,1.92319575362768
5821,5821,5821,5.701666666666668,2.071753408133969,1.9234105625084303
5822,5822,5822,5.703333333333333,2.0715867414673035,1.9228624202943465
5823,5823,5823,5.705,2.071801550348053,1.92269575362768
5824,5824,5824,5.706666666666667,2.0716348836813867,1.922529086961013
5825,5825,5825,5.708333333333334,2.0710867414673033,1.9227438958417642
5826,5826,5826,5.710000000000001,2.0716830258954717,1.922577229175097
5827,5827,5827,5.711666666666668,2.0711348836813865,1.9224105625084305
5828,5828,5828,5.7133333333333365,2.071349692562138,1.922243895841764
5829,5829,5829,5.715,2.0711830258954715,1.9220772291750972
5830,5830,5830,5.716666666666667,2.070634883681387,1.9219105625084305
5831,5831,5831,5.718333333333334,2.0708496925621382,1.9221253713891813
5832,5832,5832,5.720000000000001,2.070683025895472,1.9215772291750968
5833,5833,5833,5.721666666666668,2.0705163592288045,1.921792038055848
5834,5834,5834,5.7233333333333345,2.0703496925621376,1.9212438958417641
5835,5835,5835,5.725,2.0698015503480534,1.9214587047225145
5836,5836,5836,5.726666666666668,2.0703978347762217,1.9212920380558483
5837,5837,5837,5.728333333333332,2.0702311681095558,1.9211253713891807
5838,5838,5838,5.73,2.0700645014428893,1.9209587047225147
5839,5839,5839,5.731666666666667,2.069897834776222,1.920792038055848
5840,5840,5840,5.733333333333334,2.069731168109555,1.9206253713891808
5841,5841,5841,5.734999999999999,2.0695645014428887,1.9208401802699315
5842,5842,5842,5.736666666666668,2.069397834776222,1.9202920380558481
5843,5843,5843,5.738333333333333,2.0696126436569724,1.9201253713891813
5844,5844,5844,5.74,2.069445976990305,1.9199587047225144
5845,5845,5845,5.741666666666667,2.0688978347762217,1.9197920380558482
5846,5846,5846,5.743333333333334,2.069112643656972,1.920006846936598
5847,5847,5847,5.744999999999999,2.068945976990306,1.919458704722515
5848,5848,5848,5.746666666666668,2.0687793103236394,1.919292038055848
5849,5849,5849,5.748333333333333,2.06899411920439,1.9195068469365983
5850,5850,5850,5.75,2.0684459769903056,1.9189587047225145
5851,5851,5851,5.751666666666667,2.0686607858710566,1.919173513603265
5852,5852,5852,5.753333333333334,2.0684941192043897,1.9186253713891808
5853,5853,5853,5.755000000000001,2.0683274525377233,1.9188401802699315
5854,5854,5854,5.756666666666668,2.0685422614184743,1.9186735136032649
5855,5855,5855,5.758333333333336,2.0679941192043896,1.9185068469365982
5856,5856,5856,5.76,2.068208928085141,1.918340180269932
5857,5857,5857,5.761666666666667,2.068042261418474,1.9181735136032647
5858,5858,5858,5.763333333333334,2.067875594751808,1.9180068469365985
5859,5859,5859,5.765000000000001,2.0680904036325574,1.9182216558173493
5860,5860,5860,5.7666666666666675,2.067160785871057,1.9172920380558482
5861,5861,5861,5.768333333333334,2.067757070299224,1.917506846936598
5862,5862,5862,5.77,2.0675904036325568,1.917721655817349
5863,5863,5863,5.771666666666668,2.0674237369658908,1.917554989150683
5864,5864,5864,5.773333333333332,2.0672570702992243,1.9170068469365984
5865,5865,5865,5.775,2.067090403632557,1.9168401802699315
5866,5866,5866,5.776666666666667,2.0669237369658906,1.9170549891506827
5867,5867,5867,5.778333333333334,2.067138545846642,1.9168883224840159
5868,5868,5868,5.779999999999999,2.066971879179976,1.9167216558173488
5869,5869,5869,5.781666666666668,2.0668052125133087,1.9165549891506828
5870,5870,5870,5.783333333333333,2.0662570702992245,1.916388322484016
5871,5871,5871,5.785,2.0664718791799754,1.9162216558173493
5872,5872,5872,5.786666666666667,2.066305212513309,1.9160549891506824
5873,5873,5873,5.788333333333334,2.066138545846642,1.915888322484016
5874,5874,5874,5.789999999999999,2.0659718791799757,1.915721655817349
5875,5875,5875,5.791666666666668,2.0658052125133084,1.915554989150683
5876,5876,5876,5.7933333333333366,2.066020021394059,1.9153883224840158
5877,5877,5877,5.795,2.0654718791799755,1.9152216558173492
5878,5878,5878,5.796666666666667,2.065686688060726,1.9150549891506827
5879,5879,5879,5.798333333333334,2.065520021394059,1.9148883224840163
5880,5880,5880,5.800000000000001,2.0649718791799754,1.9147216558173492
5881,5881,5881,5.801666666666668,2.0651866880607264,1.9149364646981002
5882,5882,5882,5.803333333333336,2.0650200213940595,1.914769798031433
5883,5883,5883,5.805,2.0648533547273926,1.914603131364767
5884,5884,5884,5.806666666666667,2.0646866880607257,1.9144364646981
5885,5885,5885,5.808333333333334,2.0645200213940598,1.9142697980314336
5886,5886,5886,5.8100000000000005,2.0647348302748103,1.9141031313647667
5887,5887,5887,5.811666666666667,2.064568163608143,1.9139364646981
5888,5888,5888,5.813333333333334,2.0644014969414757,1.9137697980314332
5889,5889,5889,5.8149999999999995,2.0642348302748097,1.9136031313647668
5890,5890,5890,5.816666666666666,2.064068163608143,1.9134364646981004
5891,5891,5891,5.818333333333333,2.0639014969414764,1.9132697980314333
5892,5892,5892,5.82,2.0637348302748104,1.9131031313647664
5893,5893,5893,5.821666666666667,2.0639496391555614,1.9129364646981
5894,5894,5894,5.823333333333334,2.0637829724888945,1.912769798031433
5895,5895,5895,5.824999999999999,2.0632348302748102,1.912603131364767
5896,5896,5896,5.826666666666668,2.063449639155561,1.9128179402455172
5897,5897,5897,5.828333333333333,2.0629014969414765,1.912651273578851
5898,5898,5898,5.83,2.063116305822228,1.912484606912184
5899,5899,5899,5.831666666666667,2.0633311147029785,1.9123179402455173
5900,5900,5900,5.833333333333334,2.062782972488894,1.9117697980314332
5901,5901,5901,5.835000000000001,2.0629977813696447,1.9119846069121844
5902,5902,5902,5.836666666666668,2.0628311147029783,1.911817940245517
5903,5903,5903,5.8383333333333365,2.0626644480363114,1.911651273578851
5904,5904,5904,5.84,2.062497781369645,1.911484606912184
5905,5905,5905,5.841666666666667,2.062331114702978,1.9113179402455176
5906,5906,5906,5.843333333333334,2.062545923583729,1.911151273578851
5907,5907,5907,5.845000000000001,2.0623792569170623,1.9113660824596013
5908,5908,5908,5.846666666666668,2.0622125902503963,1.9111994157929344
5909,5909,5909,5.8483333333333345,2.062045923583729,1.911032749126268
5910,5910,5910,5.85,2.0614977813696447,1.910866082459601
5911,5911,5911,5.851666666666668,2.061712590250396,1.9106994157929345
5912,5912,5912,5.853333333333332,2.0619273991311458,1.9109142246736857
5913,5913,5913,5.855,2.0613792569170624,1.9107475580070192
5914,5914,5914,5.856666666666667,2.0612125902503955,1.910580891340352
5915,5915,5915,5.858333333333334,2.061045923583729,1.910032749126268
5916,5916,5916,5.859999999999999,2.0612607324644787,1.9098660824596008
5917,5917,5917,5.861666666666668,2.0610940657978127,1.910080891340352
5918,5918,5918,5.863333333333333,2.0609273991311463,1.9102957002211032
5919,5919,5919,5.865,2.0607607324644794,1.9097475580070191
5920,5920,5920,5.866666666666667,2.060594065797813,1.9099623668877697
5921,5921,5921,5.868333333333334,2.060808874678564,1.9097957002211032
5922,5922,5922,5.869999999999999,2.0602607324644797,1.9092475580070192
5923,5923,5923,5.871666666666668,2.0604755413452303,1.9094623668877693
5924,5924,5924,5.873333333333337,2.0603088746785643,1.909295700221103
5925,5925,5925,5.875,2.059760732464479,1.9091290335544369
5926,5926,5926,5.876666666666667,2.0595940657978127,1.9089623668877695
5927,5927,5927,5.878333333333334,2.059808874678564,1.9091771757685203
5928,5928,5928,5.880000000000001,2.059642208011897,1.9090105091018537
5929,5929,5929,5.881666666666668,2.059857016892648,1.9088438424351872
5930,5930,5930,5.883333333333336,2.0589273991311456,1.9086771757685204
5931,5931,5931,5.885,2.059142208011897,1.908510509101854
5932,5932,5932,5.886666666666667,2.0593570168926485,1.9083438424351875
5933,5933,5933,5.888333333333334,2.058808874678564,1.9081771757685204
5934,5934,5934,5.890000000000001,2.0586422080118973,1.908010509101854
5935,5935,5935,5.8916666666666675,2.0584755413452305,1.9078438424351871
5936,5936,5936,5.893333333333334,2.058690350225981,1.9076771757685205
5937,5937,5937,5.895,2.0585236835593146,1.9078919846492712
5938,5938,5938,5.896666666666668,2.0587384924400656,1.9073438424351876
5939,5939,5939,5.898333333333332,2.0581903502259813,1.9075586513159382
5940,5940,5940,5.9,2.0580236835593144,1.9073919846492715
5941,5941,5941,5.901666666666667,2.0578570168926484,1.9072253179826049
5942,5942,5942,5.903333333333334,2.058071825773399,1.9070586513159375
5943,5943,5943,5.904999999999999,2.057905159106732,1.9068919846492716
5944,5944,5944,5.906666666666668,2.0573570168926483,1.9067253179826045
5945,5945,5945,5.908333333333333,2.0571903502259814,1.9065586513159383
5946,5946,5946,5.91,2.0574051591067324,1.9063919846492712
5947,5947,5947,5.911666666666667,2.057238492440065,1.9066067935300224
5948,5948,5948,5.913333333333334,2.057071825773399,1.9060586513159377
5949,5949,5949,5.914999999999999,2.0569051591067327,1.9062734601966889
5950,5950,5950,5.916666666666668,2.0567384924400662,1.906106793530022
5951,5951,5951,5.9183333333333366,2.0565718257733994,1.9059401268633551
5952,5952,5952,5.92,2.0564051591067325,1.9057734601966887
5953,5953,5953,5.921666666666667,2.056238492440066,1.90598826907744
5954,5954,5954,5.923333333333334,2.056071825773399,1.9054401268633556
5955,5955,5955,5.925000000000001,2.0559051591067323,1.9052734601966883
5956,5956,5956,5.926666666666668,2.0561199679874833,1.90548826907744
5957,5957,5957,5.928333333333336,2.055953301320816,1.9053216024107733
5958,5958,5958,5.93,2.055786634654149,1.9051549357441064
5959,5959,5959,5.931666666666667,2.0556199679874827,1.904606793530022
5960,5960,5960,5.933333333333334,2.0554533013208163,1.9048216024107731
5961,5961,5961,5.9350000000000005,2.055668110201567,1.9046549357441065
5962,5962,5962,5.936666666666667,2.0551199679874825,1.90448826907744
5963,5963,5963,5.938333333333334,2.054953301320816,1.9047030779581895
5964,5964,5964,5.9399999999999995,2.055168110201566,1.9041549357441063
5965,5965,5965,5.941666666666666,2.0550014435348998,1.9043697446248564
5966,5966,5966,5.943333333333333,2.0552162524156508,1.9042030779581898
5967,5967,5967,5.945,2.054668110201567,1.9040364112915231
5968,5968,5968,5.946666666666667,2.054882919082317,1.9038697446248565
5969,5969,5969,5.948333333333334,2.0547162524156506,1.9037030779581896
5970,5970,5970,5.949999999999999,2.0541681102015668,1.9031549357441064
5971,5971,5971,5.951666666666668,2.0543829190823173,1.9033697446248563
5972,5972,5972,5.953333333333333,2.054216252415651,1.9032030779581897
5973,5973,5973,5.955,2.0540495857489844,1.9030364112915232
5974,5974,5974,5.956666666666667,2.0538829190823176,1.9028697446248564
5975,5975,5975,5.958333333333334,2.0533347768682333,1.9027030779581895
5976,5976,5976,5.960000000000001,2.0539310612964017,1.902917886838941
5977,5977,5977,5.961666666666668,2.0537643946297353,1.902751220172274
5978,5978,5978,5.9633333333333365,2.053216252415651,1.902584553505608
5979,5979,5979,5.965,2.053431061296401,1.9024178868389408
5980,5980,5980,5.966666666666667,2.053264394629735,1.9018697446248565
5981,5981,5981,5.968333333333334,2.053097727963068,1.902084553505608
5982,5982,5982,5.970000000000001,2.052931061296402,1.9019178868389408
5983,5983,5983,5.971666666666668,2.052764394629735,1.9017512201722744
5984,5984,5984,5.9733333333333345,2.052597727963068,1.901966029053025
5985,5985,5985,5.975,2.0524310612964016,1.9014178868389409
5986,5986,5986,5.976666666666668,2.052264394629735,1.901632695719692
5987,5987,5987,5.978333333333332,2.0524792035104857,1.901466029053025
5988,5988,5988,5.98,2.052312536843819,1.9012993623863583
5989,5989,5989,5.981666666666667,2.0521458701771524,1.901132695719692
5990,5990,5990,5.983333333333334,2.051597727963068,1.9009660290530248
5991,5991,5991,5.984999999999999,2.051812536843819,1.9007993623863584
5992,5992,5992,5.986666666666668,2.0516458701771523,1.9006326957196915
5993,5993,5993,5.988333333333333,2.0514792035104854,1.9004660290530249
5994,5994,5994,5.99,2.051312536843819,1.900680837933776
5995,5995,5995,5.991666666666667,2.051145870177153,1.9005141712671092
5996,5996,5996,5.993333333333334,2.0509792035104857,1.9003475046004423
5997,5997,5997,5.994999999999999,2.050812536843819,1.9001808379337757
5998,5998,5998,5.996666666666668,2.0506458701771524,1.9000141712671093
5999,5999,5999,5.998333333333337,2.050860679057904,1.8998475046004424
