,Unnamed: 0,Unnamed: 0.1,time,discharge_pressure,suction_pressure
2400,2400,2400,0.0,1.7845426108186466,1.9314106965743496
2401,2401,2401,0.0016666666666669272,1.7841611352712292,1.9325551232166016
2402,2402,2402,0.0033333333333338544,1.7841611352712292,1.9329365987640192
2403,2403,2403,0.004999999999999893,1.7841611352712292,1.9329365987640192
2404,2404,2404,0.006666666666666821,1.7845426108186466,1.9329365987640192
2405,2405,2405,0.008333333333333748,1.7845426108186466,1.933699549858854
2406,2406,2406,0.010000000000001563,1.7845426108186466,1.9348439765011065
2407,2407,2407,0.011666666666666714,1.7845426108186466,1.9356069275959409
2408,2408,2408,0.013333333333333641,1.7837796597238118,1.9348439765011065
2409,2409,2409,0.015000000000001457,1.7841611352712292,1.9356069275959409
2410,2410,2410,0.016666666666666607,1.7837796597238118,1.936369878690776
2411,2411,2411,0.018333333333333535,1.7833981841763944,1.936369878690776
2412,2412,2412,0.020000000000000462,1.7837796597238118,1.936751354238193
2413,2413,2413,0.0216666666666665,1.7833981841763944,1.9375143053330282
2414,2414,2414,0.023333333333333428,1.7833981841763944,1.938277256427863
2415,2415,2415,0.025000000000000355,1.783016708628977,1.938277256427863
2416,2416,2416,0.026666666666667282,1.7826352330815596,1.9386587319752804
2417,2417,2417,0.02833333333333332,1.7826352330815596,1.9386587319752804
2418,2418,2418,0.03000000000000025,1.7826352330815596,1.9386587319752804
2419,2419,2419,0.031666666666667176,1.783016708628977,1.9390402075226976
2420,2420,2420,0.033333333333333215,1.7833981841763944,1.9394216830701152
2421,2421,2421,0.03500000000000014,1.7837796597238118,1.9398031586175328
2422,2422,2422,0.03666666666666707,1.7833981841763944,1.94018463416495
2423,2423,2423,0.038333333333333997,1.783016708628977,1.9398031586175328
2424,2424,2424,0.040000000000000036,1.783016708628977,1.9398031586175328
2425,2425,2425,0.04166666666666696,1.7826352330815596,1.94018463416495
2426,2426,2426,0.04333333333333389,1.7826352330815596,1.9409475852597848
2427,2427,2427,0.04499999999999993,1.7826352330815596,1.940566109712368
2428,2428,2428,0.046666666666666856,1.783016708628977,1.9409475852597848
2429,2429,2429,0.04833333333333378,1.783016708628977,1.9413290608072025
2430,2430,2430,0.04999999999999982,1.783016708628977,1.9413290608072025
2431,2431,2431,0.05166666666666675,1.7822537575341422,1.9409475852597848
2432,2432,2432,0.05333333333333368,1.7826352330815596,1.9413290608072025
2433,2433,2433,0.05500000000000149,1.783016708628977,1.942092011902037
2434,2434,2434,0.05666666666666664,1.7826352330815596,1.9424734874494545
2435,2435,2435,0.05833333333333357,1.7822537575341422,1.9428549629968717
2436,2436,2436,0.0600000000000005,1.783016708628977,1.942092011902037
2437,2437,2437,0.061666666666666536,1.7833981841763944,1.94171053635462
2438,2438,2438,0.06333333333333346,1.7833981841763944,1.9424734874494545
2439,2439,2439,0.06500000000000039,1.783016708628977,1.9432364385442893
2440,2440,2440,0.06666666666666643,1.7833981841763944,1.9432364385442893
2441,2441,2441,0.06833333333333336,1.7837796597238118,1.9432364385442893
2442,2442,2442,0.07000000000000028,1.7837796597238118,1.9432364385442893
2443,2443,2443,0.07166666666666721,1.7837796597238118,1.9436179140917067
2444,2444,2444,0.07333333333333325,1.7841611352712292,1.9436179140917067
2445,2445,2445,0.07500000000000018,1.7841611352712292,1.9432364385442893
2446,2446,2446,0.0766666666666671,1.7845426108186466,1.9436179140917067
2447,2447,2447,0.07833333333333403,1.7837796597238118,1.943999389639124
2448,2448,2448,0.08000000000000007,1.7845426108186466,1.943999389639124
2449,2449,2449,0.081666666666667,1.7845426108186466,1.9443808651865413
2450,2450,2450,0.08333333333333393,1.7841611352712292,1.943999389639124
2451,2451,2451,0.08499999999999996,1.7853055619134814,1.9447623407339591
2452,2452,2452,0.08666666666666689,1.7860685130083165,1.9455252918287933
2453,2453,2453,0.08833333333333382,1.7856870374608989,1.9451438162813763
2454,2454,2454,0.08999999999999986,1.7845426108186466,1.9447623407339591
2455,2455,2455,0.09166666666666679,1.784924086366064,1.9455252918287933
2456,2456,2456,0.09333333333333371,1.7856870374608989,1.9459067673762112
2457,2457,2457,0.09500000000000153,1.7864499885557337,1.9459067673762112
2458,2458,2458,0.09666666666666668,1.7864499885557337,1.9459067673762112
2459,2459,2459,0.0983333333333336,1.7864499885557337,1.9466697184710455
2460,2460,2460,0.10000000000000053,1.7872129396505685,1.9462882429236288
2461,2461,2461,0.10166666666666657,1.7879758907454033,1.947051194018464
2462,2462,2462,0.1033333333333335,1.7875944151979857,1.9466697184710455
2463,2463,2463,0.10500000000000043,1.7883573662928207,1.9462882429236288
2464,2464,2464,0.10666666666666647,1.7895017929350734,1.9462882429236288
2465,2465,2465,0.10833333333333339,1.7891203173876555,1.9466697184710455
2466,2466,2466,0.11000000000000032,1.7898832684824904,1.9466697184710455
2467,2467,2467,0.11166666666666725,1.7906462195773252,1.947051194018464
2468,2468,2468,0.11333333333333329,1.7910276951247426,1.9478141451132984
2469,2469,2469,0.11500000000000021,1.7914091706721598,1.9474326695658808
2470,2470,2470,0.11666666666666714,1.7921721217669948,1.9474326695658808
2471,2471,2471,0.11833333333333318,1.7921721217669948,1.9474326695658808
2472,2472,2472,0.1200000000000001,1.7921721217669948,1.9478141451132984
2473,2473,2473,0.12166666666666703,1.7925535973144122,1.9478141451132984
2474,2474,2474,0.12333333333333396,1.7929350728618296,1.9474326695658808
2475,2475,2475,0.125,1.7936980239566644,1.9474326695658808
2476,2476,2476,0.12666666666666693,1.7933165484092468,1.9478141451132984
2477,2477,2477,0.12833333333333385,1.7929350728618296,1.9481956206607156
2478,2478,2478,0.1299999999999999,1.7940794995040819,1.9481956206607156
2479,2479,2479,0.13166666666666682,1.7948424505989171,1.9481956206607156
2480,2480,2480,0.13333333333333375,1.7948424505989171,1.9478141451132984
2481,2481,2481,0.13500000000000156,1.795223926146334,1.948577096208133
2482,2482,2482,0.13666666666666671,1.7948424505989171,1.948577096208133
2483,2483,2483,0.13833333333333364,1.7944609750514993,1.9481956206607156
2484,2484,2484,0.14000000000000146,1.7944609750514993,1.948577096208133
2485,2485,2485,0.1416666666666666,1.7948424505989171,1.948577096208133
2486,2486,2486,0.14333333333333353,1.795223926146334,1.9489585717555504
2487,2487,2487,0.14500000000000046,1.795223926146334,1.9489585717555504
2488,2488,2488,0.1466666666666665,1.795223926146334,1.9478141451132984
2489,2489,2489,0.14833333333333343,1.7956054016937515,1.947051194018464
2490,2490,2490,0.15000000000000036,1.7956054016937515,1.9462882429236288
2491,2491,2491,0.15166666666666728,1.7956054016937515,1.9447623407339591
2492,2492,2492,0.15333333333333332,1.7963683527885863,1.9432364385442893
2493,2493,2493,0.15500000000000025,1.7967498283360035,1.942092011902037
2494,2494,2494,0.15666666666666718,1.7975127794308383,1.9398031586175328
2495,2495,2495,0.15833333333333321,1.7971313038834211,1.9375143053330282
2496,2496,2496,0.16000000000000014,1.7971313038834211,1.9359884031433583
2497,2497,2497,0.16166666666666707,1.797894254978256,1.9348439765011065
2498,2498,2498,0.163333333333334,1.797894254978256,1.933699549858854
2499,2499,2499,0.16500000000000004,1.7975127794308383,1.9325551232166016
2500,2500,2500,0.16666666666666696,1.7975127794308383,1.9325551232166016
2501,2501,2501,0.1683333333333339,1.7975127794308383,1.9321736476691844
2502,2502,2502,0.16999999999999993,1.797894254978256,1.9317921721217668
2503,2503,2503,0.17166666666666686,1.797894254978256,1.931029221026932
2504,2504,2504,0.17333333333333378,1.7982757305256734,1.9314106965743496
2505,2505,2505,0.1750000000000016,1.7982757305256734,1.9317921721217668
2506,2506,2506,0.17666666666666675,1.7982757305256734,1.9321736476691844
2507,2507,2507,0.17833333333333368,1.7990386816205082,1.9321736476691844
2508,2508,2508,0.1800000000000015,1.7990386816205082,1.9325551232166016
2509,2509,2509,0.18166666666666664,1.7990386816205082,1.9329365987640192
2510,2510,2510,0.18333333333333357,1.7994201571679256,1.933699549858854
2511,2511,2511,0.1850000000000005,1.7986572060730908,1.934081025406272
2512,2512,2512,0.18666666666666654,1.7990386816205082,1.9344625009536889
2513,2513,2513,0.18833333333333346,1.799801632715343,1.935225452048524
2514,2514,2514,0.1900000000000004,1.799801632715343,1.9356069275959409
2515,2515,2515,0.19166666666666643,1.8001831082627604,1.9356069275959409
2516,2516,2516,0.19333333333333336,1.8005645838101778,1.9359884031433583
2517,2517,2517,0.19500000000000028,1.799801632715343,1.9359884031433583
2518,2518,2518,0.1966666666666672,1.8005645838101778,1.936369878690776
2519,2519,2519,0.19833333333333325,1.8009460593575952,1.936369878690776
2520,2520,2520,0.20000000000000018,1.8001831082627604,1.936369878690776
2521,2521,2521,0.2016666666666671,1.8001831082627604,1.936751354238193
2522,2522,2522,0.20333333333333403,1.8005645838101778,1.936369878690776
2523,2523,2523,0.20500000000000007,1.8005645838101778,1.9371328297856107
2524,2524,2524,0.206666666666667,1.8001831082627604,1.9378957808804456
2525,2525,2525,0.20833333333333393,1.8009460593575952,1.9375143053330282
2526,2526,2526,0.20999999999999996,1.8009460593575952,1.936751354238193
2527,2527,2527,0.2116666666666669,1.8009460593575952,1.936751354238193
2528,2528,2528,0.21333333333333382,1.8009460593575952,1.9371328297856107
2529,2529,2529,0.21499999999999986,1.8001831082627604,1.9371328297856107
2530,2530,2530,0.21666666666666679,1.8013275349050126,1.9371328297856107
2531,2531,2531,0.2183333333333337,1.802090485999848,1.9371328297856107
2532,2532,2532,0.22000000000000153,1.8024719615472649,1.9375143053330282
2533,2533,2533,0.22166666666666668,1.8024719615472649,1.9378957808804456
2534,2534,2534,0.2233333333333336,1.802090485999848,1.9371328297856107
2535,2535,2535,0.22500000000000053,1.802090485999848,1.9371328297856107
2536,2536,2536,0.22666666666666657,1.802090485999848,1.9378957808804456
2537,2537,2537,0.2283333333333335,1.8013275349050126,1.9378957808804456
2538,2538,2538,0.23000000000000043,1.80170901045243,1.9378957808804456
2539,2539,2539,0.23166666666666647,1.80170901045243,1.9378957808804456
2540,2540,2540,0.2333333333333334,1.80170901045243,1.9378957808804456
2541,2541,2541,0.23500000000000032,1.802090485999848,1.938277256427863
2542,2542,2542,0.23666666666666725,1.8024719615472649,1.9386587319752804
2543,2543,2543,0.23833333333333329,1.8028534370946825,1.9386587319752804
2544,2544,2544,0.2400000000000002,1.8028534370946825,1.938277256427863
2545,2545,2545,0.24166666666666714,1.8028534370946825,1.938277256427863
2546,2546,2546,0.24333333333333318,1.8024719615472649,1.938277256427863
2547,2547,2547,0.2450000000000001,1.8013275349050126,1.938277256427863
2548,2548,2548,0.24666666666666703,1.8001831082627604,1.9378957808804456
2549,2549,2549,0.24833333333333396,1.7986572060730908,1.936369878690776
2550,2550,2550,0.25,1.795986877241169,1.9359884031433583
2551,2551,2551,0.2516666666666669,1.7944609750514993,1.9375143053330282
2552,2552,2552,0.25333333333333385,1.7933165484092468,1.936751354238193
2553,2553,2553,0.2549999999999999,1.7925535973144122,1.936369878690776
2554,2554,2554,0.2566666666666668,1.7902647440299078,1.9359884031433583
2555,2555,2555,0.25833333333333375,1.7883573662928207,1.9356069275959409
2556,2556,2556,0.26000000000000156,1.7872129396505685,1.935225452048524
2557,2557,2557,0.2616666666666667,1.7864499885557337,1.935225452048524
2558,2558,2558,0.26333333333333364,1.7864499885557337,1.9356069275959409
2559,2559,2559,0.26500000000000146,1.7856870374608989,1.935225452048524
2560,2560,2560,0.2666666666666666,1.7856870374608989,1.935225452048524
2561,2561,2561,0.26833333333333353,1.7856870374608989,1.935225452048524
2562,2562,2562,0.27000000000000046,1.7856870374608989,1.935225452048524
2563,2563,2563,0.2716666666666665,1.7853055619134814,1.935225452048524
2564,2564,2564,0.27333333333333343,1.7864499885557337,1.935225452048524
2565,2565,2565,0.27500000000000036,1.7868314641031509,1.935225452048524
2566,2566,2566,0.2766666666666673,1.7864499885557337,1.9359884031433583
2567,2567,2567,0.2783333333333333,1.7864499885557337,1.9356069275959409
2568,2568,2568,0.28000000000000025,1.7875944151979857,1.9356069275959409
2569,2569,2569,0.2816666666666672,1.788738841840238,1.9359884031433583
2570,2570,2570,0.2833333333333332,1.788738841840238,1.9359884031433583
2571,2571,2571,0.28500000000000014,1.7891203173876555,1.9359884031433583
2572,2572,2572,0.28666666666666707,1.7898832684824904,1.9356069275959409
2573,2573,2573,0.288333333333334,1.7898832684824904,1.9356069275959409
2574,2574,2574,0.29000000000000004,1.7895017929350734,1.9356069275959409
2575,2575,2575,0.29166666666666696,1.7895017929350734,1.9356069275959409
2576,2576,2576,0.2933333333333339,1.7898832684824904,1.9359884031433583
2577,2577,2577,0.29499999999999993,1.7902647440299078,1.9359884031433583
2578,2578,2578,0.29666666666666686,1.7898832684824904,1.9359884031433583
2579,2579,2579,0.2983333333333338,1.7898832684824904,1.9359884031433583
2580,2580,2580,0.3000000000000016,1.7902647440299078,1.9359884031433583
2581,2581,2581,0.30166666666666675,1.7906462195773252,1.936369878690776
2582,2582,2582,0.3033333333333337,1.7906462195773252,1.936369878690776
2583,2583,2583,0.3050000000000015,1.7910276951247426,1.9359884031433583
2584,2584,2584,0.30666666666666664,1.7910276951247426,1.9359884031433583
2585,2585,2585,0.30833333333333357,1.7906462195773252,1.936369878690776
2586,2586,2586,0.3100000000000005,1.7910276951247426,1.936751354238193
2587,2587,2587,0.31166666666666654,1.7906462195773252,1.936751354238193
2588,2588,2588,0.31333333333333346,1.7914091706721598,1.936751354238193
2589,2589,2589,0.3150000000000004,1.7917906462195774,1.936369878690776
2590,2590,2590,0.31666666666666643,1.7910276951247426,1.936751354238193
2591,2591,2591,0.31833333333333336,1.7910276951247426,1.936751354238193
2592,2592,2592,0.3200000000000003,1.7914091706721598,1.936751354238193
2593,2593,2593,0.3216666666666672,1.7914091706721598,1.936751354238193
2594,2594,2594,0.32333333333333325,1.7914091706721598,1.9371328297856107
2595,2595,2595,0.3250000000000002,1.7917906462195774,1.936751354238193
2596,2596,2596,0.3266666666666671,1.7917906462195774,1.936369878690776
2597,2597,2597,0.32833333333333403,1.7914091706721598,1.936751354238193
2598,2598,2598,0.33000000000000007,1.7914091706721598,1.9371328297856107
2599,2599,2599,0.331666666666667,1.7914091706721598,1.9375143053330282
2600,2600,2600,0.3333333333333339,1.7914091706721598,1.9371328297856107
2601,2601,2601,0.33499999999999996,1.7917906462195774,1.936751354238193
2602,2602,2602,0.3366666666666669,1.7914091706721598,1.9375143053330282
2603,2603,2603,0.3383333333333338,1.7910276951247426,1.9386587319752804
2604,2604,2604,0.33999999999999986,1.7917906462195774,1.9390402075226976
2605,2605,2605,0.3416666666666668,1.7921721217669948,1.9390402075226976
2606,2606,2606,0.3433333333333337,1.7914091706721598,1.9390402075226976
2607,2607,2607,0.3450000000000015,1.7910276951247426,1.9390402075226976
2608,2608,2608,0.3466666666666667,1.7902647440299078,1.9394216830701152
2609,2609,2609,0.3483333333333336,1.7895017929350734,1.9390402075226976
2610,2610,2610,0.35000000000000053,1.7891203173876555,1.9394216830701152
2611,2611,2611,0.35166666666666657,1.7891203173876555,1.9398031586175328
2612,2612,2612,0.3533333333333335,1.7895017929350734,1.9394216830701152
2613,2613,2613,0.3550000000000004,1.7898832684824904,1.9398031586175328
2614,2614,2614,0.35666666666666647,1.7891203173876555,1.9398031586175328
2615,2615,2615,0.3583333333333334,1.7891203173876555,1.940566109712368
2616,2616,2616,0.3600000000000003,1.7895017929350734,1.9409475852597848
2617,2617,2617,0.36166666666666725,1.7895017929350734,1.9409475852597848
2618,2618,2618,0.3633333333333333,1.788738841840238,1.9413290608072025
2619,2619,2619,0.3650000000000002,1.7883573662928207,1.940566109712368
2620,2620,2620,0.36666666666666714,1.7879758907454033,1.940566109712368
2621,2621,2621,0.3683333333333332,1.7875944151979857,1.940566109712368
2622,2622,2622,0.3700000000000001,1.7879758907454033,1.94018463416495
2623,2623,2623,0.37166666666666703,1.7883573662928207,1.940566109712368
2624,2624,2624,0.37333333333333396,1.788738841840238,1.9409475852597848
2625,2625,2625,0.375,1.788738841840238,1.9413290608072025
2626,2626,2626,0.3766666666666669,1.788738841840238,1.94171053635462
2627,2627,2627,0.37833333333333385,1.788738841840238,1.9409475852597848
2628,2628,2628,0.3799999999999999,1.788738841840238,1.9409475852597848
2629,2629,2629,0.3816666666666668,1.788738841840238,1.9409475852597848
2630,2630,2630,0.38333333333333375,1.7883573662928207,1.9413290608072025
2631,2631,2631,0.38500000000000156,1.7883573662928207,1.9413290608072025
2632,2632,2632,0.3866666666666667,1.7891203173876555,1.9413290608072025
2633,2633,2633,0.38833333333333364,1.7891203173876555,1.94171053635462
2634,2634,2634,0.39000000000000146,1.7891203173876555,1.9413290608072025
2635,2635,2635,0.3916666666666666,1.788738841840238,1.9409475852597848
2636,2636,2636,0.39333333333333353,1.788738841840238,1.942092011902037
2637,2637,2637,0.39500000000000046,1.7895017929350734,1.9424734874494545
2638,2638,2638,0.3966666666666665,1.7898832684824904,1.94171053635462
2639,2639,2639,0.39833333333333343,1.7895017929350734,1.94171053635462
2640,2640,2640,0.40000000000000036,1.7891203173876555,1.942092011902037
2641,2641,2641,0.4016666666666673,1.7895017929350734,1.9424734874494545
2642,2642,2642,0.4033333333333333,1.7895017929350734,1.9428549629968717
2643,2643,2643,0.40500000000000025,1.7898832684824904,1.9432364385442893
2644,2644,2644,0.4066666666666672,1.7891203173876555,1.9436179140917067
2645,2645,2645,0.4083333333333332,1.7891203173876555,1.9436179140917067
2646,2646,2646,0.41000000000000014,1.7902647440299078,1.9432364385442893
2647,2647,2647,0.41166666666666707,1.7898832684824904,1.9432364385442893
2648,2648,2648,0.413333333333334,1.7898832684824904,1.9436179140917067
2649,2649,2649,0.41500000000000004,1.7895017929350734,1.943999389639124
2650,2650,2650,0.41666666666666696,1.7895017929350734,1.9436179140917067
2651,2651,2651,0.4183333333333339,1.7902647440299078,1.9436179140917067
2652,2652,2652,0.41999999999999993,1.7898832684824904,1.9436179140917067
2653,2653,2653,0.42166666666666686,1.7902647440299078,1.9436179140917067
2654,2654,2654,0.4233333333333338,1.7910276951247426,1.943999389639124
2655,2655,2655,0.4250000000000016,1.7910276951247426,1.943999389639124
2656,2656,2656,0.42666666666666675,1.7910276951247426,1.943999389639124
2657,2657,2657,0.4283333333333337,1.7906462195773252,1.943999389639124
2658,2658,2658,0.4300000000000015,1.7902647440299078,1.943999389639124
2659,2659,2659,0.43166666666666664,1.7910276951247426,1.943999389639124
2660,2660,2660,0.43333333333333357,1.7914091706721598,1.9443808651865413
2661,2661,2661,0.4350000000000005,1.7914091706721598,1.9443808651865413
2662,2662,2662,0.43666666666666654,1.7921721217669948,1.9443808651865413
2663,2663,2663,0.43833333333333346,1.7921721217669948,1.9443808651865413
2664,2664,2664,0.4400000000000004,1.7921721217669948,1.9443808651865413
2665,2665,2665,0.44166666666666643,1.7921721217669948,1.9443808651865413
2666,2666,2666,0.44333333333333336,1.7925535973144122,1.943999389639124
2667,2667,2667,0.4450000000000003,1.7929350728618296,1.9451438162813763
2668,2668,2668,0.4466666666666672,1.7925535973144122,1.9447623407339591
2669,2669,2669,0.44833333333333325,1.7925535973144122,1.9443808651865413
2670,2670,2670,0.4500000000000002,1.7925535973144122,1.9443808651865413
2671,2671,2671,0.4516666666666671,1.7933165484092468,1.9443808651865413
2672,2672,2672,0.45333333333333403,1.7933165484092468,1.9443808651865413
2673,2673,2673,0.45500000000000007,1.7933165484092468,1.9447623407339591
2674,2674,2674,0.456666666666667,1.7936980239566644,1.9443808651865413
2675,2675,2675,0.4583333333333339,1.7936980239566644,1.9436179140917067
2676,2676,2676,0.45999999999999996,1.7944609750514993,1.9447623407339591
2677,2677,2677,0.4616666666666669,1.7940794995040819,1.9459067673762112
2678,2678,2678,0.4633333333333338,1.7944609750514993,1.9455252918287933
2679,2679,2679,0.46499999999999986,1.7948424505989171,1.9451438162813763
2680,2680,2680,0.4666666666666668,1.7944609750514993,1.9443808651865413
2681,2681,2681,0.4683333333333337,1.7940794995040819,1.9443808651865413
2682,2682,2682,0.4700000000000015,1.7936980239566644,1.9443808651865413
2683,2683,2683,0.4716666666666667,1.7936980239566644,1.9443808651865413
2684,2684,2684,0.4733333333333336,1.7929350728618296,1.9447623407339591
2685,2685,2685,0.47500000000000053,1.7933165484092468,1.9455252918287933
2686,2686,2686,0.47666666666666657,1.7944609750514993,1.9451438162813763
2687,2687,2687,0.4783333333333335,1.7948424505989171,1.9451438162813763
2688,2688,2688,0.4800000000000004,1.7948424505989171,1.9451438162813763
2689,2689,2689,0.48166666666666647,1.7956054016937515,1.9455252918287933
2690,2690,2690,0.4833333333333334,1.795223926146334,1.9455252918287933
2691,2691,2691,0.4850000000000003,1.7956054016937515,1.9455252918287933
2692,2692,2692,0.48666666666666725,1.795223926146334,1.9451438162813763
2693,2693,2693,0.4883333333333333,1.795223926146334,1.9451438162813763
2694,2694,2694,0.4900000000000002,1.7956054016937515,1.9451438162813763
2695,2695,2695,0.49166666666666714,1.7948424505989171,1.9451438162813763
2696,2696,2696,0.4933333333333332,1.7944609750514993,1.9459067673762112
2697,2697,2697,0.4950000000000001,1.7948424505989171,1.9459067673762112
2698,2698,2698,0.49666666666666703,1.795223926146334,1.9459067673762112
2699,2699,2699,0.49833333333333396,1.7948424505989171,1.9455252918287933
2700,2700,2700,0.5,1.7948424505989171,1.9459067673762112
2701,2701,2701,0.5016666666666669,1.795223926146334,1.9455252918287933
2702,2702,2702,0.5033333333333339,1.795223926146334,1.9451438162813763
2703,2703,2703,0.5049999999999999,1.7956054016937515,1.9455252918287933
2704,2704,2704,0.5066666666666668,1.795986877241169,1.9455252918287933
2705,2705,2705,0.5083333333333337,1.7963683527885863,1.9459067673762112
2706,2706,2706,0.5100000000000016,1.7963683527885863,1.9462882429236288
2707,2707,2707,0.5116666666666667,1.7971313038834211,1.9455252918287933
2708,2708,2708,0.5133333333333336,1.7963683527885863,1.9455252918287933
2709,2709,2709,0.5150000000000015,1.7967498283360035,1.9459067673762112
2710,2710,2710,0.5166666666666666,1.7967498283360035,1.9462882429236288
2711,2711,2711,0.5183333333333335,1.7963683527885863,1.9466697184710455
2712,2712,2712,0.5200000000000005,1.7963683527885863,1.9462882429236288
2713,2713,2713,0.5216666666666665,1.7975127794308383,1.9462882429236288
2714,2714,2714,0.5233333333333334,1.7971313038834211,1.9459067673762112
2715,2715,2715,0.5250000000000004,1.7967498283360035,1.9466697184710455
2716,2716,2716,0.5266666666666673,1.7963683527885863,1.9466697184710455
2717,2717,2717,0.5283333333333333,1.7971313038834211,1.9462882429236288
2718,2718,2718,0.5300000000000002,1.7975127794308383,1.947051194018464
2719,2719,2719,0.5316666666666672,1.7971313038834211,1.947051194018464
2720,2720,2720,0.5333333333333332,1.7971313038834211,1.947051194018464
2721,2721,2721,0.5350000000000001,1.7967498283360035,1.9466697184710455
2722,2722,2722,0.5366666666666671,1.7971313038834211,1.947051194018464
2723,2723,2723,0.538333333333334,1.7971313038834211,1.947051194018464
2724,2724,2724,0.54,1.7971313038834211,1.947051194018464
2725,2725,2725,0.541666666666667,1.7971313038834211,1.947051194018464
2726,2726,2726,0.5433333333333339,1.7967498283360035,1.9481956206607156
2727,2727,2727,0.5449999999999999,1.7967498283360035,1.948577096208133
2728,2728,2728,0.5466666666666669,1.7975127794308383,1.948577096208133
2729,2729,2729,0.5483333333333338,1.7971313038834211,1.9481956206607156
2730,2730,2730,0.5500000000000016,1.7971313038834211,1.9474326695658808
2731,2731,2731,0.5516666666666667,1.7975127794308383,1.9481956206607156
2732,2732,2732,0.5533333333333337,1.7971313038834211,1.948577096208133
2733,2733,2733,0.5550000000000015,1.7971313038834211,1.948577096208133
2734,2734,2734,0.5566666666666666,1.7967498283360035,1.948577096208133
2735,2735,2735,0.5583333333333336,1.7975127794308383,1.9489585717555504
2736,2736,2736,0.5600000000000005,1.7975127794308383,1.9489585717555504
2737,2737,2737,0.5616666666666665,1.7975127794308383,1.948577096208133
2738,2738,2738,0.5633333333333335,1.7975127794308383,1.9489585717555504
2739,2739,2739,0.5650000000000004,1.797894254978256,1.9493400473029678
2740,2740,2740,0.5666666666666664,1.7971313038834211,1.9489585717555504
2741,2741,2741,0.5683333333333334,1.7967498283360035,1.948577096208133
2742,2742,2742,0.5700000000000003,1.7975127794308383,1.948577096208133
2743,2743,2743,0.5716666666666672,1.7982757305256734,1.9489585717555504
2744,2744,2744,0.5733333333333333,1.7982757305256734,1.9489585717555504
2745,2745,2745,0.5750000000000002,1.7975127794308383,1.9489585717555504
2746,2746,2746,0.5766666666666671,1.7982757305256734,1.9489585717555504
2747,2747,2747,0.578333333333334,1.7986572060730908,1.9493400473029678
2748,2748,2748,0.5800000000000001,1.797894254978256,1.9497215228503848
2749,2749,2749,0.581666666666667,1.7986572060730908,1.9497215228503848
2750,2750,2750,0.5833333333333339,1.7994201571679256,1.9501029983978029
2751,2751,2751,0.585,1.7986572060730908,1.9512474250400549
2752,2752,2752,0.5866666666666669,1.7986572060730908,1.9508659494926373
2753,2753,2753,0.5883333333333338,1.7982757305256734,1.95048447394522
2754,2754,2754,0.5899999999999999,1.797894254978256,1.95048447394522
2755,2755,2755,0.5916666666666668,1.797894254978256,1.9501029983978029
2756,2756,2756,0.5933333333333337,1.7971313038834211,1.9497215228503848
2757,2757,2757,0.5950000000000015,1.7975127794308383,1.95048447394522
2758,2758,2758,0.5966666666666667,1.797894254978256,1.9512474250400549
2759,2759,2759,0.5983333333333336,1.7986572060730908,1.9516289005874723
2760,2760,2760,0.6000000000000005,1.7990386816205082,1.9520103761348897
2761,2761,2761,0.6016666666666666,1.7994201571679256,1.9523918516823071
2762,2762,2762,0.6033333333333335,1.7990386816205082,1.9523918516823071
2763,2763,2763,0.6050000000000004,1.7986572060730908,1.9527733272297243
2764,2764,2764,0.6066666666666665,1.7986572060730908,1.9527733272297243
2765,2765,2765,0.6083333333333334,1.7986572060730908,1.9523918516823071
2766,2766,2766,0.6100000000000003,1.7990386816205082,1.9527733272297243
2767,2767,2767,0.6116666666666672,1.7990386816205082,1.9527733272297243
2768,2768,2768,0.6133333333333333,1.7990386816205082,1.9523918516823071
2769,2769,2769,0.6150000000000002,1.7990386816205082,1.9523918516823071
2770,2770,2770,0.6166666666666671,1.7986572060730908,1.9527733272297243
2771,2771,2771,0.6183333333333341,1.7990386816205082,1.9527733272297243
2772,2772,2772,0.6200000000000001,1.7986572060730908,1.9523918516823071
2773,2773,2773,0.621666666666667,1.7986572060730908,1.9527733272297243
2774,2774,2774,0.623333333333334,1.7994201571679256,1.9527733272297243
2775,2775,2775,0.625,1.7994201571679256,1.9523918516823071
2776,2776,2776,0.6266666666666669,1.7994201571679256,1.9527733272297243
2777,2777,2777,0.6283333333333339,1.799801632715343,1.95353627832456
2778,2778,2778,0.6299999999999999,1.8001831082627604,1.9539177538719767
2779,2779,2779,0.6316666666666668,1.8001831082627604,1.9539177538719767
2780,2780,2780,0.6333333333333337,1.799801632715343,1.95353627832456
2781,2781,2781,0.6350000000000016,1.799801632715343,1.953154802777142
2782,2782,2782,0.6366666666666667,1.8009460593575952,1.95353627832456
2783,2783,2783,0.6383333333333336,1.8005645838101778,1.9527733272297243
2784,2784,2784,0.6400000000000015,1.8001831082627604,1.9527733272297243
2785,2785,2785,0.6416666666666666,1.8001831082627604,1.9539177538719767
2786,2786,2786,0.6433333333333335,1.8005645838101778,1.9539177538719767
2787,2787,2787,0.6450000000000005,1.8005645838101778,1.95353627832456
2788,2788,2788,0.6466666666666665,1.8009460593575952,1.95353627832456
2789,2789,2789,0.6483333333333334,1.8005645838101778,1.9539177538719767
2790,2790,2790,0.6500000000000004,1.8005645838101778,1.9542992294193944
2791,2791,2791,0.6516666666666673,1.8009460593575952,1.9539177538719767
2792,2792,2792,0.6533333333333333,1.8009460593575952,1.9542992294193944
2793,2793,2793,0.6550000000000002,1.8001831082627604,1.9546807049668118
2794,2794,2794,0.6566666666666672,1.8009460593575952,1.9542992294193944
2795,2795,2795,0.6583333333333332,1.8009460593575952,1.9542992294193944
2796,2796,2796,0.6600000000000001,1.8005645838101778,1.955062180514229
2797,2797,2797,0.6616666666666671,1.8005645838101778,1.9546807049668118
2798,2798,2798,0.663333333333334,1.8005645838101778,1.9546807049668118
2799,2799,2799,0.665,1.8005645838101778,1.9546807049668118
2800,2800,2800,0.666666666666667,1.8013275349050126,1.955062180514229
2801,2801,2801,0.6683333333333339,1.80170901045243,1.955062180514229
2802,2802,2802,0.6699999999999999,1.8005645838101778,1.955062180514229
2803,2803,2803,0.6716666666666669,1.8013275349050126,1.955825131609064
2804,2804,2804,0.6733333333333338,1.80170901045243,1.955062180514229
2805,2805,2805,0.6750000000000016,1.80170901045243,1.955062180514229
2806,2806,2806,0.6766666666666667,1.80170901045243,1.955062180514229
2807,2807,2807,0.6783333333333337,1.8024719615472649,1.9554436560616464
2808,2808,2808,0.6800000000000015,1.8024719615472649,1.955062180514229
2809,2809,2809,0.6816666666666666,1.8028534370946825,1.9554436560616464
2810,2810,2810,0.6833333333333336,1.8032349126421001,1.955062180514229
2811,2811,2811,0.6850000000000005,1.8036163881895169,1.9554436560616464
2812,2812,2812,0.6866666666666665,1.8036163881895169,1.955825131609064
2813,2813,2813,0.6883333333333335,1.8039978637369345,1.9546807049668118
2814,2814,2814,0.6900000000000004,1.804379339284352,1.9554436560616464
2815,2815,2815,0.6916666666666664,1.8036163881895169,1.955825131609064
2816,2816,2816,0.6933333333333334,1.804379339284352,1.9562066071564808
2817,2817,2817,0.6950000000000003,1.8051422903791867,1.9554436560616464
2818,2818,2818,0.6966666666666672,1.8039978637369345,1.9562066071564808
2819,2819,2819,0.6983333333333333,1.804760814831769,1.9562066071564808
2820,2820,2820,0.7000000000000002,1.8051422903791867,1.955825131609064
2821,2821,2821,0.7016666666666671,1.805905241474021,1.9562066071564808
2822,2822,2822,0.703333333333334,1.8051422903791867,1.956969558251316
2823,2823,2823,0.7050000000000001,1.8051422903791867,1.9565880827038984
2824,2824,2824,0.706666666666667,1.8051422903791867,1.9565880827038984
2825,2825,2825,0.7083333333333339,1.804760814831769,1.9562066071564808
2826,2826,2826,0.71,1.8051422903791867,1.955825131609064
2827,2827,2827,0.7116666666666669,1.805523765926604,1.9562066071564808
2828,2828,2828,0.7133333333333338,1.805523765926604,1.9554436560616464
2829,2829,2829,0.7150000000000016,1.8062867170214392,1.9554436560616464
2830,2830,2830,0.7166666666666668,1.8066681925688564,1.955825131609064
2831,2831,2831,0.7183333333333337,1.805905241474021,1.9565880827038984
2832,2832,2832,0.7200000000000015,1.805905241474021,1.9565880827038984
2833,2833,2833,0.7216666666666667,1.8062867170214392,1.956969558251316
2834,2834,2834,0.7233333333333336,1.8066681925688564,1.9565880827038984
2835,2835,2835,0.7250000000000005,1.8066681925688564,1.9565880827038984
2836,2836,2836,0.7266666666666666,1.807049668116273,1.9565880827038984
2837,2837,2837,0.7283333333333335,1.807049668116273,1.9565880827038984
2838,2838,2838,0.7300000000000004,1.8062867170214392,1.956969558251316
2839,2839,2839,0.7316666666666665,1.8066681925688564,1.956969558251316
2840,2840,2840,0.7333333333333334,1.807049668116273,1.9565880827038984
2841,2841,2841,0.7350000000000003,1.807049668116273,1.956969558251316
2842,2842,2842,0.7366666666666672,1.807049668116273,1.956969558251316
2843,2843,2843,0.7383333333333333,1.8062867170214392,1.9565880827038984
2844,2844,2844,0.7400000000000002,1.8066681925688564,1.956969558251316
2845,2845,2845,0.7416666666666671,1.8062867170214392,1.9565880827038984
2846,2846,2846,0.7433333333333341,1.8051422903791867,1.9573510337987328
2847,2847,2847,0.7450000000000001,1.8039978637369345,1.9577325093461508
2848,2848,2848,0.746666666666667,1.8028534370946825,1.9573510337987328
2849,2849,2849,0.748333333333334,1.8024719615472649,1.9573510337987328
2850,2850,2850,0.75,1.80170901045243,1.9577325093461508
2851,2851,2851,0.7516666666666669,1.8001831082627604,1.9581139848935682
2852,2852,2852,0.7533333333333339,1.7990386816205082,1.9581139848935682
2853,2853,2853,0.7549999999999999,1.7986572060730908,1.9577325093461508
2854,2854,2854,0.7566666666666668,1.7986572060730908,1.9581139848935682
2855,2855,2855,0.7583333333333337,1.7971313038834211,1.9581139848935682
2856,2856,2856,0.7600000000000016,1.7967498283360035,1.9581139848935682
2857,2857,2857,0.7616666666666667,1.7967498283360035,1.9581139848935682
2858,2858,2858,0.7633333333333336,1.7963683527885863,1.9581139848935682
2859,2859,2859,0.7650000000000015,1.7963683527885863,1.9584954604409857
2860,2860,2860,0.7666666666666666,1.795986877241169,1.958876935988403
2861,2861,2861,0.7683333333333335,1.7963683527885863,1.958876935988403
2862,2862,2862,0.7700000000000005,1.7963683527885863,1.9581139848935682
2863,2863,2863,0.7716666666666665,1.7967498283360035,1.958876935988403
2864,2864,2864,0.7733333333333334,1.7963683527885863,1.9592584115358205
2865,2865,2865,0.7750000000000004,1.7967498283360035,1.9581139848935682
2866,2866,2866,0.7766666666666673,1.7967498283360035,1.958876935988403
2867,2867,2867,0.7783333333333333,1.7971313038834211,1.958876935988403
2868,2868,2868,0.7800000000000002,1.7971313038834211,1.9584954604409857
2869,2869,2869,0.7816666666666672,1.7971313038834211,1.9584954604409857
2870,2870,2870,0.7833333333333332,1.7967498283360035,1.9584954604409857
2871,2871,2871,0.7850000000000001,1.7967498283360035,1.9584954604409857
2872,2872,2872,0.7866666666666671,1.7971313038834211,1.958876935988403
2873,2873,2873,0.788333333333334,1.7975127794308383,1.9592584115358205
2874,2874,2874,0.79,1.797894254978256,1.958876935988403
2875,2875,2875,0.791666666666667,1.7975127794308383,1.958876935988403
2876,2876,2876,0.7933333333333339,1.7971313038834211,1.9596398870832377
2877,2877,2877,0.7949999999999999,1.7975127794308383,1.9596398870832377
2878,2878,2878,0.7966666666666669,1.7975127794308383,1.9596398870832377
2879,2879,2879,0.7983333333333338,1.7975127794308383,1.9600213626306555
2880,2880,2880,0.8000000000000016,1.7975127794308383,1.9600213626306555
2881,2881,2881,0.8016666666666667,1.7986572060730908,1.9604028381780727
2882,2882,2882,0.8033333333333337,1.7986572060730908,1.9604028381780727
2883,2883,2883,0.8050000000000015,1.7990386816205082,1.9604028381780727
2884,2884,2884,0.8066666666666666,1.7990386816205082,1.9600213626306555
2885,2885,2885,0.8083333333333336,1.7982757305256734,1.9600213626306555
2886,2886,2886,0.8100000000000005,1.7982757305256734,1.96078431372549
2887,2887,2887,0.8116666666666665,1.7986572060730908,1.9600213626306555
2888,2888,2888,0.8133333333333335,1.7990386816205082,1.9604028381780727
2889,2889,2889,0.8150000000000004,1.7994201571679256,1.96078431372549
2890,2890,2890,0.8166666666666664,1.799801632715343,1.9600213626306555
2891,2891,2891,0.8183333333333334,1.7994201571679256,1.9600213626306555
2892,2892,2892,0.8200000000000003,1.7990386816205082,1.9611657892729075
2893,2893,2893,0.8216666666666672,1.7994201571679256,1.9615472648203247
2894,2894,2894,0.8233333333333333,1.7990386816205082,1.9611657892729075
2895,2895,2895,0.8250000000000002,1.7986572060730908,1.9604028381780727
2896,2896,2896,0.8266666666666671,1.7990386816205082,1.9611657892729075
2897,2897,2897,0.828333333333334,1.7994201571679256,1.9604028381780727
2898,2898,2898,0.8300000000000001,1.7986572060730908,1.9604028381780727
2899,2899,2899,0.831666666666667,1.7990386816205082,1.9611657892729075
2900,2900,2900,0.8333333333333339,1.7986572060730908,1.9611657892729075
2901,2901,2901,0.835,1.7986572060730908,1.9615472648203247
2902,2902,2902,0.8366666666666669,1.7994201571679256,1.9619287403677423
2903,2903,2903,0.8383333333333338,1.7990386816205082,1.9611657892729075
2904,2904,2904,0.8400000000000016,1.7986572060730908,1.9619287403677423
2905,2905,2905,0.8416666666666668,1.7986572060730908,1.9615472648203247
2906,2906,2906,0.8433333333333337,1.7994201571679256,1.9619287403677423
2907,2907,2907,0.8450000000000015,1.7994201571679256,1.96231021591516
2908,2908,2908,0.8466666666666667,1.7994201571679256,1.96231021591516
2909,2909,2909,0.8483333333333336,1.799801632715343,1.9626916914625767
2910,2910,2910,0.8500000000000005,1.7994201571679256,1.9619287403677423
2911,2911,2911,0.8516666666666666,1.7990386816205082,1.96231021591516
2912,2912,2912,0.8533333333333335,1.7994201571679256,1.9626916914625767
2913,2913,2913,0.8550000000000004,1.7994201571679256,1.9626916914625767
2914,2914,2914,0.8566666666666665,1.7990386816205082,1.9630731670099943
2915,2915,2915,0.8583333333333334,1.7990386816205082,1.96231021591516
2916,2916,2916,0.8600000000000003,1.7994201571679256,1.96231021591516
2917,2917,2917,0.8616666666666672,1.799801632715343,1.9626916914625767
2918,2918,2918,0.8633333333333333,1.799801632715343,1.9619287403677423
2919,2919,2919,0.8650000000000002,1.7986572060730908,1.9611657892729075
2920,2920,2920,0.8666666666666671,1.7986572060730908,1.9604028381780727
2921,2921,2921,0.8683333333333341,1.7994201571679256,1.9596398870832377
2922,2922,2922,0.8700000000000001,1.7986572060730908,1.9592584115358205
2923,2923,2923,0.871666666666667,1.7986572060730908,1.9577325093461508
2924,2924,2924,0.873333333333334,1.7990386816205082,1.9565880827038984
2925,2925,2925,0.875,1.7986572060730908,1.955825131609064
2926,2926,2926,0.8766666666666669,1.7990386816205082,1.9554436560616464
2927,2927,2927,0.8783333333333339,1.7990386816205082,1.955062180514229
2928,2928,2928,0.8799999999999999,1.7986572060730908,1.9542992294193944
2929,2929,2929,0.8816666666666668,1.7994201571679256,1.9539177538719767
2930,2930,2930,0.8833333333333337,1.799801632715343,1.95353627832456
2931,2931,2931,0.8850000000000016,1.799801632715343,1.9539177538719767
2932,2932,2932,0.8866666666666667,1.7994201571679256,1.95353627832456
2933,2933,2933,0.8883333333333336,1.7994201571679256,1.953154802777142
2934,2934,2934,0.8900000000000015,1.7990386816205082,1.95353627832456
2935,2935,2935,0.8916666666666666,1.7986572060730908,1.9539177538719767
2936,2936,2936,0.8933333333333335,1.7994201571679256,1.95353627832456
2937,2937,2937,0.8950000000000005,1.7990386816205082,1.9539177538719767
2938,2938,2938,0.8966666666666665,1.7994201571679256,1.9539177538719767
2939,2939,2939,0.8983333333333334,1.7994201571679256,1.9542992294193944
2940,2940,2940,0.9000000000000004,1.7994201571679256,1.9542992294193944
2941,2941,2941,0.9016666666666673,1.8001831082627604,1.9546807049668118
2942,2942,2942,0.9033333333333333,1.7994201571679256,1.9546807049668118
2943,2943,2943,0.9050000000000002,1.799801632715343,1.9542992294193944
2944,2944,2944,0.9066666666666672,1.8001831082627604,1.9539177538719767
2945,2945,2945,0.9083333333333332,1.799801632715343,1.9539177538719767
2946,2946,2946,0.9100000000000001,1.799801632715343,1.9546807049668118
2947,2947,2947,0.9116666666666671,1.799801632715343,1.955062180514229
2948,2948,2948,0.913333333333334,1.799801632715343,1.9542992294193944
2949,2949,2949,0.915,1.8009460593575952,1.9542992294193944
2950,2950,2950,0.916666666666667,1.8009460593575952,1.9546807049668118
2951,2951,2951,0.9183333333333339,1.8001831082627604,1.9542992294193944
2952,2952,2952,0.9199999999999999,1.8005645838101778,1.9542992294193944
2953,2953,2953,0.9216666666666669,1.8009460593575952,1.955062180514229
2954,2954,2954,0.9233333333333338,1.8005645838101778,1.955062180514229
2955,2955,2955,0.9250000000000016,1.8005645838101778,1.9554436560616464
2956,2956,2956,0.9266666666666667,1.8013275349050126,1.955825131609064
2957,2957,2957,0.9283333333333337,1.80170901045243,1.955062180514229
2958,2958,2958,0.9300000000000015,1.8013275349050126,1.9546807049668118
2959,2959,2959,0.9316666666666666,1.80170901045243,1.955062180514229
2960,2960,2960,0.9333333333333336,1.802090485999848,1.955062180514229
2961,2961,2961,0.9350000000000005,1.8024719615472649,1.955825131609064
2962,2962,2962,0.9366666666666665,1.802090485999848,1.9565880827038984
2963,2963,2963,0.9383333333333335,1.80170901045243,1.9565880827038984
2964,2964,2964,0.9400000000000004,1.8024719615472649,1.9562066071564808
2965,2965,2965,0.9416666666666664,1.8024719615472649,1.9565880827038984
2966,2966,2966,0.9433333333333334,1.802090485999848,1.9565880827038984
2967,2967,2967,0.9450000000000003,1.8028534370946825,1.9562066071564808
2968,2968,2968,0.9466666666666672,1.8024719615472649,1.9562066071564808
2969,2969,2969,0.9483333333333333,1.8032349126421001,1.9562066071564808
2970,2970,2970,0.9500000000000002,1.8039978637369345,1.9562066071564808
2971,2971,2971,0.9516666666666671,1.804379339284352,1.955825131609064
2972,2972,2972,0.953333333333334,1.804760814831769,1.955825131609064
2973,2973,2973,0.9550000000000001,1.804760814831769,1.955825131609064
2974,2974,2974,0.956666666666667,1.804379339284352,1.955825131609064
2975,2975,2975,0.9583333333333339,1.804379339284352,1.9554436560616464
2976,2976,2976,0.96,1.804760814831769,1.9554436560616464
2977,2977,2977,0.9616666666666669,1.804760814831769,1.955062180514229
2978,2978,2978,0.9633333333333338,1.804379339284352,1.9554436560616464
2979,2979,2979,0.9650000000000016,1.804379339284352,1.9554436560616464
2980,2980,2980,0.9666666666666668,1.804379339284352,1.9554436560616464
2981,2981,2981,0.9683333333333337,1.8039978637369345,1.955825131609064
2982,2982,2982,0.9700000000000015,1.804760814831769,1.955062180514229
2983,2983,2983,0.9716666666666667,1.805523765926604,1.955062180514229
2984,2984,2984,0.9733333333333336,1.8051422903791867,1.955062180514229
2985,2985,2985,0.9750000000000005,1.8051422903791867,1.955062180514229
2986,2986,2986,0.9766666666666666,1.805523765926604,1.9546807049668118
2987,2987,2987,0.9783333333333335,1.8051422903791867,1.955062180514229
2988,2988,2988,0.9800000000000004,1.8051422903791867,1.955062180514229
2989,2989,2989,0.9816666666666665,1.805523765926604,1.9554436560616464
2990,2990,2990,0.9833333333333334,1.8051422903791867,1.955062180514229
2991,2991,2991,0.9850000000000003,1.805905241474021,1.9546807049668118
2992,2992,2992,0.9866666666666672,1.805905241474021,1.9542992294193944
2993,2993,2993,0.9883333333333333,1.805905241474021,1.955062180514229
2994,2994,2994,0.9900000000000002,1.805905241474021,1.9546807049668118
2995,2995,2995,0.9916666666666671,1.807049668116273,1.9542992294193944
2996,2996,2996,0.9933333333333341,1.807049668116273,1.9546807049668118
2997,2997,2997,0.9950000000000001,1.8074311436636912,1.9542992294193944
2998,2998,2998,0.996666666666667,1.8074311436636912,1.9546807049668118
2999,2999,2999,0.998333333333334,1.8066681925688564,1.9546807049668118
3000,3000,3000,1.0,1.8066681925688564,1.9539177538719767
3001,3001,3001,1.001666666666667,1.807049668116273,1.9546807049668118
3002,3002,3002,1.0033333333333339,1.807049668116273,1.955062180514229
3003,3003,3003,1.005,1.8062867170214392,1.9546807049668118
3004,3004,3004,1.0066666666666668,1.805905241474021,1.955062180514229
3005,3005,3005,1.0083333333333337,1.8062867170214392,1.9546807049668118
3006,3006,3006,1.0100000000000016,1.8062867170214392,1.9539177538719767
3007,3007,3007,1.0116666666666667,1.805905241474021,1.9542992294193944
3008,3008,3008,1.0133333333333336,1.805523765926604,1.9542992294193944
3009,3009,3009,1.0150000000000015,1.8062867170214392,1.9542992294193944
3010,3010,3010,1.0166666666666666,1.807049668116273,1.9542992294193944
3011,3011,3011,1.0183333333333335,1.807049668116273,1.9542992294193944
3012,3012,3012,1.0200000000000005,1.8062867170214392,1.9542992294193944
3013,3013,3013,1.0216666666666665,1.8062867170214392,1.9554436560616464
3014,3014,3014,1.0233333333333334,1.805523765926604,1.955062180514229
3015,3015,3015,1.0250000000000004,1.8062867170214392,1.955062180514229
3016,3016,3016,1.0266666666666673,1.807049668116273,1.955062180514229
3017,3017,3017,1.0283333333333333,1.807049668116273,1.9554436560616464
3018,3018,3018,1.0300000000000002,1.8074311436636912,1.955062180514229
3019,3019,3019,1.0316666666666672,1.8074311436636912,1.955062180514229
3020,3020,3020,1.0333333333333332,1.807049668116273,1.955062180514229
3021,3021,3021,1.0350000000000001,1.807049668116273,1.9554436560616464
3022,3022,3022,1.036666666666667,1.807049668116273,1.955825131609064
3023,3023,3023,1.038333333333334,1.8074311436636912,1.955825131609064
3024,3024,3024,1.04,1.8078126192111088,1.955825131609064
3025,3025,3025,1.041666666666667,1.8078126192111088,1.9562066071564808
3026,3026,3026,1.043333333333334,1.8078126192111088,1.9562066071564808
3027,3027,3027,1.045,1.8074311436636912,1.9562066071564808
3028,3028,3028,1.0466666666666669,1.8074311436636912,1.9562066071564808
3029,3029,3029,1.0483333333333338,1.8074311436636912,1.956969558251316
3030,3030,3030,1.0500000000000016,1.8074311436636912,1.9565880827038984
3031,3031,3031,1.0516666666666667,1.8078126192111088,1.956969558251316
3032,3032,3032,1.0533333333333337,1.807049668116273,1.9577325093461508
3033,3033,3033,1.0550000000000015,1.8062867170214392,1.9581139848935682
3034,3034,3034,1.0566666666666666,1.807049668116273,1.9577325093461508
3035,3035,3035,1.0583333333333336,1.807049668116273,1.9573510337987328
3036,3036,3036,1.0600000000000005,1.8074311436636912,1.9577325093461508
3037,3037,3037,1.0616666666666665,1.8078126192111088,1.9581139848935682
3038,3038,3038,1.0633333333333335,1.8074311436636912,1.9577325093461508
3039,3039,3039,1.0650000000000004,1.8066681925688564,1.9577325093461508
3040,3040,3040,1.0666666666666664,1.8062867170214392,1.9581139848935682
3041,3041,3041,1.0683333333333334,1.8051422903791867,1.9584954604409857
3042,3042,3042,1.0700000000000003,1.8039978637369345,1.9592584115358205
3043,3043,3043,1.0716666666666672,1.804760814831769,1.9592584115358205
3044,3044,3044,1.0733333333333333,1.8036163881895169,1.9596398870832377
3045,3045,3045,1.0750000000000002,1.802090485999848,1.9592584115358205
3046,3046,3046,1.076666666666667,1.80170901045243,1.9592584115358205
3047,3047,3047,1.078333333333334,1.8013275349050126,1.9592584115358205
3048,3048,3048,1.08,1.8005645838101778,1.9592584115358205
3049,3049,3049,1.081666666666667,1.799801632715343,1.958876935988403
3050,3050,3050,1.083333333333334,1.7994201571679256,1.9581139848935682
3051,3051,3051,1.085,1.799801632715343,1.9577325093461508
3052,3052,3052,1.086666666666667,1.8001831082627604,1.9581139848935682
3053,3053,3053,1.0883333333333338,1.799801632715343,1.9573510337987328
3054,3054,3054,1.0900000000000016,1.7990386816205082,1.9581139848935682
3055,3055,3055,1.0916666666666668,1.797894254978256,1.958876935988403
3056,3056,3056,1.0933333333333337,1.797894254978256,1.958876935988403
3057,3057,3057,1.0950000000000015,1.7990386816205082,1.958876935988403
3058,3058,3058,1.0966666666666667,1.799801632715343,1.9592584115358205
3059,3059,3059,1.0983333333333336,1.7990386816205082,1.9592584115358205
3060,3060,3060,1.1000000000000005,1.7986572060730908,1.9584954604409857
3061,3061,3061,1.1016666666666666,1.7994201571679256,1.958876935988403
3062,3062,3062,1.1033333333333335,1.8001831082627604,1.958876935988403
3063,3063,3063,1.1050000000000004,1.8001831082627604,1.9596398870832377
3064,3064,3064,1.1066666666666665,1.8009460593575952,1.9592584115358205
3065,3065,3065,1.1083333333333334,1.8005645838101778,1.9592584115358205
3066,3066,3066,1.1100000000000003,1.799801632715343,1.9592584115358205
3067,3067,3067,1.1116666666666672,1.8001831082627604,1.9600213626306555
3068,3068,3068,1.1133333333333333,1.8001831082627604,1.9600213626306555
3069,3069,3069,1.1150000000000002,1.8005645838101778,1.9600213626306555
3070,3070,3070,1.1166666666666671,1.8009460593575952,1.9604028381780727
3071,3071,3071,1.118333333333334,1.8001831082627604,1.9596398870832377
3072,3072,3072,1.12,1.8009460593575952,1.9596398870832377
3073,3073,3073,1.121666666666667,1.8009460593575952,1.958876935988403
3074,3074,3074,1.123333333333334,1.8009460593575952,1.958876935988403
3075,3075,3075,1.125,1.8009460593575952,1.9577325093461508
3076,3076,3076,1.126666666666667,1.8001831082627604,1.9565880827038984
3077,3077,3077,1.1283333333333339,1.799801632715343,1.9554436560616464
3078,3078,3078,1.13,1.8009460593575952,1.9542992294193944
3079,3079,3079,1.1316666666666668,1.80170901045243,1.9527733272297243
3080,3080,3080,1.1333333333333337,1.8005645838101778,1.9516289005874723
3081,3081,3081,1.1350000000000016,1.8013275349050126,1.9508659494926373
3082,3082,3082,1.1366666666666667,1.8005645838101778,1.9512474250400549
3083,3083,3083,1.1383333333333336,1.8001831082627604,1.9508659494926373
3084,3084,3084,1.1400000000000015,1.8009460593575952,1.9501029983978029
3085,3085,3085,1.1416666666666666,1.8009460593575952,1.9501029983978029
3086,3086,3086,1.1433333333333335,1.80170901045243,1.9497215228503848
3087,3087,3087,1.1450000000000005,1.80170901045243,1.9501029983978029
3088,3088,3088,1.1466666666666665,1.802090485999848,1.9508659494926373
3089,3089,3089,1.1483333333333334,1.802090485999848,1.9512474250400549
3090,3090,3090,1.1500000000000004,1.80170901045243,1.9516289005874723
3091,3091,3091,1.1516666666666673,1.8013275349050126,1.9520103761348897
3092,3092,3092,1.1533333333333333,1.8009460593575952,1.9516289005874723
3093,3093,3093,1.1550000000000002,1.8009460593575952,1.9516289005874723
3094,3094,3094,1.1566666666666672,1.8005645838101778,1.9516289005874723
3095,3095,3095,1.158333333333334,1.8013275349050126,1.9520103761348897
3096,3096,3096,1.1600000000000001,1.80170901045243,1.9527733272297243
3097,3097,3097,1.161666666666667,1.8013275349050126,1.953154802777142
3098,3098,3098,1.163333333333334,1.8009460593575952,1.9527733272297243
3099,3099,3099,1.165,1.80170901045243,1.9523918516823071
3100,3100,3100,1.166666666666667,1.80170901045243,1.9523918516823071
3101,3101,3101,1.168333333333334,1.80170901045243,1.9527733272297243
3102,3102,3102,1.17,1.8013275349050126,1.9523918516823071
3103,3103,3103,1.1716666666666669,1.8013275349050126,1.9527733272297243
3104,3104,3104,1.1733333333333338,1.80170901045243,1.9523918516823071
3105,3105,3105,1.1750000000000016,1.8013275349050126,1.9516289005874723
3106,3106,3106,1.1766666666666667,1.8005645838101778,1.9520103761348897
3107,3107,3107,1.1783333333333337,1.8009460593575952,1.9523918516823071
3108,3108,3108,1.1800000000000015,1.8013275349050126,1.9523918516823071
3109,3109,3109,1.1816666666666666,1.8005645838101778,1.953154802777142
3110,3110,3110,1.1833333333333336,1.8005645838101778,1.9523918516823071
3111,3111,3111,1.1850000000000005,1.8009460593575952,1.9520103761348897
3112,3112,3112,1.1866666666666665,1.8009460593575952,1.9520103761348897
3113,3113,3113,1.1883333333333335,1.8013275349050126,1.9512474250400549
3114,3114,3114,1.1900000000000004,1.8013275349050126,1.9497215228503848
3115,3115,3115,1.1916666666666664,1.8001831082627604,1.9497215228503848
3116,3116,3116,1.1933333333333334,1.8001831082627604,1.9493400473029678
3117,3117,3117,1.1950000000000003,1.8005645838101778,1.9481956206607156
3118,3118,3118,1.1966666666666672,1.8013275349050126,1.947051194018464
3119,3119,3119,1.1983333333333333,1.80170901045243,1.9462882429236288
3120,3120,3120,1.2000000000000002,1.8013275349050126,1.9459067673762112
3121,3121,3121,1.201666666666667,1.8009460593575952,1.9455252918287933
3122,3122,3122,1.203333333333334,1.8005645838101778,1.9447623407339591
3123,3123,3123,1.205,1.8005645838101778,1.9447623407339591
3124,3124,3124,1.206666666666667,1.8005645838101778,1.9455252918287933
3125,3125,3125,1.208333333333334,1.8005645838101778,1.9451438162813763
3126,3126,3126,1.21,1.8001831082627604,1.943999389639124
3127,3127,3127,1.211666666666667,1.8001831082627604,1.9432364385442893
3128,3128,3128,1.2133333333333338,1.7994201571679256,1.9432364385442893
3129,3129,3129,1.2150000000000016,1.7990386816205082,1.9436179140917067
3130,3130,3130,1.2166666666666668,1.7994201571679256,1.943999389639124
3131,3131,3131,1.2183333333333337,1.7994201571679256,1.9432364385442893
3132,3132,3132,1.2200000000000015,1.7994201571679256,1.9428549629968717
3133,3133,3133,1.2216666666666667,1.7990386816205082,1.9432364385442893
3134,3134,3134,1.2233333333333336,1.797894254978256,1.9436179140917067
3135,3135,3135,1.2250000000000005,1.7963683527885863,1.9436179140917067
3136,3136,3136,1.2266666666666666,1.795986877241169,1.943999389639124
3137,3137,3137,1.2283333333333335,1.7948424505989171,1.9436179140917067
3138,3138,3138,1.2300000000000004,1.7940794995040819,1.9428549629968717
3139,3139,3139,1.2316666666666665,1.7929350728618296,1.9432364385442893
3140,3140,3140,1.2333333333333334,1.7925535973144122,1.9424734874494545
3141,3141,3141,1.2350000000000003,1.7921721217669948,1.9424734874494545
3142,3142,3142,1.2366666666666672,1.7914091706721598,1.9432364385442893
3143,3143,3143,1.2383333333333333,1.7914091706721598,1.9428549629968717
3144,3144,3144,1.2400000000000002,1.7914091706721598,1.9428549629968717
3145,3145,3145,1.2416666666666671,1.7917906462195774,1.9428549629968717
3146,3146,3146,1.243333333333334,1.7921721217669948,1.9424734874494545
3147,3147,3147,1.245,1.7917906462195774,1.9424734874494545
3148,3148,3148,1.246666666666667,1.7925535973144122,1.9424734874494545
3149,3149,3149,1.248333333333334,1.7933165484092468,1.9413290608072025
3150,3150,3150,1.25,1.7925535973144122,1.94171053635462
3151,3151,3151,1.251666666666667,1.7933165484092468,1.9432364385442893
3152,3152,3152,1.2533333333333339,1.7940794995040819,1.9424734874494545
3153,3153,3153,1.255,1.7936980239566644,1.942092011902037
3154,3154,3154,1.2566666666666668,1.7936980239566644,1.942092011902037
3155,3155,3155,1.2583333333333337,1.7936980239566644,1.9413290608072025
3156,3156,3156,1.2600000000000016,1.7944609750514993,1.94171053635462
3157,3157,3157,1.2616666666666667,1.7944609750514993,1.942092011902037
3158,3158,3158,1.2633333333333336,1.7940794995040819,1.942092011902037
3159,3159,3159,1.2650000000000015,1.7940794995040819,1.9424734874494545
3160,3160,3160,1.2666666666666666,1.7944609750514993,1.9428549629968717
3161,3161,3161,1.2683333333333335,1.7944609750514993,1.9428549629968717
3162,3162,3162,1.2700000000000005,1.7936980239566644,1.942092011902037
3163,3163,3163,1.2716666666666665,1.7940794995040819,1.94171053635462
3164,3164,3164,1.2733333333333334,1.7944609750514993,1.9413290608072025
3165,3165,3165,1.2750000000000004,1.7944609750514993,1.9409475852597848
3166,3166,3166,1.2766666666666673,1.7944609750514993,1.9413290608072025
3167,3167,3167,1.2783333333333333,1.7936980239566644,1.9413290608072025
3168,3168,3168,1.2800000000000002,1.7940794995040819,1.94171053635462
3169,3169,3169,1.2816666666666672,1.7944609750514993,1.9413290608072025
3170,3170,3170,1.283333333333334,1.7940794995040819,1.940566109712368
3171,3171,3171,1.2850000000000001,1.7944609750514993,1.9413290608072025
3172,3172,3172,1.286666666666667,1.7940794995040819,1.9413290608072025
3173,3173,3173,1.288333333333334,1.7936980239566644,1.9409475852597848
3174,3174,3174,1.29,1.7940794995040819,1.940566109712368
3175,3175,3175,1.291666666666667,1.7940794995040819,1.940566109712368
3176,3176,3176,1.293333333333334,1.7944609750514993,1.9409475852597848
3177,3177,3177,1.295,1.7940794995040819,1.940566109712368
3178,3178,3178,1.2966666666666669,1.7936980239566644,1.940566109712368
3179,3179,3179,1.2983333333333338,1.7940794995040819,1.94018463416495
3180,3180,3180,1.3000000000000016,1.7933165484092468,1.94018463416495
3181,3181,3181,1.3016666666666667,1.7933165484092468,1.94018463416495
3182,3182,3182,1.3033333333333337,1.7940794995040819,1.94018463416495
3183,3183,3183,1.3050000000000015,1.7940794995040819,1.940566109712368
3184,3184,3184,1.3066666666666666,1.7940794995040819,1.94018463416495
3185,3185,3185,1.3083333333333336,1.7936980239566644,1.94018463416495
3186,3186,3186,1.3100000000000005,1.7936980239566644,1.940566109712368
3187,3187,3187,1.3116666666666665,1.7940794995040819,1.94018463416495
3188,3188,3188,1.3133333333333335,1.7936980239566644,1.9398031586175328
3189,3189,3189,1.3150000000000004,1.7933165484092468,1.94018463416495
3190,3190,3190,1.3166666666666664,1.7921721217669948,1.940566109712368
3191,3191,3191,1.3183333333333334,1.7914091706721598,1.9409475852597848
3192,3192,3192,1.3200000000000003,1.7917906462195774,1.9413290608072025
3193,3193,3193,1.3216666666666672,1.7921721217669948,1.9409475852597848
3194,3194,3194,1.3233333333333333,1.7921721217669948,1.940566109712368
3195,3195,3195,1.3250000000000002,1.7917906462195774,1.940566109712368
3196,3196,3196,1.326666666666667,1.7914091706721598,1.940566109712368
3197,3197,3197,1.328333333333334,1.7917906462195774,1.940566109712368
3198,3198,3198,1.33,1.7917906462195774,1.940566109712368
3199,3199,3199,1.331666666666667,1.7914091706721598,1.940566109712368
3200,3200,3200,1.333333333333334,1.7921721217669948,1.9398031586175328
3201,3201,3201,1.335,1.7921721217669948,1.9394216830701152
3202,3202,3202,1.336666666666667,1.7917906462195774,1.94018463416495
3203,3203,3203,1.3383333333333338,1.7917906462195774,1.94018463416495
3204,3204,3204,1.3400000000000016,1.7914091706721598,1.940566109712368
3205,3205,3205,1.3416666666666668,1.7906462195773252,1.9409475852597848
3206,3206,3206,1.3433333333333337,1.7902647440299078,1.9409475852597848
3207,3207,3207,1.3450000000000015,1.7895017929350734,1.940566109712368
3208,3208,3208,1.3466666666666667,1.7906462195773252,1.9409475852597848
3209,3209,3209,1.3483333333333336,1.7914091706721598,1.9409475852597848
3210,3210,3210,1.3500000000000005,1.7910276951247426,1.9413290608072025
3211,3211,3211,1.3516666666666666,1.7906462195773252,1.9409475852597848
3212,3212,3212,1.3533333333333335,1.7906462195773252,1.940566109712368
3213,3213,3213,1.3550000000000004,1.7906462195773252,1.9409475852597848
3214,3214,3214,1.3566666666666665,1.7895017929350734,1.94018463416495
3215,3215,3215,1.3583333333333334,1.7898832684824904,1.94018463416495
3216,3216,3216,1.3600000000000003,1.7906462195773252,1.94018463416495
3217,3217,3217,1.3616666666666672,1.7910276951247426,1.940566109712368
3218,3218,3218,1.3633333333333333,1.7910276951247426,1.9409475852597848
3219,3219,3219,1.3650000000000002,1.7910276951247426,1.940566109712368
3220,3220,3220,1.3666666666666671,1.7906462195773252,1.940566109712368
3221,3221,3221,1.368333333333334,1.7906462195773252,1.9413290608072025
3222,3222,3222,1.37,1.7902647440299078,1.9409475852597848
3223,3223,3223,1.371666666666667,1.7902647440299078,1.940566109712368
3224,3224,3224,1.373333333333334,1.7902647440299078,1.9413290608072025
3225,3225,3225,1.375,1.7898832684824904,1.9409475852597848
3226,3226,3226,1.3766666666666678,1.7902647440299078,1.940566109712368
3227,3227,3227,1.3783333333333339,1.7906462195773252,1.9409475852597848
3228,3228,3228,1.3800000000000008,1.7902647440299078,1.9413290608072025
3229,3229,3229,1.3816666666666677,1.7898832684824904,1.94171053635462
3230,3230,3230,1.3833333333333337,1.7895017929350734,1.9413290608072025
3231,3231,3231,1.3850000000000025,1.7902647440299078,1.9413290608072025
3232,3232,3232,1.3866666666666676,1.7895017929350734,1.94171053635462
3233,3233,3233,1.3883333333333336,1.788738841840238,1.9413290608072025
3234,3234,3234,1.3900000000000015,1.7895017929350734,1.9409475852597848
3235,3235,3235,1.3916666666666684,1.7898832684824904,1.9409475852597848
3236,3236,3236,1.3933333333333335,1.7895017929350734,1.9413290608072025
3237,3237,3237,1.3950000000000005,1.7891203173876555,1.9424734874494545
3238,3238,3238,1.3966666666666674,1.7895017929350734,1.942092011902037
3239,3239,3239,1.3983333333333325,1.7891203173876555,1.9413290608072025
3240,3240,3240,1.4000000000000004,1.788738841840238,1.9413290608072025
3241,3241,3241,1.4016666666666673,1.788738841840238,1.942092011902037
3242,3242,3242,1.4033333333333324,1.7891203173876555,1.9413290608072025
3243,3243,3243,1.4050000000000002,1.7891203173876555,1.94171053635462
3244,3244,3244,1.4066666666666672,1.7891203173876555,1.94171053635462
3245,3245,3245,1.408333333333334,1.788738841840238,1.9409475852597848
3246,3246,3246,1.4100000000000001,1.7895017929350734,1.9413290608072025
3247,3247,3247,1.411666666666667,1.7895017929350734,1.9413290608072025
3248,3248,3248,1.413333333333334,1.7891203173876555,1.94171053635462
3249,3249,3249,1.415,1.7895017929350734,1.9413290608072025
3250,3250,3250,1.4166666666666679,1.7898832684824904,1.9409475852597848
3251,3251,3251,1.418333333333334,1.7902647440299078,1.94171053635462
3252,3252,3252,1.42,1.7898832684824904,1.9409475852597848
3253,3253,3253,1.4216666666666677,1.7895017929350734,1.940566109712368
3254,3254,3254,1.4233333333333338,1.7898832684824904,1.94171053635462
3255,3255,3255,1.4250000000000025,1.7895017929350734,1.94171053635462
3256,3256,3256,1.4266666666666676,1.7895017929350734,1.9413290608072025
3257,3257,3257,1.4283333333333337,1.7895017929350734,1.94171053635462
3258,3258,3258,1.4300000000000015,1.788738841840238,1.94171053635462
3259,3259,3259,1.4316666666666684,1.788738841840238,1.94171053635462
3260,3260,3260,1.4333333333333336,1.7891203173876555,1.9413290608072025
3261,3261,3261,1.4350000000000005,1.7895017929350734,1.9413290608072025
3262,3262,3262,1.4366666666666674,1.7895017929350734,1.9413290608072025
3263,3263,3263,1.4383333333333335,1.7891203173876555,1.940566109712368
3264,3264,3264,1.4400000000000004,1.7895017929350734,1.940566109712368
3265,3265,3265,1.4416666666666673,1.7895017929350734,1.9409475852597848
3266,3266,3266,1.4433333333333325,1.7898832684824904,1.9413290608072025
3267,3267,3267,1.4450000000000003,1.7898832684824904,1.94171053635462
3268,3268,3268,1.4466666666666672,1.7898832684824904,1.9413290608072025
3269,3269,3269,1.4483333333333324,1.7895017929350734,1.9413290608072025
3270,3270,3270,1.4500000000000002,1.7891203173876555,1.94171053635462
3271,3271,3271,1.451666666666667,1.7895017929350734,1.9413290608072025
3272,3272,3272,1.453333333333334,1.7898832684824904,1.94171053635462
3273,3273,3273,1.455,1.7895017929350734,1.9424734874494545
3274,3274,3274,1.4566666666666679,1.7898832684824904,1.942092011902037
3275,3275,3275,1.458333333333334,1.7895017929350734,1.942092011902037
3276,3276,3276,1.46,1.7895017929350734,1.942092011902037
3277,3277,3277,1.4616666666666678,1.7898832684824904,1.9413290608072025
3278,3278,3278,1.4633333333333338,1.7891203173876555,1.9409475852597848
3279,3279,3279,1.4650000000000025,1.7895017929350734,1.94018463416495
3280,3280,3280,1.4666666666666677,1.7898832684824904,1.940566109712368
3281,3281,3281,1.4683333333333337,1.7906462195773252,1.9413290608072025
3282,3282,3282,1.4700000000000015,1.7906462195773252,1.9413290608072025
3283,3283,3283,1.4716666666666676,1.7898832684824904,1.9413290608072025
3284,3284,3284,1.4733333333333336,1.7902647440299078,1.9409475852597848
3285,3285,3285,1.4750000000000005,1.7906462195773252,1.940566109712368
3286,3286,3286,1.4766666666666675,1.7906462195773252,1.940566109712368
3287,3287,3287,1.4783333333333335,1.7906462195773252,1.940566109712368
3288,3288,3288,1.4800000000000004,1.7906462195773252,1.940566109712368
3289,3289,3289,1.4816666666666674,1.7906462195773252,1.9409475852597848
3290,3290,3290,1.4833333333333325,1.7906462195773252,1.9413290608072025
3291,3291,3291,1.4850000000000003,1.7906462195773252,1.9413290608072025
3292,3292,3292,1.4866666666666672,1.7898832684824904,1.9413290608072025
3293,3293,3293,1.4883333333333324,1.7902647440299078,1.9413290608072025
3294,3294,3294,1.4900000000000002,1.7906462195773252,1.9409475852597848
3295,3295,3295,1.4916666666666671,1.7895017929350734,1.9409475852597848
3296,3296,3296,1.493333333333334,1.7891203173876555,1.9413290608072025
3297,3297,3297,1.495,1.7898832684824904,1.9409475852597848
3298,3298,3298,1.496666666666667,1.7898832684824904,1.9413290608072025
3299,3299,3299,1.498333333333334,1.7902647440299078,1.9413290608072025
3300,3300,3300,1.5,1.7906462195773252,1.9413290608072025
3301,3301,3301,1.5016666666666678,1.7902647440299078,1.9413290608072025
3302,3302,3302,1.5033333333333339,1.7898832684824904,1.9409475852597848
3303,3303,3303,1.5050000000000008,1.7902647440299078,1.942092011902037
3304,3304,3304,1.5066666666666677,1.7898832684824904,1.94171053635462
3305,3305,3305,1.5083333333333337,1.7895017929350734,1.940566109712368
3306,3306,3306,1.5100000000000025,1.7891203173876555,1.9409475852597848
3307,3307,3307,1.5116666666666676,1.7902647440299078,1.9413290608072025
3308,3308,3308,1.5133333333333336,1.7910276951247426,1.9413290608072025
3309,3309,3309,1.5150000000000015,1.7902647440299078,1.9409475852597848
3310,3310,3310,1.5166666666666684,1.7906462195773252,1.9413290608072025
3311,3311,3311,1.5183333333333335,1.7902647440299078,1.9413290608072025
3312,3312,3312,1.5200000000000005,1.7906462195773252,1.9409475852597848
3313,3313,3313,1.5216666666666674,1.7914091706721598,1.9409475852597848
3314,3314,3314,1.5233333333333325,1.7910276951247426,1.940566109712368
3315,3315,3315,1.5250000000000004,1.7906462195773252,1.9409475852597848
3316,3316,3316,1.5266666666666673,1.7910276951247426,1.9409475852597848
3317,3317,3317,1.5283333333333324,1.7914091706721598,1.940566109712368
3318,3318,3318,1.5300000000000002,1.7910276951247426,1.9409475852597848
3319,3319,3319,1.5316666666666672,1.7902647440299078,1.9413290608072025
3320,3320,3320,1.533333333333334,1.7902647440299078,1.9409475852597848
3321,3321,3321,1.5350000000000001,1.7906462195773252,1.9409475852597848
3322,3322,3322,1.536666666666667,1.7906462195773252,1.9413290608072025
3323,3323,3323,1.538333333333334,1.7902647440299078,1.9413290608072025
3324,3324,3324,1.54,1.7895017929350734,1.94171053635462
3325,3325,3325,1.5416666666666679,1.7906462195773252,1.9413290608072025
3326,3326,3326,1.543333333333334,1.7902647440299078,1.9413290608072025
3327,3327,3327,1.545,1.7902647440299078,1.9409475852597848
3328,3328,3328,1.5466666666666677,1.7910276951247426,1.9409475852597848
3329,3329,3329,1.5483333333333338,1.7910276951247426,1.940566109712368
3330,3330,3330,1.5500000000000025,1.7910276951247426,1.94018463416495
3331,3331,3331,1.5516666666666676,1.7914091706721598,1.94018463416495
3332,3332,3332,1.5533333333333337,1.7914091706721598,1.940566109712368
3333,3333,3333,1.5550000000000015,1.7914091706721598,1.940566109712368
3334,3334,3334,1.5566666666666684,1.7902647440299078,1.9409475852597848
3335,3335,3335,1.5583333333333336,1.7898832684824904,1.9409475852597848
3336,3336,3336,1.5600000000000005,1.7910276951247426,1.9409475852597848
3337,3337,3337,1.5616666666666674,1.7910276951247426,1.9409475852597848
3338,3338,3338,1.5633333333333335,1.7910276951247426,1.9409475852597848
3339,3339,3339,1.5650000000000004,1.7902647440299078,1.940566109712368
3340,3340,3340,1.5666666666666673,1.7898832684824904,1.940566109712368
3341,3341,3341,1.5683333333333325,1.7910276951247426,1.940566109712368
3342,3342,3342,1.5700000000000003,1.7910276951247426,1.9409475852597848
3343,3343,3343,1.5716666666666672,1.7910276951247426,1.940566109712368
3344,3344,3344,1.5733333333333324,1.7914091706721598,1.9413290608072025
3345,3345,3345,1.5750000000000002,1.7910276951247426,1.9409475852597848
3346,3346,3346,1.576666666666667,1.7906462195773252,1.9409475852597848
3347,3347,3347,1.578333333333334,1.7906462195773252,1.9409475852597848
3348,3348,3348,1.58,1.7906462195773252,1.9409475852597848
3349,3349,3349,1.5816666666666679,1.7910276951247426,1.9413290608072025
3350,3350,3350,1.583333333333334,1.7902647440299078,1.940566109712368
3351,3351,3351,1.585,1.7902647440299078,1.9409475852597848
3352,3352,3352,1.5866666666666678,1.7906462195773252,1.9413290608072025
3353,3353,3353,1.5883333333333338,1.7906462195773252,1.9409475852597848
3354,3354,3354,1.5900000000000025,1.7910276951247426,1.94171053635462
3355,3355,3355,1.5916666666666677,1.7914091706721598,1.9409475852597848
3356,3356,3356,1.5933333333333337,1.7910276951247426,1.9413290608072025
3357,3357,3357,1.5950000000000015,1.7906462195773252,1.9413290608072025
3358,3358,3358,1.5966666666666676,1.7910276951247426,1.9413290608072025
3359,3359,3359,1.5983333333333336,1.7906462195773252,1.9413290608072025
3360,3360,3360,1.6000000000000005,1.7917906462195774,1.9409475852597848
3361,3361,3361,1.6016666666666675,1.7914091706721598,1.9413290608072025
3362,3362,3362,1.6033333333333335,1.7910276951247426,1.9413290608072025
3363,3363,3363,1.6050000000000004,1.7914091706721598,1.9413290608072025
3364,3364,3364,1.6066666666666674,1.7914091706721598,1.9409475852597848
3365,3365,3365,1.6083333333333325,1.7906462195773252,1.9409475852597848
3366,3366,3366,1.6100000000000003,1.7910276951247426,1.9413290608072025
3367,3367,3367,1.6116666666666672,1.7910276951247426,1.940566109712368
3368,3368,3368,1.6133333333333324,1.7906462195773252,1.94018463416495
3369,3369,3369,1.6150000000000002,1.7906462195773252,1.940566109712368
3370,3370,3370,1.6166666666666671,1.7906462195773252,1.940566109712368
3371,3371,3371,1.618333333333334,1.7902647440299078,1.9409475852597848
3372,3372,3372,1.62,1.7902647440299078,1.9413290608072025
3373,3373,3373,1.621666666666667,1.7902647440299078,1.9409475852597848
3374,3374,3374,1.623333333333334,1.7898832684824904,1.940566109712368
3375,3375,3375,1.625,1.7902647440299078,1.9409475852597848
3376,3376,3376,1.6266666666666678,1.7906462195773252,1.9409475852597848
3377,3377,3377,1.6283333333333339,1.7898832684824904,1.940566109712368
3378,3378,3378,1.6300000000000008,1.7895017929350734,1.940566109712368
3379,3379,3379,1.6316666666666677,1.7906462195773252,1.9409475852597848
3380,3380,3380,1.6333333333333337,1.7902647440299078,1.9409475852597848
3381,3381,3381,1.6350000000000025,1.7902647440299078,1.9409475852597848
3382,3382,3382,1.6366666666666676,1.7902647440299078,1.9409475852597848
3383,3383,3383,1.6383333333333336,1.7902647440299078,1.9413290608072025
3384,3384,3384,1.6400000000000015,1.7906462195773252,1.9409475852597848
3385,3385,3385,1.6416666666666684,1.7902647440299078,1.9413290608072025
3386,3386,3386,1.6433333333333335,1.7902647440299078,1.94171053635462
3387,3387,3387,1.6450000000000005,1.7902647440299078,1.9413290608072025
3388,3388,3388,1.6466666666666674,1.7910276951247426,1.94171053635462
3389,3389,3389,1.6483333333333325,1.7910276951247426,1.942092011902037
3390,3390,3390,1.6500000000000004,1.7902647440299078,1.94171053635462
3391,3391,3391,1.6516666666666673,1.7898832684824904,1.9413290608072025
3392,3392,3392,1.6533333333333324,1.7902647440299078,1.9413290608072025
3393,3393,3393,1.6550000000000002,1.7902647440299078,1.9413290608072025
3394,3394,3394,1.6566666666666672,1.7898832684824904,1.9413290608072025
3395,3395,3395,1.658333333333334,1.7902647440299078,1.9409475852597848
3396,3396,3396,1.6600000000000001,1.7902647440299078,1.940566109712368
3397,3397,3397,1.661666666666667,1.7902647440299078,1.9409475852597848
3398,3398,3398,1.663333333333334,1.7910276951247426,1.9409475852597848
3399,3399,3399,1.665,1.7910276951247426,1.9409475852597848
3400,3400,3400,1.6666666666666679,1.7898832684824904,1.9413290608072025
3401,3401,3401,1.668333333333334,1.7895017929350734,1.94171053635462
3402,3402,3402,1.67,1.7895017929350734,1.94171053635462
3403,3403,3403,1.6716666666666677,1.7902647440299078,1.94171053635462
3404,3404,3404,1.6733333333333338,1.7910276951247426,1.942092011902037
3405,3405,3405,1.6750000000000025,1.7910276951247426,1.94171053635462
3406,3406,3406,1.6766666666666676,1.7914091706721598,1.9413290608072025
3407,3407,3407,1.6783333333333337,1.7910276951247426,1.9409475852597848
3408,3408,3408,1.6800000000000015,1.7898832684824904,1.942092011902037
3409,3409,3409,1.6816666666666684,1.7898832684824904,1.942092011902037
3410,3410,3410,1.6833333333333336,1.7898832684824904,1.9413290608072025
3411,3411,3411,1.6850000000000005,1.7898832684824904,1.9413290608072025
3412,3412,3412,1.6866666666666674,1.7910276951247426,1.9409475852597848
3413,3413,3413,1.6883333333333335,1.7910276951247426,1.9413290608072025
3414,3414,3414,1.6900000000000004,1.7910276951247426,1.94171053635462
3415,3415,3415,1.6916666666666673,1.7902647440299078,1.94171053635462
3416,3416,3416,1.6933333333333325,1.7914091706721598,1.9424734874494545
3417,3417,3417,1.6950000000000003,1.7906462195773252,1.9424734874494545
3418,3418,3418,1.6966666666666672,1.7906462195773252,1.942092011902037
3419,3419,3419,1.6983333333333341,1.7910276951247426,1.94171053635462
3420,3420,3420,1.7000000000000002,1.7906462195773252,1.94171053635462
3421,3421,3421,1.701666666666667,1.7906462195773252,1.9424734874494545
3422,3422,3422,1.703333333333334,1.7906462195773252,1.94171053635462
3423,3423,3423,1.705,1.7906462195773252,1.9413290608072025
3424,3424,3424,1.7066666666666679,1.7906462195773252,1.94171053635462
3425,3425,3425,1.708333333333334,1.7898832684824904,1.94171053635462
3426,3426,3426,1.71,1.7902647440299078,1.942092011902037
3427,3427,3427,1.7116666666666678,1.7902647440299078,1.9428549629968717
3428,3428,3428,1.7133333333333338,1.7898832684824904,1.9428549629968717
3429,3429,3429,1.7150000000000025,1.7895017929350734,1.94171053635462
3430,3430,3430,1.7166666666666677,1.7895017929350734,1.94171053635462
3431,3431,3431,1.7183333333333337,1.7902647440299078,1.94171053635462
3432,3432,3432,1.7200000000000015,1.7910276951247426,1.942092011902037
3433,3433,3433,1.7216666666666676,1.7906462195773252,1.9424734874494545
3434,3434,3434,1.7233333333333336,1.7906462195773252,1.9424734874494545
3435,3435,3435,1.7250000000000005,1.7898832684824904,1.9428549629968717
3436,3436,3436,1.7266666666666675,1.7898832684824904,1.9428549629968717
3437,3437,3437,1.7283333333333335,1.7910276951247426,1.942092011902037
3438,3438,3438,1.7300000000000004,1.7902647440299078,1.942092011902037
3439,3439,3439,1.7316666666666674,1.7902647440299078,1.9428549629968717
3440,3440,3440,1.7333333333333325,1.7902647440299078,1.9424734874494545
3441,3441,3441,1.7350000000000003,1.7906462195773252,1.9424734874494545
3442,3442,3442,1.7366666666666672,1.7906462195773252,1.9428549629968717
3443,3443,3443,1.7383333333333324,1.7898832684824904,1.9424734874494545
3444,3444,3444,1.7400000000000002,1.7898832684824904,1.9428549629968717
3445,3445,3445,1.7416666666666671,1.7902647440299078,1.9428549629968717
3446,3446,3446,1.743333333333334,1.7910276951247426,1.942092011902037
3447,3447,3447,1.745,1.7902647440299078,1.9428549629968717
3448,3448,3448,1.746666666666667,1.7898832684824904,1.9428549629968717
3449,3449,3449,1.748333333333334,1.7895017929350734,1.9424734874494545
3450,3450,3450,1.75,1.7898832684824904,1.94171053635462
3451,3451,3451,1.7516666666666678,1.7895017929350734,1.9424734874494545
3452,3452,3452,1.7533333333333339,1.7891203173876555,1.9424734874494545
3453,3453,3453,1.7550000000000008,1.7895017929350734,1.942092011902037
3454,3454,3454,1.7566666666666677,1.7895017929350734,1.9424734874494545
3455,3455,3455,1.7583333333333337,1.7891203173876555,1.9424734874494545
3456,3456,3456,1.7600000000000025,1.7895017929350734,1.9428549629968717
3457,3457,3457,1.7616666666666676,1.7898832684824904,1.9424734874494545
3458,3458,3458,1.7633333333333336,1.7898832684824904,1.9424734874494545
3459,3459,3459,1.7650000000000015,1.7895017929350734,1.9428549629968717
3460,3460,3460,1.7666666666666684,1.7902647440299078,1.9428549629968717
3461,3461,3461,1.7683333333333335,1.7910276951247426,1.9428549629968717
3462,3462,3462,1.7700000000000005,1.7902647440299078,1.9428549629968717
3463,3463,3463,1.7716666666666674,1.7906462195773252,1.9424734874494545
3464,3464,3464,1.7733333333333325,1.7902647440299078,1.9424734874494545
3465,3465,3465,1.7750000000000004,1.7898832684824904,1.9424734874494545
3466,3466,3466,1.7766666666666673,1.7906462195773252,1.942092011902037
3467,3467,3467,1.7783333333333324,1.7902647440299078,1.9424734874494545
3468,3468,3468,1.7800000000000002,1.7898832684824904,1.9424734874494545
3469,3469,3469,1.7816666666666672,1.7898832684824904,1.9424734874494545
3470,3470,3470,1.783333333333334,1.7898832684824904,1.9424734874494545
3471,3471,3471,1.7850000000000001,1.7906462195773252,1.9432364385442893
3472,3472,3472,1.786666666666667,1.7906462195773252,1.9424734874494545
3473,3473,3473,1.788333333333334,1.7906462195773252,1.94171053635462
3474,3474,3474,1.79,1.7898832684824904,1.9413290608072025
3475,3475,3475,1.7916666666666679,1.7898832684824904,1.94171053635462
3476,3476,3476,1.793333333333334,1.7906462195773252,1.9424734874494545
3477,3477,3477,1.795,1.7910276951247426,1.9432364385442893
3478,3478,3478,1.7966666666666677,1.7906462195773252,1.9432364385442893
3479,3479,3479,1.7983333333333338,1.7910276951247426,1.9432364385442893
3480,3480,3480,1.8000000000000025,1.7906462195773252,1.9424734874494545
3481,3481,3481,1.8016666666666676,1.7902647440299078,1.942092011902037
3482,3482,3482,1.8033333333333337,1.7906462195773252,1.942092011902037
3483,3483,3483,1.8050000000000015,1.7910276951247426,1.9424734874494545
3484,3484,3484,1.8066666666666684,1.7898832684824904,1.9428549629968717
3485,3485,3485,1.8083333333333336,1.7898832684824904,1.9428549629968717
3486,3486,3486,1.8100000000000005,1.7906462195773252,1.9432364385442893
3487,3487,3487,1.8116666666666674,1.7902647440299078,1.9432364385442893
3488,3488,3488,1.8133333333333335,1.7902647440299078,1.9432364385442893
3489,3489,3489,1.8150000000000004,1.7902647440299078,1.9428549629968717
3490,3490,3490,1.8166666666666673,1.7902647440299078,1.9428549629968717
3491,3491,3491,1.8183333333333325,1.7910276951247426,1.9432364385442893
3492,3492,3492,1.8200000000000003,1.7906462195773252,1.9428549629968717
3493,3493,3493,1.8216666666666672,1.7906462195773252,1.9424734874494545
3494,3494,3494,1.8233333333333341,1.7910276951247426,1.9428549629968717
3495,3495,3495,1.8250000000000002,1.7910276951247426,1.9424734874494545
3496,3496,3496,1.826666666666667,1.7906462195773252,1.9428549629968717
3497,3497,3497,1.828333333333334,1.7910276951247426,1.9424734874494545
3498,3498,3498,1.83,1.7921721217669948,1.94171053635462
3499,3499,3499,1.8316666666666679,1.7917906462195774,1.942092011902037
3500,3500,3500,1.833333333333334,1.7910276951247426,1.94171053635462
3501,3501,3501,1.835,1.7910276951247426,1.94171053635462
3502,3502,3502,1.8366666666666678,1.7914091706721598,1.942092011902037
3503,3503,3503,1.8383333333333338,1.7910276951247426,1.9424734874494545
3504,3504,3504,1.8400000000000025,1.7910276951247426,1.9428549629968717
3505,3505,3505,1.8416666666666677,1.7914091706721598,1.9424734874494545
3506,3506,3506,1.8433333333333337,1.7921721217669948,1.9428549629968717
3507,3507,3507,1.8450000000000015,1.7917906462195774,1.9424734874494545
3508,3508,3508,1.8466666666666676,1.7917906462195774,1.942092011902037
3509,3509,3509,1.8483333333333336,1.7921721217669948,1.9428549629968717
3510,3510,3510,1.8500000000000005,1.7921721217669948,1.9428549629968717
3511,3511,3511,1.8516666666666675,1.7914091706721598,1.9424734874494545
3512,3512,3512,1.8533333333333335,1.7917906462195774,1.9428549629968717
3513,3513,3513,1.8550000000000004,1.7917906462195774,1.9428549629968717
3514,3514,3514,1.8566666666666674,1.7914091706721598,1.9424734874494545
3515,3515,3515,1.8583333333333325,1.7910276951247426,1.942092011902037
3516,3516,3516,1.8600000000000003,1.7910276951247426,1.942092011902037
3517,3517,3517,1.8616666666666672,1.7914091706721598,1.9424734874494545
3518,3518,3518,1.8633333333333324,1.7914091706721598,1.9428549629968717
3519,3519,3519,1.8650000000000002,1.7910276951247426,1.9424734874494545
3520,3520,3520,1.8666666666666671,1.7910276951247426,1.94171053635462
3521,3521,3521,1.868333333333334,1.7914091706721598,1.94171053635462
3522,3522,3522,1.87,1.7910276951247426,1.942092011902037
3523,3523,3523,1.871666666666667,1.7910276951247426,1.94171053635462
3524,3524,3524,1.873333333333334,1.7914091706721598,1.9413290608072025
3525,3525,3525,1.875,1.7910276951247426,1.9413290608072025
3526,3526,3526,1.8766666666666678,1.7906462195773252,1.94171053635462
3527,3527,3527,1.8783333333333339,1.7910276951247426,1.9413290608072025
3528,3528,3528,1.8800000000000008,1.7929350728618296,1.9413290608072025
3529,3529,3529,1.8816666666666677,1.797894254978256,1.94171053635462
3530,3530,3530,1.8833333333333337,1.804379339284352,1.94171053635462
3531,3531,3531,1.8850000000000025,1.8116273746852833,1.9409475852597848
3532,3532,3532,1.8866666666666676,1.816586556801709,1.942092011902037
3533,3533,3533,1.8883333333333336,1.8181124589913784,1.9428549629968717
3534,3534,3534,1.8900000000000015,1.8181124589913784,1.9424734874494545
3535,3535,3535,1.8916666666666684,1.817349507896544,1.942092011902037
3536,3536,3536,1.8933333333333335,1.8158236057068744,1.94171053635462
3537,3537,3537,1.8950000000000005,1.8158236057068744,1.94171053635462
3538,3538,3538,1.8966666666666674,1.8158236057068744,1.942092011902037
3539,3539,3539,1.8983333333333325,1.8158236057068744,1.942092011902037
3540,3540,3540,1.9000000000000004,1.8154421301594568,1.94171053635462
3541,3541,3541,1.9016666666666673,1.8158236057068744,1.9413290608072025
3542,3542,3542,1.9033333333333324,1.81506065461204,1.94171053635462
3543,3543,3543,1.9050000000000002,1.8135347524223693,1.9424734874494545
3544,3544,3544,1.9066666666666672,1.8142977035172043,1.942092011902037
3545,3545,3545,1.908333333333334,1.8135347524223693,1.9428549629968717
3546,3546,3546,1.9100000000000001,1.8135347524223693,1.942092011902037
3547,3547,3547,1.911666666666667,1.8131532768749523,1.9413290608072025
3548,3548,3548,1.913333333333334,1.8120088502327,1.94171053635462
3549,3549,3549,1.915,1.812771801327535,1.9424734874494545
3550,3550,3550,1.9166666666666679,1.8135347524223693,1.942092011902037
3551,3551,3551,1.918333333333334,1.8135347524223693,1.9424734874494545
3552,3552,3552,1.9200000000000008,1.8135347524223693,1.9424734874494545
3553,3553,3553,1.9216666666666677,1.8135347524223693,1.94171053635462
3554,3554,3554,1.9233333333333338,1.8135347524223693,1.94171053635462
3555,3555,3555,1.9250000000000025,1.8131532768749523,1.94171053635462
3556,3556,3556,1.9266666666666676,1.8135347524223693,1.94171053635462
3557,3557,3557,1.9283333333333337,1.8142977035172043,1.9413290608072025
3558,3558,3558,1.9300000000000015,1.8139162279697871,1.942092011902037
3559,3559,3559,1.9316666666666684,1.8135347524223693,1.94171053635462
3560,3560,3560,1.9333333333333336,1.8135347524223693,1.9413290608072025
3561,3561,3561,1.9350000000000005,1.8139162279697871,1.94171053635462
3562,3562,3562,1.9366666666666674,1.8139162279697871,1.94171053635462
3563,3563,3563,1.9383333333333335,1.8142977035172043,1.9424734874494545
3564,3564,3564,1.9400000000000004,1.814679179064622,1.9424734874494545
3565,3565,3565,1.9416666666666673,1.8142977035172043,1.94171053635462
3566,3566,3566,1.9433333333333325,1.814679179064622,1.942092011902037
3567,3567,3567,1.9450000000000003,1.814679179064622,1.9428549629968717
3568,3568,3568,1.9466666666666672,1.8142977035172043,1.942092011902037
3569,3569,3569,1.9483333333333341,1.8142977035172043,1.942092011902037
3570,3570,3570,1.9500000000000002,1.814679179064622,1.9428549629968717
3571,3571,3571,1.951666666666667,1.8142977035172043,1.9428549629968717
3572,3572,3572,1.953333333333334,1.814679179064622,1.94171053635462
3573,3573,3573,1.955,1.814679179064622,1.9413290608072025
3574,3574,3574,1.9566666666666679,1.8135347524223693,1.942092011902037
3575,3575,3575,1.958333333333334,1.8135347524223693,1.94171053635462
3576,3576,3576,1.96,1.8139162279697871,1.9413290608072025
3577,3577,3577,1.9616666666666678,1.8139162279697871,1.94171053635462
3578,3578,3578,1.9633333333333338,1.814679179064622,1.9428549629968717
3579,3579,3579,1.9650000000000025,1.8142977035172043,1.9424734874494545
3580,3580,3580,1.9666666666666677,1.8142977035172043,1.942092011902037
3581,3581,3581,1.9683333333333337,1.8154421301594568,1.9428549629968717
3582,3582,3582,1.9700000000000015,1.816205081254292,1.9428549629968717
3583,3583,3583,1.9716666666666676,1.8158236057068744,1.9428549629968717
3584,3584,3584,1.9733333333333336,1.817349507896544,1.9428549629968717
3585,3585,3585,1.9750000000000005,1.8177309834439608,1.9428549629968717
3586,3586,3586,1.9766666666666675,1.8177309834439608,1.9428549629968717
3587,3587,3587,1.9783333333333335,1.818493934538796,1.9424734874494545
3588,3588,3588,1.9800000000000004,1.8200198367284657,1.9424734874494545
3589,3589,3589,1.9816666666666674,1.8207827878233005,1.9428549629968717
3590,3590,3590,1.9833333333333325,1.8215457389181355,1.9432364385442893
3591,3591,3591,1.9850000000000003,1.821164263370718,1.9432364385442893
3592,3592,3592,1.9866666666666672,1.8204013122758829,1.9428549629968717
3593,3593,3593,1.9883333333333324,1.8207827878233005,1.9432364385442893
3594,3594,3594,1.9900000000000002,1.8219272144655527,1.9436179140917067
3595,3595,3595,1.9916666666666671,1.82230869001297,1.9436179140917067
3596,3596,3596,1.993333333333334,1.82230869001297,1.943999389639124
3597,3597,3597,1.995,1.8219272144655527,1.943999389639124
3598,3598,3598,1.996666666666667,1.8219272144655527,1.9432364385442893
3599,3599,3599,1.998333333333334,1.8226901655603875,1.9432364385442893
3600,3600,3600,2.0,1.8230716411078047,1.9451438162813763
3601,3601,3601,2.001666666666668,1.8234531166552224,1.948577096208133
3602,3602,3602,2.003333333333334,1.8226901655603875,1.9542992294193944
3603,3603,3603,2.005000000000001,1.8230716411078047,1.9611657892729075
3604,3604,3604,2.0066666666666677,1.8230716411078047,1.9661249713893336
3605,3605,3605,2.0083333333333337,1.8226901655603875,1.9684138246738383
3606,3606,3606,2.0100000000000025,1.8234531166552224,1.9695582513160903
3607,3607,3607,2.0116666666666676,1.8230716411078047,1.9684138246738383
3608,3608,3608,2.0133333333333336,1.8230716411078047,1.967650873579004
3609,3609,3609,2.0150000000000015,1.8242160677500567,1.9668879224841689
3610,3610,3610,2.0166666666666675,1.8234531166552224,1.9672693980315856
3611,3611,3611,2.0183333333333335,1.8230716411078047,1.9668879224841689
3612,3612,3612,2.0200000000000005,1.8238345922026398,1.9668879224841689
3613,3613,3613,2.0216666666666674,1.8242160677500567,1.9668879224841689
3614,3614,3614,2.0233333333333325,1.8242160677500567,1.9661249713893336
3615,3615,3615,2.0250000000000004,1.8242160677500567,1.965362020294499
3616,3616,3616,2.0266666666666673,1.8242160677500567,1.965362020294499
3617,3617,3617,2.0283333333333324,1.8234531166552224,1.9649805447470816
3618,3618,3618,2.0300000000000002,1.8234531166552224,1.9649805447470816
3619,3619,3619,2.031666666666667,1.8238345922026398,1.964599069199664
3620,3620,3620,2.033333333333334,1.8234531166552224,1.963454642557412
3621,3621,3621,2.035,1.8242160677500567,1.9638361181048287
3622,3622,3622,2.036666666666667,1.8242160677500567,1.9649805447470816
3623,3623,3623,2.038333333333334,1.8238345922026398,1.9649805447470816
3624,3624,3624,2.04,1.8238345922026398,1.964599069199664
3625,3625,3625,2.041666666666668,1.8238345922026398,1.9649805447470816
3626,3626,3626,2.043333333333334,1.8238345922026398,1.9649805447470816
3627,3627,3627,2.045000000000001,1.8230716411078047,1.9649805447470816
3628,3628,3628,2.0466666666666677,1.8226901655603875,1.965362020294499
3629,3629,3629,2.048333333333334,1.8226901655603875,1.9661249713893336
3630,3630,3630,2.0500000000000025,1.8226901655603875,1.9661249713893336
3631,3631,3631,2.0516666666666676,1.8219272144655527,1.9661249713893336
3632,3632,3632,2.0533333333333337,1.8219272144655527,1.9661249713893336
3633,3633,3633,2.0550000000000015,1.8215457389181355,1.9661249713893336
3634,3634,3634,2.0566666666666684,1.8215457389181355,1.9661249713893336
3635,3635,3635,2.0583333333333336,1.82230869001297,1.966506446936752
3636,3636,3636,2.0600000000000005,1.8215457389181355,1.966506446936752
3637,3637,3637,2.0616666666666674,1.8215457389181355,1.966506446936752
3638,3638,3638,2.0633333333333335,1.821164263370718,1.9668879224841689
3639,3639,3639,2.0650000000000004,1.821164263370718,1.966506446936752
3640,3640,3640,2.0666666666666673,1.821164263370718,1.9661249713893336
3641,3641,3641,2.0683333333333325,1.8207827878233005,1.9661249713893336
3642,3642,3642,2.0700000000000003,1.8207827878233005,1.9661249713893336
3643,3643,3643,2.071666666666667,1.821164263370718,1.9657434958419164
3644,3644,3644,2.073333333333334,1.8219272144655527,1.9657434958419164
3645,3645,3645,2.075,1.8219272144655527,1.9661249713893336
3646,3646,3646,2.076666666666667,1.8215457389181355,1.9657434958419164
3647,3647,3647,2.078333333333334,1.8219272144655527,1.9657434958419164
3648,3648,3648,2.08,1.8219272144655527,1.9657434958419164
3649,3649,3649,2.081666666666668,1.8215457389181355,1.9657434958419164
3650,3650,3650,2.083333333333334,1.8215457389181355,1.9657434958419164
3651,3651,3651,2.085,1.82230869001297,1.9661249713893336
3652,3652,3652,2.086666666666668,1.8215457389181355,1.9661249713893336
3653,3653,3653,2.088333333333334,1.821164263370718,1.9672693980315856
3654,3654,3654,2.0900000000000025,1.821164263370718,1.967650873579004
3655,3655,3655,2.0916666666666677,1.8207827878233005,1.9680323491264209
3656,3656,3656,2.0933333333333337,1.8207827878233005,1.9691767757686731
3657,3657,3657,2.0950000000000015,1.8207827878233005,1.970321202410925
3658,3658,3658,2.0966666666666676,1.8215457389181355,1.9707026779583428
3659,3659,3659,2.0983333333333336,1.821164263370718,1.9710841535057602
3660,3660,3660,2.1000000000000005,1.8207827878233005,1.971847104600595
3661,3661,3661,2.1016666666666675,1.821164263370718,1.9733730067902648
3662,3662,3662,2.1033333333333335,1.821164263370718,1.9741359578851
3663,3663,3663,2.1050000000000004,1.821164263370718,1.9741359578851
3664,3664,3664,2.1066666666666674,1.8207827878233005,1.973754482337682
3665,3665,3665,2.1083333333333325,1.8207827878233005,1.973754482337682
3666,3666,3666,2.1100000000000003,1.8215457389181355,1.973754482337682
3667,3667,3667,2.1116666666666672,1.82230869001297,1.9745174334325168
3668,3668,3668,2.1133333333333324,1.8219272144655527,1.9748989089799345
3669,3669,3669,2.115,1.8219272144655527,1.9741359578851
3670,3670,3670,2.116666666666667,1.8215457389181355,1.9741359578851
3671,3671,3671,2.118333333333334,1.8219272144655527,1.9748989089799345
3672,3672,3672,2.12,1.821164263370718,1.9752803845273519
3673,3673,3673,2.121666666666667,1.821164263370718,1.9756618600747688
3674,3674,3674,2.123333333333334,1.821164263370718,1.9752803845273519
3675,3675,3675,2.125,1.821164263370718,1.9752803845273519
3676,3676,3676,2.126666666666668,1.8215457389181355,1.9756618600747688
3677,3677,3677,2.128333333333334,1.8219272144655527,1.9752803845273519
3678,3678,3678,2.130000000000001,1.8215457389181355,1.9756618600747688
3679,3679,3679,2.1316666666666677,1.821164263370718,1.9756618600747688
3680,3680,3680,2.1333333333333337,1.8204013122758829,1.9756618600747688
3681,3681,3681,2.1350000000000025,1.821164263370718,1.976424811169604
3682,3682,3682,2.1366666666666676,1.8207827878233005,1.9760433356221865
3683,3683,3683,2.1383333333333336,1.8204013122758829,1.9760433356221865
3684,3684,3684,2.1400000000000015,1.8204013122758829,1.976424811169604
3685,3685,3685,2.1416666666666675,1.8200198367284657,1.976424811169604
3686,3686,3686,2.1433333333333335,1.8207827878233005,1.976424811169604
3687,3687,3687,2.1450000000000005,1.8215457389181355,1.9771877622644387
3688,3688,3688,2.1466666666666674,1.821164263370718,1.9768062867170213
3689,3689,3689,2.1483333333333325,1.821164263370718,1.976424811169604
3690,3690,3690,2.1500000000000004,1.8207827878233005,1.9760433356221865
3691,3691,3691,2.1516666666666673,1.8207827878233005,1.9760433356221865
3692,3692,3692,2.1533333333333324,1.8204013122758829,1.976424811169604
3693,3693,3693,2.1550000000000002,1.8207827878233005,1.976424811169604
3694,3694,3694,2.156666666666667,1.8207827878233005,1.9768062867170213
3695,3695,3695,2.158333333333334,1.8207827878233005,1.9768062867170213
3696,3696,3696,2.16,1.8207827878233005,1.9768062867170213
3697,3697,3697,2.161666666666667,1.821164263370718,1.976424811169604
3698,3698,3698,2.163333333333334,1.8204013122758829,1.9768062867170213
3699,3699,3699,2.165,1.821164263370718,1.9760433356221865
3700,3700,3700,2.166666666666668,1.821164263370718,1.9752803845273519
3701,3701,3701,2.168333333333334,1.8207827878233005,1.9752803845273519
3702,3702,3702,2.170000000000001,1.8207827878233005,1.9756618600747688
3703,3703,3703,2.1716666666666677,1.8207827878233005,1.9752803845273519
3704,3704,3704,2.173333333333334,1.821164263370718,1.9748989089799345
3705,3705,3705,2.1750000000000025,1.8215457389181355,1.9745174334325168
3706,3706,3706,2.1766666666666676,1.8215457389181355,1.9745174334325168
3707,3707,3707,2.1783333333333337,1.8215457389181355,1.9745174334325168
3708,3708,3708,2.1800000000000015,1.821164263370718,1.9741359578851
3709,3709,3709,2.1816666666666684,1.821164263370718,1.973754482337682
3710,3710,3710,2.1833333333333336,1.8207827878233005,1.9729915312428472
3711,3711,3711,2.1850000000000005,1.8204013122758829,1.9729915312428472
3712,3712,3712,2.1866666666666674,1.8207827878233005,1.9729915312428472
3713,3713,3713,2.1883333333333335,1.8207827878233005,1.9729915312428472
3714,3714,3714,2.1900000000000004,1.8207827878233005,1.9726100556954296
3715,3715,3715,2.1916666666666673,1.8219272144655527,1.9729915312428472
3716,3716,3716,2.1933333333333325,1.82230869001297,1.9729915312428472
3717,3717,3717,2.1950000000000003,1.8226901655603875,1.9733730067902648
3718,3718,3718,2.196666666666667,1.8230716411078047,1.9726100556954296
3719,3719,3719,2.198333333333334,1.82230869001297,1.9726100556954296
3720,3720,3720,2.2,1.8215457389181355,1.9729915312428472
3721,3721,3721,2.201666666666667,1.82230869001297,1.9722285801480124
3722,3722,3722,2.203333333333334,1.8215457389181355,1.9726100556954296
3723,3723,3723,2.205,1.8215457389181355,1.9729915312428472
3724,3724,3724,2.206666666666668,1.82230869001297,1.9722285801480124
3725,3725,3725,2.208333333333334,1.8226901655603875,1.971847104600595
3726,3726,3726,2.21,1.8226901655603875,1.9722285801480124
3727,3727,3727,2.211666666666668,1.8226901655603875,1.971847104600595
3728,3728,3728,2.213333333333334,1.8226901655603875,1.9710841535057602
3729,3729,3729,2.2150000000000025,1.8230716411078047,1.9714656290531776
3730,3730,3730,2.2166666666666677,1.8226901655603875,1.971847104600595
3731,3731,3731,2.2183333333333337,1.8215457389181355,1.9714656290531776
3732,3732,3732,2.2200000000000015,1.8219272144655527,1.9714656290531776
3733,3733,3733,2.2216666666666676,1.8219272144655527,1.9714656290531776
3734,3734,3734,2.2233333333333336,1.8215457389181355,1.9714656290531776
3735,3735,3735,2.2250000000000005,1.821164263370718,1.9714656290531776
3736,3736,3736,2.2266666666666675,1.8219272144655527,1.9714656290531776
3737,3737,3737,2.2283333333333335,1.82230869001297,1.9710841535057602
3738,3738,3738,2.2300000000000004,1.82230869001297,1.971847104600595
3739,3739,3739,2.2316666666666674,1.8219272144655527,1.9722285801480124
3740,3740,3740,2.2333333333333325,1.8219272144655527,1.971847104600595
3741,3741,3741,2.2350000000000003,1.8226901655603875,1.9722285801480124
3742,3742,3742,2.2366666666666672,1.8230716411078047,1.971847104600595
3743,3743,3743,2.238333333333334,1.8230716411078047,1.971847104600595
3744,3744,3744,2.24,1.8234531166552224,1.9714656290531776
3745,3745,3745,2.241666666666667,1.8230716411078047,1.9710841535057602
3746,3746,3746,2.243333333333334,1.8234531166552224,1.9714656290531776
3747,3747,3747,2.245,1.8238345922026398,1.971847104600595
3748,3748,3748,2.246666666666667,1.8234531166552224,1.971847104600595
3749,3749,3749,2.248333333333334,1.8234531166552224,1.971847104600595
3750,3750,3750,2.25,1.8230716411078047,1.971847104600595
3751,3751,3751,2.251666666666668,1.8230716411078047,1.9714656290531776
3752,3752,3752,2.253333333333334,1.8230716411078047,1.9710841535057602
3753,3753,3753,2.255000000000001,1.8230716411078047,1.9710841535057602
3754,3754,3754,2.2566666666666677,1.8234531166552224,1.9710841535057602
3755,3755,3755,2.2583333333333337,1.8234531166552224,1.9707026779583428
3756,3756,3756,2.2600000000000025,1.8230716411078047,1.9707026779583428
3757,3757,3757,2.2616666666666676,1.8230716411078047,1.970321202410925
3758,3758,3758,2.2633333333333336,1.82230869001297,1.9707026779583428
3759,3759,3759,2.2650000000000015,1.8230716411078047,1.9707026779583428
3760,3760,3760,2.2666666666666675,1.8226901655603875,1.9707026779583428
3761,3761,3761,2.2683333333333335,1.82230869001297,1.9707026779583428
3762,3762,3762,2.2700000000000005,1.8226901655603875,1.9707026779583428
3763,3763,3763,2.2716666666666674,1.8230716411078047,1.970321202410925
3764,3764,3764,2.2733333333333325,1.8226901655603875,1.969939726863508
3765,3765,3765,2.2750000000000004,1.8219272144655527,1.969939726863508
3766,3766,3766,2.2766666666666673,1.8226901655603875,1.970321202410925
3767,3767,3767,2.2783333333333324,1.8226901655603875,1.970321202410925
3768,3768,3768,2.2800000000000002,1.82230869001297,1.970321202410925
3769,3769,3769,2.281666666666667,1.8226901655603875,1.9707026779583428
3770,3770,3770,2.283333333333334,1.8226901655603875,1.969939726863508
3771,3771,3771,2.285,1.8219272144655527,1.9707026779583428
3772,3772,3772,2.286666666666667,1.8226901655603875,1.9710841535057602
3773,3773,3773,2.288333333333334,1.82230869001297,1.9707026779583428
3774,3774,3774,2.29,1.8219272144655527,1.9707026779583428
3775,3775,3775,2.291666666666668,1.8226901655603875,1.9707026779583428
3776,3776,3776,2.293333333333334,1.82230869001297,1.9714656290531776
3777,3777,3777,2.295000000000001,1.8219272144655527,1.9714656290531776
3778,3778,3778,2.2966666666666677,1.8230716411078047,1.971847104600595
3779,3779,3779,2.298333333333334,1.8226901655603875,1.9714656290531776
3780,3780,3780,2.3000000000000025,1.82230869001297,1.9710841535057602
3781,3781,3781,2.3016666666666676,1.82230869001297,1.9710841535057602
3782,3782,3782,2.3033333333333337,1.82230869001297,1.9707026779583428
3783,3783,3783,2.3050000000000015,1.8230716411078047,1.9707026779583428
3784,3784,3784,2.3066666666666684,1.8234531166552224,1.9707026779583428
3785,3785,3785,2.3083333333333336,1.8234531166552224,1.970321202410925
3786,3786,3786,2.3100000000000005,1.8234531166552224,1.970321202410925
3787,3787,3787,2.3116666666666674,1.8234531166552224,1.9707026779583428
3788,3788,3788,2.3133333333333335,1.8234531166552224,1.9710841535057602
3789,3789,3789,2.3150000000000004,1.8230716411078047,1.9710841535057602
3790,3790,3790,2.3166666666666673,1.82230869001297,1.9714656290531776
3791,3791,3791,2.3183333333333325,1.8226901655603875,1.9710841535057602
3792,3792,3792,2.3200000000000003,1.8230716411078047,1.9710841535057602
3793,3793,3793,2.321666666666667,1.8230716411078047,1.9710841535057602
3794,3794,3794,2.323333333333334,1.8230716411078047,1.9707026779583428
3795,3795,3795,2.325,1.8226901655603875,1.970321202410925
3796,3796,3796,2.326666666666667,1.82230869001297,1.9710841535057602
3797,3797,3797,2.328333333333334,1.8230716411078047,1.9714656290531776
3798,3798,3798,2.33,1.8234531166552224,1.9714656290531776
3799,3799,3799,2.331666666666668,1.8230716411078047,1.9714656290531776
3800,3800,3800,2.333333333333334,1.8219272144655527,1.9714656290531776
3801,3801,3801,2.335,1.8226901655603875,1.9722285801480124
3802,3802,3802,2.336666666666668,1.8226901655603875,1.971847104600595
3803,3803,3803,2.338333333333334,1.8230716411078047,1.9710841535057602
3804,3804,3804,2.3400000000000025,1.8230716411078047,1.9710841535057602
3805,3805,3805,2.3416666666666677,1.8226901655603875,1.9707026779583428
3806,3806,3806,2.3433333333333337,1.8230716411078047,1.9707026779583428
3807,3807,3807,2.3450000000000015,1.8234531166552224,1.9707026779583428
3808,3808,3808,2.3466666666666676,1.8226901655603875,1.9710841535057602
3809,3809,3809,2.3483333333333336,1.8226901655603875,1.9710841535057602
3810,3810,3810,2.3500000000000005,1.8230716411078047,1.9710841535057602
3811,3811,3811,2.3516666666666675,1.8226901655603875,1.9710841535057602
3812,3812,3812,2.3533333333333335,1.8226901655603875,1.9710841535057602
3813,3813,3813,2.3550000000000004,1.8226901655603875,1.9714656290531776
3814,3814,3814,2.3566666666666674,1.82230869001297,1.971847104600595
3815,3815,3815,2.3583333333333325,1.8219272144655527,1.971847104600595
3816,3816,3816,2.3600000000000003,1.8215457389181355,1.9722285801480124
3817,3817,3817,2.3616666666666672,1.8219272144655527,1.9726100556954296
3818,3818,3818,2.363333333333334,1.82230869001297,1.9726100556954296
3819,3819,3819,2.365,1.8230716411078047,1.9733730067902648
3820,3820,3820,2.366666666666667,1.8230716411078047,1.9726100556954296
3821,3821,3821,2.368333333333334,1.8234531166552224,1.9722285801480124
3822,3822,3822,2.37,1.8230716411078047,1.9722285801480124
3823,3823,3823,2.371666666666667,1.8230716411078047,1.971847104600595
3824,3824,3824,2.373333333333334,1.8226901655603875,1.971847104600595
3825,3825,3825,2.375,1.8230716411078047,1.9714656290531776
3826,3826,3826,2.376666666666668,1.8230716411078047,1.9722285801480124
3827,3827,3827,2.378333333333334,1.8230716411078047,1.9722285801480124
3828,3828,3828,2.380000000000001,1.8230716411078047,1.9722285801480124
3829,3829,3829,2.3816666666666677,1.8230716411078047,1.9722285801480124
3830,3830,3830,2.3833333333333337,1.8234531166552224,1.9714656290531776
3831,3831,3831,2.3850000000000025,1.8230716411078047,1.971847104600595
3832,3832,3832,2.3866666666666676,1.8230716411078047,1.971847104600595
3833,3833,3833,2.3883333333333336,1.8230716411078047,1.9714656290531776
3834,3834,3834,2.3900000000000015,1.8238345922026398,1.971847104600595
3835,3835,3835,2.3916666666666675,1.8238345922026398,1.9722285801480124
3836,3836,3836,2.3933333333333335,1.8234531166552224,1.971847104600595
3837,3837,3837,2.3950000000000005,1.8234531166552224,1.9714656290531776
3838,3838,3838,2.3966666666666674,1.8238345922026398,1.971847104600595
3839,3839,3839,2.3983333333333325,1.8234531166552224,1.9729915312428472
3840,3840,3840,2.4000000000000004,1.8238345922026398,1.971847104600595
3841,3841,3841,2.4016666666666673,1.8234531166552224,1.9726100556954296
3842,3842,3842,2.4033333333333324,1.8238345922026398,1.9729915312428472
3843,3843,3843,2.4050000000000002,1.8234531166552224,1.9722285801480124
3844,3844,3844,2.406666666666667,1.8230716411078047,1.9726100556954296
3845,3845,3845,2.408333333333334,1.8226901655603875,1.9726100556954296
3846,3846,3846,2.41,1.8230716411078047,1.9722285801480124
3847,3847,3847,2.411666666666667,1.82230869001297,1.9729915312428472
3848,3848,3848,2.413333333333334,1.8215457389181355,1.9726100556954296
3849,3849,3849,2.415,1.82230869001297,1.9722285801480124
3850,3850,3850,2.416666666666668,1.8226901655603875,1.9729915312428472
3851,3851,3851,2.418333333333334,1.8226901655603875,1.9733730067902648
3852,3852,3852,2.420000000000001,1.8230716411078047,1.9726100556954296
3853,3853,3853,2.4216666666666677,1.8226901655603875,1.9722285801480124
3854,3854,3854,2.423333333333334,1.8226901655603875,1.9726100556954296
3855,3855,3855,2.4250000000000025,1.8234531166552224,1.9729915312428472
3856,3856,3856,2.4266666666666676,1.8234531166552224,1.973754482337682
3857,3857,3857,2.4283333333333337,1.8226901655603875,1.973754482337682
3858,3858,3858,2.4300000000000015,1.8230716411078047,1.973754482337682
3859,3859,3859,2.4316666666666684,1.8234531166552224,1.9733730067902648
3860,3860,3860,2.4333333333333336,1.8230716411078047,1.9733730067902648
3861,3861,3861,2.4350000000000005,1.8238345922026398,1.9733730067902648
3862,3862,3862,2.4366666666666674,1.8238345922026398,1.9726100556954296
3863,3863,3863,2.4383333333333335,1.8234531166552224,1.9729915312428472
3864,3864,3864,2.4400000000000004,1.8234531166552224,1.9729915312428472
3865,3865,3865,2.4416666666666673,1.8230716411078047,1.9733730067902648
3866,3866,3866,2.4433333333333325,1.8230716411078047,1.9733730067902648
3867,3867,3867,2.4450000000000003,1.8230716411078047,1.9729915312428472
3868,3868,3868,2.446666666666667,1.8226901655603875,1.9729915312428472
3869,3869,3869,2.448333333333334,1.8226901655603875,1.9733730067902648
3870,3870,3870,2.45,1.8230716411078047,1.973754482337682
3871,3871,3871,2.451666666666667,1.8234531166552224,1.973754482337682
3872,3872,3872,2.453333333333334,1.8238345922026398,1.9726100556954296
3873,3873,3873,2.455,1.8242160677500567,1.9733730067902648
3874,3874,3874,2.456666666666668,1.8245975432974744,1.9729915312428472
3875,3875,3875,2.458333333333334,1.8242160677500567,1.9729915312428472
3876,3876,3876,2.460000000000001,1.8238345922026398,1.9733730067902648
3877,3877,3877,2.461666666666668,1.8238345922026398,1.9729915312428472
3878,3878,3878,2.463333333333334,1.8245975432974744,1.9733730067902648
3879,3879,3879,2.4650000000000025,1.8238345922026398,1.973754482337682
3880,3880,3880,2.4666666666666677,1.8234531166552224,1.9729915312428472
3881,3881,3881,2.4683333333333337,1.8238345922026398,1.9729915312428472
3882,3882,3882,2.4700000000000015,1.8238345922026398,1.9729915312428472
3883,3883,3883,2.4716666666666676,1.8242160677500567,1.9733730067902648
3884,3884,3884,2.4733333333333336,1.8238345922026398,1.9729915312428472
3885,3885,3885,2.4750000000000005,1.8234531166552224,1.9726100556954296
3886,3886,3886,2.4766666666666675,1.8234531166552224,1.9729915312428472
3887,3887,3887,2.4783333333333335,1.8234531166552224,1.9726100556954296
3888,3888,3888,2.4800000000000004,1.8234531166552224,1.9722285801480124
3889,3889,3889,2.4816666666666674,1.8238345922026398,1.9722285801480124
3890,3890,3890,2.4833333333333325,1.8245975432974744,1.9729915312428472
3891,3891,3891,2.4850000000000003,1.8245975432974744,1.9733730067902648
3892,3892,3892,2.4866666666666672,1.8245975432974744,1.973754482337682
3893,3893,3893,2.488333333333334,1.824979018844892,1.9741359578851
3894,3894,3894,2.49,1.824979018844892,1.973754482337682
3895,3895,3895,2.491666666666667,1.8245975432974744,1.9733730067902648
3896,3896,3896,2.493333333333334,1.8253604943923087,1.9733730067902648
3897,3897,3897,2.495,1.824979018844892,1.9741359578851
3898,3898,3898,2.496666666666667,1.8242160677500567,1.973754482337682
3899,3899,3899,2.498333333333334,1.8238345922026398,1.973754482337682
3900,3900,3900,2.5,1.8238345922026398,1.973754482337682
3901,3901,3901,2.501666666666668,1.8242160677500567,1.973754482337682
3902,3902,3902,2.503333333333334,1.824979018844892,1.9741359578851
3903,3903,3903,2.505000000000001,1.8245975432974744,1.973754482337682
3904,3904,3904,2.5066666666666677,1.824979018844892,1.973754482337682
3905,3905,3905,2.5083333333333337,1.824979018844892,1.9741359578851
3906,3906,3906,2.5100000000000025,1.8242160677500567,1.9745174334325168
3907,3907,3907,2.5116666666666676,1.8234531166552224,1.9748989089799345
3908,3908,3908,2.5133333333333336,1.8238345922026398,1.9741359578851
3909,3909,3909,2.5150000000000015,1.8238345922026398,1.9748989089799345
3910,3910,3910,2.5166666666666675,1.8245975432974744,1.9745174334325168
3911,3911,3911,2.5183333333333335,1.824979018844892,1.9745174334325168
3912,3912,3912,2.5200000000000005,1.8253604943923087,1.9752803845273519
3913,3913,3913,2.5216666666666674,1.8253604943923087,1.9748989089799345
3914,3914,3914,2.5233333333333325,1.8242160677500567,1.9745174334325168
3915,3915,3915,2.5250000000000004,1.8238345922026398,1.9748989089799345
3916,3916,3916,2.5266666666666673,1.8245975432974744,1.9745174334325168
3917,3917,3917,2.5283333333333324,1.8242160677500567,1.9741359578851
3918,3918,3918,2.5300000000000002,1.8238345922026398,1.9745174334325168
3919,3919,3919,2.531666666666667,1.824979018844892,1.9741359578851
3920,3920,3920,2.533333333333334,1.8242160677500567,1.9733730067902648
3921,3921,3921,2.535,1.8245975432974744,1.973754482337682
3922,3922,3922,2.536666666666667,1.8253604943923087,1.973754482337682
3923,3923,3923,2.538333333333334,1.824979018844892,1.973754482337682
3924,3924,3924,2.54,1.8245975432974744,1.9741359578851
3925,3925,3925,2.541666666666668,1.824979018844892,1.9741359578851
3926,3926,3926,2.543333333333334,1.8253604943923087,1.973754482337682
3927,3927,3927,2.545000000000001,1.824979018844892,1.9748989089799345
3928,3928,3928,2.5466666666666677,1.824979018844892,1.9752803845273519
3929,3929,3929,2.548333333333334,1.8245975432974744,1.9745174334325168
3930,3930,3930,2.5500000000000025,1.824979018844892,1.9741359578851
3931,3931,3931,2.5516666666666676,1.8242160677500567,1.9748989089799345
3932,3932,3932,2.5533333333333337,1.8242160677500567,1.9748989089799345
3933,3933,3933,2.5550000000000015,1.8242160677500567,1.9752803845273519
3934,3934,3934,2.5566666666666675,1.8245975432974744,1.9752803845273519
3935,3935,3935,2.5583333333333336,1.8257419699397268,1.9748989089799345
3936,3936,3936,2.5600000000000005,1.8265049210345616,1.9748989089799345
3937,3937,3937,2.5616666666666674,1.826123445487144,1.9745174334325168
3938,3938,3938,2.5633333333333335,1.826123445487144,1.9741359578851
3939,3939,3939,2.5650000000000004,1.8257419699397268,1.9748989089799345
3940,3940,3940,2.5666666666666673,1.824979018844892,1.9741359578851
3941,3941,3941,2.5683333333333325,1.8253604943923087,1.9745174334325168
3942,3942,3942,2.5700000000000003,1.8257419699397268,1.9745174334325168
3943,3943,3943,2.571666666666667,1.8253604943923087,1.9748989089799345
3944,3944,3944,2.573333333333334,1.826123445487144,1.9748989089799345
3945,3945,3945,2.575,1.8253604943923087,1.9752803845273519
3946,3946,3946,2.576666666666667,1.824979018844892,1.9756618600747688
3947,3947,3947,2.578333333333334,1.8257419699397268,1.9756618600747688
3948,3948,3948,2.58,1.8265049210345616,1.9756618600747688
3949,3949,3949,2.581666666666668,1.826123445487144,1.9756618600747688
3950,3950,3950,2.583333333333334,1.8257419699397268,1.9752803845273519
3951,3951,3951,2.585000000000001,1.826123445487144,1.9756618600747688
3952,3952,3952,2.586666666666668,1.826123445487144,1.9748989089799345
3953,3953,3953,2.588333333333334,1.8253604943923087,1.9752803845273519
3954,3954,3954,2.5900000000000025,1.8253604943923087,1.9756618600747688
3955,3955,3955,2.5916666666666677,1.824979018844892,1.9756618600747688
3956,3956,3956,2.5933333333333337,1.8253604943923087,1.9756618600747688
3957,3957,3957,2.5950000000000015,1.8257419699397268,1.9756618600747688
3958,3958,3958,2.5966666666666676,1.824979018844892,1.9748989089799345
3959,3959,3959,2.5983333333333336,1.824979018844892,1.9748989089799345
3960,3960,3960,2.6000000000000005,1.8257419699397268,1.9752803845273519
3961,3961,3961,2.6016666666666675,1.826123445487144,1.9756618600747688
3962,3962,3962,2.6033333333333335,1.8257419699397268,1.9760433356221865
3963,3963,3963,2.6050000000000004,1.8265049210345616,1.976424811169604
3964,3964,3964,2.6066666666666674,1.826123445487144,1.9760433356221865
3965,3965,3965,2.6083333333333325,1.8257419699397268,1.9760433356221865
3966,3966,3966,2.6100000000000003,1.8265049210345616,1.976424811169604
3967,3967,3967,2.6116666666666672,1.826886396581979,1.9760433356221865
3968,3968,3968,2.613333333333334,1.826886396581979,1.976424811169604
3969,3969,3969,2.615,1.8272678721293965,1.976424811169604
3970,3970,3970,2.616666666666667,1.8265049210345616,1.9760433356221865
3971,3971,3971,2.618333333333334,1.826123445487144,1.9756618600747688
3972,3972,3972,2.62,1.8265049210345616,1.9760433356221865
3973,3973,3973,2.621666666666667,1.8265049210345616,1.9760433356221865
3974,3974,3974,2.623333333333334,1.826123445487144,1.9760433356221865
3975,3975,3975,2.625,1.826123445487144,1.9760433356221865
3976,3976,3976,2.626666666666668,1.8265049210345616,1.976424811169604
3977,3977,3977,2.628333333333334,1.826123445487144,1.9768062867170213
3978,3978,3978,2.630000000000001,1.826123445487144,1.9760433356221865
3979,3979,3979,2.6316666666666677,1.8265049210345616,1.9756618600747688
3980,3980,3980,2.6333333333333337,1.8265049210345616,1.9752803845273519
3981,3981,3981,2.6350000000000025,1.8265049210345616,1.9760433356221865
3982,3982,3982,2.6366666666666676,1.8265049210345616,1.976424811169604
3983,3983,3983,2.6383333333333336,1.8272678721293965,1.976424811169604
3984,3984,3984,2.6400000000000015,1.8272678721293965,1.9768062867170213
3985,3985,3985,2.6416666666666675,1.826886396581979,1.9768062867170213
3986,3986,3986,2.6433333333333335,1.8265049210345616,1.9760433356221865
3987,3987,3987,2.6450000000000005,1.826123445487144,1.9760433356221865
3988,3988,3988,2.6466666666666674,1.8265049210345616,1.976424811169604
3989,3989,3989,2.6483333333333325,1.8272678721293965,1.976424811169604
3990,3990,3990,2.6500000000000004,1.8272678721293965,1.9760433356221865
3991,3991,3991,2.6516666666666673,1.8272678721293965,1.976424811169604
3992,3992,3992,2.6533333333333324,1.8280308232242315,1.9768062867170213
3993,3993,3993,2.6550000000000002,1.8276493476768136,1.976424811169604
3994,3994,3994,2.656666666666667,1.8265049210345616,1.9771877622644387
3995,3995,3995,2.658333333333334,1.8265049210345616,1.9768062867170213
3996,3996,3996,2.66,1.8272678721293965,1.9768062867170213
3997,3997,3997,2.661666666666667,1.8280308232242315,1.9768062867170213
3998,3998,3998,2.663333333333334,1.8280308232242315,1.9768062867170213
3999,3999,3999,2.665,1.826886396581979,1.9771877622644387
4000,4000,4000,2.666666666666668,1.8265049210345616,1.9768062867170213
4001,4001,4001,2.668333333333334,1.826886396581979,1.9768062867170213
4002,4002,4002,2.670000000000001,1.826886396581979,1.9768062867170213
4003,4003,4003,2.6716666666666677,1.826886396581979,1.976424811169604
4004,4004,4004,2.673333333333334,1.8276493476768136,1.9760433356221865
4005,4005,4005,2.6750000000000025,1.8280308232242315,1.9760433356221865
4006,4006,4006,2.6766666666666676,1.8272678721293965,1.9768062867170213
4007,4007,4007,2.6783333333333337,1.8272678721293965,1.9771877622644387
4008,4008,4008,2.6800000000000015,1.826886396581979,1.9783321889066907
4009,4009,4009,2.6816666666666675,1.8265049210345616,1.9779507133592733
4010,4010,4010,2.6833333333333336,1.8276493476768136,1.9779507133592733
4011,4011,4011,2.6850000000000005,1.826886396581979,1.9779507133592733
4012,4012,4012,2.6866666666666674,1.8265049210345616,1.9768062867170213
4013,4013,4013,2.6883333333333335,1.826886396581979,1.9771877622644387
4014,4014,4014,2.6900000000000004,1.826886396581979,1.9779507133592733
4015,4015,4015,2.6916666666666673,1.8276493476768136,1.977569237811856
4016,4016,4016,2.6933333333333325,1.8280308232242315,1.9783321889066907
4017,4017,4017,2.6950000000000003,1.8280308232242315,1.9779507133592733
4018,4018,4018,2.696666666666667,1.8284122987716493,1.9771877622644387
4019,4019,4019,2.698333333333334,1.8284122987716493,1.9779507133592733
4020,4020,4020,2.7,1.8280308232242315,1.9783321889066907
4021,4021,4021,2.701666666666667,1.8280308232242315,1.9783321889066907
4022,4022,4022,2.703333333333334,1.8287937743190656,1.9783321889066907
4023,4023,4023,2.705,1.8287937743190656,1.9783321889066907
4024,4024,4024,2.706666666666668,1.8287937743190656,1.9783321889066907
4025,4025,4025,2.708333333333334,1.8284122987716493,1.977569237811856
4026,4026,4026,2.710000000000001,1.8284122987716493,1.977569237811856
4027,4027,4027,2.711666666666668,1.8280308232242315,1.977569237811856
4028,4028,4028,2.713333333333334,1.8284122987716493,1.977569237811856
4029,4029,4029,2.7150000000000025,1.8284122987716493,1.977569237811856
4030,4030,4030,2.7166666666666677,1.8287937743190656,1.977569237811856
4031,4031,4031,2.7183333333333337,1.8280308232242315,1.9771877622644387
4032,4032,4032,2.7200000000000015,1.8280308232242315,1.977569237811856
4033,4033,4033,2.7216666666666676,1.8276493476768136,1.9783321889066907
4034,4034,4034,2.7233333333333336,1.8287937743190656,1.9779507133592733
4035,4035,4035,2.7250000000000005,1.8284122987716493,1.9783321889066907
4036,4036,4036,2.7266666666666675,1.8284122987716493,1.9787136644541083
4037,4037,4037,2.7283333333333335,1.8284122987716493,1.9783321889066907
4038,4038,4038,2.7300000000000004,1.8276493476768136,1.9787136644541083
4039,4039,4039,2.7316666666666674,1.8276493476768136,1.9790951400015253
4040,4040,4040,2.7333333333333325,1.8280308232242315,1.9787136644541083
4041,4041,4041,2.7350000000000003,1.8287937743190656,1.9794766155489432
4042,4042,4042,2.7366666666666672,1.8284122987716493,1.9787136644541083
4043,4043,4043,2.738333333333334,1.8287937743190656,1.9783321889066907
4044,4044,4044,2.74,1.8284122987716493,1.9790951400015253
4045,4045,4045,2.741666666666667,1.8284122987716493,1.9790951400015253
4046,4046,4046,2.743333333333334,1.8291752498664835,1.9787136644541083
4047,4047,4047,2.745,1.8303196765087357,1.9787136644541083
4048,4048,4048,2.746666666666667,1.8291752498664835,1.9790951400015253
4049,4049,4049,2.748333333333334,1.8291752498664835,1.9787136644541083
4050,4050,4050,2.75,1.8291752498664835,1.9787136644541083
4051,4051,4051,2.751666666666668,1.8287937743190656,1.9790951400015253
4052,4052,4052,2.753333333333334,1.8287937743190656,1.9790951400015253
4053,4053,4053,2.755000000000001,1.8291752498664835,1.9790951400015253
4054,4054,4054,2.7566666666666677,1.8287937743190656,1.9790951400015253
4055,4055,4055,2.7583333333333337,1.8287937743190656,1.9790951400015253
4056,4056,4056,2.7600000000000025,1.8291752498664835,1.9794766155489432
4057,4057,4057,2.7616666666666676,1.8291752498664835,1.9790951400015253
4058,4058,4058,2.7633333333333336,1.8284122987716493,1.9790951400015253
4059,4059,4059,2.7650000000000015,1.8284122987716493,1.9790951400015253
4060,4060,4060,2.7666666666666675,1.8280308232242315,1.9787136644541083
4061,4061,4061,2.7683333333333335,1.8287937743190656,1.9794766155489432
4062,4062,4062,2.7700000000000005,1.8287937743190656,1.980239566643778
4063,4063,4063,2.7716666666666674,1.8287937743190656,1.980239566643778
4064,4064,4064,2.7733333333333325,1.8287937743190656,1.980621042191196
4065,4065,4065,2.7750000000000004,1.8287937743190656,1.980239566643778
4066,4066,4066,2.7766666666666673,1.8287937743190656,1.9794766155489432
4067,4067,4067,2.7783333333333324,1.8287937743190656,1.9794766155489432
4068,4068,4068,2.7800000000000002,1.8299382009613183,1.9798580910963608
4069,4069,4069,2.781666666666667,1.8287937743190656,1.980239566643778
4070,4070,4070,2.783333333333334,1.8287937743190656,1.980239566643778
4071,4071,4071,2.785,1.8291752498664835,1.9798580910963608
4072,4072,4072,2.786666666666667,1.8291752498664835,1.9798580910963608
4073,4073,4073,2.788333333333334,1.829556725413901,1.9794766155489432
4074,4074,4074,2.79,1.8299382009613183,1.9798580910963608
4075,4075,4075,2.791666666666668,1.829556725413901,1.9794766155489432
4076,4076,4076,2.793333333333334,1.8299382009613183,1.980239566643778
4077,4077,4077,2.795000000000001,1.8303196765087357,1.980621042191196
4078,4078,4078,2.7966666666666677,1.8299382009613183,1.980239566643778
4079,4079,4079,2.798333333333334,1.8291752498664835,1.9798580910963608
4080,4080,4080,2.8000000000000025,1.829556725413901,1.9798580910963608
4081,4081,4081,2.8016666666666676,1.8303196765087357,1.9798580910963608
4082,4082,4082,2.8033333333333337,1.8299382009613183,1.980239566643778
4083,4083,4083,2.8050000000000015,1.8287937743190656,1.980239566643778
4084,4084,4084,2.8066666666666675,1.8287937743190656,1.9798580910963608
4085,4085,4085,2.8083333333333336,1.8291752498664835,1.9798580910963608
4086,4086,4086,2.8100000000000005,1.8291752498664835,1.980239566643778
4087,4087,4087,2.8116666666666674,1.829556725413901,1.980621042191196
4088,4088,4088,2.8133333333333335,1.8299382009613183,1.9810025177386128
4089,4089,4089,2.8150000000000004,1.829556725413901,1.9810025177386128
4090,4090,4090,2.8166666666666673,1.8291752498664835,1.9813839932860304
4091,4091,4091,2.8183333333333325,1.8299382009613183,1.9813839932860304
4092,4092,4092,2.8200000000000003,1.8303196765087357,1.9813839932860304
4093,4093,4093,2.821666666666667,1.829556725413901,1.9810025177386128
4094,4094,4094,2.823333333333334,1.829556725413901,1.9813839932860304
4095,4095,4095,2.825,1.829556725413901,1.9817654688334483
4096,4096,4096,2.826666666666667,1.8299382009613183,1.982146944380865
4097,4097,4097,2.828333333333334,1.8299382009613183,1.9817654688334483
4098,4098,4098,2.83,1.8307011520561527,1.9817654688334483
4099,4099,4099,2.831666666666668,1.8307011520561527,1.9813839932860304
4100,4100,4100,2.833333333333334,1.8307011520561527,1.9810025177386128
4101,4101,4101,2.835000000000001,1.8307011520561527,1.9813839932860304
4102,4102,4102,2.836666666666668,1.8307011520561527,1.9817654688334483
4103,4103,4103,2.838333333333334,1.8307011520561527,1.9810025177386128
4104,4104,4104,2.8400000000000025,1.8307011520561527,1.9810025177386128
4105,4105,4105,2.8416666666666677,1.8303196765087357,1.9810025177386128
4106,4106,4106,2.8433333333333337,1.8299382009613183,1.9817654688334483
4107,4107,4107,2.8450000000000015,1.8303196765087357,1.982146944380865
4108,4108,4108,2.8466666666666676,1.8303196765087357,1.9817654688334483
4109,4109,4109,2.8483333333333336,1.8307011520561527,1.9817654688334483
4110,4110,4110,2.8500000000000005,1.8307011520561527,1.9810025177386128
4111,4111,4111,2.8516666666666675,1.8307011520561527,1.9810025177386128
4112,4112,4112,2.8533333333333335,1.8299382009613183,1.9813839932860304
4113,4113,4113,2.8550000000000004,1.8307011520561527,1.9817654688334483
4114,4114,4114,2.8566666666666674,1.8299382009613183,1.9817654688334483
4115,4115,4115,2.8583333333333325,1.8303196765087357,1.9817654688334483
4116,4116,4116,2.8600000000000003,1.8310826276035703,1.9817654688334483
4117,4117,4117,2.8616666666666672,1.8310826276035703,1.9817654688334483
4118,4118,4118,2.863333333333334,1.8318455786984047,1.9825284199282824
4119,4119,4119,2.865,1.831464103150988,1.9829098954756998
4120,4120,4120,2.866666666666667,1.831464103150988,1.9825284199282824
4121,4121,4121,2.868333333333334,1.8310826276035703,1.9825284199282824
4122,4122,4122,2.87,1.831464103150988,1.9825284199282824
4123,4123,4123,2.871666666666667,1.831464103150988,1.9817654688334483
4124,4124,4124,2.873333333333334,1.831464103150988,1.9817654688334483
4125,4125,4125,2.875,1.831464103150988,1.982146944380865
4126,4126,4126,2.876666666666668,1.8318455786984047,1.982146944380865
4127,4127,4127,2.878333333333334,1.8318455786984047,1.982146944380865
4128,4128,4128,2.880000000000001,1.831464103150988,1.982146944380865
4129,4129,4129,2.8816666666666677,1.831464103150988,1.9825284199282824
4130,4130,4130,2.8833333333333337,1.8310826276035703,1.9817654688334483
4131,4131,4131,2.8850000000000025,1.8310826276035703,1.9817654688334483
4132,4132,4132,2.8866666666666676,1.8318455786984047,1.9817654688334483
4133,4133,4133,2.8883333333333336,1.8322270542458228,1.982146944380865
4134,4134,4134,2.8900000000000015,1.8322270542458228,1.9825284199282824
4135,4135,4135,2.8916666666666675,1.8322270542458228,1.9825284199282824
4136,4136,4136,2.8933333333333335,1.8318455786984047,1.9829098954756998
4137,4137,4137,2.8950000000000005,1.8322270542458228,1.9832913710231173
4138,4138,4138,2.8966666666666674,1.8322270542458228,1.9836728465705349
4139,4139,4139,2.8983333333333325,1.8322270542458228,1.984054322117952
4140,4140,4140,2.9000000000000004,1.8318455786984047,1.9844357976653693
4141,4141,4141,2.9016666666666673,1.8326085297932402,1.9844357976653693
4142,4142,4142,2.9033333333333324,1.8322270542458228,1.984817273212787
4143,4143,4143,2.9050000000000002,1.8318455786984047,1.9855802243076217
4144,4144,4144,2.906666666666667,1.8322270542458228,1.9859616998550391
4145,4145,4145,2.908333333333334,1.8318455786984047,1.9859616998550391
4146,4146,4146,2.91,1.8318455786984047,1.986724650949874
4147,4147,4147,2.911666666666667,1.8322270542458228,1.986724650949874
4148,4148,4148,2.913333333333334,1.8322270542458228,1.987106126497292
4149,4149,4149,2.915,1.8326085297932402,1.9874876020447088
4150,4150,4150,2.916666666666668,1.8329900053406576,1.987106126497292
4151,4151,4151,2.918333333333334,1.8326085297932402,1.986724650949874
4152,4152,4152,2.920000000000001,1.8322270542458228,1.987106126497292
4153,4153,4153,2.9216666666666677,1.8329900053406576,1.987106126497292
4154,4154,4154,2.923333333333334,1.8326085297932402,1.987106126497292
4155,4155,4155,2.9250000000000025,1.8329900053406576,1.9859616998550391
4156,4156,4156,2.9266666666666676,1.8329900053406576,1.9855802243076217
4157,4157,4157,2.9283333333333337,1.833371480888075,1.986724650949874
4158,4158,4158,2.9300000000000015,1.8326085297932402,1.986724650949874
4159,4159,4159,2.9316666666666675,1.8329900053406576,1.987106126497292
4160,4160,4160,2.9333333333333336,1.8329900053406576,1.987106126497292
4161,4161,4161,2.9350000000000005,1.8329900053406576,1.987106126497292
4162,4162,4162,2.9366666666666674,1.833371480888075,1.986724650949874
4163,4163,4163,2.9383333333333335,1.8337529564354924,1.987106126497292
4164,4164,4164,2.9400000000000004,1.8329900053406576,1.9874876020447088
4165,4165,4165,2.9416666666666673,1.8322270542458228,1.986724650949874
4166,4166,4166,2.9433333333333325,1.833371480888075,1.986724650949874
4167,4167,4167,2.9450000000000003,1.8329900053406576,1.987106126497292
4168,4168,4168,2.946666666666667,1.833371480888075,1.987106126497292
4169,4169,4169,2.948333333333334,1.8337529564354924,1.987106126497292
4170,4170,4170,2.95,1.8341344319829096,1.9874876020447088
4171,4171,4171,2.951666666666667,1.8345159075303272,1.9878690775921264
4172,4172,4172,2.953333333333334,1.8341344319829096,1.9878690775921264
4173,4173,4173,2.955,1.8337529564354924,1.9878690775921264
4174,4174,4174,2.956666666666668,1.8341344319829096,1.9878690775921264
4175,4175,4175,2.958333333333334,1.8341344319829096,1.9874876020447088
4176,4176,4176,2.960000000000001,1.8341344319829096,1.9878690775921264
4177,4177,4177,2.961666666666668,1.8341344319829096,1.9874876020447088
4178,4178,4178,2.963333333333334,1.8341344319829096,1.9874876020447088
4179,4179,4179,2.9650000000000025,1.8345159075303272,1.9874876020447088
4180,4180,4180,2.9666666666666677,1.8345159075303272,1.9874876020447088
4181,4181,4181,2.9683333333333337,1.8341344319829096,1.9878690775921264
4182,4182,4182,2.9700000000000015,1.8337529564354924,1.9882505531395438
4183,4183,4183,2.9716666666666676,1.8348973830777449,1.9882505531395438
4184,4184,4184,2.9733333333333336,1.83566033417258,1.9874876020447088
4185,4185,4185,2.9750000000000005,1.835278858625162,1.9878690775921264
4186,4186,4186,2.9766666666666675,1.835278858625162,1.9882505531395438
4187,4187,4187,2.9783333333333335,1.8348973830777449,1.9882505531395438
4188,4188,4188,2.9800000000000004,1.835278858625162,1.9890135042343784
4189,4189,4189,2.9816666666666674,1.8345159075303272,1.9890135042343784
4190,4190,4190,2.9833333333333325,1.8345159075303272,1.989394979781796
4191,4191,4191,2.9850000000000003,1.8345159075303272,1.989394979781796
4192,4192,4192,2.9866666666666672,1.835278858625162,1.989394979781796
4193,4193,4193,2.988333333333334,1.835278858625162,1.9890135042343784
4194,4194,4194,2.99,1.8348973830777449,1.989394979781796
4195,4195,4195,2.991666666666667,1.83566033417258,1.989394979781796
4196,4196,4196,2.993333333333334,1.8364232852674145,1.989394979781796
4197,4197,4197,2.995,1.8364232852674145,1.9897764553292128
4198,4198,4198,2.996666666666667,1.836804760814832,1.9897764553292128
4199,4199,4199,2.998333333333334,1.8371862363622489,1.9901579308766304
4200,4200,4200,3.000000000000001,1.8364232852674145,1.9897764553292128
4201,4201,4201,3.001666666666668,1.8364232852674145,1.9901579308766304
4202,4202,4202,3.003333333333334,1.836804760814832,1.9901579308766304
4203,4203,4203,3.005000000000001,1.836804760814832,1.9901579308766304
4204,4204,4204,3.0066666666666677,1.8383306630045009,1.9897764553292128
4205,4205,4205,3.0083333333333337,1.838712138551919,1.9909208819714648
4206,4206,4206,3.0100000000000025,1.8375677119096667,1.9913023575188828
4207,4207,4207,3.0116666666666676,1.8379491874570841,1.9913023575188828
4208,4208,4208,3.0133333333333336,1.8383306630045009,1.9909208819714648
4209,4209,4209,3.0150000000000015,1.8379491874570841,1.9913023575188828
4210,4210,4210,3.0166666666666675,1.8383306630045009,1.9909208819714648
4211,4211,4211,3.0183333333333335,1.8390936140993364,1.9909208819714648
4212,4212,4212,3.0200000000000005,1.839475089646753,1.9913023575188828
4213,4213,4213,3.0216666666666674,1.8390936140993364,1.9913023575188828
4214,4214,4214,3.0233333333333325,1.8390936140993364,1.9916838330663005
4215,4215,4215,3.0250000000000004,1.838712138551919,1.9909208819714648
4216,4216,4216,3.0266666666666673,1.8390936140993364,1.9913023575188828
4217,4217,4217,3.0283333333333324,1.8390936140993364,1.9916838330663005
4218,4218,4218,3.0300000000000002,1.8383306630045009,1.9913023575188828
4219,4219,4219,3.031666666666667,1.839475089646753,1.9916838330663005
4220,4220,4220,3.033333333333334,1.8390936140993364,1.9913023575188828
4221,4221,4221,3.035,1.8390936140993364,1.9920653086137177
4222,4222,4222,3.036666666666667,1.8398565651941712,1.9924467841611355
4223,4223,4223,3.038333333333334,1.8402380407415888,1.9924467841611355
4224,4224,4224,3.04,1.8402380407415888,1.9920653086137177
4225,4225,4225,3.041666666666668,1.8402380407415888,1.9924467841611355
4226,4226,4226,3.043333333333334,1.839475089646753,1.9924467841611355
4227,4227,4227,3.045000000000001,1.8398565651941712,1.9928282597085527
4228,4228,4228,3.0466666666666677,1.839475089646753,1.9928282597085527
4229,4229,4229,3.048333333333334,1.8390936140993364,1.9932097352559701
4230,4230,4230,3.0500000000000025,1.8398565651941712,1.9928282597085527
4231,4231,4231,3.0516666666666676,1.8406195162890056,1.9928282597085527
4232,4232,4232,3.0533333333333337,1.8402380407415888,1.9928282597085527
4233,4233,4233,3.0550000000000015,1.8406195162890056,1.9928282597085527
4234,4234,4234,3.0566666666666675,1.8398565651941712,1.9932097352559701
4235,4235,4235,3.0583333333333336,1.8402380407415888,1.9935912108033875
4236,4236,4236,3.0600000000000005,1.8398565651941712,1.9928282597085527
4237,4237,4237,3.0616666666666674,1.8398565651941712,1.9924467841611355
4238,4238,4238,3.0633333333333335,1.8402380407415888,1.9932097352559701
4239,4239,4239,3.0650000000000004,1.8406195162890056,1.9932097352559701
4240,4240,4240,3.0666666666666673,1.8398565651941712,1.9932097352559701
4241,4241,4241,3.0683333333333325,1.8398565651941712,1.993972686350805
4242,4242,4242,3.0700000000000003,1.8406195162890056,1.993972686350805
4243,4243,4243,3.071666666666667,1.841000991836424,1.9943541618982223
4244,4244,4244,3.073333333333334,1.8402380407415888,1.9943541618982223
4245,4245,4245,3.075,1.8406195162890056,1.9935912108033875
4246,4246,4246,3.076666666666667,1.8413824673838408,1.9943541618982223
4247,4247,4247,3.078333333333334,1.8406195162890056,1.99473563744564
4248,4248,4248,3.08,1.841000991836424,1.99473563744564
4249,4249,4249,3.081666666666668,1.8413824673838408,1.99473563744564
4250,4250,4250,3.083333333333334,1.841000991836424,1.99473563744564
4251,4251,4251,3.085000000000001,1.841000991836424,1.99473563744564
4252,4252,4252,3.086666666666668,1.8425268940260928,1.99473563744564
4253,4253,4253,3.088333333333334,1.8413824673838408,1.99473563744564
4254,4254,4254,3.0900000000000025,1.8413824673838408,1.9943541618982223
4255,4255,4255,3.0916666666666677,1.8417639429312584,1.9951171129930567
4256,4256,4256,3.0933333333333337,1.8413824673838408,1.995880064087892
4257,4257,4257,3.0950000000000015,1.8413824673838408,1.995880064087892
4258,4258,4258,3.0966666666666676,1.8417639429312584,1.995880064087892
4259,4259,4259,3.0983333333333336,1.8413824673838408,1.995880064087892
4260,4260,4260,3.1000000000000005,1.841000991836424,1.9954985885404743
4261,4261,4261,3.1016666666666675,1.8413824673838408,1.9954985885404743
4262,4262,4262,3.1033333333333335,1.8417639429312584,1.9954985885404743
4263,4263,4263,3.1050000000000004,1.842145418478676,1.9951171129930567
4264,4264,4264,3.1066666666666674,1.8417639429312584,1.9954985885404743
4265,4265,4265,3.1083333333333325,1.8417639429312584,1.995880064087892
4266,4266,4266,3.1100000000000003,1.8425268940260928,1.9954985885404743
4267,4267,4267,3.1116666666666672,1.8429083695735105,1.995880064087892
4268,4268,4268,3.113333333333334,1.842145418478676,1.9962615396353087
4269,4269,4269,3.115,1.842145418478676,1.9962615396353087
4270,4270,4270,3.116666666666667,1.842145418478676,1.995880064087892
4271,4271,4271,3.118333333333334,1.8417639429312584,1.9966430151827268
4272,4272,4272,3.12,1.8425268940260928,1.995880064087892
4273,4273,4273,3.121666666666667,1.8429083695735105,1.9954985885404743
4274,4274,4274,3.123333333333334,1.8429083695735105,1.995880064087892
4275,4275,4275,3.125000000000001,1.8432898451209283,1.995880064087892
4276,4276,4276,3.126666666666668,1.8436713206683453,1.9962615396353087
4277,4277,4277,3.128333333333334,1.8425268940260928,1.9974059662775616
4278,4278,4278,3.130000000000001,1.842145418478676,1.995880064087892
4279,4279,4279,3.1316666666666677,1.8432898451209283,1.995880064087892
4280,4280,4280,3.1333333333333337,1.8436713206683453,1.997024490730144
4281,4281,4281,3.1350000000000025,1.8440527962157631,1.9962615396353087
4282,4282,4282,3.1366666666666676,1.8440527962157631,1.9962615396353087
4283,4283,4283,3.1383333333333336,1.8432898451209283,1.9974059662775616
4284,4284,4284,3.1400000000000015,1.8429083695735105,1.9977874418249788
4285,4285,4285,3.1416666666666675,1.8440527962157631,1.9977874418249788
4286,4286,4286,3.1433333333333335,1.84443427176318,1.9977874418249788
4287,4287,4287,3.1450000000000005,1.8440527962157631,1.9974059662775616
4288,4288,4288,3.1466666666666674,1.8440527962157631,1.9977874418249788
4289,4289,4289,3.1483333333333325,1.8440527962157631,1.9981689173723964
4290,4290,4290,3.1500000000000004,1.8440527962157631,1.9974059662775616
4291,4291,4291,3.1516666666666673,1.8440527962157631,1.9985503929198136
4292,4292,4292,3.1533333333333324,1.8440527962157631,1.9985503929198136
4293,4293,4293,3.1550000000000002,1.8436713206683453,1.9981689173723964
4294,4294,4294,3.156666666666667,1.84443427176318,1.998931868467232
4295,4295,4295,3.158333333333334,1.8448157473105973,1.9993133440146489
4296,4296,4296,3.16,1.84443427176318,1.9996948195620656
4297,4297,4297,3.161666666666667,1.84443427176318,1.9996948195620656
4298,4298,4298,3.163333333333334,1.8448157473105973,1.9993133440146489
4299,4299,4299,3.165,1.84443427176318,1.9993133440146489
4300,4300,4300,3.166666666666668,1.8448157473105973,1.9993133440146489
4301,4301,4301,3.168333333333334,1.845197222858015,1.998931868467232
4302,4302,4302,3.170000000000001,1.845197222858015,2.0000762951094835
4303,4303,4303,3.1716666666666677,1.845197222858015,2.000457770656901
4304,4304,4304,3.173333333333334,1.845197222858015,2.0000762951094835
4305,4305,4305,3.1750000000000025,1.8448157473105973,2.000457770656901
4306,4306,4306,3.1766666666666676,1.8448157473105973,2.0000762951094835
4307,4307,4307,3.1783333333333337,1.8448157473105973,2.0000762951094835
4308,4308,4308,3.1800000000000015,1.845197222858015,2.000457770656901
4309,4309,4309,3.1816666666666675,1.845197222858015,2.000457770656901
4310,4310,4310,3.1833333333333336,1.84443427176318,2.000457770656901
4311,4311,4311,3.1850000000000005,1.8448157473105973,2.0008392462043183
4312,4312,4312,3.1866666666666674,1.845197222858015,2.0008392462043183
4313,4313,4313,3.1883333333333335,1.845197222858015,2.0008392462043183
4314,4314,4314,3.1900000000000004,1.8455786984054323,2.0008392462043183
4315,4315,4315,3.1916666666666673,1.8455786984054323,2.0012207217517357
4316,4316,4316,3.1933333333333325,1.8459601739528493,2.0012207217517357
4317,4317,4317,3.1950000000000003,1.8459601739528493,2.0012207217517357
4318,4318,4318,3.196666666666667,1.8459601739528493,2.0019836728465705
4319,4319,4319,3.198333333333334,1.8463416495002671,2.001602197299153
4320,4320,4320,3.2,1.8463416495002671,2.0012207217517357
4321,4321,4321,3.201666666666667,1.8459601739528493,2.002365148393988
4322,4322,4322,3.203333333333334,1.8463416495002671,2.002365148393988
4323,4323,4323,3.205,1.8463416495002671,2.002365148393988
4324,4324,4324,3.206666666666668,1.8459601739528493,2.0031280994888228
4325,4325,4325,3.208333333333334,1.8463416495002671,2.0027466239414053
4326,4326,4326,3.210000000000001,1.8467231250476843,2.002365148393988
4327,4327,4327,3.211666666666668,1.8467231250476843,2.0031280994888228
4328,4328,4328,3.213333333333334,1.8471046005951015,2.0031280994888228
4329,4329,4329,3.2150000000000025,1.8467231250476843,2.0027466239414053
4330,4330,4330,3.2166666666666677,1.8467231250476843,2.00350957503624
4331,4331,4331,3.2183333333333337,1.8467231250476843,2.00350957503624
4332,4332,4332,3.2200000000000015,1.8471046005951015,2.00350957503624
4333,4333,4333,3.2216666666666676,1.8471046005951015,2.00350957503624
4334,4334,4334,3.2233333333333336,1.8467231250476843,2.0046540016784924
4335,4335,4335,3.2249999999999996,1.84748607614252,2.0046540016784924
4336,4336,4336,3.2266666666666675,1.8478675516899368,2.0054169527733268
4337,4337,4337,3.2283333333333326,1.84748607614252,2.0057984283207446
4338,4338,4338,3.2300000000000004,1.8478675516899368,2.0061799038681616
4339,4339,4339,3.2316666666666674,1.84748607614252,2.0065613794155794
4340,4340,4340,3.2333333333333316,1.8471046005951015,2.0061799038681616
4341,4341,4341,3.2350000000000003,1.84748607614252,2.0065613794155794
4342,4342,4342,3.2366666666666672,1.84748607614252,2.0065613794155794
4343,4343,4343,3.238333333333334,1.84748607614252,2.0065613794155794
4344,4344,4344,3.24,1.8482490272373544,2.006942854962997
4345,4345,4345,3.241666666666667,1.8478675516899368,2.0077058060578317
4346,4346,4346,3.243333333333334,1.8478675516899368,2.0077058060578317
4347,4347,4347,3.245,1.8486305027847718,2.0077058060578317
4348,4348,4348,3.246666666666667,1.8486305027847718,2.0084687571526665
4349,4349,4349,3.248333333333334,1.849011978332189,2.0077058060578317
4350,4350,4350,3.250000000000001,1.849011978332189,2.0073243305104143
4351,4351,4351,3.251666666666668,1.8493934538796064,2.008087281605249
4352,4352,4352,3.253333333333334,1.8493934538796064,2.0084687571526665
4353,4353,4353,3.255000000000001,1.8493934538796064,2.008850232700084
4354,4354,4354,3.2566666666666677,1.849011978332189,2.0092317082475013
4355,4355,4355,3.2583333333333337,1.8493934538796064,2.0084687571526665
4356,4356,4356,3.2600000000000025,1.8493934538796064,2.0084687571526665
4357,4357,4357,3.2616666666666676,1.8493934538796064,2.008850232700084
4358,4358,4358,3.2633333333333336,1.849011978332189,2.0096131837949187
4359,4359,4359,3.2650000000000015,1.8493934538796064,2.0096131837949187
4360,4360,4360,3.2666666666666675,1.8493934538796064,2.0096131837949187
4361,4361,4361,3.2683333333333326,1.8493934538796064,2.0096131837949187
4362,4362,4362,3.2699999999999996,1.8501564049744408,2.0096131837949187
4363,4363,4363,3.2716666666666674,1.850919356069276,2.009994659342336
4364,4364,4364,3.2733333333333308,1.850919356069276,2.0096131837949187
4365,4365,4365,3.2750000000000004,1.8501564049744408,2.0096131837949187
4366,4366,4366,3.2766666666666673,1.8505378805218584,2.010757610437171
4367,4367,4367,3.2783333333333324,1.8505378805218584,2.0111390859845883
4368,4368,4368,3.2800000000000002,1.849774929427024,2.0111390859845883
4369,4369,4369,3.281666666666667,1.849774929427024,2.0111390859845883
4370,4370,4370,3.283333333333334,1.8505378805218584,2.011902037079423
4371,4371,4371,3.285,1.8513008316166928,2.0115205615320058
4372,4372,4372,3.286666666666667,1.850919356069276,2.011902037079423
4373,4373,4373,3.288333333333334,1.8513008316166928,2.0122835126268406
4374,4374,4374,3.29,1.8520637827115285,2.0122835126268406
4375,4375,4375,3.291666666666668,1.8520637827115285,2.0122835126268406
4376,4376,4376,3.293333333333334,1.8524452582589457,2.012664988174258
4377,4377,4377,3.295000000000001,1.8516823071641109,2.012664988174258
4378,4378,4378,3.2966666666666677,1.8520637827115285,2.012664988174258
4379,4379,4379,3.298333333333334,1.8524452582589457,2.0130464637216754
4380,4380,4380,3.3000000000000025,1.8520637827115285,2.013427939269093
4381,4381,4381,3.3016666666666676,1.8524452582589457,2.01380941481651
4382,4382,4382,3.3033333333333337,1.8520637827115285,2.013427939269093
4383,4383,4383,3.3050000000000015,1.8520637827115285,2.01380941481651
4384,4384,4384,3.3066666666666675,1.8524452582589457,2.014190890363928
4385,4385,4385,3.3083333333333336,1.8520637827115285,2.014190890363928
4386,4386,4386,3.3099999999999996,1.8524452582589457,2.0149538414587624
4387,4387,4387,3.3116666666666674,1.8539711604486155,2.01533531700618
4388,4388,4388,3.3133333333333326,1.8532082093537805,2.0149538414587624
4389,4389,4389,3.3150000000000004,1.8539711604486155,2.01533531700618
4390,4390,4390,3.3166666666666673,1.8543526359960327,2.01533531700618
4391,4391,4391,3.3183333333333325,1.8543526359960327,2.0160982681010147
4392,4392,4392,3.3200000000000003,1.8551155870908675,2.016479743648432
4393,4393,4393,3.321666666666667,1.855497062638285,2.016479743648432
4394,4394,4394,3.323333333333334,1.8562600137331202,2.016479743648432
4395,4395,4395,3.325,1.8562600137331202,2.016479743648432
4396,4396,4396,3.326666666666667,1.8562600137331202,2.016861219195849
4397,4397,4397,3.328333333333334,1.8570229648279544,2.017242694743267
4398,4398,4398,3.33,1.8570229648279544,2.017242694743267
4399,4399,4399,3.331666666666668,1.857404440375372,2.0176241702906843
4400,4400,4400,3.333333333333334,1.8577859159227887,2.0180056458381017
4401,4401,4401,3.335000000000001,1.857404440375372,2.0180056458381017
4402,4402,4402,3.336666666666668,1.857404440375372,2.0180056458381017
4403,4403,4403,3.338333333333334,1.858548867017624,2.018387121385519
4404,4404,4404,3.3400000000000025,1.858548867017624,2.0187685969329365
4405,4405,4405,3.3416666666666677,1.8589303425650416,2.019150072480354
4406,4406,4406,3.3433333333333337,1.8581673914702068,2.019150072480354
4407,4407,4407,3.3450000000000015,1.8577859159227887,2.019531548027772
4408,4408,4408,3.3466666666666676,1.8577859159227887,2.0202944991226057
4409,4409,4409,3.3483333333333336,1.8581673914702068,2.0202944991226057
4410,4410,4410,3.3499999999999996,1.857404440375372,2.0202944991226057
4411,4411,4411,3.3516666666666675,1.8581673914702068,2.0202944991226057
4412,4412,4412,3.3533333333333326,1.858548867017624,2.020675974670024
4413,4413,4413,3.3550000000000004,1.8589303425650416,2.021057450217441
4414,4414,4414,3.3566666666666674,1.858548867017624,2.0214389257648584
4415,4415,4415,3.3583333333333316,1.858548867017624,2.0214389257648584
4416,4416,4416,3.3600000000000003,1.8589303425650416,2.022201876859693
4417,4417,4417,3.3616666666666672,1.8593118181124588,2.02258335240711
4418,4418,4418,3.363333333333334,1.8596932936598765,2.02258335240711
4419,4419,4419,3.365,1.8596932936598765,2.022964827954528
4420,4420,4420,3.366666666666667,1.8600747692072936,2.023346303501945
4421,4421,4421,3.368333333333334,1.8600747692072936,2.0241092545967803
4422,4422,4422,3.37,1.8596932936598765,2.0241092545967803
4423,4423,4423,3.371666666666667,1.8596932936598765,2.0244907301441977
4424,4424,4424,3.373333333333334,1.8604562447547115,2.024872205691615
4425,4425,4425,3.375000000000001,1.8612191958495456,2.0244907301441977
4426,4426,4426,3.376666666666668,1.8608377203021291,2.0244907301441977
4427,4427,4427,3.378333333333334,1.8604562447547115,2.024872205691615
4428,4428,4428,3.380000000000001,1.8608377203021291,2.0252536812390325
4429,4429,4429,3.3816666666666677,1.8612191958495456,2.0252536812390325
4430,4430,4430,3.3833333333333337,1.8623636224917983,2.0252536812390325
4431,4431,4431,3.3850000000000025,1.8627450980392157,2.02563515678645
4432,4432,4432,3.3866666666666676,1.8627450980392157,2.026016632333868
4433,4433,4433,3.3883333333333336,1.8623636224917983,2.026016632333868
4434,4434,4434,3.3900000000000015,1.8627450980392157,2.0271610589761195
4435,4435,4435,3.3916666666666675,1.8631265735866327,2.0279240100709544
4436,4436,4436,3.3933333333333326,1.8631265735866327,2.0283054856183718
4437,4437,4437,3.3949999999999996,1.8627450980392157,2.0279240100709544
4438,4438,4438,3.3966666666666674,1.8631265735866327,2.0283054856183718
4439,4439,4439,3.3983333333333308,1.8642710002288847,2.028686961165789
4440,4440,4440,3.4000000000000004,1.8642710002288847,2.0283054856183718
4441,4441,4441,3.4016666666666673,1.863889524681468,2.0283054856183718
4442,4442,4442,3.4033333333333324,1.863889524681468,2.028686961165789
4443,4443,4443,3.4050000000000002,1.8646524757763028,2.0298313878080414
4444,4444,4444,3.406666666666667,1.86503395132372,2.030212863355459
4445,4445,4445,3.408333333333334,1.8654154268711376,2.0298313878080414
4446,4446,4446,3.41,1.865796902418555,2.030594338902876
4447,4447,4447,3.411666666666667,1.8654154268711376,2.031357289997711
4448,4448,4448,3.413333333333334,1.8654154268711376,2.0317387655451284
4449,4449,4449,3.415,1.8654154268711376,2.031357289997711
4450,4450,4450,3.416666666666668,1.86503395132372,2.0317387655451284
4451,4451,4451,3.418333333333334,1.8661783779659724,2.032501716639964
4452,4452,4452,3.420000000000001,1.865796902418555,2.032120241092546
4453,4453,4453,3.4216666666666677,1.865796902418555,2.032501716639964
4454,4454,4454,3.423333333333334,1.8669413290608072,2.032501716639964
4455,4455,4455,3.4250000000000025,1.8673228046082249,2.032501716639964
4456,4456,4456,3.4266666666666676,1.8673228046082249,2.033264667734798
4457,4457,4457,3.4283333333333337,1.8673228046082249,2.033264667734798
4458,4458,4458,3.4300000000000015,1.8677042801556416,2.0336461432822155
4459,4459,4459,3.4316666666666675,1.8673228046082249,2.0344090943770503
4460,4460,4460,3.4333333333333336,1.8673228046082249,2.0344090943770503
4461,4461,4461,3.4349999999999996,1.8684672312504769,2.035172045471885
4462,4462,4462,3.4366666666666674,1.86808575570306,2.03593499656672
4463,4463,4463,3.4383333333333326,1.8684672312504769,2.03593499656672
4464,4464,4464,3.4400000000000004,1.8692301823453117,2.0363164721141374
4465,4465,4465,3.4416666666666673,1.8692301823453117,2.0366979476615548
4466,4466,4466,3.4433333333333325,1.869611657892729,2.0374608987563896
4467,4467,4467,3.4450000000000003,1.8692301823453117,2.037842374303807
4468,4468,4468,3.446666666666667,1.8699931334401465,2.037842374303807
4469,4469,4469,3.448333333333334,1.8699931334401465,2.038986800946059
4470,4470,4470,3.45,1.8699931334401465,2.038986800946059
4471,4471,4471,3.451666666666667,1.8699931334401465,2.0393682764934766
4472,4472,4472,3.453333333333334,1.870374608987564,2.0401312275883114
4473,4473,4473,3.455,1.870374608987564,2.039749752040894
4474,4474,4474,3.456666666666668,1.8707560845349809,2.0401312275883114
4475,4475,4475,3.458333333333334,1.8719005111772336,2.0408941786831463
4476,4476,4476,3.460000000000001,1.8730449378194856,2.041657129777981
4477,4477,4477,3.461666666666668,1.8734264133669032,2.042420080872816
4478,4478,4478,3.463333333333334,1.8734264133669032,2.042420080872816
4479,4479,4479,3.4650000000000025,1.8730449378194856,2.0420386053253985
4480,4480,4480,3.4666666666666677,1.8730449378194856,2.0420386053253985
4481,4481,4481,3.4683333333333337,1.8730449378194856,2.042420080872816
4482,4482,4482,3.4700000000000015,1.8730449378194856,2.042420080872816
4483,4483,4483,3.4716666666666676,1.8730449378194856,2.0431830319676507
4484,4484,4484,3.4733333333333336,1.8734264133669032,2.043945983062485
4485,4485,4485,3.4749999999999996,1.874570840009156,2.044327458609903
4486,4486,4486,3.4766666666666675,1.8753337911039905,2.044327458609903
4487,4487,4487,3.4783333333333326,1.875715266651408,2.044327458609903
4488,4488,4488,3.4800000000000004,1.8753337911039905,2.0450904097047378
4489,4489,4489,3.4816666666666674,1.875715266651408,2.045471885252155
4490,4490,4490,3.4833333333333316,1.8760967421988248,2.0458533607995726
4491,4491,4491,3.4850000000000003,1.8760967421988248,2.0466163118944074
4492,4492,4492,3.4866666666666672,1.87685969329366,2.047379262989242
4493,4493,4493,3.488333333333334,1.8772411688410773,2.0477607385366596
4494,4494,4494,3.49,1.87685969329366,2.047379262989242
4495,4495,4495,3.491666666666667,1.8764782177462425,2.0477607385366596
4496,4496,4496,3.493333333333334,1.8764782177462425,2.048142214084077
4497,4497,4497,3.495,1.8772411688410773,2.0496681162737467
4498,4498,4498,3.496666666666667,1.8772411688410773,2.0496681162737467
4499,4499,4499,3.498333333333334,1.87685969329366,2.0496681162737467
4500,4500,4500,3.500000000000001,1.8776226443884951,2.050049591821164
4501,4501,4501,3.501666666666668,1.8783855954833293,2.050431067368581
4502,4502,4502,3.503333333333334,1.8787670710307467,2.0511940184634163
4503,4503,4503,3.505000000000001,1.8787670710307467,2.0523384451056685
4504,4504,4504,3.5066666666666677,1.8791485465781643,2.052719920653086
4505,4505,4505,3.5083333333333337,1.8795300221255813,2.052719920653086
4506,4506,4506,3.5100000000000025,1.8802929732204168,2.052719920653086
4507,4507,4507,3.5116666666666676,1.880674448767834,2.053101396200504
4508,4508,4508,3.5133333333333336,1.881055924315252,2.0534828717479208
4509,4509,4509,3.5150000000000015,1.8818188754100864,2.0534828717479208
4510,4510,4510,3.5166666666666675,1.8814373998626688,2.0534828717479208
4511,4511,4511,3.5183333333333326,1.8814373998626688,2.054627298390173
4512,4512,4512,3.5199999999999996,1.8818188754100864,2.0553902494850083
4513,4513,4513,3.5216666666666674,1.8822003509575043,2.0550087739375904
4514,4514,4514,3.5233333333333308,1.882581826504921,2.0550087739375904
4515,4515,4515,3.5250000000000004,1.8833447775997558,2.055771725032425
4516,4516,4516,3.5266666666666673,1.8833447775997558,2.0561532005798417
4517,4517,4517,3.5283333333333324,1.8837262531471728,2.057297627222095
4518,4518,4518,3.5300000000000002,1.884489204242008,2.0576791027695123
4519,4519,4519,3.531666666666667,1.8852521553368429,2.0580605783169297
4520,4520,4520,3.533333333333334,1.884489204242008,2.0576791027695123
4521,4521,4521,3.535,1.8852521553368429,2.0580605783169297
4522,4522,4522,3.536666666666667,1.8852521553368429,2.0580605783169297
4523,4523,4523,3.538333333333334,1.8852521553368429,2.0588235294117645
4524,4524,4524,3.540000000000001,1.8856336308842605,2.059205004959182
4525,4525,4525,3.541666666666668,1.8860151064316777,2.059205004959182
4526,4526,4526,3.543333333333334,1.886396581979095,2.060349431601434
4527,4527,4527,3.545000000000001,1.8867780575265125,2.0607309071488515
4528,4528,4528,3.5466666666666677,1.88715953307393,2.061112382696269
4529,4529,4529,3.548333333333334,1.8867780575265125,2.0614938582436864
4530,4530,4530,3.5500000000000025,1.8879224841687647,2.0618753337911038
4531,4531,4531,3.5516666666666676,1.8879224841687647,2.062256809338521
4532,4532,4532,3.5533333333333337,1.8879224841687647,2.062256809338521
4533,4533,4533,3.5550000000000015,1.8886854352636,2.0634012359807734
4534,4534,4534,3.5566666666666675,1.8894483863584344,2.063782711528191
4535,4535,4535,3.5583333333333336,1.8894483863584344,2.063782711528191
4536,4536,4536,3.5599999999999996,1.8902113374532687,2.0645456626230256
4537,4537,4537,3.5616666666666674,1.890974288548104,2.064927138170443
4538,4538,4538,3.5633333333333326,1.890974288548104,2.064927138170443
4539,4539,4539,3.5650000000000004,1.8913557640955208,2.0653086137178605
4540,4540,4540,3.5666666666666673,1.8917372396429388,2.066071564812696
4541,4541,4541,3.5683333333333325,1.8917372396429388,2.066071564812696
4542,4542,4542,3.5700000000000003,1.892118715190356,2.066071564812696
4543,4543,4543,3.571666666666667,1.8928816662851908,2.06683451590753
4544,4544,4544,3.573333333333334,1.8932631418326085,2.06683451590753
4545,4545,4545,3.575,1.8940260929274435,2.0672159914549475
4546,4546,4546,3.576666666666667,1.8944075684748607,2.0679789425497823
4547,4547,4547,3.578333333333334,1.894789044022278,2.0687418936446167
4548,4548,4548,3.58,1.894789044022278,2.0698863202868694
4549,4549,4549,3.581666666666668,1.894789044022278,2.0702677958342868
4550,4550,4550,3.583333333333334,1.8951705195696955,2.071030746929122
4551,4551,4551,3.585000000000001,1.8959334706645303,2.0706492713817046
4552,4552,4552,3.586666666666668,1.8963149462119482,2.0706492713817046
4553,4553,4553,3.588333333333334,1.8966964217593647,2.0706492713817046
4554,4554,4554,3.5900000000000025,1.8966964217593647,2.071030746929122
4555,4555,4555,3.5916666666666677,1.8970778973067823,2.071030746929122
4556,4556,4556,3.5933333333333337,1.8974593728542,2.071793698023957
4557,4557,4557,3.5950000000000015,1.8974593728542,2.072556649118792
4558,4558,4558,3.5966666666666676,1.8978408484016167,2.073701075761044
4559,4559,4559,3.5983333333333336,1.898603799496452,2.0740825513084613
4560,4560,4560,3.5999999999999996,1.8989852750438696,2.0740825513084613
4561,4561,4561,3.6016666666666675,1.8993667505912868,2.074845502403296
4562,4562,4562,3.6033333333333326,1.8993667505912868,2.074845502403296
4563,4563,4563,3.6050000000000004,1.8997482261387044,2.074845502403296
4564,4564,4564,3.6066666666666674,1.9001297016861216,2.075608453498131
4565,4565,4565,3.6083333333333316,1.901274128328374,2.0763714045929658
4566,4566,4566,3.6100000000000003,1.901655603875792,2.0763714045929658
4567,4567,4567,3.6116666666666672,1.901655603875792,2.0759899290455484
4568,4568,4568,3.613333333333334,1.9020370794232089,2.0763714045929658
4569,4569,4569,3.615,1.9020370794232089,2.0767528801403827
4570,4570,4570,3.616666666666667,1.9020370794232089,2.0767528801403827
4571,4571,4571,3.618333333333334,1.9024185549706265,2.0767528801403827
4572,4572,4572,3.62,1.902800030518044,2.0771343556878006
4573,4573,4573,3.621666666666667,1.9024185549706265,2.0778973067826354
4574,4574,4574,3.623333333333334,1.903944457160296,2.0778973067826354
4575,4575,4575,3.625000000000001,1.9043259327077133,2.0782787823300533
4576,4576,4576,3.626666666666668,1.9050888838025481,2.0786602578774698
4577,4577,4577,3.628333333333334,1.9058518348973832,2.079041733424888
4578,4578,4578,3.630000000000001,1.9058518348973832,2.0798046845197224
4579,4579,4579,3.6316666666666677,1.9054703593499656,2.0798046845197224
4580,4580,4580,3.6333333333333337,1.9062333104448004,2.08018616006714
4581,4581,4581,3.6350000000000025,1.9069962615396352,2.081330586709392
4582,4582,4582,3.6366666666666676,1.9069962615396352,2.0809491111619747
4583,4583,4583,3.6383333333333336,1.9069962615396352,2.081330586709392
4584,4584,4584,3.6400000000000015,1.9073777370870528,2.081712062256809
4585,4585,4585,3.6416666666666675,1.908140688181888,2.082093537804227
4586,4586,4586,3.6433333333333326,1.908140688181888,2.0824750133516443
4587,4587,4587,3.6449999999999996,1.9092851148241399,2.083237964446479
4588,4588,4588,3.6466666666666674,1.9096665903715568,2.0836194399938965
4589,4589,4589,3.6483333333333308,1.9104295414663919,2.0836194399938965
4590,4590,4590,3.6500000000000004,1.9104295414663919,2.084000915541314
4591,4591,4591,3.6516666666666673,1.9119554436560613,2.0847638666361488
4592,4592,4592,3.6533333333333324,1.911573968108644,2.0847638666361488
4593,4593,4593,3.6550000000000002,1.9108110170138093,2.0847638666361488
4594,4594,4594,3.656666666666667,1.9119554436560613,2.0851453421835657
4595,4595,4595,3.658333333333334,1.9127183947508963,2.084382391088732
4596,4596,4596,3.66,1.9127183947508963,2.0851453421835657
4597,4597,4597,3.661666666666667,1.9130998702983133,2.085526817730984
4598,4598,4598,3.663333333333334,1.9142442969405664,2.085526817730984
4599,4599,4599,3.665000000000001,1.9138628213931488,2.085908293278401
4600,4600,4600,3.666666666666668,1.914625772487984,2.085908293278401
4601,4601,4601,3.668333333333334,1.9142442969405664,2.085908293278401
4602,4602,4602,3.670000000000001,1.914625772487984,2.086671244373236
4603,4603,4603,3.6716666666666677,1.9153887235828184,2.0862897688258184
4604,4604,4604,3.673333333333334,1.9161516746776528,2.0862897688258184
4605,4605,4605,3.6750000000000025,1.9153887235828184,2.087052719920653
4606,4606,4606,3.6766666666666676,1.9165331502250704,2.087815671015488
4607,4607,4607,3.6783333333333337,1.9176775768673229,2.088197146562905
4608,4608,4608,3.6800000000000015,1.9176775768673229,2.088197146562905
4609,4609,4609,3.6816666666666675,1.9176775768673229,2.0885786221103237
4610,4610,4610,3.6833333333333336,1.9180590524147405,2.0889600976577403
4611,4611,4611,3.6849999999999996,1.9188220035095749,2.0893415732051577
4612,4612,4612,3.6866666666666674,1.9192034790569923,2.089723048752575
4613,4613,4613,3.6883333333333326,1.9188220035095749,2.0901045242999925
4614,4614,4614,3.6900000000000004,1.919966430151828,2.0901045242999925
4615,4615,4615,3.6916666666666673,1.9203479056992447,2.090867475394828
4616,4616,4616,3.6933333333333325,1.9203479056992447,2.090867475394828
4617,4617,4617,3.6950000000000003,1.9203479056992447,2.091630426489662
4618,4618,4618,3.696666666666667,1.9203479056992447,2.0920119020370795
4619,4619,4619,3.698333333333334,1.920729381246662,2.092393377584497
4620,4620,4620,3.7,1.920729381246662,2.0927748531319144
4621,4621,4621,3.701666666666667,1.920729381246662,2.092393377584497
4622,4622,4622,3.703333333333334,1.921492332341497,2.0927748531319144
4623,4623,4623,3.705,1.923399710078584,2.0931563286793318
4624,4624,4624,3.706666666666668,1.9230182345311664,2.0935378042267487
4625,4625,4625,3.708333333333334,1.9222552834363318,2.0935378042267487
4626,4626,4626,3.710000000000001,1.923399710078584,2.0939192797741666
4627,4627,4627,3.711666666666668,1.9249256122682536,2.0939192797741666
4628,4628,4628,3.713333333333334,1.9256885633630885,2.0939192797741666
4629,4629,4629,3.7150000000000025,1.9256885633630885,2.094300755321584
4630,4630,4630,3.7166666666666677,1.925307087815671,2.094300755321584
4631,4631,4631,3.7183333333333337,1.9256885633630885,2.095063706416419
4632,4632,4632,3.7200000000000015,1.925307087815671,2.0958266575112536
4633,4633,4633,3.7216666666666676,1.9260700389105057,2.095445181963836
4634,4634,4634,3.7233333333333336,1.9260700389105057,2.095445181963836
4635,4635,4635,3.7249999999999996,1.9264515144579235,2.0958266575112536
4636,4636,4636,3.7266666666666675,1.9272144655527577,2.0962081330586706
4637,4637,4637,3.7283333333333326,1.9268329900053407,2.097352559700924
4638,4638,4638,3.7300000000000004,1.9275959411001755,2.097352559700924
4639,4639,4639,3.7316666666666674,1.9279774166475927,2.097352559700924
4640,4640,4640,3.7333333333333316,1.9275959411001755,2.098115510795758
4641,4641,4641,3.7350000000000003,1.9279774166475927,2.0977340352483407
4642,4642,4642,3.7366666666666672,1.9291218432898447,2.0977340352483407
4643,4643,4643,3.738333333333334,1.92988479438468,2.0977340352483407
4644,4644,4644,3.74,1.9302662699320967,2.0984969863431755
4645,4645,4645,3.741666666666667,1.9295033188372623,2.098115510795758
4646,4646,4646,3.743333333333334,1.92988479438468,2.098878461890593
4647,4647,4647,3.745,1.9306477454795148,2.0992599374380103
4648,4648,4648,3.746666666666667,1.9306477454795148,2.100022888532845
4649,4649,4649,3.748333333333334,1.9306477454795148,2.100022888532845
4650,4650,4650,3.750000000000001,1.931029221026932,2.100022888532845
4651,4651,4651,3.751666666666668,1.9306477454795148,2.100022888532845
4652,4652,4652,3.753333333333334,1.9306477454795148,2.100022888532845
4653,4653,4653,3.755000000000001,1.931029221026932,2.1004043640802625
4654,4654,4654,3.7566666666666677,1.9317921721217668,2.10078583962768
4655,4655,4655,3.7583333333333337,1.9321736476691844,2.100022888532845
4656,4656,4656,3.7600000000000025,1.9329365987640192,2.10078583962768
4657,4657,4657,3.7616666666666676,1.9325551232166016,2.1015487907225148
4658,4658,4658,3.7633333333333336,1.9321736476691844,2.1015487907225148
4659,4659,4659,3.7650000000000015,1.9329365987640192,2.101930266269932
4660,4660,4660,3.7666666666666675,1.9329365987640192,2.101930266269932
4661,4661,4661,3.7683333333333326,1.9329365987640192,2.102693217364767
4662,4662,4662,3.7699999999999996,1.934081025406272,2.1030746929121844
4663,4663,4663,3.7716666666666674,1.934081025406272,2.103456168459602
4664,4664,4664,3.7733333333333308,1.934081025406272,2.103456168459602
4665,4665,4665,3.7750000000000004,1.934081025406272,2.1030746929121844
4666,4666,4666,3.7766666666666673,1.9348439765011065,2.1030746929121844
4667,4667,4667,3.7783333333333324,1.935225452048524,2.1042191195544366
4668,4668,4668,3.7800000000000002,1.9348439765011065,2.1042191195544366
4669,4669,4669,3.781666666666667,1.9348439765011065,2.1042191195544366
4670,4670,4670,3.783333333333334,1.9356069275959409,2.1042191195544366
4671,4671,4671,3.785,1.936369878690776,2.104600595101854
4672,4672,4672,3.786666666666667,1.9359884031433583,2.104600595101854
4673,4673,4673,3.788333333333334,1.936369878690776,2.104600595101854
4674,4674,4674,3.790000000000001,1.9371328297856107,2.104600595101854
4675,4675,4675,3.791666666666668,1.938277256427863,2.104600595101854
4676,4676,4676,3.793333333333334,1.9386587319752804,2.105363546196689
4677,4677,4677,3.795000000000001,1.9386587319752804,2.104600595101854
4678,4678,4678,3.7966666666666677,1.938277256427863,2.105363546196689
4679,4679,4679,3.798333333333334,1.9375143053330282,2.106507972838941
4680,4680,4680,3.8000000000000025,1.9386587319752804,2.106126497291524
4681,4681,4681,3.8016666666666676,1.9394216830701152,2.106126497291524
4682,4682,4682,3.8033333333333337,1.9394216830701152,2.106507972838941
4683,4683,4683,3.8050000000000015,1.9394216830701152,2.1068894483863585
4684,4684,4684,3.8066666666666675,1.9394216830701152,2.1068894483863585
4685,4685,4685,3.8083333333333336,1.940566109712368,2.106507972838941
4686,4686,4686,3.8099999999999996,1.9409475852597848,2.107270923933776
4687,4687,4687,3.8116666666666674,1.9413290608072025,2.107270923933776
4688,4688,4688,3.8133333333333326,1.94171053635462,2.107270923933776
4689,4689,4689,3.8150000000000004,1.942092011902037,2.1068894483863585
4690,4690,4690,3.8166666666666673,1.9432364385442893,2.107270923933776
4691,4691,4691,3.8183333333333325,1.9432364385442893,2.1076523994811933
4692,4692,4692,3.8200000000000003,1.9428549629968717,2.107270923933776
4693,4693,4693,3.821666666666667,1.9436179140917067,2.1068894483863585
4694,4694,4694,3.823333333333334,1.9443808651865413,2.107270923933776
4695,4695,4695,3.825,1.943999389639124,2.108415350576028
4696,4696,4696,3.826666666666667,1.9443808651865413,2.108796826123445
4697,4697,4697,3.828333333333334,1.9443808651865413,2.1080338750286107
4698,4698,4698,3.83,1.9443808651865413,2.108796826123445
4699,4699,4699,3.831666666666668,1.9459067673762112,2.1095597772182804
4700,4700,4700,3.833333333333334,1.9459067673762112,2.1099412527656978
4701,4701,4701,3.835000000000001,1.9466697184710455,2.1099412527656978
4702,4702,4702,3.836666666666668,1.9462882429236288,2.1095597772182804
4703,4703,4703,3.838333333333334,1.9462882429236288,2.1099412527656978
4704,4704,4704,3.8400000000000025,1.9466697184710455,2.1095597772182804
4705,4705,4705,3.8416666666666677,1.9466697184710455,2.1095597772182804
4706,4706,4706,3.8433333333333337,1.9474326695658808,2.1099412527656978
4707,4707,4707,3.8450000000000015,1.9478141451132984,2.1099412527656978
4708,4708,4708,3.8466666666666676,1.947051194018464,2.1107042038605326
4709,4709,4709,3.8483333333333336,1.9474326695658808,2.1107042038605326
4710,4710,4710,3.8499999999999996,1.9474326695658808,2.1107042038605326
4711,4711,4711,3.8516666666666675,1.9481956206607156,2.1107042038605326
4712,4712,4712,3.8533333333333326,1.9481956206607156,2.1107042038605326
4713,4713,4713,3.8550000000000004,1.9481956206607156,2.1107042038605326
4714,4714,4714,3.8566666666666674,1.9478141451132984,2.1114671549553674
4715,4715,4715,3.8583333333333325,1.9481956206607156,2.111848630502785
4716,4716,4716,3.8600000000000003,1.9481956206607156,2.11261158159762
4717,4717,4717,3.8616666666666672,1.9474326695658808,2.111848630502785
4718,4718,4718,3.863333333333334,1.9481956206607156,2.1122301060502022
4719,4719,4719,3.865,1.9489585717555504,2.1122301060502022
4720,4720,4720,3.866666666666667,1.9493400473029678,2.1122301060502022
4721,4721,4721,3.868333333333334,1.9497215228503848,2.11261158159762
4722,4722,4722,3.87,1.9501029983978029,2.1122301060502022
4723,4723,4723,3.871666666666667,1.95048447394522,2.1122301060502022
4724,4724,4724,3.873333333333334,1.9501029983978029,2.111848630502785
4725,4725,4725,3.875000000000001,1.9508659494926373,2.111848630502785
4726,4726,4726,3.876666666666668,1.9508659494926373,2.1129930571450366
4727,4727,4727,3.878333333333334,1.9508659494926373,2.1133745326924545
4728,4728,4728,3.880000000000001,1.9520103761348897,2.113756008239872
4729,4729,4729,3.8816666666666677,1.9520103761348897,2.1129930571450366
4730,4730,4730,3.8833333333333337,1.9516289005874723,2.1129930571450366
4731,4731,4731,3.8850000000000025,1.9520103761348897,2.1133745326924545
4732,4732,4732,3.8866666666666676,1.9516289005874723,2.1133745326924545
4733,4733,4733,3.8883333333333336,1.9520103761348897,2.1133745326924545
4734,4734,4734,3.8900000000000015,1.9523918516823071,2.1141374837872893
4735,4735,4735,3.8916666666666675,1.9523918516823071,2.1141374837872893
4736,4736,4736,3.8933333333333326,1.9527733272297243,2.113756008239872
4737,4737,4737,3.8949999999999996,1.95353627832456,2.1145189593347067
4738,4738,4738,3.8966666666666674,1.95353627832456,2.1145189593347067
4739,4739,4739,3.8983333333333308,1.953154802777142,2.114900434882124
4740,4740,4740,3.9000000000000004,1.953154802777142,2.1145189593347067
4741,4741,4741,3.9016666666666673,1.953154802777142,2.1145189593347067
4742,4742,4742,3.9033333333333324,1.953154802777142,2.114900434882124
4743,4743,4743,3.9050000000000002,1.9539177538719767,2.114900434882124
4744,4744,4744,3.906666666666667,1.955062180514229,2.114900434882124
4745,4745,4745,3.908333333333334,1.955062180514229,2.114900434882124
4746,4746,4746,3.91,1.955062180514229,2.115281910429541
4747,4747,4747,3.911666666666667,1.9546807049668118,2.1160448615243763
4748,4748,4748,3.913333333333334,1.9539177538719767,2.1164263370717937
4749,4749,4749,3.915000000000001,1.9546807049668118,2.1164263370717937
4750,4750,4750,3.916666666666668,1.9554436560616464,2.1164263370717937
4751,4751,4751,3.918333333333334,1.955062180514229,2.115663385976959
4752,4752,4752,3.920000000000001,1.955062180514229,2.115663385976959
4753,4753,4753,3.9216666666666677,1.9554436560616464,2.1164263370717937
4754,4754,4754,3.923333333333334,1.9554436560616464,2.116807812619211
4755,4755,4755,3.9250000000000025,1.955062180514229,2.1164263370717937
4756,4756,4756,3.9266666666666676,1.9546807049668118,2.116807812619211
4757,4757,4757,3.9283333333333337,1.9554436560616464,2.1171892881666285
4758,4758,4758,3.9300000000000015,1.955825131609064,2.117570763714046
4759,4759,4759,3.9316666666666675,1.9562066071564808,2.117570763714046
4760,4760,4760,3.9333333333333336,1.956969558251316,2.1179522392614643
4761,4761,4761,3.9349999999999996,1.9573510337987328,2.1183337148088808
4762,4762,4762,3.9366666666666674,1.9573510337987328,2.1190966659037156
4763,4763,4763,3.9383333333333326,1.9573510337987328,2.1190966659037156
4764,4764,4764,3.9400000000000004,1.9573510337987328,2.1190966659037156
4765,4765,4765,3.9416666666666673,1.9573510337987328,2.1190966659037156
4766,4766,4766,3.9433333333333325,1.9581139848935682,2.1198596169985504
4767,4767,4767,3.9450000000000003,1.9584954604409857,2.119478141451133
4768,4768,4768,3.946666666666667,1.958876935988403,2.119478141451133
4769,4769,4769,3.948333333333334,1.9584954604409857,2.119478141451133
4770,4770,4770,3.95,1.9581139848935682,2.119478141451133
4771,4771,4771,3.951666666666667,1.9584954604409857,2.1206225680933852
4772,4772,4772,3.953333333333334,1.958876935988403,2.1210040436408018
4773,4773,4773,3.955,1.9584954604409857,2.12138551918822
4774,4774,4774,3.956666666666668,1.958876935988403,2.12138551918822
4775,4775,4775,3.958333333333334,1.9584954604409857,2.1210040436408018
4776,4776,4776,3.960000000000001,1.958876935988403,2.121766994735637
4777,4777,4777,3.961666666666668,1.9592584115358205,2.12138551918822
4778,4778,4778,3.963333333333334,1.9596398870832377,2.12138551918822
4779,4779,4779,3.9650000000000025,1.9596398870832377,2.122148470283055
4780,4780,4780,3.9666666666666677,1.9592584115358205,2.122148470283055
4781,4781,4781,3.9683333333333337,1.9596398870832377,2.121766994735637
4782,4782,4782,3.9700000000000015,1.9604028381780727,2.122148470283055
4783,4783,4783,3.9716666666666676,1.9604028381780727,2.1229114213778897
4784,4784,4784,3.9733333333333336,1.9600213626306555,2.123292896925307
4785,4785,4785,3.9749999999999996,1.9600213626306555,2.1225299458304723
4786,4786,4786,3.9766666666666675,1.9604028381780727,2.1225299458304723
4787,4787,4787,3.9783333333333326,1.9604028381780727,2.1229114213778897
4788,4788,4788,3.9800000000000004,1.96078431372549,2.1225299458304723
4789,4789,4789,3.9816666666666674,1.96078431372549,2.122148470283055
4790,4790,4790,3.9833333333333325,1.96078431372549,2.122148470283055
4791,4791,4791,3.9850000000000003,1.9615472648203247,2.1229114213778897
4792,4792,4792,3.9866666666666672,1.9615472648203247,2.123292896925307
4793,4793,4793,3.988333333333334,1.9615472648203247,2.1236743724727245
4794,4794,4794,3.99,1.9615472648203247,2.1236743724727245
4795,4795,4795,3.991666666666667,1.96231021591516,2.124055848020142
4796,4796,4796,3.993333333333334,1.9626916914625767,2.124055848020142
4797,4797,4797,3.995,1.9626916914625767,2.124055848020142
4798,4798,4798,3.996666666666667,1.96231021591516,2.124055848020142
4799,4799,4799,3.998333333333334,1.9626916914625767,2.123635057412109
4800,4800,4800,4.0,1.9626628933707444,2.1242313418402765
4801,4801,4801,4.001666666666667,1.9628777022514956,2.1240646751736105
4802,4802,4802,4.003333333333334,1.9627110355848283,2.123516532959526
4803,4803,4803,4.005000000000001,1.9629258444655795,2.123349866292859
4804,4804,4804,4.006666666666668,1.9623777022514952,2.1231831996261925
4805,4805,4805,4.008333333333335,1.961829560037411,2.1230165329595256
4806,4806,4806,4.01,1.962044368918162,2.122849866292859
4807,4807,4807,4.011666666666667,1.9622591777989131,2.12306467517361
4808,4808,4808,4.013333333333334,1.9617110355848288,2.122516532959526
4809,4809,4809,4.015000000000001,1.961544368918162,2.122731341840277
4810,4810,4810,4.0166666666666675,1.96214065334633,2.1221831996261926
4811,4811,4811,4.018333333333334,1.962736937774498,2.1220165329595257
4812,4812,4812,4.020000000000001,1.9633332222026665,2.121849866292859
4813,4813,4813,4.021666666666668,1.9627850799885824,2.121301724078775
4814,4814,4814,4.023333333333332,1.9622369377744984,2.1207535818646908
4815,4815,4815,4.025,1.9620702711078315,2.1209683907454417
4816,4816,4816,4.026666666666667,1.9622850799885825,2.1211831996261923
4817,4817,4817,4.028333333333334,1.9624998888693328,2.121016532959526
4818,4818,4818,4.030000000000001,1.9623332222026664,2.1193239641031894
4819,4819,4819,4.031666666666668,1.9621665555360002,2.1176313952468524
4820,4820,4820,4.033333333333333,1.9619998888693333,2.115938826390517
4821,4821,4821,4.035,1.9622146977500845,2.1150092086290155
4822,4822,4822,4.036666666666667,1.9624295066308344,2.1148425419623487
4823,4823,4823,4.038333333333334,1.9622628399641682,2.114294399748265
4824,4824,4824,4.040000000000001,1.9624776488449196,2.113746257534181
4825,4825,4825,4.041666666666668,1.9623109821782525,2.113579590867514
4826,4826,4826,4.043333333333333,1.9613813644167508,2.1137943997482647
4827,4827,4827,4.045,1.961214697750084,2.1136277330815982
4828,4828,4828,4.046666666666667,1.9614295066308345,2.113461066414932
4829,4829,4829,4.048333333333334,1.9616443155115861,2.113675875295682
4830,4830,4830,4.050000000000001,1.9618591243923365,2.1138906841764333
4831,4831,4831,4.051666666666668,1.9620739332730868,2.114486968604601
4832,4832,4832,4.053333333333335,1.96190726660642,2.115846204127604
4833,4833,4833,4.055,1.9621220754871715,2.1160610130083546
4834,4834,4834,4.056666666666667,1.961955408820505,2.1162758218891056
4835,4835,4835,4.058333333333334,1.9617887421538382,2.116872106317273
4836,4836,4836,4.0600000000000005,1.962385026582006,2.1167054396506066
4837,4837,4837,4.061666666666667,1.9622183599153395,2.117301724078775
4838,4838,4838,4.063333333333334,1.9616702177012548,2.1175165329595256
4839,4839,4839,4.065000000000001,1.9622665021294237,2.118112817387694
4840,4840,4840,4.066666666666666,1.9620998354627568,2.118327626268445
4841,4841,4841,4.068333333333333,1.9626961198909243,2.1177794840543607
4842,4842,4842,4.07,1.962529453224258,2.1179942929351108
4843,4843,4843,4.071666666666667,1.9623627865575912,2.117827626268445
4844,4844,4844,4.073333333333334,1.9625775954383424,2.1180424351491958
4845,4845,4845,4.075000000000001,1.9624109287716756,2.1182572440299463
4846,4846,4846,4.076666666666668,1.962244262105009,2.1177091018158616
4847,4847,4847,4.078333333333333,1.9628405465331769,2.117542435149196
4848,4848,4848,4.08,1.9626738798665104,2.117757244029946
4849,4849,4849,4.081666666666667,1.962507213199844,2.1179720529106967
4850,4850,4850,4.083333333333334,1.962722022080594,2.1185683373388646
4851,4851,4851,4.085000000000001,1.9617924043190929,2.118401670672198
4852,4852,4852,4.086666666666668,1.9612442621050088,2.1182350040055318
4853,4853,4853,4.088333333333335,1.961840546533177,2.1180683373388645
4854,4854,4854,4.09,1.9620553554139275,2.1190460973144507
4855,4855,4855,4.091666666666667,1.9618886887472609,2.1188794306477843
4856,4856,4856,4.093333333333334,1.9617220220805944,2.1187127639811174
4857,4857,4857,4.095000000000001,1.961555355413928,2.1185460973144505
4858,4858,4858,4.096666666666668,1.961388688747261,2.118760906195201
4859,4859,4859,4.0983333333333345,1.9608405465331769,2.1185942395285347
4860,4860,4860,4.1,1.9606738798665104,2.1188090484092847
4861,4861,4861,4.101666666666668,1.960888688747261,2.1186423817426183
4862,4862,4862,4.103333333333332,1.9607220220805943,2.1188571906233697
4863,4863,4863,4.105,1.9605553554139277,2.1190719995041203
4864,4864,4864,4.106666666666667,1.9607701642946784,2.1189053328374534
4865,4865,4865,4.108333333333334,1.9609849731754292,2.1191201417182044
4866,4866,4866,4.110000000000001,1.9608183065087623,2.118953475051537
4867,4867,4867,4.111666666666666,1.9595072131998441,2.1195497594797064
4868,4868,4868,4.113333333333333,1.960103497628012,2.1197645683604565
4869,4869,4869,4.115,1.959555355413928,2.11959790169379
4870,4870,4870,4.116666666666667,1.960151639842096,2.119049759479706
4871,4871,4871,4.118333333333334,1.9592220220805945,2.1192645683604567
4872,4872,4872,4.120000000000001,1.9590553554139276,2.11909790169379
4873,4873,4873,4.121666666666668,1.958888688747261,2.118931235027123
4874,4874,4874,4.123333333333333,1.9587220220805943,2.118764568360457
4875,4875,4875,4.125,1.9577924043190928,2.11859790169379
4876,4876,4876,4.126666666666667,1.9564813110101735,2.1184312350271237
4877,4877,4877,4.128333333333334,1.9547887421538384,2.1175016172656216
4878,4878,4878,4.130000000000001,1.9546220754871717,2.11809790169379
4879,4879,4879,4.131666666666668,1.9540739332730868,2.117931235027123
4880,4880,4880,4.133333333333335,1.9523813644167507,2.11738309281304
4881,4881,4881,4.135,1.952214697750084,2.11759790169379
4882,4882,4882,4.136666666666667,1.9516665555360002,2.1178127105745412
4883,4883,4883,4.138333333333334,1.9514998888693331,2.1180275194552918
4884,4884,4884,4.140000000000001,1.9528591243923368,2.11862380388346
4885,4885,4885,4.1416666666666675,1.9526924577256697,2.1184571372167933
4886,4886,4886,4.143333333333334,1.9525257910590037,2.117908995002709
4887,4887,4887,4.145000000000001,1.9527405999397531,2.11812380388346
4888,4888,4888,4.146666666666668,1.9529554088205048,2.117957137216793
4889,4889,4889,4.148333333333332,1.9546961198909245,2.1185534216449606
4890,4890,4890,4.15,1.9549109287716755,2.118768230525712
4891,4891,4891,4.151666666666667,1.9558886887472609,2.1186015638590447
4892,4892,4892,4.153333333333334,1.956103497628012,2.118816372739796
4893,4893,4893,4.155000000000001,1.9563183065087624,2.1186497060731293
4894,4894,4894,4.156666666666668,1.9557701642946783,2.119245990501297
4895,4895,4895,4.158333333333333,1.955603497628012,2.119079323834631
4896,4896,4896,4.16,1.9558183065087624,2.118912657167964
4897,4897,4897,4.161666666666667,1.9564145909369304,2.119127466048715
4898,4898,4898,4.163333333333334,1.9566293998176816,2.1185793238346307
4899,4899,4899,4.165000000000001,1.9568442086984323,2.1187941327153808
4900,4900,4900,4.166666666666668,1.9570590175791829,2.1186274660487148
4901,4901,4901,4.168333333333333,1.956892350912516,2.1184607993820483
4902,4902,4902,4.17,1.9567256842458496,2.1190570838102163
4903,4903,4903,4.171666666666667,1.957703444221436,2.119271892690967
4904,4904,4904,4.173333333333334,1.9575367775547687,2.1194867015717183
4905,4905,4905,4.175000000000001,1.9573701108881019,2.119320034905051
4906,4906,4906,4.176666666666668,1.9579663953162696,2.119534843785802
4907,4907,4907,4.178333333333335,1.9577997286496032,2.119368177119135
4908,4908,4908,4.18,1.956870110888102,2.119582985999886
4909,4909,4909,4.181666666666667,1.9567034442214355,2.119797794880637
4910,4910,4910,4.183333333333334,1.9572997286496032,2.1192496526665527
4911,4911,4911,4.1850000000000005,1.9571330619829364,2.1194644615473037
4912,4912,4912,4.186666666666667,1.9573478708636876,2.119679270428054
4913,4913,4913,4.188333333333334,1.9575626797444383,2.119894079308805
4914,4914,4914,4.190000000000001,1.9581589641726065,2.120490363736973
4915,4915,4915,4.191666666666666,1.9583737730533568,2.1203236970703068
4916,4916,4916,4.193333333333333,1.958970057481525,2.120538505951057
4917,4917,4917,4.195,1.959184866362276,2.1203718392843904
4918,4918,4918,4.196666666666667,1.9590181996956093,2.1205866481651405
4919,4919,4919,4.198333333333334,1.9588515330289429,2.120801457045892
4920,4920,4920,4.200000000000001,1.9583033908148584,2.1210162659266425
4921,4921,4921,4.201666666666668,1.9585181996956087,2.120849599259976
4922,4922,4922,4.203333333333333,1.9583515330289427,2.121445883688144
4923,4923,4923,4.205,1.9589478174571109,2.1205162659266428
4924,4924,4924,4.206666666666667,1.959544101885279,2.1199681237125585
4925,4925,4925,4.208333333333334,1.9589959596711952,2.120182932593309
4926,4926,4926,4.210000000000001,1.9588292930045283,2.120779217021477
4927,4927,4927,4.211666666666668,1.9590441018852789,2.1213755014496454
4928,4928,4928,4.213333333333335,1.958877435218612,2.121208834782979
4929,4929,4929,4.215,1.9590922440993637,2.1210421681163116
4930,4930,4930,4.216666666666667,1.9589255774326968,2.121256976997063
4931,4931,4931,4.218333333333334,1.9591403863134471,2.120708834782979
4932,4932,4932,4.220000000000001,1.9589737196467805,2.1205421681163124
4933,4933,4933,4.221666666666668,1.9591885285275312,2.1211384525444803
4934,4934,4934,4.2233333333333345,1.9586403863134467,2.120971785877813
4935,4935,4935,4.225,1.9577107685519457,2.120805119211147
4936,4936,4936,4.226666666666668,1.957544101885279,2.1214014036393154
4937,4937,4937,4.228333333333332,1.9581403863134472,2.1212347369726485
4938,4938,4938,4.23,1.9579737196467804,2.121449545853399
4939,4939,4939,4.231666666666667,1.957807052980114,2.1209014036393152
4940,4940,4940,4.233333333333334,1.9584033374082823,2.1211162125200653
4941,4941,4941,4.235000000000001,1.958236670741616,2.1213310214008168
4942,4942,4942,4.236666666666666,1.9584514796223658,2.1215458302815677
4943,4943,4943,4.238333333333333,1.9590477640505344,2.121379163614901
4944,4944,4944,4.24,1.958881097383868,2.1208310214008166
4945,4945,4945,4.241666666666667,1.9587144307172009,2.121045830281568
4946,4946,4946,4.243333333333334,1.9593107151453693,2.121260639162318
4947,4947,4947,4.245000000000001,1.9591440484787024,2.1210939724956512
4948,4948,4948,4.246666666666668,1.958977381812036,2.1205458302815674
4949,4949,4949,4.248333333333333,1.959573666240204,2.120379163614901
4950,4950,4950,4.25,1.9594069995735368,2.1209754480430694
4951,4951,4951,4.251666666666667,1.959621808454288,2.1211902569238195
4952,4952,4952,4.253333333333334,1.9594551417876207,2.1206421147097356
4953,4953,4953,4.255000000000001,1.960051426215789,2.1204754480430688
4954,4954,4954,4.256666666666668,1.96026623509654,2.1203087813764023
4955,4955,4955,4.258333333333335,1.9600995684298732,2.119760639162318
4956,4956,4956,4.26,1.9606958528580416,2.1211198746853213
4957,4957,4957,4.261666666666667,1.960147710643957,2.1209532080186544
4958,4958,4958,4.263333333333334,1.959981043977291,2.120786541351988
4959,4959,4959,4.265000000000001,1.9601958528580417,2.120238399137904
4960,4960,4960,4.2666666666666675,1.9604106617387924,2.120834683566072
4961,4961,4961,4.268333333333334,1.9610069461669608,2.1214309679942405
4962,4962,4962,4.270000000000001,1.9604588039528763,2.121645776874991
4963,4963,4963,4.271666666666668,1.9610550883810447,2.122623536850577
4964,4964,4964,4.273333333333332,1.9616513728092129,2.1224568701839104
4965,4965,4965,4.275,1.960721755047712,2.1219087279698257
4966,4966,4966,4.276666666666667,1.9597921372862095,2.1217420613031592
4967,4967,4967,4.278333333333334,1.9603884217143783,2.1208124435416584
4968,4968,4968,4.280000000000001,1.9609847061425458,2.121408727969826
4969,4969,4969,4.281666666666668,1.9611995150232968,2.1212420613031595
4970,4970,4970,4.283333333333333,1.9621772749988824,2.12145687018391
4971,4971,4971,4.285,1.9612476572373805,2.121671679064661
4972,4972,4972,4.286666666666667,1.9610809905707136,2.1215050123979946
4973,4973,4973,4.288333333333334,1.9620587505463,2.1217198212787443
4974,4974,4974,4.290000000000001,1.9622735594270504,2.1215531546120783
4975,4975,4975,4.291666666666668,1.961725417212966,2.1217679634928293
4976,4976,4976,4.293333333333333,1.962703177188552,2.1216012968261624
4977,4977,4977,4.295,1.9632994616167203,2.1214346301594955
4978,4978,4978,4.296666666666667,1.9623698438552188,2.121649439040247
4979,4979,4979,4.298333333333334,1.9625846527359696,2.12148277237358
4980,4980,4980,4.300000000000001,1.9624179860693032,2.120934630159496
4981,4981,4981,4.301666666666668,1.9622513194026363,2.1207679634928294
4982,4982,4982,4.303333333333335,1.9632290793782217,2.12098277237358
4983,4983,4983,4.305,1.9634438882589729,2.12119758125433
4984,4984,4984,4.306666666666667,1.9636586971397236,2.121030914587664
4985,4985,4985,4.308333333333334,1.9638735060204744,2.1208642479209967
4986,4986,4986,4.3100000000000005,1.9637068393538075,2.121460532349165
4987,4987,4987,4.311666666666667,1.9635401726871409,2.121675341229916
4988,4988,4988,4.313333333333334,1.9641364571153088,2.121890150110667
4989,4989,4989,4.315000000000001,1.9635883149012243,2.1224864345388346
4990,4990,4990,4.316666666666666,1.9634216482345581,2.121938292324751
4991,4991,4991,4.318333333333333,1.9636364571153089,2.1217716256580843
4992,4992,4992,4.32,1.962706839353808,2.121604958991417
4993,4993,4993,4.321666666666667,1.9633031237819756,2.1214382923247506
4994,4994,4994,4.323333333333334,1.963517932662726,2.120890150110667
4995,4995,4995,4.325000000000001,1.9641142170908945,2.1214864345388347
4996,4996,4996,4.326666666666668,1.9643290259716448,2.1217012434195848
4997,4997,4997,4.328333333333333,1.9641623593049784,2.121534576752919
4998,4998,4998,4.33,1.963995692638312,2.121367910086252
4999,4999,4999,4.331666666666667,1.9642105015190627,2.121201243419585
5000,5000,5000,4.333333333333334,1.9644253103998133,2.1214160523003365
5001,5001,5001,4.335000000000001,1.9650215948279808,2.1216308611810875
5002,5002,5002,4.336666666666668,1.9652364037087329,2.1218456700618384
5003,5003,5003,4.338333333333335,1.9643067859472303,2.122441954490005
5004,5004,5004,4.34,1.9645215948279813,2.121893812275922
5005,5005,5005,4.341666666666667,1.9647364037087327,2.1221086211566718
5006,5006,5006,4.343333333333334,1.9645697370420658,2.1219419544900058
5007,5007,5007,4.345000000000001,1.9644030703753996,2.121775287823339
5008,5008,5008,4.346666666666668,1.9649993548035667,2.1212271456092546
5009,5009,5009,4.3483333333333345,1.9648326881368998,2.1218234300374235
5010,5010,5010,4.350000000000001,1.9646660214702332,2.1216567633707566
5011,5011,5011,4.351666666666668,1.9648808303509844,2.1214900967040897
5012,5012,5012,4.353333333333332,1.9647141636843182,2.122467856679676
5013,5013,5013,4.355,1.9645474970176509,2.122301190013009
5014,5014,5014,4.356666666666667,1.9643808303509844,2.12251599889376
5015,5015,5015,4.358333333333334,1.9642141636843176,2.1223493322270928
5016,5016,5016,4.360000000000001,1.9644289725650683,2.1221826655604263
5017,5017,5017,4.361666666666666,1.9646437814458195,2.1223974744411773
5018,5018,5018,4.363333333333333,1.9652400658739877,2.1226122833219283
5019,5019,5019,4.365,1.9650733992073208,2.122445616655261
5020,5020,5020,4.366666666666667,1.9652882080880716,2.122660425536012
5021,5021,5021,4.368333333333334,1.9651215414214052,2.1228752344167634
5022,5022,5022,4.370000000000001,1.9649548747547378,2.122708567750096
5023,5023,5023,4.371666666666668,1.9651696836354888,2.122923376630846
5024,5024,5024,4.373333333333333,1.96538449251624,2.1231381855115976
5025,5025,5025,4.375,1.9652178258495727,2.123352994392348
5026,5026,5026,4.376666666666667,1.965432634730324,2.1231863277256817
5027,5027,5027,4.378333333333334,1.965265968063657,2.1234011366064323
5028,5028,5028,4.380000000000001,1.9658622524918248,2.1236159454871832
5029,5029,5029,4.381666666666668,1.9656955858251584,2.1234492788205164
5030,5030,5030,4.383333333333335,1.9659103947059091,2.123664087701268
5031,5031,5031,4.385,1.9668881546814945,2.123115945487183
5032,5032,5032,4.386666666666667,1.9663400124674109,2.1233307543679345
5033,5033,5033,4.388333333333334,1.9665548213481607,2.123164087701268
5034,5034,5034,4.390000000000001,1.9663881546814943,2.1229974210346008
5035,5035,5035,4.3916666666666675,1.9658400124674107,2.1232122299153517
5036,5036,5036,4.393333333333334,1.966817772442996,2.1238085143435192
5037,5037,5037,4.395000000000001,1.9674140568711644,2.1232603721294354
5038,5038,5038,4.396666666666668,1.9676288657519156,2.122330754367934
5039,5039,5039,4.398333333333332,1.9674621990852488,2.1225455632486847
5040,5040,5040,4.4,1.967295532418582,2.1231418476768527
5041,5041,5041,4.401666666666667,1.9671288657519157,2.1237381321050206
5042,5042,5042,4.403333333333334,1.9673436746326665,2.124334416533189
5043,5043,5043,4.405000000000001,1.967177007966,2.1237862743191047
5044,5044,5044,4.406666666666668,1.9666288657519149,2.1236196076524387
5045,5045,5045,4.408333333333333,1.9672251501800837,2.1242158920806062
5046,5046,5046,4.41,1.9685843857030865,2.124430700961357
5047,5047,5047,4.411666666666667,1.9680362434890024,2.1242640342946904
5048,5048,5048,4.413333333333334,1.9678695768223355,2.1248603187228587
5049,5049,5049,4.415000000000001,1.967702910155669,2.1250751276036093
5050,5050,5050,4.416666666666668,1.9667732923941676,2.124908460936943
5051,5051,5051,4.418333333333333,1.9669881012749184,2.1247417942702764
5052,5052,5052,4.42,1.967965861250504,2.1245751276036096
5053,5053,5053,4.421666666666667,1.96741771903642,2.1244084609369427
5054,5054,5054,4.423333333333334,1.9676325279171705,2.12500474536511
5055,5055,5055,4.425000000000001,1.9689917634401728,2.1252195542458616
5056,5056,5056,4.426666666666668,1.967680670131254,2.125052887579195
5057,5057,5057,4.428333333333335,1.9675140034645875,2.125649172007363
5058,5058,5058,4.43,1.9681102878927559,2.1254825053406963
5059,5059,5059,4.431666666666667,1.9683250967735064,2.1249343631266124
5060,5060,5060,4.433333333333334,1.96815843010684,2.1255306475547804
5061,5061,5061,4.4350000000000005,1.9687547145350088,2.125363980888114
5062,5062,5062,4.436666666666667,1.9685880478683417,2.1251973142214466
5063,5063,5063,4.438333333333334,1.9688028567490925,2.1250306475547798
5064,5064,5064,4.440000000000001,1.9690176656298428,2.124863980888114
5065,5065,5065,4.441666666666666,1.968469523415759,2.1250787897688648
5066,5066,5066,4.443333333333333,1.9683028567490923,2.1252935986496158
5067,5067,5067,4.445,1.969662092272096,2.1255084075303667
5068,5068,5068,4.446666666666667,1.969495425605429,2.125723216411117
5069,5069,5069,4.448333333333334,1.9693287589387625,2.1255565497444504
5070,5070,5070,4.450000000000001,1.96992504336693,2.1253898830777835
5071,5071,5071,4.451666666666668,1.9701398522476807,2.1256046919585345
5072,5072,5072,4.453333333333333,1.969973185581014,2.125438025291868
5073,5073,5073,4.455,1.9701879944617648,2.1260343097200356
5074,5074,5074,4.456666666666667,1.9696398522476808,2.1262491186007866
5075,5075,5075,4.458333333333334,1.969473185581014,2.1257009763867023
5076,5076,5076,4.460000000000001,1.969687994461765,2.1259157852674533
5077,5077,5077,4.461666666666668,1.9699028033425157,2.126130594148204
5078,5078,5078,4.463333333333335,1.9697361366758492,2.1263454030289544
5079,5079,5079,4.465,1.9695694700091824,2.1257972608148705
5080,5080,5080,4.466666666666667,1.969784278889933,2.1260120696956206
5081,5081,5081,4.468333333333334,1.9707620388655185,2.126608354123789
5082,5082,5082,4.470000000000001,1.9709768477462692,2.1260602119097056
5083,5083,5083,4.471666666666668,1.9704287055321847,2.1258935452430388
5084,5084,5084,4.4733333333333345,1.9702620388655183,2.1264898296712067
5085,5085,5085,4.475000000000001,1.9708583232936867,2.1259416874571233
5086,5086,5086,4.476666666666668,1.9718360832692734,2.125393545243039
5087,5087,5087,4.478333333333332,1.9716694166026059,2.1256083541237896
5088,5088,5088,4.48,1.9715027499359397,2.1254416874571227
5089,5089,5089,4.481666666666667,1.9717175588166895,2.125275020790456
5090,5090,5090,4.483333333333334,1.9715508921500229,2.1254898296712077
5091,5091,5091,4.485000000000001,1.972147176578192,2.126086114099375
5092,5092,5092,4.486666666666666,1.9715990343641068,2.1259194474327088
5093,5093,5093,4.488333333333333,1.97143236769744,2.1265157318608763
5094,5094,5094,4.49,1.971647176578192,2.1255861140993755
5095,5095,5095,4.491666666666667,1.9718619854589416,2.125800922980125
5096,5096,5096,4.493333333333334,1.9728397454345277,2.126015731860877
5097,5097,5097,4.495000000000001,1.9730545543152775,2.1258490651942097
5098,5098,5098,4.496666666666668,1.9725064121011944,2.12606387407496
5099,5099,5099,4.498333333333333,1.972339745434528,2.125515731860877
5100,5100,5100,4.5,1.971410127673026,2.126112016289045
5101,5101,5101,4.501666666666667,1.9723878876486112,2.1255638740749605
5102,5102,5102,4.503333333333334,1.9726026965293624,2.1261601585031293
5103,5103,5103,4.505000000000001,1.9724360298626955,2.1267564429312973
5104,5104,5104,4.506666666666668,1.9726508387434463,2.1265897762646304
5105,5105,5105,4.508333333333335,1.9732471231716144,2.126041634050546
5106,5106,5106,4.51,1.9738434075997828,2.1262564429312976
5107,5107,5107,4.511666666666667,1.9729137898382807,2.126471251812048
5108,5108,5108,4.513333333333334,1.9727471231716147,2.126304585145381
5109,5109,5109,4.515000000000001,1.9737248831472,2.126900869573549
5110,5110,5110,4.5166666666666675,1.9735582164805332,2.1271156784543
5111,5111,5111,4.518333333333334,1.9733915498138668,2.126949011787633
5112,5112,5112,4.520000000000001,1.9732248831472001,2.1267823451209664
5113,5113,5113,4.521666666666668,1.9734396920279509,2.1266156784543
5114,5114,5114,4.523333333333332,1.974035976456119,2.126449011787633
5115,5115,5115,4.525,1.9738693097894524,2.127045296215801
5116,5116,5116,4.526666666666667,1.9744655942176204,2.126497154001717
5117,5117,5117,4.528333333333334,1.973917452003536,2.126711962882468
5118,5118,5118,4.530000000000001,1.9741322608842868,2.128071198405471
5119,5119,5119,4.531666666666668,1.9747285453124552,2.127904531738804
5120,5120,5120,4.533333333333333,1.9745618786457888,2.1273563895247203
5121,5121,5121,4.535,1.9747766875265402,2.1275711984054717
5122,5122,5122,4.536666666666667,1.9746100208598727,2.127023056191387
5123,5123,5123,4.538333333333334,1.9744433541932065,2.127237865072137
5124,5124,5124,4.540000000000001,1.9750396386213744,2.1278341495003064
5125,5125,5125,4.541666666666668,1.9748729719547076,2.1276674828336395
5126,5126,5126,4.543333333333333,1.9743248297406235,2.12788229171439
5127,5127,5127,4.545,1.974921114168792,2.128478576142558
5128,5128,5128,4.546666666666667,1.9747544475021248,2.1279304339284746
5129,5129,5129,4.548333333333334,1.9745877808354584,2.127763767261808
5130,5130,5130,4.550000000000001,1.974421114168792,2.1283600516899748
5131,5131,5131,4.551666666666668,1.9742544475021249,2.1281933850233083
5132,5132,5132,4.553333333333335,1.9740877808354584,2.12840819390406
5133,5133,5133,4.555,1.974302589716209,2.129004478332228
5134,5134,5134,4.556666666666667,1.9748988741443767,2.1288378116655613
5135,5135,5135,4.558333333333334,1.9747322074777105,2.1294340960937292
5136,5136,5136,4.5600000000000005,1.9749470163584613,2.12964890497448
5137,5137,5137,4.561666666666667,1.97401739859696,2.129482238307813
5138,5138,5138,4.563333333333334,1.9742322074777103,2.129315571641146
5139,5139,5139,4.565000000000001,1.974447016358461,2.129911856069314
5140,5140,5140,4.566666666666666,1.9746618252392119,2.129745189402648
5141,5141,5141,4.568333333333333,1.9741136830251282,2.129578522735981
5142,5142,5142,4.57,1.9743284919058788,2.130556282711567
5143,5143,5143,4.571666666666667,1.974924776334047,2.1303896160448996
5144,5144,5144,4.573333333333334,1.974376634119963,2.1302229493782336
5145,5145,5145,4.575000000000001,1.9734470163584608,2.1308192338064016
5146,5146,5146,4.576666666666668,1.973661825239212,2.1302710915923173
5147,5147,5147,4.578333333333333,1.9746395852147984,2.1304859004730683
5148,5148,5148,4.58,1.9744729185481316,2.130319233806402
5149,5149,5149,4.581666666666667,1.9750692029762988,2.1305340426871524
5150,5150,5150,4.583333333333334,1.9749025363096324,2.129985900473069
5151,5151,5151,4.585000000000001,1.974735869642965,2.130200709353819
5152,5152,5152,4.586666666666668,1.9745692029762991,2.1300340426871527
5153,5153,5153,4.588333333333335,1.9744025363096325,2.1306303271153206
5154,5154,5154,4.59,1.9746173451903832,2.130845135996072
5155,5155,5155,4.591666666666667,1.9744506785237164,2.1306784693294047
5156,5156,5156,4.593333333333334,1.9742840118570495,2.130893278210156
5157,5157,5157,4.595000000000001,1.9737358696429657,2.131489562638324
5158,5158,5158,4.596666666666668,1.973569202976299,2.1320858470664907
5159,5159,5159,4.5983333333333345,1.9737840118570495,2.132300655947242
5160,5160,5160,4.600000000000001,1.9736173451903831,2.132133989280576
5161,5161,5161,4.601666666666668,1.9745951051659687,2.1319673226139093
5162,5162,5162,4.603333333333332,1.9744284384993025,2.13218213149466
5163,5163,5163,4.605,1.974261771832636,2.132778415922828
5164,5164,5164,4.606666666666667,1.9740951051659688,2.132230273708744
5165,5165,5165,4.608333333333334,1.9743099140467195,2.132063607042077
5166,5166,5166,4.610000000000001,1.9741432473800529,2.132659891470245
5167,5167,5167,4.611666666666666,1.974358056260804,2.1328747003509965
5168,5168,5168,4.613333333333333,1.974954340688972,2.133089509231747
5169,5169,5169,4.615,1.9747876740223047,2.1336857936599154
5170,5170,5170,4.616666666666667,1.9746210073556385,2.133137651445831
5171,5171,5171,4.618333333333334,1.9736913895941368,2.133352460326582
5172,5172,5172,4.620000000000001,1.9735247229274704,2.1328043181124974
5173,5173,5173,4.621666666666668,1.9737395318082207,2.132637651445831
5174,5174,5174,4.623333333333333,1.973954340688972,2.1336154114214168
5175,5175,5175,4.625,1.9741691495697224,2.1334487447547503
5176,5176,5176,4.626666666666667,1.9736210073556384,2.1336635536355004
5177,5177,5177,4.628333333333334,1.9738358162363894,2.1338783625162514
5178,5178,5178,4.630000000000001,1.9740506251171392,2.13447464694442
5179,5179,5179,4.631666666666668,1.974646909545308,2.1339265047303355
5180,5180,5180,4.633333333333335,1.9744802428786408,2.1333783625162512
5181,5181,5181,4.635,1.974695051759392,2.134356122491837
5182,5182,5182,4.636666666666667,1.974528385092725,2.1341894558251706
5183,5183,5183,4.638333333333334,1.9747431939734756,2.134022789158504
5184,5184,5184,4.640000000000001,1.9745765273068092,2.1334746469444195
5185,5185,5185,4.6416666666666675,1.9744098606401428,2.133689455825171
5186,5186,5186,4.643333333333334,1.974243193973476,2.134667215800756
5187,5187,5187,4.645000000000001,1.9748394784016443,2.134882024681507
5188,5188,5188,4.646666666666668,1.9754357628298125,2.1350968335622578
5189,5189,5189,4.648333333333332,1.975650571710564,2.134930166895592
5190,5190,5190,4.65,1.9747209539490616,2.1347635002289245
5191,5191,5191,4.651666666666667,1.9753172383772304,2.1353597846570924
5192,5192,5192,4.653333333333334,1.9759135228053983,2.135574593537843
5193,5193,5193,4.655000000000001,1.9753653805913136,2.135789402418593
5194,5194,5194,4.656666666666668,1.9751987139246472,2.136004211299344
5195,5195,5195,4.658333333333333,1.9765579494476504,2.1358375446326776
5196,5196,5196,4.66,1.976772758328401,2.1360523535134286
5197,5197,5197,4.661666666666667,1.975461665019482,2.1362671623941787
5198,5198,5198,4.663333333333334,1.9760579494476505,2.135719020180095
5199,5199,5199,4.665000000000001,1.977035709423236,2.135933829060846
5200,5200,5200,4.666666666666668,1.9764875672091515,2.1357671623941794
5201,5201,5201,4.668333333333333,1.9767023760899023,2.1356004957275125
5202,5202,5202,4.67,1.976535709423236,2.135815304608263
5203,5203,5203,4.671666666666667,1.9763690427565688,2.1356486379415958
5204,5204,5204,4.673333333333334,1.9762023760899023,2.1354819712749293
5205,5205,5205,4.675000000000001,1.976035709423236,2.135315304608263
5206,5206,5206,4.676666666666668,1.975869042756569,2.1359115890364317
5207,5207,5207,4.678333333333335,1.974939424995068,2.136126397917182
5208,5208,5208,4.68,1.9747727583284007,2.135959731250516
5209,5209,5209,4.681666666666667,1.974987567209152,2.135411589036432
5210,5210,5210,4.683333333333334,1.9755838516373196,2.1352449223697647
5211,5211,5211,4.6850000000000005,1.9754171849706528,2.135841206797933
5212,5212,5212,4.686666666666667,1.975250518303986,2.136056015678684
5213,5213,5213,4.688333333333334,1.9758468027321547,2.1358893490120168
5214,5214,5214,4.690000000000001,1.975680136065488,2.135722682345351
5215,5215,5215,4.691666666666666,1.9751319938514043,2.1363189667735187
5216,5216,5216,4.693333333333333,1.9749653271847367,2.1361523001068523
5217,5217,5217,4.695,1.9759430871603227,2.1352226823453506
5218,5218,5218,4.696666666666667,1.9773023226833255,2.1354374912261007
5219,5219,5219,4.698333333333334,1.9775171315640765,2.1364152512016865
5220,5220,5220,4.700000000000001,1.9769689893499924,2.1358671089876027
5221,5221,5221,4.701666666666668,1.976420847135908,2.136844868963188
5222,5222,5222,4.703333333333333,1.9762541804692415,2.1370596778439395
5223,5223,5223,4.705,1.9760875138025749,2.1368930111772726
5224,5224,5224,4.706666666666667,1.9755393715884908,2.1367263445106057
5225,5225,5225,4.708333333333334,1.9753727049218244,2.1365596778439397
5226,5226,5226,4.710000000000001,1.97635046489741,2.1363930111772724
5227,5227,5227,4.711666666666668,1.9769467493255781,2.1366078200580234
5228,5228,5228,4.713333333333335,1.9767800826589117,2.136822628938773
5229,5229,5229,4.715,1.9769948915396618,2.1362744867246897
5230,5230,5230,4.716666666666667,1.976828224872996,2.1361078200580232
5231,5231,5231,4.718333333333334,1.9758986071114943,2.1363226289387742
5232,5232,5232,4.720000000000001,1.9761134159922449,2.1365374378195234
5233,5233,5233,4.721666666666668,1.9759467493255782,2.136370771152857
5234,5234,5234,4.7233333333333345,1.9761615582063288,2.136967055581026
5235,5235,5235,4.725000000000001,1.975994891539662,2.1368003889143594
5236,5236,5236,4.726666666666668,1.9762097004204129,2.1366337222476925
5237,5237,5237,4.728333333333332,1.976424509301164,2.1368485311284435
5238,5238,5238,4.73,1.9766393181819144,2.137063340009194
5239,5239,5239,4.731666666666667,1.9760911759678303,2.137278148889945
5240,5240,5240,4.733333333333334,1.9759245093011637,2.137874433318113
5241,5241,5241,4.735000000000001,1.976520793729332,2.138470717746281
5242,5242,5242,4.736666666666666,1.975972651515248,2.1379225755321967
5243,5243,5243,4.738333333333333,1.9758059848485807,2.1373744333181133
5244,5244,5244,4.74,1.976402269276749,2.1372077666514464
5245,5245,5245,4.741666666666667,1.9766170781575,2.137422575532197
5246,5246,5246,4.743333333333334,1.9772133625856683,2.138018859960365
5247,5247,5247,4.745000000000001,1.976665220371584,2.137470717746281
5248,5248,5248,4.746666666666668,1.9764985537049171,2.137685526627032
5249,5249,5249,4.748333333333333,1.977094838133085,2.1379003355077826
5250,5250,5250,4.75,1.9773096470138365,2.1377336688411157
5251,5251,5251,4.751666666666667,1.9775244558945868,2.1379484777218667
5252,5252,5252,4.753333333333334,1.9781207403227552,2.138163286602617
5253,5253,5253,4.755000000000001,1.9775725981086716,2.1379966199359504
5254,5254,5254,4.756666666666668,1.9770244558945869,2.1378299532692835
5255,5255,5255,4.758333333333335,1.97685778922792,2.137663286602617
5256,5256,5256,4.76,1.9766911225612536,2.1378780954833685
5257,5257,5257,4.761666666666667,1.9765244558945871,2.1377114288167016
5258,5258,5258,4.763333333333334,1.9763577892279205,2.137926237697452
5259,5259,5259,4.765000000000001,1.975809647013836,2.1381410465782027
5260,5260,5260,4.7666666666666675,1.9756429803471691,2.1387373310063715
5261,5261,5261,4.768333333333334,1.9766207403227551,2.138952139887122
5262,5262,5262,4.770000000000001,1.9764540736560885,2.1384039976730382
5263,5263,5263,4.771666666666668,1.9762874069894216,2.1390002821012057
5264,5264,5264,4.773333333333332,1.976120740322755,2.1392150909819567
5265,5265,5265,4.775,1.9763355492035057,2.1390484243152903
5266,5266,5266,4.776666666666667,1.9773133091790915,2.138500282101206
5267,5267,5267,4.778333333333334,1.977146642512425,2.1394780420767923
5268,5268,5268,4.780000000000001,1.976217024750924,2.1396928509575424
5269,5269,5269,4.781666666666668,1.9756688825368391,2.1387632331960407
5270,5270,5270,4.783333333333333,1.9758836914175903,2.139359517624209
5271,5271,5271,4.785,1.9760985002983409,2.139955802052377
5272,5272,5272,4.786666666666667,1.975550358084257,2.139789135385711
5273,5273,5273,4.788333333333334,1.9753836914175904,2.1400039442664607
5274,5274,5274,4.790000000000001,1.976361451393176,2.139837277599794
5275,5275,5275,4.791666666666668,1.9765762602739256,2.1396706109331274
5276,5276,5276,4.793333333333335,1.9756466425124248,2.1398854198138784
5277,5277,5277,4.795,1.9762429269405923,2.139718753147212
5278,5278,5278,4.796666666666667,1.9764577358213435,2.1391706109331268
5279,5279,5279,4.798333333333334,1.9762910691546764,2.139003944266461
5280,5280,5280,4.800000000000001,1.9761244024880096,2.1384558020523774
5281,5281,5281,4.801666666666668,1.9759577358213432,2.1386706109331275
5282,5282,5282,4.803333333333336,1.9757910691546765,2.1388854198138785
5283,5283,5283,4.805,1.976005878035428,2.138718753147212
5284,5284,5284,4.806666666666667,1.975839211368761,2.1389335620279626
5285,5285,5285,4.808333333333334,1.9760540202495116,2.139148370908713
5286,5286,5286,4.8100000000000005,1.97665030467768,2.139363179789465
5287,5287,5287,4.811666666666667,1.9764836380110131,2.1388150375753794
5288,5288,5288,4.813333333333334,1.975935495796929,2.1390298464561317
5289,5289,5289,4.815000000000003,1.9753873535828448,2.1396261308842988
5290,5290,5290,4.816666666666666,1.975602162463596,2.1402224153124667
5291,5291,5291,4.818333333333333,1.9758169713443463,2.1408186997406355
5292,5292,5292,4.82,1.9760317802250973,2.1406520330739687
5293,5293,5293,4.821666666666667,1.9766280646532652,2.139722415312467
5294,5294,5294,4.823333333333334,1.9764613979865988,2.1395557486458
5295,5295,5295,4.825000000000003,1.9762947313199317,2.139770557526551
5296,5296,5296,4.826666666666668,1.9765095402006831,2.139603890859884
5297,5297,5297,4.828333333333333,1.9763428735340165,2.1390557486458004
5298,5298,5298,4.83,1.975794731319932,2.139652033073969
5299,5299,5299,4.831666666666667,1.9760095402006828,2.1402483175021363
5300,5300,5300,4.833333333333334,1.9758428735340163,2.140463126382888
5301,5301,5301,4.835000000000001,1.9760576824147675,2.1406779352636383
5302,5302,5302,4.836666666666668,1.9762724912955176,2.1405112685969714
5303,5303,5303,4.8383333333333365,1.975724349081434,2.1399631263828884
5304,5304,5304,4.84,1.975557682414768,2.139796459716221
5305,5305,5305,4.841666666666667,1.9765354423903525,2.140011268596972
5306,5306,5306,4.843333333333334,1.9767502512711037,2.1394631263828883
5307,5307,5307,4.845000000000001,1.9758206335096016,2.1396779352636384
5308,5308,5308,4.846666666666668,1.9760354423903523,2.1395112685969715
5309,5309,5309,4.8483333333333345,1.975868775723686,2.1404890285725573
5310,5310,5310,4.850000000000003,1.974939157962184,2.139940886358473
5311,5311,5311,4.851666666666668,1.9755354423903528,2.1397742196918057
5312,5312,5312,4.853333333333332,1.9757502512711032,2.139989028572557
5313,5313,5313,4.855,1.975202109057019,2.1398223619058903
5314,5314,5314,4.856666666666667,1.9754169179377696,2.1396556952392243
5315,5315,5315,4.858333333333334,1.9756317268185208,2.1398705041199744
5316,5316,5316,4.860000000000003,1.9762280112466888,2.1400853130007254
5317,5317,5317,4.861666666666666,1.97644282012744,2.1403001218814754
5318,5318,5318,4.863333333333333,1.9766576290081903,2.140896406309644
5319,5319,5319,4.865,1.976490962341524,2.140729739642977
5320,5320,5320,4.866666666666667,1.97594282012744,2.1405630729763105
5321,5321,5321,4.868333333333334,1.9757761534607727,2.140777881857061
5322,5322,5322,4.870000000000003,1.975990962341524,2.1409926907378125
5323,5323,5323,4.871666666666668,1.9758242956748568,2.1412074996185635
5324,5324,5324,4.873333333333333,1.9764205801030248,2.1414223084993145
5325,5325,5325,4.875,1.9770168645311927,2.141255641832648
5326,5326,5326,4.876666666666667,1.976087246769692,2.1407074996185638
5327,5327,5327,4.878333333333334,1.9759205801030248,2.1405408329518965
5328,5328,5328,4.880000000000001,1.9753724378889408,2.1403741662852296
5329,5329,5329,4.881666666666668,1.9759687223171087,2.1402074996185627
5330,5330,5330,4.883333333333336,1.9758020556504416,2.1400408329518963
5331,5331,5331,4.885,1.9763983400786107,2.1394926907378125
5332,5332,5332,4.886666666666667,1.9766131489593612,2.1393260240711456
5333,5333,5333,4.888333333333334,1.976827957840112,2.1399223084993144
5334,5334,5334,4.890000000000001,1.9762798156260282,2.1397556418326475
5335,5335,5335,4.8916666666666675,1.9761131489593613,2.1395889751659807
5336,5336,5336,4.893333333333334,1.9759464822926949,2.1394223084993143
5337,5337,5337,4.895000000000003,1.9765427667208637,2.1400185929274818
5338,5338,5338,4.896666666666668,1.9759946245067788,2.1402334018082323
5339,5339,5339,4.898333333333332,1.9758279578401123,2.140066735141565
5340,5340,5340,4.9,1.9756612911734452,2.1399000684748994
5341,5341,5341,4.901666666666667,1.9754946245067788,2.139351926260815
5342,5342,5342,4.903333333333334,1.9757094333875302,2.1395667351415657
5343,5343,5343,4.905000000000003,1.9755427667208632,2.1397815440223167
5344,5344,5344,4.906666666666668,1.976902002243866,2.139233401808232
5345,5345,5345,4.908333333333333,1.9767353355771995,2.138685259594149
5346,5346,5346,4.91,1.97695014445795,2.139663019569734
5347,5347,5347,4.911666666666667,1.9767834777912832,2.1398778284504854
5348,5348,5348,4.913333333333334,1.9766168111246167,2.139711161783818
5349,5349,5349,4.915000000000003,1.9764501444579496,2.139163019569734
5350,5350,5350,4.916666666666668,1.9774279044335357,2.1393778284504847
5351,5351,5351,4.9183333333333366,1.9761168111246168,2.1395926373312357
5352,5352,5352,4.92,1.9755686689105325,2.1394259706645693
5353,5353,5353,4.921666666666667,1.9757834777912835,2.1392593039979033
5354,5354,5354,4.923333333333334,1.976379762219451,2.1390926373312356
5355,5355,5355,4.925000000000001,1.975831620005368,2.1393074462119865
5356,5356,5356,4.926666666666668,1.9756649533387007,2.13914077954532
5357,5357,5357,4.928333333333336,1.9770241888617035,2.1393555884260707
5358,5358,5358,4.93,1.976857522195037,2.139570397306821
5359,5359,5359,4.931666666666667,1.9766908555283704,2.139785206187572
5360,5360,5360,4.933333333333334,1.976142713314286,2.139237063973488
5361,5361,5361,4.9350000000000005,1.9755945711002023,2.139070397306821
5362,5362,5362,4.936666666666667,1.9758093799809529,2.1385222550927367
5363,5363,5363,4.938333333333334,1.9756427133142864,2.139118539520905
5364,5364,5364,4.940000000000003,1.975857522195037,2.1389518728542383
5365,5365,5365,4.941666666666666,1.9756908555283703,2.1391666817349893
5366,5366,5366,4.943333333333333,1.975524188861704,2.1393814906157402
5367,5367,5367,4.945,1.975357522195037,2.1392148239490734
5368,5368,5368,4.946666666666667,1.9736649533387007,2.1390481572824065
5369,5369,5369,4.948333333333334,1.9746427133142859,2.13888149061574
5370,5370,5370,4.950000000000003,1.974857522195037,2.1387148239490728
5371,5371,5371,4.951666666666668,1.9731649533387008,2.138929632829824
5372,5372,5372,4.953333333333333,1.973761237766869,2.1387629661631578
5373,5373,5373,4.955,1.9739760466476195,2.138596299496491
5374,5374,5374,4.956666666666667,1.9734279044335357,2.1388111083772423
5375,5375,5375,4.958333333333334,1.9732612377668688,2.138644441710575
5376,5376,5376,4.960000000000001,1.97347604664762,2.138477775043908
5377,5377,5377,4.961666666666668,1.9736908555283703,2.139074059472076
5378,5378,5378,4.9633333333333365,1.9742871399565387,2.139288868352827
5379,5379,5379,4.965,1.9737389977424544,2.138740726138743
5380,5380,5380,4.966666666666667,1.9731908555283704,2.1385740594720763
5381,5381,5381,4.968333333333334,1.973405664409121,2.1391703439002443
5382,5382,5382,4.970000000000001,1.9732389977424545,2.138240726138743
5383,5383,5383,4.971666666666668,1.9726908555283704,2.1384555350194936
5384,5384,5384,4.9733333333333345,1.972524188861704,2.138670343900245
5385,5385,5385,4.975000000000003,1.973120473289872,2.1385036772335777
5386,5386,5386,4.976666666666668,1.9737167577180403,2.1383370105669117
5387,5387,5387,4.978333333333332,1.9743130421462087,2.1381703439002453
5388,5388,5388,4.98,1.9737648999321245,2.1387666283284132
5389,5389,5389,4.981666666666667,1.974361184360293,2.1393629127565807
5390,5390,5390,4.983333333333334,1.9741945176936264,2.1391962460899143
5391,5391,5391,4.985000000000003,1.9740278510269595,2.1394110549706653
5392,5392,5392,4.986666666666666,1.9742426599077099,2.139244388303999
5393,5393,5393,4.988333333333333,1.9733130421462088,2.138696246089914
5394,5394,5394,4.99,1.97352785102696,2.139292530518083
5395,5395,5395,4.991666666666667,1.9745056110025447,2.1387443883039987
5396,5396,5396,4.993333333333334,1.974338944335878,2.139340672732166
5397,5397,5397,4.995000000000003,1.973790802121794,2.1395554816129176
5398,5398,5398,4.996666666666668,1.9736241354551276,2.1393888149462508
5399,5399,5399,4.998333333333333,1.9738389443358784,2.1388406727321665
5400,5400,5400,5.0,1.973672277669212,2.1382925305180827
5401,5401,5401,5.001666666666667,1.9731241354551277,2.138888814946251
5402,5402,5402,5.003333333333334,1.9733389443358784,2.1391036238270007
5403,5403,5403,5.005000000000001,1.974316704311464,2.139318432707752
5404,5404,5404,5.006666666666668,1.974150037644797,2.13991471713592
5405,5405,5405,5.008333333333336,1.973601895430713,2.1397480504692536
5406,5406,5406,5.01,1.9745796554062984,2.139199908255169
5407,5407,5407,5.011666666666667,1.974031513192214,2.1394147171359204
5408,5408,5408,5.013333333333334,1.9738648465255475,2.139248050469253
5409,5409,5409,5.015000000000001,1.9740796554062987,2.1394628593500045
5410,5410,5410,5.0166666666666675,1.973912988739632,2.139677668230755
5411,5411,5411,5.018333333333334,1.9745092731678,2.1391295260166707
5412,5412,5412,5.02,1.975105557595968,2.1389628593500043
5413,5413,5413,5.021666666666668,1.974557415381884,2.138796192683337
5414,5414,5414,5.023333333333332,1.9747722242626349,2.1386295260166706
5415,5415,5415,5.025,1.9742240820485504,2.138844334897421
5416,5416,5416,5.026666666666667,1.9732944642870491,2.139440619325589
5417,5417,5417,5.028333333333334,1.9727463220729653,2.1396554282063405
5418,5418,5418,5.029999999999999,1.9725796554062984,2.139870237087091
5419,5419,5419,5.031666666666668,1.972412988739632,2.1400850459678415
5420,5420,5420,5.033333333333333,1.9730092731678,2.139918379301176
5421,5421,5421,5.035,1.9743685086908032,2.1393702370870917
5422,5422,5422,5.036666666666667,1.9742018420241365,2.1403479970626766
5423,5423,5423,5.038333333333334,1.9740351753574696,2.139799854848593
5424,5424,5424,5.039999999999999,1.9734870331433856,2.138870237087091
5425,5425,5425,5.041666666666668,1.9733203664767192,2.138703570420424
5426,5426,5426,5.0433333333333366,1.9735351753574697,2.1392998548485926
5427,5427,5427,5.045,1.974512935333056,2.139133188181926
5428,5428,5428,5.046666666666667,1.9739647931189708,2.13896652151526
5429,5429,5429,5.048333333333334,1.973416650904888,2.1399442814908447
5430,5430,5430,5.050000000000001,1.9736314597856373,2.1397776148241783
5431,5431,5431,5.051666666666668,1.9746092197612235,2.1396109481575114
5432,5432,5432,5.053333333333336,1.974824028641974,2.139444281490845
5433,5433,5433,5.055,1.974657361975308,2.1396590903715955
5434,5434,5434,5.056666666666667,1.9737277442138057,2.139110948157512
5435,5435,5435,5.058333333333334,1.9727981264523038,2.1389442814908453
5436,5436,5436,5.0600000000000005,1.9737758864278898,2.139540565919013
5437,5437,5437,5.061666666666667,1.9739906953086408,2.1393738992523463
5438,5438,5438,5.063333333333334,1.973824028641974,2.13920723258568
5439,5439,5439,5.0649999999999995,1.974038837522725,2.1394220414664304
5440,5440,5440,5.066666666666666,1.9738721708560585,2.137729472610095
5441,5441,5441,5.068333333333333,1.974468455284226,2.1383257570382623
5442,5442,5442,5.07,1.9746832641649767,2.1385405659190133
5443,5443,5443,5.071666666666667,1.973753646403476,2.1372294726100947
5444,5444,5444,5.073333333333334,1.973586979736809,2.1370628059434282
5445,5445,5445,5.074999999999999,1.9741832641649768,2.137659090371596
5446,5446,5446,5.076666666666668,1.9747795485931448,2.137492423704929
5447,5447,5447,5.078333333333333,1.9746128819264783,2.136944281490845
5448,5448,5448,5.08,1.974446215259812,2.137159090371596
5449,5449,5449,5.081666666666667,1.97351659749831,2.137755374799764
5450,5450,5450,5.083333333333334,1.9737314063790607,2.137588708133097
5451,5451,5451,5.085000000000001,1.975090641902064,2.137803517013848
5452,5452,5452,5.086666666666668,1.9745424996879801,2.1372553747997642
5453,5453,5453,5.0883333333333365,1.9747573085687309,2.137470183680515
5454,5454,5454,5.09,1.974590641902064,2.1369220414664305
5455,5455,5455,5.091666666666667,1.9744239752353976,2.136755374799764
5456,5456,5456,5.093333333333334,1.974638784116148,2.136588708133097
5457,5457,5457,5.095000000000001,1.9748535929968996,2.136803517013848
5458,5458,5458,5.096666666666668,1.974686926330233,2.137399801442016
5459,5459,5459,5.0983333333333345,1.9752832107584,2.137614610322767
5460,5460,5460,5.1,1.975498019639152,2.1382108947509346
5461,5461,5461,5.101666666666668,1.9753313529724847,2.138425703631685
5462,5462,5462,5.103333333333332,1.9755461618532355,2.1382590369650187
5463,5463,5463,5.105,1.9753794951865689,2.138092370298352
5464,5464,5464,5.106666666666667,1.975212828519902,2.138688654726521
5465,5465,5465,5.108333333333334,1.9758091129480704,2.1377590369650186
5466,5466,5466,5.109999999999999,1.9752609707339859,2.13797384584577
5467,5467,5467,5.111666666666668,1.9743313529724849,2.1385701302739384
5468,5468,5468,5.113333333333333,1.9745461618532356,2.1387849391546894
5469,5469,5469,5.115,1.973998019639152,2.1382367969406046
5470,5470,5470,5.116666666666667,1.973831352972485,2.138070130273938
5471,5471,5471,5.118333333333334,1.9748091129480703,2.1386664147021057
5472,5472,5472,5.119999999999999,1.9750239218288208,2.138499748035439
5473,5473,5473,5.121666666666668,1.9748572551621544,2.137951605821356
5474,5474,5474,5.123333333333333,1.9750720640429047,2.1381664147021056
5475,5475,5475,5.125,1.975286872923656,2.139144174677692
5476,5476,5476,5.126666666666667,1.9758831573518243,2.138977508011025
5477,5477,5477,5.128333333333334,1.9753350151377396,2.138810841344358
5478,5478,5478,5.130000000000001,1.9747868729236555,2.1394071257725265
5479,5479,5479,5.131666666666668,1.9750016818044056,2.1388589835584426
5480,5480,5480,5.133333333333336,1.9752164906851573,2.139073792439193
5481,5481,5481,5.135,1.9750498240184908,2.139288601319944
5482,5482,5482,5.136666666666667,1.974883157351824,2.1391219346532773
5483,5483,5483,5.138333333333334,1.9747164906851575,2.140099694628862
5484,5484,5484,5.140000000000001,1.974931299565908,2.1403145035096136
5485,5485,5485,5.1416666666666675,1.9751461084466584,2.1401478368429467
5486,5486,5486,5.143333333333334,1.9757423928748268,2.1403626457236977
5487,5487,5487,5.145,1.97557572620816,2.1405774546044483
5488,5488,5488,5.146666666666668,1.9757905350889107,2.1396478368429466
5489,5489,5489,5.148333333333332,1.975623868422244,2.1390996946288627
5490,5490,5490,5.15,1.9754572017555776,2.1389330279621963
5491,5491,5491,5.151666666666667,1.976053486183745,2.138766361295529
5492,5492,5492,5.153333333333334,1.9762682950644963,2.1397441212711152
5493,5493,5493,5.154999999999999,1.975720152850412,2.1411033567941185
5494,5494,5494,5.156666666666668,1.975934961731163,2.1409366901274507
5495,5495,5495,5.158333333333333,1.9757682950644964,2.1407700234607847
5496,5496,5496,5.16,1.9763645794926648,2.1406033567941183
5497,5497,5497,5.161666666666667,1.9769608639208327,2.1400552145800344
5498,5498,5498,5.163333333333334,1.9756497706119136,2.1402700234607845
5499,5499,5499,5.164999999999999,1.9754831039452472,2.1408663078889534
5500,5500,5500,5.166666666666668,1.9753164372785803,2.1406996412222865
5501,5501,5501,5.1683333333333366,1.9755312461593313,2.1401514990082022
5502,5502,5502,5.17,1.9757460550400818,2.140366307888953
5503,5503,5503,5.171666666666667,1.976723815015668,2.140581116769704
5504,5504,5504,5.173333333333334,1.9761756728015831,2.1407959256504543
5505,5505,5505,5.175000000000001,1.9756275305875,2.1410107345312053
5506,5506,5506,5.176666666666668,1.9766052905630849,2.1404625923171205
5507,5507,5507,5.178333333333336,1.9764386238964184,2.1399144501030367
5508,5508,5508,5.18,1.9758904816823344,2.1405107345312056
5509,5509,5509,5.181666666666667,1.9761052905630847,2.1407255434119548
5510,5510,5510,5.183333333333334,1.976320099443836,2.140940352292706
5511,5511,5511,5.1850000000000005,1.9753904816823344,2.1411551611734567
5512,5512,5512,5.186666666666667,1.975605290563085,2.1409884945067903
5513,5513,5513,5.188333333333334,1.9762015749912534,2.1415847789349587
5514,5514,5514,5.1899999999999995,1.9764163838720037,2.141799587815709
5515,5515,5515,5.191666666666666,1.9762497172053368,2.1408699700542075
5516,5516,5516,5.193333333333333,1.9757015749912528,2.1410847789349594
5517,5517,5517,5.195,1.9747719572297515,2.141299587815709
5518,5518,5518,5.196666666666667,1.9749867661105025,2.14151439669646
5519,5519,5519,5.198333333333334,1.9755830505386698,2.142492156672046
5520,5520,5520,5.199999999999999,1.9757978594194208,2.142325490005379
5521,5521,5521,5.201666666666668,1.9760126683001715,2.1413958722438773
5522,5522,5522,5.203333333333333,1.9762274771809232,2.1416106811246287
5523,5523,5523,5.205,1.9760608105142559,2.142206965552797
5524,5524,5524,5.206666666666667,1.9758941438475892,2.1420402988861302
5525,5525,5525,5.208333333333334,1.9757274771809228,2.1418736322194643
5526,5526,5526,5.210000000000001,1.9755608105142557,2.1424699166476318
5527,5527,5527,5.211666666666668,1.975012668300172,2.142303249980965
5528,5528,5528,5.2133333333333365,1.9748460016335048,2.1425180588617154
5529,5529,5529,5.215,1.9754422860616736,2.1427328677424655
5530,5530,5530,5.216666666666667,1.9752756193950067,2.1421847255283817
5531,5531,5531,5.218333333333334,1.9762533793705923,2.143162485503968
5532,5532,5532,5.220000000000001,1.9760867127039257,2.143377294384718
5533,5533,5533,5.221666666666668,1.975920046037259,2.142829152170634
5534,5534,5534,5.2233333333333345,1.9753719038231752,2.1430439610513847
5535,5535,5535,5.225,1.9759681882513431,2.142877294384718
5536,5536,5536,5.226666666666668,1.9758015215846765,2.142329152170635
5537,5537,5537,5.228333333333332,1.9760163304654272,2.1429254365988024
5538,5538,5538,5.23,1.9758496637987608,2.142758769932136
5539,5539,5539,5.231666666666667,1.9760644726795111,2.1418291521706347
5540,5540,5540,5.233333333333334,1.9758978060128447,2.141662485503968
5541,5541,5541,5.234999999999999,1.976112614893596,2.141114343289884
5542,5542,5542,5.236666666666668,1.9763274237743458,2.1413291521706346
5543,5543,5543,5.238333333333333,1.9765422326550968,2.1419254365988025
5544,5544,5544,5.24,1.9763755659884303,2.142140245479553
5545,5545,5545,5.241666666666667,1.9762088993217637,2.141973578812886
5546,5546,5546,5.243333333333334,1.9756607571076796,2.142188387693637
5547,5547,5547,5.244999999999999,1.9758755659884304,2.142403196574388
5548,5548,5548,5.246666666666668,1.9772348015114325,2.1422365299077213
5549,5549,5549,5.248333333333333,1.976686659297349,2.142451338788472
5550,5550,5550,5.25,1.9769014681780996,2.141903196574388
5551,5551,5551,5.251666666666667,1.976353325964016,2.142499481002556
5552,5552,5552,5.253333333333334,1.9761866592973492,2.142714289883308
5553,5553,5553,5.255000000000001,1.9767829437255169,2.1425476232166405
5554,5554,5554,5.256666666666668,1.9773792281536853,2.142380956549974
5555,5555,5555,5.258333333333336,1.976068134844766,2.1422142898833068
5556,5556,5556,5.26,1.9759014681780995,2.1424290987640577
5557,5557,5557,5.261666666666667,1.9757348015114329,2.1430253831922257
5558,5558,5558,5.263333333333334,1.976712561487019,2.1432401920729767
5559,5559,5559,5.265000000000001,1.9769273703677692,2.14307352540631
5560,5560,5560,5.2666666666666675,1.9767607037011028,2.1432883342870603
5561,5561,5561,5.268333333333334,1.9758310859396007,2.143884618715229
5562,5562,5562,5.27,1.9768088459151867,2.1433364765011444
5563,5563,5563,5.271666666666668,1.9770236547959377,2.1439327609293133
5564,5564,5564,5.273333333333332,1.976856988129271,2.1441475698100643
5565,5565,5565,5.275,1.9770717970100216,2.1435994275959795
5566,5566,5566,5.276666666666667,1.9769051303433551,2.1434327609293127
5567,5567,5567,5.278333333333334,1.9767384636766885,2.1436475698100637
5568,5568,5568,5.279999999999999,1.9769532725574388,2.1438623786908138
5569,5569,5569,5.281666666666668,1.9771680814381896,2.144458663118982
5570,5570,5570,5.283333333333333,1.9770014147715231,2.1439105209048983
5571,5571,5571,5.285,1.9768347481048565,2.143743854238232
5572,5572,5572,5.286666666666667,1.9766680814381896,2.143958663118982
5573,5573,5573,5.288333333333334,1.9772643658663585,2.1434105209048986
5574,5574,5574,5.289999999999999,1.977860650294526,2.1440068053330665
5575,5575,5575,5.291666666666668,1.977312508080442,2.144603089761235
5576,5576,5576,5.2933333333333366,1.9775273169611929,2.144436423094568
5577,5577,5577,5.295,1.9781236013893608,2.1442697564279007
5578,5578,5578,5.296666666666667,1.9779569347226944,2.1448660408560696
5579,5579,5579,5.298333333333334,1.9770273169611932,2.14508084973682
5580,5580,5580,5.300000000000001,1.9772421258419437,2.1445327075227363
5581,5581,5581,5.301666666666668,1.977838410270112,2.1443660408560694
5582,5582,5582,5.303333333333336,1.9780532191508624,2.1449623252842374
5583,5583,5583,5.305,1.9786495035790308,2.144032707522736
5584,5584,5584,5.306666666666667,1.978101361364946,2.1442475164034867
5585,5585,5585,5.308333333333334,1.9779346946982796,2.144843800831655
5586,5586,5586,5.3100000000000005,1.9781495035790304,2.145440085259823
5587,5587,5587,5.311666666666667,1.9776013613649461,2.145273418593157
5588,5588,5588,5.313333333333334,1.9778161702456971,2.14510675192649
5589,5589,5589,5.3149999999999995,1.978030979126448,2.1441771341649885
5590,5590,5590,5.316666666666666,1.9782457880071989,2.1443919430457394
5591,5591,5591,5.318333333333333,1.9773161702456967,2.14460675192649
5592,5592,5592,5.32,1.9779124546738651,2.1452030363546584
5593,5593,5593,5.321666666666667,1.9773643124597813,2.1454178452354093
5594,5594,5594,5.323333333333334,1.9768161702456968,2.14563265411616
5595,5595,5595,5.324999999999999,1.9766495035790304,2.14584746299691
5596,5596,5596,5.326666666666668,1.976864312459781,2.146062271877661
5597,5597,5597,5.328333333333333,1.976697645793115,2.1458956052109945
5598,5598,5598,5.33,1.9765309791264483,2.1453474629969103
5599,5599,5599,5.331666666666667,1.9767457880071988,2.1451807963302434
5600,5600,5600,5.333333333333334,1.9769605968879491,2.145014129663577
5601,5601,5601,5.335000000000001,1.9775568813161175,2.1456104140917454
5602,5602,5602,5.336666666666668,1.9781531657442857,2.1462066985199133
5603,5603,5603,5.3383333333333365,1.977223547982784,2.1460400318532464
5604,5604,5604,5.34,1.978582783505788,2.1466363162814144
5605,5605,5605,5.341666666666667,1.9795605434813732,2.1464696496147475
5606,5606,5606,5.343333333333334,1.9782494501724543,2.145921507400664
5607,5607,5607,5.345000000000001,1.978082783505788,2.1465177918288325
5608,5608,5608,5.346666666666668,1.977916116839121,2.146732600709583
5609,5609,5609,5.3483333333333345,1.9773679746250363,2.1469474095903336
5610,5610,5610,5.35,1.9768198324109525,2.146780742923667
5611,5611,5611,5.351666666666668,1.9774161168391209,2.1469955518044173
5612,5612,5612,5.353333333333332,1.977630925719871,2.1468288851377513
5613,5613,5613,5.355,1.977464259053204,2.147043694018502
5614,5614,5614,5.356666666666667,1.9772975923865372,2.1476399784466698
5615,5615,5615,5.358333333333334,1.977893876814706,2.148236262874838
5616,5616,5616,5.359999999999999,1.9781086856954568,2.1476881206607543
5617,5617,5617,5.361666666666668,1.978323494576208,2.1479029295415044
5618,5618,5618,5.363333333333333,1.9785383034569584,2.147736262874838
5619,5619,5619,5.365,1.978371636790292,2.147569596208172
5620,5620,5620,5.366666666666667,1.977823494576208,2.148547356183757
5621,5621,5621,5.368333333333334,1.9788012545517928,2.1487621650645083
5622,5622,5622,5.369999999999999,1.9778716367902915,2.148595498397841
5623,5623,5623,5.371666666666668,1.9780864456710419,2.1488103072785916
5624,5624,5624,5.373333333333333,1.979064205646628,2.148643640611925
5625,5625,5625,5.375,1.9788975389799612,2.1484769739452587
5626,5626,5626,5.376666666666667,1.9794938234081292,2.149836209468261
5627,5627,5627,5.378333333333334,1.9793271567414632,2.1492880672541768
5628,5628,5628,5.380000000000001,1.9783975389799613,2.1491214005875103
5629,5629,5629,5.381666666666668,1.9778493967658768,2.1489547339208435
5630,5630,5630,5.383333333333336,1.97920863228888,2.1491695428015944
5631,5631,5631,5.385,1.9794234411696316,2.1497658272297633
5632,5632,5632,5.386666666666667,1.978875298955547,2.1499806361105134
5633,5633,5633,5.388333333333334,1.979471583383715,2.149432493896429
5634,5634,5634,5.390000000000001,1.9793049167170484,2.150028778324597
5635,5635,5635,5.3916666666666675,1.9783752989555468,2.1502435872053494
5636,5636,5636,5.393333333333334,1.9793530589311323,2.1504583960860995
5637,5637,5637,5.395,1.9795678678118835,2.15067320496685
5638,5638,5638,5.396666666666668,1.979401201145217,2.1508880138476005
5639,5639,5639,5.398333333333332,1.9803789611208025,2.1507213471809337
5640,5640,5640,5.4,1.9798308189067184,2.150554680514267
5641,5641,5641,5.401666666666667,1.979282676692634,2.151150964942436
5642,5642,5642,5.403333333333334,1.980260436668219,2.1509842982757688
5643,5643,5643,5.404999999999999,1.9797122944541357,2.1511991071565197
5644,5644,5644,5.406666666666668,1.9784012011452168,2.1506509649424355
5645,5645,5645,5.408333333333333,1.9789974855733847,2.1512472493706043
5646,5646,5646,5.41,1.9788308189067176,2.1522250093461888
5647,5647,5647,5.411666666666667,1.9786641522400517,2.151676867132105
5648,5648,5648,5.413333333333334,1.9796419122156363,2.1518916760128555
5649,5649,5649,5.414999999999999,1.9790937700015525,2.1528694359884413
5650,5650,5650,5.416666666666668,1.978545627787469,2.152702769321775
5651,5651,5651,5.4183333333333366,1.9779974855733844,2.1517731515602727
5652,5652,5652,5.42,1.9782122944541356,2.151987960441024
5653,5653,5653,5.421666666666667,1.979190054429721,2.152584244869192
5654,5654,5654,5.423333333333334,1.9794048633104715,2.1524175782025257
5655,5655,5655,5.425000000000001,1.9784752455489696,2.1526323870832758
5656,5656,5656,5.426666666666668,1.979071529977138,2.1524657204166098
5657,5657,5657,5.428333333333336,1.9808122410475584,2.1526805292973603
5658,5658,5658,5.43,1.9810270499283091,2.1525138626306943
5659,5659,5659,5.431666666666667,1.980097432166808,2.1523471959640266
5660,5660,5660,5.433333333333334,1.9806937165949765,2.15218052929736
5661,5661,5661,5.4350000000000005,1.9812900010231445,2.1523953381781107
5662,5662,5662,5.436666666666667,1.9811233343564776,2.1526101470588617
5663,5663,5663,5.438333333333334,1.9813381432372283,2.152443480392196
5664,5664,5664,5.4399999999999995,1.9804085254757275,2.1530397648203627
5665,5665,5665,5.441666666666666,1.9806233343564776,2.1521101470588624
5666,5666,5666,5.443333333333333,1.9804566676898112,2.1515620048447777
5667,5667,5667,5.445,1.9806714765705615,2.151776813725529
5668,5668,5668,5.446666666666667,1.9812677609987297,2.1523730981536966
5669,5669,5669,5.448333333333334,1.9803381432372285,2.1518249559396123
5670,5670,5670,5.449999999999999,1.980552952117979,2.1516582892729463
5671,5671,5671,5.451666666666668,1.9819121876409815,2.152254573701114
5672,5672,5672,5.453333333333333,1.9821269965217332,2.152469382581865
5673,5673,5673,5.455,1.9819603298550663,2.1530656670100337
5674,5674,5674,5.456666666666667,1.9821751387358169,2.153661951438201
5675,5675,5675,5.458333333333334,1.9820084720691504,2.1527323336767
5676,5676,5676,5.460000000000001,1.9822232809499007,2.1540915691997027
5677,5677,5677,5.461666666666668,1.9816751387358167,2.155069329175288
5678,5678,5678,5.4633333333333365,1.982271423163985,2.1541397114137872
5679,5679,5679,5.465,1.9828677075921533,2.1539730447471204
5680,5680,5680,5.466666666666667,1.9827010409254864,2.153424902533036
5681,5681,5681,5.468333333333334,1.9825343742588202,2.1528767603189523
5682,5682,5682,5.470000000000001,1.9819862320447357,2.1523286181048675
5683,5683,5683,5.471666666666668,1.9818195653780688,2.1533063780804538
5684,5684,5684,5.4733333333333345,1.9827973253536548,2.1539026625086213
5685,5685,5685,5.475,1.9833936097818232,2.153354520294537
5686,5686,5686,5.476666666666668,1.9839898942099912,2.1531878536278706
5687,5687,5687,5.478333333333332,1.9838232275433243,2.1534026625086216
5688,5688,5688,5.48,1.9840380364240755,2.153617471389372
5689,5689,5689,5.481666666666667,1.9842528453048256,2.154213755817541
5690,5690,5690,5.483333333333334,1.9837047030907415,2.154047089150874
5691,5691,5691,5.484999999999999,1.9839195119714923,2.154261898031625
5692,5692,5692,5.486666666666668,1.9841343208522433,2.1537137558175408
5693,5693,5693,5.488333333333333,1.9843491297329945,2.1546915157931257
5694,5694,5694,5.49,1.9845639386137444,2.154143373579042
5695,5695,5695,5.491666666666667,1.984778747494496,2.1543581824597924
5696,5696,5696,5.493333333333334,1.9838491297329943,2.1549544668879603
5697,5697,5697,5.494999999999999,1.983682463066328,2.155169275768712
5698,5698,5698,5.496666666666668,1.985423174136748,2.1553840846494627
5699,5699,5699,5.498333333333333,1.9844935563752464,2.1555988935302137
5700,5700,5700,5.5,1.9850898408034143,2.155050751316129
5701,5701,5701,5.501666666666667,1.9856861252315827,2.154502609102045
5702,5702,5702,5.503333333333334,1.985519458564916,2.155480369077631
5703,5703,5703,5.505000000000001,1.9861157429930838,2.1560766535058
5704,5704,5704,5.506666666666668,1.9870935029686696,2.155528511291715
5705,5705,5705,5.508333333333336,1.986163885207168,2.1557433201724656
5706,5706,5706,5.51,1.9859972185405013,2.1559581290532157
5707,5707,5707,5.511666666666667,1.9865935029686697,2.1550285112917154
5708,5708,5708,5.513333333333334,1.9860453607545856,2.1552433201724663
5709,5709,5709,5.515000000000001,1.985497218540501,2.155839604600634
5710,5710,5710,5.5166666666666675,1.9860935029686697,2.155672937933967
5711,5711,5711,5.518333333333334,1.9859268363020028,2.156269222362136
5712,5712,5712,5.52,1.9861416451827536,2.156484031242886
5713,5713,5713,5.521666666666668,1.9875008807057568,2.1559358890288016
5714,5714,5714,5.523333333333332,1.9869527384916728,2.1561506979095526
5715,5715,5715,5.525,1.9856416451827537,2.156365506790304
5716,5716,5716,5.526666666666667,1.9858564540635044,2.1550544134813845
5717,5717,5717,5.528333333333334,1.9860712629442552,2.1552692223621355
5718,5718,5718,5.529999999999999,1.9859045962775883,2.1551025556954686
5719,5719,5719,5.531666666666668,1.986500880705757,2.155317364576219
5720,5720,5720,5.533333333333333,1.9867156895865077,2.1555321734569697
5721,5721,5721,5.535,1.9865490229198408,2.155365506790304
5722,5722,5722,5.536666666666667,1.9867638318005916,2.1555803156710547
5723,5723,5723,5.538333333333334,1.9862156895865075,2.154269222362135
5724,5724,5724,5.539999999999999,1.9860490229198409,2.1544840312428857
5725,5725,5725,5.541666666666668,1.9866453073480088,2.1550803156710545
5726,5726,5726,5.5433333333333366,1.98686011622876,2.1552951245518046
5727,5727,5727,5.545,1.9866934495620927,2.1547469823377217
5728,5728,5728,5.546666666666667,1.986908258442844,2.1549617912184718
5729,5729,5729,5.548333333333334,1.9871230673235944,2.1567025022888924
5730,5730,5730,5.550000000000001,1.9873378762043448,2.156535835622225
5731,5731,5731,5.551666666666668,1.986789733990261,2.156369168955559
5732,5732,5732,5.553333333333336,1.9870045428710121,2.1562025022888918
5733,5733,5733,5.555,1.9868378762043448,2.1567987867170606
5734,5734,5734,5.556666666666667,1.987052685085096,2.1566321200503937
5735,5735,5735,5.558333333333334,1.9872674939658463,2.1564654533837277
5736,5736,5736,5.5600000000000005,1.98710082729918,2.1562987867170604
5737,5737,5737,5.561666666666667,1.987315636179931,2.155750644502976
5738,5738,5738,5.563333333333334,1.9871489695132643,2.1555839778363093
5739,5739,5739,5.5649999999999995,1.9869823028465972,2.1557987867170607
5740,5740,5740,5.566666666666666,1.9875785872747656,2.1560135955978112
5741,5741,5741,5.568333333333333,1.9874119206080991,2.1554654533837274
5742,5742,5742,5.57,1.9872452539414325,2.1552987867170605
5743,5743,5743,5.571666666666667,1.9874600628221823,2.1558950711452285
5744,5744,5744,5.573333333333334,1.9876748717029336,2.156491355573397
5745,5745,5745,5.574999999999999,1.9871267294888493,2.1563246889067305
5746,5746,5746,5.576666666666668,1.988104489464435,2.1557765466926457
5747,5747,5747,5.578333333333333,1.9890822494400209,2.1556098800259798
5748,5748,5748,5.58,1.988915582773354,2.1554432133593124
5749,5749,5749,5.581666666666667,1.988748916106688,2.154895071145228
5750,5750,5750,5.583333333333334,1.9882007738926035,2.155491355573397
5751,5751,5751,5.585000000000001,1.9880341072259369,2.15532468890673
5752,5752,5752,5.586666666666668,1.9886303916541048,2.1551580222400637
5753,5753,5753,5.5883333333333365,1.9892266760822728,2.154991355573397
5754,5754,5754,5.59,1.988678533868189,2.154061737811895
5755,5755,5755,5.591666666666667,1.989274818296357,2.153513595597811
5756,5756,5756,5.593333333333334,1.989108151629691,2.154491355573397
5757,5757,5757,5.595000000000001,1.9885600094156064,2.1550876400015646
5758,5758,5758,5.596666666666668,1.9891562938437748,2.1553024488823147
5759,5759,5759,5.5983333333333345,1.988989627177108,2.1551357822156487
5760,5760,5760,5.6,1.9888229605104413,2.154969115548982
5761,5761,5761,5.601666666666668,1.9890377693911927,2.155183924429732
5762,5762,5762,5.603333333333332,1.9892525782719432,2.154635782215649
5763,5763,5763,5.605,1.9894673871526936,2.1540876400015647
5764,5764,5764,5.606666666666667,1.9885377693911928,2.154683924429732
5765,5765,5765,5.608333333333334,1.9883711027245259,2.1545172577630654
5766,5766,5766,5.609999999999999,1.9893488627001117,2.154732066643817
5767,5767,5767,5.611666666666668,1.989182196033445,2.1553283510719847
5768,5768,5768,5.613333333333333,1.9886340538193603,2.154398733310484
5769,5769,5769,5.615,1.9892303382475285,2.1538505910963988
5770,5770,5770,5.616666666666667,1.9894451471282792,2.154828351071985
5771,5771,5771,5.618333333333334,1.9888970049141947,2.154661684405318
5772,5772,5772,5.619999999999999,1.9879673871526935,2.154495017738652
5773,5773,5773,5.621666666666668,1.987800720486027,2.15509130216682
5774,5774,5774,5.623333333333333,1.9883970049141948,2.15530611104757
5775,5775,5775,5.625,1.988993289342364,2.155139444380904
5776,5776,5776,5.626666666666667,1.9892080982231135,2.155735728809072
5777,5777,5777,5.628333333333334,1.9890414315564469,2.1551875865949883
5778,5778,5778,5.630000000000001,1.9892562404371976,2.155020919928321
5779,5779,5779,5.631666666666668,1.9887080982231136,2.1552357288090715
5780,5780,5780,5.633333333333336,1.9885414315564471,2.154687586594988
5781,5781,5781,5.635,1.9887562404371983,2.1545209199283213
5782,5782,5782,5.636666666666667,1.9897340004127844,2.1547357288090714
5783,5783,5783,5.638333333333334,1.990330284840952,2.1549505376898233
5784,5784,5784,5.640000000000001,1.9901636181742852,2.1555468221179908
5785,5785,5785,5.6416666666666675,1.9899969515076184,2.156143106546159
5786,5786,5786,5.643333333333334,1.9902117603883693,2.1559764398794923
5787,5787,5787,5.645,1.9900450937217025,2.155046822117991
5788,5788,5788,5.646666666666668,1.9894969515076184,2.1552616309987416
5789,5789,5789,5.648333333333332,1.9904747114832049,2.155476439879493
5790,5790,5790,5.65,1.98992656926912,2.1553097732128257
5791,5791,5791,5.651666666666667,1.9897599026024533,2.1559060576409945
5792,5792,5792,5.653333333333334,1.9903561870306217,2.155739390974328
5793,5793,5793,5.654999999999999,1.9898080448165376,2.1559541998550777
5794,5794,5794,5.656666666666668,1.9896413781498712,2.1557875331884118
5795,5795,5795,5.658333333333333,1.9898561870306224,2.155620866521745
5796,5796,5796,5.66,1.98892656926912,2.155454199855078
5797,5797,5797,5.661666666666667,1.9895228536972889,2.156050484283247
5798,5798,5798,5.663333333333334,1.990119138125456,2.1562652931639974
5799,5799,5799,5.664999999999999,1.9895709959113723,2.1560986264973305
5800,5800,5800,5.666666666666668,1.9890228536972887,2.155931959830664
5801,5801,5801,5.6683333333333366,1.9888561870306216,2.1565282442588316
5802,5802,5802,5.67,1.9894524714587891,2.1563615775921656
5803,5803,5803,5.671666666666667,1.9896672803395403,2.1558134353780813
5804,5804,5804,5.673333333333334,1.989500613672874,2.156028244258832
5805,5805,5805,5.675000000000001,1.9900968981010416,2.155861577592165
5806,5806,5806,5.676666666666668,1.989548755886958,2.1556949109254986
5807,5807,5807,5.678333333333336,1.988619138125456,2.156291195353666
5808,5808,5808,5.68,1.9888339470062069,2.1557430531395823
5809,5809,5809,5.681666666666667,1.9879043292447056,2.15633933756775
5810,5810,5810,5.683333333333334,1.9869747114832048,2.1557911953536664
5811,5811,5811,5.6850000000000005,1.9879524714587893,2.1560060042344174
5812,5812,5812,5.686666666666667,1.9877858047921224,2.1566022886625857
5813,5813,5813,5.688333333333334,1.9880006136728736,2.156435621995919
5814,5814,5814,5.6899999999999995,1.9882154225536244,2.1566504308766694
5815,5815,5815,5.691666666666666,1.9884302314343756,2.1564837642100034
5816,5816,5816,5.693333333333333,1.9886450403151263,2.156698573090753
5817,5817,5817,5.695,1.98847837364846,2.1561504308766697
5818,5818,5818,5.696666666666667,1.9875487558869576,2.1567467153048376
5819,5819,5819,5.698333333333334,1.9873820892202916,2.1577244752804234
5820,5820,5820,5.699999999999999,1.987596898101042,2.157557808613757
5821,5821,5821,5.701666666666668,1.9874302314343752,2.1570096663996727
5822,5822,5822,5.703333333333333,1.9887894669573785,2.157224475280424
5823,5823,5823,5.705,1.9890042758381288,2.1562948575189216
5824,5824,5824,5.706666666666667,1.9888376091714624,2.1568911419470904
5825,5825,5825,5.708333333333334,1.989052418052213,2.1571059508278405
5826,5826,5826,5.710000000000001,1.9888857513855465,2.156939284161174
5827,5827,5827,5.711666666666668,1.98871908471888,2.1571540930419246
5828,5828,5828,5.7133333333333365,1.988170942504796,2.157368901922675
5829,5829,5829,5.715,1.9872413247432943,2.1568207597085918
5830,5830,5830,5.716666666666667,1.987456133624045,2.1566540930419253
5831,5831,5831,5.718333333333334,1.9880524180522132,2.1568689019226754
5832,5832,5832,5.720000000000001,1.9871228002907115,2.156702235256009
5833,5833,5833,5.721666666666668,1.98771908471888,2.156535568589342
5834,5834,5834,5.7233333333333345,1.9890783202418827,2.1567503774700927
5835,5835,5835,5.725,1.9885301780277984,2.156965186350844
5836,5836,5836,5.726666666666668,1.988363511361132,2.1564170441367594
5837,5837,5837,5.728333333333332,1.9881968446944651,2.156250377470093
5838,5838,5838,5.73,1.988030178027799,2.1568466618982614
5839,5839,5839,5.731666666666667,1.9882449869085492,2.1566799952315945
5840,5840,5840,5.733333333333334,1.9884597957893,2.156513328564928
5841,5841,5841,5.734999999999999,1.9886746046700516,2.156728137445678
5842,5842,5842,5.736666666666668,1.9881264624559667,2.156942946326429
5843,5843,5843,5.738333333333333,1.9879597957893005,2.156394804112345
5844,5844,5844,5.74,1.988556080217468,2.155846661898261
5845,5845,5845,5.741666666666667,1.9883894135508016,2.1552985196841767
5846,5846,5846,5.743333333333334,1.9886042224315523,2.1558948041123447
5847,5847,5847,5.744999999999999,1.989200506859721,2.156491088540513
5848,5848,5848,5.746666666666668,1.9905597423827237,2.1563244218738467
5849,5849,5849,5.748333333333333,1.9903930757160568,2.15615775520718
5850,5850,5850,5.75,1.989081982407138,2.156754039635348
5851,5851,5851,5.751666666666667,1.9892967912878887,2.156205897421264
5852,5852,5852,5.753333333333334,1.9879856979789696,2.1556577552071796
5853,5853,5853,5.755000000000001,1.9885819824071376,2.1558725640879306
5854,5854,5854,5.756666666666668,1.9887967912878892,2.1564688485160985
5855,5855,5855,5.758333333333336,1.9886301246212224,2.156683657396849
5856,5856,5856,5.76,1.989607884596808,2.1568984662776005
5857,5857,5857,5.761666666666667,1.9898226934775585,2.1571132751583506
5858,5858,5858,5.763333333333334,1.98851160016864,2.1573280840391025
5859,5859,5859,5.765000000000001,1.987963457954556,2.157161417372436
5860,5860,5860,5.7666666666666675,1.9885597423827237,2.156231799610933
5861,5861,5861,5.768333333333334,1.9887745512634745,2.1568280840391023
5862,5862,5862,5.77,1.9893708356916424,2.1566614173724354
5863,5863,5863,5.771666666666668,1.9888226934775584,2.156494750705769
5864,5864,5864,5.773333333333332,1.990181929000561,2.1570910351339365
5865,5865,5865,5.775,1.9896337867864773,2.1565428929198527
5866,5866,5866,5.776666666666667,1.9894671201198104,2.1563762262531863
5867,5867,5867,5.778333333333334,1.9893004534531442,2.1569725106813538
5868,5868,5868,5.779999999999999,1.9898967378813117,2.156042892919853
5869,5869,5869,5.781666666666668,1.99049302230948,2.1566391773480205
5870,5870,5870,5.783333333333333,1.9891819290005608,2.1568539862287714
5871,5871,5871,5.785,1.989015262333894,2.1563058440146867
5872,5872,5872,5.786666666666667,1.9896115467620628,2.1561391773480207
5873,5873,5873,5.788333333333334,1.989444880095396,2.1563539862287717
5874,5874,5874,5.789999999999999,1.9888967378813118,2.15695027065694
5875,5875,5875,5.791666666666668,1.9887300712146447,2.1571650795376907
5876,5876,5876,5.7933333333333366,1.9897078311902308,2.1573798884184407
5877,5877,5877,5.795,1.9899226400709815,2.157976172846609
5878,5878,5878,5.796666666666667,1.9889930223094805,2.1570465550851075
5879,5879,5879,5.798333333333334,1.9888263556428136,2.1568798884184406
5880,5880,5880,5.800000000000001,1.9901855911658168,2.157094697299192
5881,5881,5881,5.801666666666668,1.9904004000465672,2.1565465550851077
5882,5882,5882,5.803333333333336,1.9898522578324835,2.1563798884184404
5883,5883,5883,5.805,1.990448542260652,2.156594697299192
5884,5884,5884,5.806666666666667,1.9902818755939853,2.1568095061799424
5885,5885,5885,5.808333333333334,1.9897337333799008,2.156642839513276
5886,5886,5886,5.8100000000000005,1.9899485422606515,2.1576205994888613
5887,5887,5887,5.811666666666667,1.9901633511414016,2.1578354083696123
5888,5888,5888,5.813333333333334,1.9896152089273185,2.158050217250363
5889,5889,5889,5.8149999999999995,1.9890670667132342,2.157883550583696
5890,5890,5890,5.816666666666666,1.9885189244991504,2.1569539328221947
5891,5891,5891,5.818333333333333,1.988352257832484,2.1571687417029457
5892,5892,5892,5.82,1.9881855911658168,2.157383550583696
5893,5893,5893,5.821666666666667,1.9884004000465672,2.156835408369612
5894,5894,5894,5.823333333333334,1.9886152089273184,2.1578131683451978
5895,5895,5895,5.824999999999999,1.9892114933554859,2.1584094527733657
5896,5896,5896,5.826666666666668,1.9898077777836545,2.158624261654116
5897,5897,5897,5.828333333333333,1.9900225866644048,2.15845759498745
5898,5898,5898,5.83,1.989474444450321,2.158672403868201
5899,5899,5899,5.831666666666667,1.989689253331072,2.158124261654116
5900,5900,5900,5.833333333333334,1.989522586664405,2.1571946438926144
5901,5901,5901,5.835000000000001,1.9893559199977384,2.155883550583696
5902,5902,5902,5.836666666666668,1.989189253331072,2.1557168839170293
5903,5903,5903,5.8383333333333365,1.9886411111169875,2.155550217250363
5904,5904,5904,5.84,1.989237395545156,2.154239123941444
5905,5905,5905,5.841666666666667,1.9898336799733245,2.1540724572747774
5906,5906,5906,5.843333333333334,1.9885225866644047,2.1539057906081105
5907,5907,5907,5.845000000000001,1.9883559199977383,2.152594697299192
5908,5908,5908,5.846666666666668,1.9889522044259065,2.1516650795376906
5909,5909,5909,5.8483333333333345,1.9891670133066577,2.150735461776189
5910,5910,5910,5.85,1.989381822187408,2.149042892919853
5911,5911,5911,5.851666666666668,1.988070728878489,2.1481132751583507
5912,5912,5912,5.853333333333332,1.9890484888540747,2.147183657396849
5913,5913,5913,5.855,1.9888818221874083,2.145872564087931
5914,5914,5914,5.856666666666667,1.988333679973324,2.1441799952315947
5915,5915,5915,5.858333333333334,1.9881670133066576,2.142487426375258
5916,5916,5916,5.859999999999999,1.988381822187408,2.14117633306634
5917,5917,5917,5.861666666666668,1.988978106615576,2.140246715304837
5918,5918,5918,5.863333333333333,1.9895743910437445,2.138554146448501
5919,5919,5919,5.865,1.9897891999244952,2.138006004234417
5920,5920,5920,5.866666666666667,1.9888595821629933,2.136694910925499
5921,5921,5921,5.868333333333334,1.9894558665911617,2.1353838176165802
5922,5922,5922,5.869999999999999,1.9892891999244953,2.133309773212826
5923,5923,5923,5.871666666666668,1.987978106615576,2.1312357288090715
5924,5924,5924,5.873333333333337,1.9889558665911615,2.129161684405318
5925,5925,5925,5.875,1.98955215101933,2.1278505910963985
5926,5926,5926,5.876666666666667,1.9893854843526635,2.1265394977874807
5927,5927,5927,5.878333333333334,1.9896002932334145,2.125609880025979
5928,5928,5928,5.880000000000001,1.98905215101933,2.1246802622644774
5929,5929,5929,5.881666666666668,1.9881225332578285,2.123750644502976
5930,5930,5930,5.883333333333336,1.989100293233414,2.121676600099222
5931,5931,5931,5.885,1.989696577661582,2.120365506790304
5932,5932,5932,5.886666666666667,1.9895299109949156,2.1198173645762197
5933,5933,5933,5.888333333333334,1.989744719875666,2.1196506979095533
5934,5934,5934,5.890000000000001,1.9899595287564171,2.119102555695469
5935,5935,5935,5.8916666666666675,1.9890299109949157,2.1181729379339678
5936,5936,5936,5.893333333333334,1.989244719875666,2.118387746814718
5937,5937,5937,5.895,1.9906039553986683,2.117458129053216
5938,5938,5938,5.896666666666668,1.9892928620897503,2.1169099868391332
5939,5939,5939,5.898333333333332,1.989126195423084,2.1163618446250485
5940,5940,5940,5.9,1.9901039553986688,2.1165766535057995
5941,5941,5941,5.901666666666667,1.989174337637168,2.1167914623865496
5942,5942,5942,5.903333333333334,1.989007670970501,2.1158618446250483
5943,5943,5943,5.904999999999999,1.9899854309460865,2.114932226863546
5944,5944,5944,5.906666666666668,1.98981876427942,2.1151470357442976
5945,5945,5945,5.908333333333333,1.9900335731601708,2.1145988935302134
5946,5946,5946,5.91,1.9894854309460863,2.114050751316129
5947,5947,5947,5.911666666666667,1.9893187642794197,2.113884084649462
5948,5948,5948,5.913333333333334,1.9902965242550053,2.1140988935302136
5949,5949,5949,5.914999999999999,1.989366906493504,2.114313702410964
5950,5950,5950,5.916666666666668,1.9892002398268371,2.1133840846494625
5951,5951,5951,5.9183333333333366,1.9897965242550053,2.112835942435378
5952,5952,5952,5.92,1.9892483820409212,2.1138137024109644
5953,5953,5953,5.921666666666667,1.9890817153742544,2.1144099868391333
5954,5954,5954,5.923333333333334,1.99005947534984,2.113861844625048
5955,5955,5955,5.925000000000001,1.9902742842305916,2.1140766535057995
5956,5956,5956,5.926666666666668,1.9904890931113417,2.114291462386549
5957,5957,5957,5.928333333333336,1.9899409508972579,2.113743320172466
5958,5958,5958,5.93,1.9886298575883383,2.1135766535058
5959,5959,5959,5.931666666666667,1.988463190921672,2.113791462386549
5960,5960,5960,5.933333333333334,1.989822426444675,2.1132433201724656
5961,5961,5961,5.9350000000000005,1.9888928086831736,2.1130766535058
5962,5962,5962,5.936666666666667,1.987963190921672,2.1125285112917154
5963,5963,5963,5.938333333333334,1.9870335731601707,2.112361844625048
5964,5964,5964,5.9399999999999995,1.985722479851252,2.1121951779583816
5965,5965,5965,5.941666666666666,1.9855558131845847,2.1124099868391326
5966,5966,5966,5.943333333333333,1.9853891465179183,2.1122433201724657
5967,5967,5967,5.945,1.984078053209,2.113221080148051
5968,5968,5968,5.946666666666667,1.9827669599000812,2.1134358890288016
5969,5969,5969,5.948333333333334,1.9803114399489092,2.1136506979095526
5970,5970,5970,5.949999999999999,1.9786188710925727,2.1131025556954692
5971,5971,5971,5.951666666666668,1.977307777783654,2.1136988401236367
5972,5972,5972,5.953333333333333,1.9756152089273185,2.1135321734569703
5973,5973,5973,5.955,1.9758300178080683,2.1133655067903034
5974,5974,5974,5.956666666666667,1.9752818755939847,2.113198840123637
5975,5975,5975,5.958333333333334,1.9739707822850656,2.1126506979095527
5976,5976,5976,5.960000000000001,1.972659688976147,2.1128655067903037
5977,5977,5977,5.961666666666668,1.970204169024976,2.1134617912184708
5978,5978,5978,5.9633333333333365,1.9688930757160568,2.11253217345697
5979,5979,5979,5.965,1.9675819824071377,2.1123655067903035
5980,5980,5980,5.966666666666667,1.9662708890982192,2.1121988401236367
5981,5981,5981,5.968333333333334,1.965722746884135,2.1127951245518046
5982,5982,5982,5.970000000000001,1.964030178027799,2.113009933432556
5983,5983,5983,5.971666666666668,1.9623376091714624,2.112461791218471
5984,5984,5984,5.9733333333333345,1.9606450403151263,2.1122951245518045
5985,5985,5985,5.975,1.9593339470062072,2.1121284578851376
5986,5986,5986,5.976666666666668,1.959548755886958,2.1119617912184707
5987,5987,5987,5.978333333333332,1.958237662578039,2.1117951245518043
5988,5988,5988,5.98,1.9565450937217024,2.1112469823377213
5989,5989,5989,5.981666666666667,1.9556154759602011,2.111461791218471
5990,5990,5990,5.983333333333334,1.9539229071038644,2.11205807564664
5991,5991,5991,5.984999999999999,1.9537562404371975,2.1118914089799734
5992,5992,5992,5.986666666666668,1.9528266226756967,2.111343266765889
5993,5993,5993,5.988333333333333,1.952278480461613,2.11155807564664
5994,5994,5994,5.99,1.951348862700112,2.11177288452739
5995,5995,5995,5.991666666666667,1.9504192449386095,2.110461791218471
5996,5996,5996,5.993333333333334,1.9513970049141949,2.1106766000992225
5997,5997,5997,5.994999999999999,1.95237476488978,2.111654360074808
5998,5998,5998,5.996666666666668,1.9514451471282797,2.111106217860724
5999,5999,5999,5.998333333333337,1.9508970049141947,2.1109395511940567
