,Unnamed: 0,time,discharge_pressure,suction_pressure
0,0,0.0,0.20408941786831464,1.5495536736095217
1,1,0.0016666666666666668,0.20408941786831464,1.5495536736095217
2,2,0.0033333333333333327,0.20408941786831464,1.5495536736095217
3,3,0.005,0.20408941786831464,1.5495536736095217
4,4,0.006666666666666667,0.20447089341573205,1.5495536736095217
5,5,0.008333333333333333,0.20408941786831464,1.5495536736095217
6,6,0.01,0.20408941786831464,1.5495536736095217
7,7,0.011666666666666669,0.20408941786831464,1.549935149156939
8,8,0.013333333333333334,0.20408941786831464,1.5495536736095217
9,9,0.015,0.20408941786831464,1.5495536736095217
10,10,0.016666666666666666,0.20408941786831464,1.5495536736095217
11,11,0.01833333333333333,0.20408941786831464,1.5495536736095217
12,12,0.02,0.20408941786831464,1.5495536736095217
13,13,0.021666666666666667,0.20408941786831464,1.5495536736095217
14,14,0.02333333333333333,0.20408941786831464,1.549935149156939
15,15,0.025,0.20408941786831464,1.5495536736095217
16,16,0.02666666666666667,0.20447089341573205,1.5495536736095217
17,17,0.028333333333333332,0.20408941786831464,1.5495536736095217
18,18,0.03,0.20408941786831464,1.5495536736095217
19,19,0.03166666666666667,0.20408941786831464,1.5495536736095217
20,20,0.03333333333333333,0.20408941786831464,1.5495536736095217
21,21,0.035,0.20408941786831464,1.5495536736095217
22,22,0.03666666666666667,0.20408941786831464,1.5495536736095217
23,23,0.03833333333333334,0.20408941786831464,1.5495536736095217
24,24,0.04,0.20408941786831464,1.5495536736095217
25,25,0.04166666666666667,0.20408941786831464,1.5495536736095217
26,26,0.043333333333333335,0.20408941786831464,1.5495536736095217
27,27,0.045000000000000005,0.20408941786831464,1.5495536736095217
28,28,0.04666666666666667,0.20408941786831464,1.5495536736095217
29,29,0.04833333333333334,0.20408941786831464,1.5495536736095217
30,30,0.05,0.20408941786831464,1.5495536736095217
31,31,0.051666666666666666,0.20408941786831464,1.5495536736095217
32,32,0.05333333333333334,0.20408941786831464,1.5495536736095217
33,33,0.055,0.20408941786831464,1.5495536736095217
34,34,0.05666666666666668,0.20447089341573205,1.5495536736095217
35,35,0.05833333333333333,0.20408941786831464,1.5495536736095217
36,36,0.06000000000000001,0.20408941786831464,1.5495536736095217
37,37,0.061666666666666675,0.20408941786831464,1.5495536736095217
38,38,0.06333333333333334,0.20408941786831464,1.5495536736095217
39,39,0.065,0.20408941786831464,1.5495536736095217
40,40,0.06666666666666668,0.20408941786831464,1.5495536736095217
41,41,0.06833333333333334,0.20408941786831464,1.5495536736095217
42,42,0.07,0.20408941786831464,1.5495536736095217
43,43,0.07166666666666667,0.20447089341573205,1.5495536736095217
44,44,0.07333333333333332,0.20408941786831464,1.5495536736095217
45,45,0.07500000000000001,0.20408941786831464,1.5495536736095217
46,46,0.07666666666666667,0.20408941786831464,1.5495536736095217
47,47,0.07833333333333334,0.20408941786831464,1.5495536736095217
48,48,0.08,0.20408941786831464,1.5495536736095217
49,49,0.08166666666666668,0.20408941786831464,1.5495536736095217
50,50,0.08333333333333334,0.20408941786831464,1.5495536736095217
51,51,0.085,0.20408941786831464,1.5495536736095217
52,52,0.08666666666666667,0.20408941786831464,1.5495536736095217
53,53,0.08833333333333332,0.20408941786831464,1.5495536736095217
54,54,0.09000000000000001,0.20408941786831464,1.5495536736095217
55,55,0.09166666666666667,0.20408941786831464,1.5495536736095217
56,56,0.09333333333333334,0.20408941786831464,1.5495536736095217
57,57,0.095,0.20408941786831464,1.5495536736095217
58,58,0.09666666666666668,0.20408941786831464,1.5495536736095217
59,59,0.09833333333333334,0.20408941786831464,1.5495536736095217
60,60,0.1,0.20408941786831464,1.5495536736095217
61,61,0.10166666666666667,0.20408941786831464,1.5495536736095217
62,62,0.10333333333333336,0.20408941786831464,1.5495536736095217
63,63,0.105,0.20408941786831464,1.5495536736095217
64,64,0.10666666666666667,0.20408941786831464,1.5495536736095217
65,65,0.10833333333333334,0.20408941786831464,1.5495536736095217
66,66,0.11,0.20408941786831464,1.549935149156939
67,67,0.11166666666666668,0.20408941786831464,1.5495536736095217
68,68,0.11333333333333336,0.20408941786831464,1.5495536736095217
69,69,0.115,0.20408941786831464,1.5495536736095217
70,70,0.11666666666666667,0.20408941786831464,1.5495536736095217
71,71,0.11833333333333335,0.20408941786831464,1.5495536736095217
72,72,0.12,0.20408941786831464,1.5495536736095217
73,73,0.12166666666666667,0.20408941786831464,1.5495536736095217
74,74,0.12333333333333335,0.20408941786831464,1.5495536736095217
75,75,0.125,0.20408941786831464,1.5495536736095217
76,76,0.12666666666666668,0.20408941786831464,1.5495536736095217
77,77,0.12833333333333335,0.20447089341573205,1.5495536736095217
78,78,0.13,0.20408941786831464,1.5495536736095217
79,79,0.13166666666666668,0.20408941786831464,1.5495536736095217
80,80,0.13333333333333333,0.20408941786831464,1.5495536736095217
81,81,0.135,0.20408941786831464,1.5495536736095217
82,82,0.1366666666666667,0.20408941786831464,1.5495536736095217
83,83,0.13833333333333336,0.20408941786831464,1.5495536736095217
84,84,0.14,0.20408941786831464,1.5495536736095217
85,85,0.14166666666666666,0.20408941786831464,1.5495536736095217
86,86,0.14333333333333334,0.20408941786831464,1.5495536736095217
87,87,0.14500000000000002,0.20408941786831464,1.5495536736095217
88,88,0.14666666666666667,0.20408941786831464,1.5495536736095217
89,89,0.14833333333333334,0.20408941786831464,1.5495536736095217
90,90,0.15000000000000002,0.20408941786831464,1.5495536736095217
91,91,0.15166666666666667,0.20408941786831464,1.5495536736095217
92,92,0.15333333333333335,0.20408941786831464,1.5495536736095217
93,93,0.155,0.20408941786831464,1.5495536736095217
94,94,0.15666666666666668,0.20408941786831464,1.5495536736095217
95,95,0.15833333333333335,0.20370794232089726,1.5495536736095217
96,96,0.16,0.20408941786831464,1.549935149156939
97,97,0.16166666666666668,0.20408941786831464,1.5495536736095217
98,98,0.16333333333333333,0.20447089341573205,1.5495536736095217
99,99,0.165,0.20408941786831464,1.5495536736095217
100,100,0.16666666666666669,0.20408941786831464,1.5495536736095217
101,101,0.16833333333333333,0.20408941786831464,1.5495536736095217
102,102,0.17,0.20408941786831464,1.5495536736095217
103,103,0.1716666666666667,0.20447089341573205,1.5495536736095217
104,104,0.17333333333333334,0.20408941786831464,1.5495536736095217
105,105,0.17500000000000002,0.20370794232089726,1.5495536736095217
106,106,0.17666666666666667,0.20408941786831464,1.5495536736095217
107,107,0.17833333333333334,0.20408941786831464,1.5495536736095217
108,108,0.18000000000000002,0.20447089341573205,1.5495536736095217
109,109,0.18166666666666667,0.20408941786831464,1.5495536736095217
110,110,0.18333333333333332,0.20408941786831464,1.5495536736095217
111,111,0.18500000000000005,0.20408941786831464,1.5495536736095217
112,112,0.18666666666666668,0.20408941786831464,1.5495536736095217
113,113,0.18833333333333332,0.20408941786831464,1.5495536736095217
114,114,0.19,0.20408941786831464,1.5495536736095217
115,115,0.19166666666666668,0.20408941786831464,1.5495536736095217
116,116,0.19333333333333336,0.20447089341573205,1.549935149156939
117,117,0.195,0.20408941786831464,1.5495536736095217
118,118,0.19666666666666668,0.20408941786831464,1.5495536736095217
119,119,0.19833333333333333,0.20408941786831464,1.5495536736095217
120,120,0.2,0.20408941786831464,1.5495536736095217
121,121,0.2016666666666667,0.20408941786831464,1.5495536736095217
122,122,0.20333333333333334,0.20408941786831464,1.5495536736095217
123,123,0.205,0.20408941786831464,1.5495536736095217
124,124,0.2066666666666667,0.20408941786831464,1.5495536736095217
125,125,0.20833333333333331,0.20408941786831464,1.5495536736095217
126,126,0.21,0.20408941786831464,1.5495536736095217
127,127,0.21166666666666667,0.20408941786831464,1.5495536736095217
128,128,0.21333333333333332,0.20408941786831464,1.5495536736095217
129,129,0.215,0.20447089341573205,1.5495536736095217
130,130,0.21666666666666667,0.20408941786831464,1.5495536736095217
131,131,0.21833333333333332,0.20408941786831464,1.549935149156939
132,132,0.22,0.20408941786831464,1.549935149156939
133,133,0.22166666666666668,0.20447089341573205,1.5495536736095217
134,134,0.22333333333333336,0.20408941786831464,1.549935149156939
135,135,0.225,0.20370794232089726,1.549935149156939
136,136,0.2266666666666667,0.20408941786831464,1.5495536736095217
137,137,0.22833333333333336,0.20408941786831464,1.5495536736095217
138,138,0.23,0.20408941786831464,1.5495536736095217
139,139,0.2316666666666667,0.20408941786831464,1.5495536736095217
140,140,0.2333333333333333,0.20408941786831464,1.5495536736095217
141,141,0.235,0.20408941786831464,1.549935149156939
142,142,0.2366666666666667,0.20408941786831464,1.5495536736095217
143,143,0.2383333333333333,0.20408941786831464,1.5495536736095217
144,144,0.24,0.20408941786831464,1.5495536736095217
145,145,0.2416666666666667,0.20408941786831464,1.5495536736095217
146,146,0.2433333333333333,0.20408941786831464,1.5495536736095217
147,147,0.245,0.20408941786831464,1.5495536736095217
148,148,0.2466666666666667,0.20408941786831464,1.5495536736095217
149,149,0.2483333333333333,0.20408941786831464,1.5495536736095217
150,150,0.25,0.20408941786831464,1.5495536736095217
151,151,0.2516666666666667,0.20408941786831464,1.5495536736095217
152,152,0.2533333333333333,0.20408941786831464,1.5495536736095217
153,153,0.255,0.20408941786831464,1.5495536736095217
154,154,0.2566666666666667,0.20408941786831464,1.5495536736095217
155,155,0.25833333333333336,0.20408941786831464,1.5495536736095217
156,156,0.26,0.20408941786831464,1.5495536736095217
157,157,0.26166666666666666,0.20408941786831464,1.549935149156939
158,158,0.26333333333333336,0.20408941786831464,1.5495536736095217
159,159,0.265,0.20408941786831464,1.5495536736095217
160,160,0.26666666666666666,0.20408941786831464,1.5495536736095217
161,161,0.26833333333333337,0.20408941786831464,1.5495536736095217
162,162,0.27,0.20408941786831464,1.5495536736095217
163,163,0.2716666666666667,0.20408941786831464,1.549935149156939
164,164,0.2733333333333334,0.20408941786831464,1.5495536736095217
165,165,0.275,0.20408941786831464,1.5495536736095217
166,166,0.2766666666666667,0.20408941786831464,1.5495536736095217
167,167,0.2783333333333334,0.20408941786831464,1.5495536736095217
168,168,0.28,0.20408941786831464,1.5495536736095217
169,169,0.2816666666666667,0.20408941786831464,1.5495536736095217
170,170,0.2833333333333333,0.20370794232089726,1.5495536736095217
171,171,0.28500000000000003,0.20370794232089726,1.5495536736095217
172,172,0.2866666666666667,0.20370794232089726,1.5495536736095217
173,173,0.2883333333333333,0.20370794232089726,1.5495536736095217
174,174,0.29000000000000004,0.20370794232089726,1.5495536736095217
175,175,0.2916666666666667,0.20370794232089726,1.5495536736095217
176,176,0.2933333333333333,0.20408941786831464,1.5495536736095217
177,177,0.29500000000000004,0.20370794232089726,1.5495536736095217
178,178,0.2966666666666667,0.20408941786831464,1.5495536736095217
179,179,0.2983333333333333,0.20408941786831464,1.5495536736095217
180,180,0.30000000000000004,0.20370794232089726,1.5495536736095217
181,181,0.3016666666666667,0.20408941786831464,1.5495536736095217
182,182,0.3033333333333333,0.20408941786831464,1.5495536736095217
183,183,0.305,0.20408941786831464,1.5495536736095217
184,184,0.3066666666666667,0.20408941786831464,1.5495536736095217
185,185,0.3083333333333333,0.20370794232089726,1.5491721980621045
186,186,0.31,0.20408941786831464,1.5495536736095217
187,187,0.3116666666666667,0.20408941786831464,1.5495536736095217
188,188,0.3133333333333333,0.20408941786831464,1.5495536736095217
189,189,0.315,0.20408941786831464,1.549935149156939
190,190,0.3166666666666667,0.20408941786831464,1.5491721980621045
191,191,0.31833333333333336,0.20408941786831464,1.5495536736095217
192,192,0.32,0.20408941786831464,1.5495536736095217
193,193,0.3216666666666667,0.20370794232089726,1.5495536736095217
194,194,0.32333333333333336,0.20408941786831464,1.5495536736095217
195,195,0.325,0.20408941786831464,1.5495536736095217
196,196,0.32666666666666666,0.20408941786831464,1.5495536736095217
197,197,0.32833333333333337,0.20408941786831464,1.5495536736095217
198,198,0.33,0.20408941786831464,1.5495536736095217
199,199,0.3316666666666667,0.20408941786831464,1.5495536736095217
200,200,0.33333333333333337,0.20408941786831464,1.5495536736095217
201,201,0.335,0.20408941786831464,1.5495536736095217
202,202,0.3366666666666667,0.20408941786831464,1.5495536736095217
203,203,0.3383333333333334,0.20408941786831464,1.5495536736095217
204,204,0.34,0.20408941786831464,1.5495536736095217
205,205,0.3416666666666667,0.20408941786831464,1.5495536736095217
206,206,0.3433333333333334,0.20408941786831464,1.5495536736095217
207,207,0.34500000000000003,0.20408941786831464,1.549935149156939
208,208,0.3466666666666667,0.20408941786831464,1.5495536736095217
209,209,0.3483333333333333,0.20408941786831464,1.5495536736095217
210,210,0.35000000000000003,0.20370794232089726,1.5495536736095217
211,211,0.3516666666666667,0.20408941786831464,1.5495536736095217
212,212,0.3533333333333333,0.20408941786831464,1.549935149156939
213,213,0.35500000000000004,0.20408941786831464,1.5495536736095217
214,214,0.3566666666666667,0.20408941786831464,1.5495536736095217
215,215,0.3583333333333333,0.20370794232089726,1.5495536736095217
216,216,0.36000000000000004,0.20408941786831464,1.5495536736095217
217,217,0.3616666666666667,0.20408941786831464,1.5495536736095217
218,218,0.3633333333333333,0.20408941786831464,1.549935149156939
219,219,0.3650000000000001,0.20408941786831464,1.5495536736095217
220,220,0.3666666666666667,0.20408941786831464,1.5495536736095217
221,221,0.36833333333333335,0.20408941786831464,1.5495536736095217
222,222,0.3700000000000001,0.20408941786831464,1.5495536736095217
223,223,0.3716666666666667,0.20408941786831464,1.5495536736095217
224,224,0.37333333333333335,0.20408941786831464,1.5495536736095217
225,225,0.375,0.20408941786831464,1.5495536736095217
226,226,0.3766666666666667,0.20408941786831464,1.5495536736095217
227,227,0.37833333333333335,0.20408941786831464,1.5495536736095217
228,228,0.38,0.20408941786831464,1.549935149156939
229,229,0.3816666666666667,0.20408941786831464,1.5495536736095217
230,230,0.38333333333333336,0.20370794232089726,1.5495536736095217
231,231,0.385,0.20447089341573205,1.549935149156939
232,232,0.3866666666666667,0.20408941786831464,1.5495536736095217
233,233,0.38833333333333336,0.20408941786831464,1.5495536736095217
234,234,0.39,0.20408941786831464,1.5495536736095217
235,235,0.3916666666666667,0.20408941786831464,1.5495536736095217
236,236,0.39333333333333337,0.20408941786831464,1.5495536736095217
237,237,0.395,0.20408941786831464,1.5495536736095217
238,238,0.39666666666666667,0.20447089341573205,1.5495536736095217
239,239,0.3983333333333334,0.20408941786831464,1.5495536736095217
240,240,0.4,0.20408941786831464,1.5495536736095217
241,241,0.40166666666666667,0.20447089341573205,1.5495536736095217
242,242,0.4033333333333334,0.20408941786831464,1.5495536736095217
243,243,0.405,0.20408941786831464,1.5495536736095217
244,244,0.4066666666666667,0.20408941786831464,1.5495536736095217
245,245,0.4083333333333334,0.20408941786831464,1.5495536736095217
246,246,0.41,0.20408941786831464,1.5495536736095217
247,247,0.4116666666666667,0.20408941786831464,1.5495536736095217
248,248,0.4133333333333334,0.20408941786831464,1.5495536736095217
249,249,0.415,0.20408941786831464,1.5495536736095217
250,250,0.4166666666666667,0.20370794232089726,1.5495536736095217
251,251,0.4183333333333333,0.20408941786831464,1.5495536736095217
252,252,0.42,0.20408941786831464,1.5495536736095217
253,253,0.4216666666666667,0.20408941786831464,1.5495536736095217
254,254,0.4233333333333333,0.20408941786831464,1.5495536736095217
255,255,0.425,0.20408941786831464,1.5495536736095217
256,256,0.4266666666666667,0.20408941786831464,1.549935149156939
257,257,0.4283333333333333,0.20408941786831464,1.5495536736095217
258,258,0.4300000000000001,0.20408941786831464,1.5495536736095217
259,259,0.4316666666666667,0.20408941786831464,1.5495536736095217
260,260,0.43333333333333335,0.20408941786831464,1.5495536736095217
261,261,0.4350000000000001,0.20408941786831464,1.5495536736095217
262,262,0.4366666666666667,0.20408941786831464,1.5495536736095217
263,263,0.43833333333333335,0.20408941786831464,1.5495536736095217
264,264,0.44,0.20447089341573205,1.5495536736095217
265,265,0.4416666666666667,0.20408941786831464,1.549935149156939
266,266,0.44333333333333336,0.20408941786831464,1.5495536736095217
267,267,0.445,0.20408941786831464,1.5495536736095217
268,268,0.4466666666666667,0.20408941786831464,1.5495536736095217
269,269,0.44833333333333336,0.20408941786831464,1.5495536736095217
270,270,0.45,0.20408941786831464,1.5495536736095217
271,271,0.4516666666666667,0.20408941786831464,1.5495536736095217
272,272,0.4533333333333334,0.20408941786831464,1.5495536736095217
273,273,0.455,0.20408941786831464,1.5495536736095217
274,274,0.4566666666666667,0.20408941786831464,1.5495536736095217
275,275,0.4583333333333334,0.20370794232089726,1.5495536736095217
276,276,0.46,0.20408941786831464,1.5495536736095217
277,277,0.4616666666666666,0.20408941786831464,1.5495536736095217
278,278,0.4633333333333334,0.20408941786831464,1.5495536736095217
279,279,0.465,0.20408941786831464,1.5495536736095217
280,280,0.4666666666666667,0.20408941786831464,1.5495536736095217
281,281,0.4683333333333334,0.20447089341573205,1.5495536736095217
282,282,0.47,0.20408941786831464,1.5495536736095217
283,283,0.4716666666666667,0.20408941786831464,1.5495536736095217
284,284,0.4733333333333334,0.20408941786831464,1.5495536736095217
285,285,0.475,0.20408941786831464,1.5495536736095217
286,286,0.4766666666666667,0.20408941786831464,1.5495536736095217
287,287,0.4783333333333334,0.20408941786831464,1.549935149156939
288,288,0.48,0.20408941786831464,1.5495536736095217
289,289,0.4816666666666667,0.20408941786831464,1.5495536736095217
290,290,0.4833333333333333,0.20408941786831464,1.5495536736095217
291,291,0.485,0.20408941786831464,1.5495536736095217
292,292,0.4866666666666667,0.20408941786831464,1.5495536736095217
293,293,0.4883333333333333,0.20408941786831464,1.549935149156939
294,294,0.4900000000000001,0.20408941786831464,1.5495536736095217
295,295,0.4916666666666667,0.20370794232089726,1.5495536736095217
296,296,0.4933333333333334,0.20408941786831464,1.5495536736095217
297,297,0.4950000000000001,0.20408941786831464,1.5495536736095217
298,298,0.4966666666666667,0.20408941786831464,1.5495536736095217
299,299,0.4983333333333334,0.20408941786831464,1.5495536736095217
300,300,0.5,0.20370794232089726,1.5495536736095217
301,301,0.5016666666666667,0.20408941786831464,1.5495536736095217
302,302,0.5033333333333334,0.20408941786831464,1.549935149156939
303,303,0.505,0.20408941786831464,1.5495536736095217
304,304,0.5066666666666667,0.20408941786831464,1.5495536736095217
305,305,0.5083333333333334,0.20408941786831464,1.5495536736095217
306,306,0.51,0.20408941786831464,1.5495536736095217
307,307,0.5116666666666667,0.20408941786831464,1.5495536736095217
308,308,0.5133333333333334,0.20408941786831464,1.5495536736095217
309,309,0.515,0.20447089341573205,1.5495536736095217
310,310,0.5166666666666667,0.20408941786831464,1.5495536736095217
311,311,0.5183333333333333,0.20408941786831464,1.5495536736095217
312,312,0.52,0.20408941786831464,1.5495536736095217
313,313,0.5216666666666667,0.20408941786831464,1.5495536736095217
314,314,0.5233333333333333,0.20408941786831464,1.5495536736095217
315,315,0.525,0.20408941786831464,1.5491721980621045
316,316,0.5266666666666667,0.20408941786831464,1.5495536736095217
317,317,0.5283333333333333,0.20408941786831464,1.5495536736095217
318,318,0.53,0.20408941786831464,1.5495536736095217
319,319,0.5316666666666667,0.20408941786831464,1.5495536736095217
320,320,0.5333333333333333,0.20408941786831464,1.5495536736095217
321,321,0.535,0.20408941786831464,1.5495536736095217
322,322,0.5366666666666667,0.20408941786831464,1.5495536736095217
323,323,0.5383333333333333,0.20408941786831464,1.549935149156939
324,324,0.54,0.20408941786831464,1.5495536736095217
325,325,0.5416666666666667,0.20408941786831464,1.5495536736095217
326,326,0.5433333333333333,0.20408941786831464,1.5495536736095217
327,327,0.545,0.20408941786831464,1.5495536736095217
328,328,0.5466666666666667,0.20408941786831464,1.5495536736095217
329,329,0.5483333333333333,0.20408941786831464,1.5495536736095217
330,330,0.55,0.20408941786831464,1.549935149156939
331,331,0.5516666666666667,0.20408941786831464,1.5495536736095217
332,332,0.5533333333333333,0.20408941786831464,1.5495536736095217
333,333,0.555,0.20408941786831464,1.5495536736095217
334,334,0.5566666666666668,0.20408941786831464,1.5495536736095217
335,335,0.5583333333333333,0.20370794232089726,1.5495536736095217
336,336,0.56,0.20408941786831464,1.5495536736095217
337,337,0.5616666666666666,0.20447089341573205,1.5495536736095217
338,338,0.5633333333333334,0.20408941786831464,1.5495536736095217
339,339,0.5650000000000001,0.20408941786831464,1.5495536736095217
340,340,0.5666666666666667,0.20408941786831464,1.5495536736095217
341,341,0.5683333333333334,0.20447089341573205,1.5495536736095217
342,342,0.5700000000000001,0.20408941786831464,1.5495536736095217
343,343,0.5716666666666667,0.20408941786831464,1.549935149156939
344,344,0.5733333333333334,0.20408941786831464,1.5495536736095217
345,345,0.5750000000000001,0.20370794232089726,1.5491721980621045
346,346,0.5766666666666667,0.20408941786831464,1.5495536736095217
347,347,0.5783333333333334,0.20408941786831464,1.5495536736095217
348,348,0.5800000000000001,0.20408941786831464,1.549935149156939
349,349,0.5816666666666667,0.20408941786831464,1.549935149156939
350,350,0.5833333333333334,0.20370794232089726,1.5495536736095217
351,351,0.5850000000000001,0.20408941786831464,1.5491721980621045
352,352,0.5866666666666667,0.20408941786831464,1.5495536736095217
353,353,0.5883333333333334,0.20408941786831464,1.5495536736095217
354,354,0.5900000000000001,0.20408941786831464,1.5495536736095217
355,355,0.5916666666666667,0.20370794232089726,1.5495536736095217
356,356,0.5933333333333334,0.20408941786831464,1.5495536736095217
357,357,0.5950000000000001,0.20408941786831464,1.5495536736095217
358,358,0.5966666666666667,0.20447089341573205,1.5495536736095217
359,359,0.5983333333333334,0.20408941786831464,1.5495536736095217
360,360,0.6000000000000001,0.20408941786831464,1.5495536736095217
361,361,0.6016666666666667,0.20408941786831464,1.5495536736095217
362,362,0.6033333333333334,0.20408941786831464,1.5495536736095217
363,363,0.6050000000000001,0.20408941786831464,1.5495536736095217
364,364,0.6066666666666667,0.20408941786831464,1.549935149156939
365,365,0.6083333333333334,0.20408941786831464,1.5495536736095217
366,366,0.61,0.20408941786831464,1.5495536736095217
367,367,0.6116666666666667,0.20408941786831464,1.5495536736095217
368,368,0.6133333333333334,0.20408941786831464,1.5495536736095217
369,369,0.615,0.20408941786831464,1.5495536736095217
370,370,0.6166666666666667,0.20370794232089726,1.5495536736095217
371,371,0.6183333333333334,0.20408941786831464,1.5495536736095217
372,372,0.62,0.20408941786831464,1.5495536736095217
373,373,0.6216666666666667,0.20408941786831464,1.5495536736095217
374,374,0.6233333333333334,0.20408941786831464,1.5495536736095217
375,375,0.625,0.20408941786831464,1.5495536736095217
376,376,0.6266666666666667,0.20408941786831464,1.5495536736095217
377,377,0.6283333333333334,0.20408941786831464,1.5495536736095217
378,378,0.63,0.20408941786831464,1.5495536736095217
379,379,0.6316666666666667,0.20408941786831464,1.5495536736095217
380,380,0.6333333333333334,0.20370794232089726,1.5495536736095217
381,381,0.635,0.20408941786831464,1.5495536736095217
382,382,0.6366666666666667,0.20408941786831464,1.5495536736095217
383,383,0.6383333333333334,0.20408941786831464,1.5495536736095217
384,384,0.64,0.20408941786831464,1.549935149156939
385,385,0.6416666666666667,0.20408941786831464,1.5495536736095217
386,386,0.6433333333333334,0.20408941786831464,1.549935149156939
387,387,0.645,0.20408941786831464,1.5495536736095217
388,388,0.6466666666666667,0.20408941786831464,1.5495536736095217
389,389,0.6483333333333334,0.20408941786831464,1.549935149156939
390,390,0.65,0.20370794232089726,1.5495536736095217
391,391,0.6516666666666667,0.20408941786831464,1.5495536736095217
392,392,0.6533333333333333,0.20408941786831464,1.5495536736095217
393,393,0.655,0.20408941786831464,1.5495536736095217
394,394,0.6566666666666667,0.20408941786831464,1.5495536736095217
395,395,0.6583333333333333,0.20408941786831464,1.5495536736095217
396,396,0.66,0.20408941786831464,1.5495536736095217
397,397,0.6616666666666667,0.20408941786831464,1.5495536736095217
398,398,0.6633333333333333,0.20408941786831464,1.5495536736095217
399,399,0.665,0.20408941786831464,1.5495536736095217
400,400,0.6666666666666667,0.20408941786831464,1.5495536736095217
401,401,0.6683333333333333,0.20408941786831464,1.5495536736095217
402,402,0.67,0.20408941786831464,1.5495536736095217
403,403,0.6716666666666667,0.20408941786831464,1.5495536736095217
404,404,0.6733333333333333,0.20408941786831464,1.5495536736095217
405,405,0.675,0.20408941786831464,1.5495536736095217
406,406,0.6766666666666667,0.20408941786831464,1.5495536736095217
407,407,0.6783333333333333,0.20408941786831464,1.5495536736095217
408,408,0.68,0.20408941786831464,1.549935149156939
409,409,0.6816666666666668,0.20408941786831464,1.5495536736095217
410,410,0.6833333333333333,0.20408941786831464,1.5495536736095217
411,411,0.685,0.20408941786831464,1.5495536736095217
412,412,0.6866666666666668,0.20408941786831464,1.5495536736095217
413,413,0.6883333333333334,0.20408941786831464,1.5495536736095217
414,414,0.6900000000000001,0.20408941786831464,1.5495536736095217
415,415,0.6916666666666668,0.20408941786831464,1.5495536736095217
416,416,0.6933333333333334,0.20408941786831464,1.5495536736095217
417,417,0.6950000000000001,0.20370794232089726,1.5495536736095217
418,418,0.6966666666666667,0.20408941786831464,1.5495536736095217
419,419,0.6983333333333334,0.20408941786831464,1.5495536736095217
420,420,0.7000000000000001,0.20408941786831464,1.5491721980621045
421,421,0.7016666666666667,0.20408941786831464,1.5495536736095217
422,422,0.7033333333333334,0.20408941786831464,1.5495536736095217
423,423,0.7050000000000001,0.20408941786831464,1.5495536736095217
424,424,0.7066666666666667,0.20408941786831464,1.5495536736095217
425,425,0.7083333333333334,0.20370794232089726,1.5495536736095217
426,426,0.7100000000000001,0.20408941786831464,1.5495536736095217
427,427,0.7116666666666667,0.20408941786831464,1.5495536736095217
428,428,0.7133333333333334,0.20408941786831464,1.5495536736095217
429,429,0.7150000000000001,0.20370794232089726,1.5495536736095217
430,430,0.7166666666666667,0.20370794232089726,1.5495536736095217
431,431,0.7183333333333334,0.20408941786831464,1.549935149156939
432,432,0.7200000000000001,0.20408941786831464,1.5495536736095217
433,433,0.7216666666666667,0.20408941786831464,1.549935149156939
434,434,0.7233333333333334,0.20408941786831464,1.5495536736095217
435,435,0.7250000000000001,0.20370794232089726,1.5495536736095217
436,436,0.7266666666666667,0.20408941786831464,1.549935149156939
437,437,0.7283333333333334,0.20408941786831464,1.5495536736095217
438,438,0.7300000000000001,0.20408941786831464,1.5495536736095217
439,439,0.7316666666666667,0.20447089341573205,1.5495536736095217
440,440,0.7333333333333334,0.20370794232089726,1.5495536736095217
441,441,0.7350000000000001,0.20408941786831464,1.5495536736095217
442,442,0.7366666666666667,0.20408941786831464,1.5495536736095217
443,443,0.7383333333333334,0.20408941786831464,1.5495536736095217
444,444,0.7400000000000001,0.20408941786831464,1.5495536736095217
445,445,0.7416666666666667,0.20370794232089726,1.5495536736095217
446,446,0.7433333333333334,0.20408941786831464,1.5495536736095217
447,447,0.745,0.20408941786831464,1.5495536736095217
448,448,0.7466666666666667,0.20408941786831464,1.5495536736095217
449,449,0.7483333333333334,0.20408941786831464,1.5495536736095217
450,450,0.75,0.20408941786831464,1.5495536736095217
451,451,0.7516666666666667,0.20408941786831464,1.549935149156939
452,452,0.7533333333333334,0.20408941786831464,1.5495536736095217
453,453,0.755,0.20408941786831464,1.5495536736095217
454,454,0.7566666666666667,0.20408941786831464,1.5495536736095217
455,455,0.7583333333333334,0.20408941786831464,1.5495536736095217
456,456,0.76,0.20408941786831464,1.5495536736095217
457,457,0.7616666666666667,0.20408941786831464,1.5495536736095217
458,458,0.7633333333333334,0.20408941786831464,1.5495536736095217
459,459,0.765,0.20408941786831464,1.5495536736095217
460,460,0.7666666666666667,0.20408941786831464,1.5495536736095217
461,461,0.7683333333333334,0.20408941786831464,1.5495536736095217
462,462,0.77,0.20447089341573205,1.5495536736095217
463,463,0.7716666666666667,0.20408941786831464,1.5495536736095217
464,464,0.7733333333333334,0.20408941786831464,1.5495536736095217
465,465,0.775,0.20408941786831464,1.5495536736095217
466,466,0.7766666666666667,0.20408941786831464,1.5495536736095217
467,467,0.7783333333333334,0.20408941786831464,1.5495536736095217
468,468,0.78,0.20447089341573205,1.5495536736095217
469,469,0.7816666666666667,0.20408941786831464,1.5495536736095217
470,470,0.7833333333333334,0.20408941786831464,1.5491721980621045
471,471,0.785,0.20408941786831464,1.5495536736095217
472,472,0.7866666666666667,0.20408941786831464,1.5495536736095217
473,473,0.7883333333333333,0.20408941786831464,1.5495536736095217
474,474,0.79,0.20408941786831464,1.5495536736095217
475,475,0.7916666666666667,0.20370794232089726,1.5495536736095217
476,476,0.7933333333333333,0.20408941786831464,1.5495536736095217
477,477,0.795,0.20408941786831464,1.5495536736095217
478,478,0.7966666666666667,0.20408941786831464,1.5495536736095217
479,479,0.7983333333333333,0.20408941786831464,1.5495536736095217
480,480,0.8,0.20408941786831464,1.5495536736095217
481,481,0.8016666666666667,0.20408941786831464,1.5495536736095217
482,482,0.8033333333333333,0.20408941786831464,1.5495536736095217
483,483,0.805,0.20408941786831464,1.5495536736095217
484,484,0.8066666666666668,0.20408941786831464,1.5495536736095217
485,485,0.8083333333333333,0.20408941786831464,1.5495536736095217
486,486,0.81,0.20408941786831464,1.5495536736095217
487,487,0.8116666666666668,0.20408941786831464,1.5495536736095217
488,488,0.8133333333333334,0.20408941786831464,1.5495536736095217
489,489,0.8150000000000001,0.20408941786831464,1.5495536736095217
490,490,0.8166666666666668,0.20370794232089726,1.5495536736095217
491,491,0.8183333333333334,0.20408941786831464,1.549935149156939
492,492,0.8200000000000001,0.20370794232089726,1.549935149156939
493,493,0.8216666666666668,0.20447089341573205,1.549935149156939
494,494,0.8233333333333334,0.20408941786831464,1.5495536736095217
495,495,0.8250000000000001,0.20370794232089726,1.5495536736095217
496,496,0.8266666666666668,0.20408941786831464,1.5495536736095217
497,497,0.8283333333333334,0.20408941786831464,1.5495536736095217
498,498,0.8300000000000001,0.20408941786831464,1.5495536736095217
499,499,0.8316666666666667,0.20408941786831464,1.5495536736095217
500,500,0.8333333333333334,0.20370794232089726,1.5495536736095217
501,501,0.8350000000000001,0.20408941786831464,1.5495536736095217
502,502,0.8366666666666667,0.20447089341573205,1.5495536736095217
503,503,0.8383333333333334,0.20408941786831464,1.5495536736095217
504,504,0.8400000000000001,0.20408941786831464,1.549935149156939
505,505,0.8416666666666667,0.20370794232089726,1.5495536736095217
506,506,0.8433333333333334,0.20447089341573205,1.5495536736095217
507,507,0.8450000000000001,0.20408941786831464,1.5495536736095217
508,508,0.8466666666666667,0.20408941786831464,1.5495536736095217
509,509,0.8483333333333334,0.20408941786831464,1.5495536736095217
510,510,0.8500000000000001,0.20408941786831464,1.5495536736095217
511,511,0.8516666666666667,0.20408941786831464,1.549935149156939
512,512,0.8533333333333334,0.20408941786831464,1.5495536736095217
513,513,0.8550000000000001,0.20370794232089726,1.5495536736095217
514,514,0.8566666666666667,0.20408941786831464,1.5495536736095217
515,515,0.8583333333333334,0.20370794232089726,1.5495536736095217
516,516,0.8600000000000001,0.20408941786831464,1.5495536736095217
517,517,0.8616666666666667,0.20408941786831464,1.5495536736095217
518,518,0.8633333333333334,0.20408941786831464,1.5495536736095217
519,519,0.8650000000000001,0.20408941786831464,1.5495536736095217
520,520,0.8666666666666667,0.20408941786831464,1.5495536736095217
521,521,0.8683333333333334,0.20408941786831464,1.5495536736095217
522,522,0.8700000000000001,0.20408941786831464,1.549935149156939
523,523,0.8716666666666667,0.20408941786831464,1.5495536736095217
524,524,0.8733333333333334,0.20408941786831464,1.5495536736095217
525,525,0.8750000000000001,0.20370794232089726,1.5495536736095217
526,526,0.8766666666666667,0.20408941786831464,1.5495536736095217
527,527,0.8783333333333334,0.20408941786831464,1.5495536736095217
528,528,0.88,0.20408941786831464,1.5495536736095217
529,529,0.8816666666666667,0.20408941786831464,1.5495536736095217
530,530,0.8833333333333334,0.20408941786831464,1.5495536736095217
531,531,0.885,0.20408941786831464,1.5495536736095217
532,532,0.8866666666666667,0.20408941786831464,1.5495536736095217
533,533,0.8883333333333334,0.20408941786831464,1.5495536736095217
534,534,0.89,0.20408941786831464,1.549935149156939
535,535,0.8916666666666667,0.20370794232089726,1.5495536736095217
536,536,0.8933333333333334,0.20408941786831464,1.5495536736095217
537,537,0.895,0.20408941786831464,1.5495536736095217
538,538,0.8966666666666667,0.20408941786831464,1.5495536736095217
539,539,0.8983333333333334,0.20408941786831464,1.5495536736095217
540,540,0.9,0.20408941786831464,1.5495536736095217
541,541,0.9016666666666668,0.20408941786831464,1.5495536736095217
542,542,0.9033333333333334,0.20408941786831464,1.5495536736095217
543,543,0.905,0.20408941786831464,1.5495536736095217
544,544,0.9066666666666668,0.20408941786831464,1.5495536736095217
545,545,0.9083333333333334,0.20370794232089726,1.5495536736095217
546,546,0.91,0.20408941786831464,1.5495536736095217
547,547,0.9116666666666668,0.20408941786831464,1.5495536736095217
548,548,0.9133333333333334,0.20408941786831464,1.5495536736095217
549,549,0.915,0.20408941786831464,1.5495536736095217
550,550,0.9166666666666669,0.20408941786831464,1.5495536736095217
551,551,0.9183333333333334,0.20408941786831464,1.5495536736095217
552,552,0.92,0.20408941786831464,1.5495536736095217
553,553,0.9216666666666667,0.20408941786831464,1.5495536736095217
554,554,0.9233333333333332,0.20408941786831464,1.5495536736095217
555,555,0.925,0.20408941786831464,1.5495536736095217
556,556,0.9266666666666667,0.20408941786831464,1.5495536736095217
557,557,0.9283333333333332,0.20408941786831464,1.549935149156939
558,558,0.93,0.20408941786831464,1.549935149156939
559,559,0.9316666666666668,0.20408941786831464,1.5495536736095217
560,560,0.9333333333333332,0.20408941786831464,1.5495536736095217
561,561,0.935,0.20447089341573205,1.5495536736095217
562,562,0.9366666666666668,0.20408941786831464,1.5495536736095217
563,563,0.9383333333333334,0.20408941786831464,1.5495536736095217
564,564,0.94,0.20447089341573205,1.549935149156939
565,565,0.9416666666666668,0.20370794232089726,1.5495536736095217
566,566,0.9433333333333334,0.20408941786831464,1.5495536736095217
567,567,0.945,0.20408941786831464,1.5495536736095217
568,568,0.9466666666666668,0.20408941786831464,1.5495536736095217
569,569,0.9483333333333334,0.20408941786831464,1.5495536736095217
570,570,0.95,0.20408941786831464,1.5495536736095217
571,571,0.9516666666666668,0.20408941786831464,1.5495536736095217
572,572,0.9533333333333334,0.20408941786831464,1.5495536736095217
573,573,0.955,0.20408941786831464,1.5495536736095217
574,574,0.9566666666666668,0.20408941786831464,1.5495536736095217
575,575,0.9583333333333334,0.20370794232089726,1.5495536736095217
576,576,0.96,0.20408941786831464,1.5495536736095217
577,577,0.9616666666666668,0.20408941786831464,1.5495536736095217
578,578,0.9633333333333334,0.20408941786831464,1.5495536736095217
579,579,0.965,0.20408941786831464,1.5495536736095217
580,580,0.9666666666666668,0.20408941786831464,1.5495536736095217
581,581,0.9683333333333334,0.20408941786831464,1.549935149156939
582,582,0.97,0.20408941786831464,1.5495536736095217
583,583,0.9716666666666668,0.20408941786831464,1.5495536736095217
584,584,0.9733333333333334,0.20408941786831464,1.5495536736095217
585,585,0.975,0.20408941786831464,1.5495536736095217
586,586,0.9766666666666668,0.20408941786831464,1.5495536736095217
587,587,0.9783333333333334,0.20408941786831464,1.549935149156939
588,588,0.98,0.20408941786831464,1.5495536736095217
589,589,0.9816666666666668,0.20408941786831464,1.5495536736095217
590,590,0.9833333333333334,0.20408941786831464,1.5495536736095217
591,591,0.985,0.20408941786831464,1.5495536736095217
592,592,0.9866666666666668,0.20447089341573205,1.5495536736095217
593,593,0.9883333333333334,0.20408941786831464,1.549935149156939
594,594,0.99,0.20408941786831464,1.5495536736095217
595,595,0.9916666666666668,0.20408941786831464,1.5495536736095217
596,596,0.9933333333333334,0.20408941786831464,1.5495536736095217
597,597,0.995,0.20408941786831464,1.5495536736095217
598,598,0.9966666666666668,0.20408941786831464,1.5495536736095217
599,599,0.9983333333333334,0.20408941786831464,1.5495536736095217
600,600,1.0,0.20370794232089726,1.5495536736095217
601,601,1.0016666666666667,0.20408941786831464,1.5495536736095217
602,602,1.0033333333333334,0.20408941786831464,1.549935149156939
603,603,1.005,0.20408941786831464,1.549935149156939
604,604,1.0066666666666668,0.20408941786831464,1.549935149156939
605,605,1.0083333333333333,0.20408941786831464,1.5495536736095217
606,606,1.01,0.20408941786831464,1.5495536736095217
607,607,1.0116666666666667,0.20408941786831464,1.5495536736095217
608,608,1.0133333333333334,0.20408941786831464,1.5495536736095217
609,609,1.015,0.20447089341573205,1.549935149156939
610,610,1.0166666666666668,0.20408941786831464,1.5495536736095217
611,611,1.018333333333333,0.20408941786831464,1.5495536736095217
612,612,1.02,0.20408941786831464,1.549935149156939
613,613,1.0216666666666667,0.20408941786831464,1.5495536736095217
614,614,1.0233333333333334,0.20408941786831464,1.549935149156939
615,615,1.025,0.20370794232089726,1.5495536736095217
616,616,1.0266666666666668,0.20408941786831464,1.5495536736095217
617,617,1.028333333333333,0.20408941786831464,1.5495536736095217
618,618,1.03,0.20408941786831464,1.549935149156939
619,619,1.0316666666666667,0.20408941786831464,1.5495536736095217
620,620,1.0333333333333334,0.20370794232089726,1.5495536736095217
621,621,1.035,0.20370794232089726,1.5495536736095217
622,622,1.0366666666666666,0.20408941786831464,1.5495536736095217
623,623,1.038333333333333,0.20408941786831464,1.5495536736095217
624,624,1.04,0.20408941786831464,1.5495536736095217
625,625,1.0416666666666667,0.20370794232089726,1.5495536736095217
626,626,1.0433333333333334,0.20408941786831464,1.5495536736095217
627,627,1.0450000000000002,0.20408941786831464,1.5495536736095217
628,628,1.0466666666666666,0.20408941786831464,1.549935149156939
629,629,1.0483333333333331,0.20408941786831464,1.5495536736095217
630,630,1.05,0.20370794232089726,1.5495536736095217
631,631,1.0516666666666667,0.20408941786831464,1.5495536736095217
632,632,1.0533333333333337,0.20408941786831464,1.5495536736095217
633,633,1.0550000000000002,0.20408941786831464,1.5495536736095217
634,634,1.0566666666666666,0.20408941786831464,1.5495536736095217
635,635,1.0583333333333331,0.20370794232089726,1.5495536736095217
636,636,1.06,0.20408941786831464,1.549935149156939
637,637,1.0616666666666668,0.20408941786831464,1.549935149156939
638,638,1.0633333333333337,0.20408941786831464,1.5495536736095217
639,639,1.0650000000000002,0.20408941786831464,1.549935149156939
640,640,1.0666666666666669,0.20370794232089726,1.5495536736095217
641,641,1.0683333333333334,0.20408941786831464,1.5495536736095217
642,642,1.07,0.20408941786831464,1.5495536736095217
643,643,1.0716666666666668,0.20408941786831464,1.549935149156939
644,644,1.0733333333333337,0.20408941786831464,1.5495536736095217
645,645,1.0750000000000002,0.20370794232089726,1.5495536736095217
646,646,1.0766666666666669,0.20408941786831464,1.5495536736095217
647,647,1.0783333333333334,0.20447089341573205,1.5495536736095217
648,648,1.08,0.20408941786831464,1.5495536736095217
649,649,1.0816666666666668,0.20408941786831464,1.5495536736095217
650,650,1.0833333333333337,0.20408941786831464,1.5495536736095217
651,651,1.085,0.20408941786831464,1.5495536736095217
652,652,1.086666666666667,0.20408941786831464,1.549935149156939
653,653,1.0883333333333334,0.20408941786831464,1.5495536736095217
654,654,1.09,0.20408941786831464,1.5495536736095217
655,655,1.0916666666666668,0.20370794232089726,1.5495536736095217
656,656,1.0933333333333335,0.20408941786831464,1.5495536736095217
657,657,1.095,0.20408941786831464,1.5495536736095217
658,658,1.096666666666667,0.20408941786831464,1.549935149156939
659,659,1.0983333333333334,0.20408941786831464,1.549935149156939
660,660,1.1,0.20408941786831464,1.5495536736095217
661,661,1.1016666666666668,0.20408941786831464,1.5495536736095217
662,662,1.1033333333333335,0.20447089341573205,1.5495536736095217
663,663,1.105,0.20408941786831464,1.5495536736095217
664,664,1.106666666666667,0.20408941786831464,1.5495536736095217
665,665,1.1083333333333334,0.20408941786831464,1.5495536736095217
666,666,1.11,0.20408941786831464,1.5495536736095217
667,667,1.1116666666666668,0.20408941786831464,1.5495536736095217
668,668,1.1133333333333335,0.20408941786831464,1.5495536736095217
669,669,1.115,0.20408941786831464,1.549935149156939
670,670,1.1166666666666667,0.20408941786831464,1.5495536736095217
671,671,1.1183333333333334,0.20447089341573205,1.5495536736095217
672,672,1.12,0.20408941786831464,1.5495536736095217
673,673,1.1216666666666668,0.20447089341573205,1.549935149156939
674,674,1.1233333333333333,0.20408941786831464,1.5495536736095217
675,675,1.125,0.20408941786831464,1.549935149156939
676,676,1.1266666666666667,0.20408941786831464,1.5495536736095217
677,677,1.1283333333333334,0.20408941786831464,1.549935149156939
678,678,1.13,0.20408941786831464,1.5495536736095217
679,679,1.1316666666666668,0.20408941786831464,1.5495536736095217
680,680,1.1333333333333333,0.20370794232089726,1.5495536736095217
681,681,1.135,0.20408941786831464,1.5495536736095217
682,682,1.1366666666666667,0.20408941786831464,1.5495536736095217
683,683,1.1383333333333334,0.20408941786831464,1.5495536736095217
684,684,1.14,0.20408941786831464,1.549935149156939
685,685,1.1416666666666668,0.20408941786831464,1.5495536736095217
686,686,1.143333333333333,0.20408941786831464,1.5495536736095217
687,687,1.145,0.20408941786831464,1.5495536736095217
688,688,1.1466666666666667,0.20408941786831464,1.5495536736095217
689,689,1.1483333333333334,0.20408941786831464,1.5495536736095217
690,690,1.15,0.20370794232089726,1.5495536736095217
691,691,1.1516666666666668,0.20408941786831464,1.5495536736095217
692,692,1.153333333333333,0.20408941786831464,1.5495536736095217
693,693,1.155,0.20408941786831464,1.5495536736095217
694,694,1.1566666666666667,0.20408941786831464,1.5495536736095217
695,695,1.1583333333333334,0.20408941786831464,1.5495536736095217
696,696,1.16,0.20408941786831464,1.5495536736095217
697,697,1.1616666666666668,0.20408941786831464,1.5495536736095217
698,698,1.163333333333333,0.20408941786831464,1.549935149156939
699,699,1.165,0.20408941786831464,1.5495536736095217
700,700,1.1666666666666667,0.20370794232089726,1.5495536736095217
701,701,1.1683333333333334,0.20408941786831464,1.549935149156939
702,702,1.1700000000000002,0.20408941786831464,1.5495536736095217
703,703,1.1716666666666666,0.20408941786831464,1.5495536736095217
704,704,1.1733333333333331,0.20408941786831464,1.549935149156939
705,705,1.175,0.20408941786831464,1.5495536736095217
706,706,1.1766666666666667,0.20408941786831464,1.5495536736095217
707,707,1.1783333333333337,0.20408941786831464,1.5495536736095217
708,708,1.1800000000000002,0.20447089341573205,1.5495536736095217
709,709,1.1816666666666666,0.20408941786831464,1.549935149156939
710,710,1.1833333333333331,0.20370794232089726,1.5495536736095217
711,711,1.185,0.20408941786831464,1.549935149156939
712,712,1.1866666666666668,0.20408941786831464,1.549935149156939
713,713,1.1883333333333337,0.20408941786831464,1.5495536736095217
714,714,1.1900000000000002,0.20408941786831464,1.5495536736095217
715,715,1.1916666666666669,0.20370794232089726,1.5495536736095217
716,716,1.1933333333333334,0.20408941786831464,1.549935149156939
717,717,1.195,0.20408941786831464,1.549935149156939
718,718,1.1966666666666668,0.20408941786831464,1.5495536736095217
719,719,1.1983333333333337,0.20408941786831464,1.5495536736095217
720,720,1.2000000000000002,0.20408941786831464,1.5495536736095217
721,721,1.2016666666666669,0.20408941786831464,1.5495536736095217
722,722,1.2033333333333334,0.20408941786831464,1.5495536736095217
723,723,1.205,0.20408941786831464,1.5495536736095217
724,724,1.2066666666666668,0.20408941786831464,1.549935149156939
725,725,1.2083333333333337,0.20408941786831464,1.5495536736095217
726,726,1.2100000000000002,0.20408941786831464,1.5495536736095217
727,727,1.211666666666667,0.20408941786831464,1.549935149156939
728,728,1.2133333333333334,0.20408941786831464,1.5495536736095217
729,729,1.215,0.20408941786831464,1.5495536736095217
730,730,1.2166666666666668,0.20408941786831464,1.5495536736095217
731,731,1.2183333333333335,0.20408941786831464,1.5495536736095217
732,732,1.22,0.20408941786831464,1.5495536736095217
733,733,1.221666666666667,0.20408941786831464,1.5495536736095217
734,734,1.2233333333333334,0.20408941786831464,1.5495536736095217
735,735,1.225,0.20370794232089726,1.5495536736095217
736,736,1.2266666666666668,0.20408941786831464,1.5495536736095217
737,737,1.2283333333333335,0.20408941786831464,1.5495536736095217
738,738,1.23,0.20408941786831464,1.5495536736095217
739,739,1.231666666666667,0.20408941786831464,1.5495536736095217
740,740,1.2333333333333334,0.20408941786831464,1.5495536736095217
741,741,1.235,0.20408941786831464,1.5495536736095217
742,742,1.2366666666666668,0.20408941786831464,1.5495536736095217
743,743,1.2383333333333335,0.20408941786831464,1.5495536736095217
744,744,1.24,0.20408941786831464,1.5495536736095217
745,745,1.2416666666666667,0.20408941786831464,1.5495536736095217
746,746,1.2433333333333334,0.20408941786831464,1.549935149156939
747,747,1.245,0.20408941786831464,1.5495536736095217
748,748,1.2466666666666668,0.20408941786831464,1.549935149156939
749,749,1.2483333333333335,0.20408941786831464,1.5495536736095217
750,750,1.25,0.20370794232089726,1.5495536736095217
751,751,1.2516666666666667,0.20408941786831464,1.5495536736095217
752,752,1.2533333333333334,0.20408941786831464,1.5495536736095217
753,753,1.255,0.20408941786831464,1.549935149156939
754,754,1.2566666666666668,0.20408941786831464,1.5495536736095217
755,755,1.2583333333333333,0.20408941786831464,1.5495536736095217
756,756,1.26,0.20408941786831464,1.5495536736095217
757,757,1.2616666666666667,0.20408941786831464,1.5495536736095217
758,758,1.2633333333333334,0.20408941786831464,1.5495536736095217
759,759,1.265,0.20408941786831464,1.5495536736095217
760,760,1.2666666666666668,0.20408941786831464,1.5495536736095217
761,761,1.268333333333333,0.20408941786831464,1.5495536736095217
762,762,1.27,0.20408941786831464,1.5495536736095217
763,763,1.2716666666666667,0.20408941786831464,1.549935149156939
764,764,1.2733333333333334,0.20447089341573205,1.5495536736095217
765,765,1.275,0.20370794232089726,1.5495536736095217
766,766,1.2766666666666668,0.20408941786831464,1.5495536736095217
767,767,1.278333333333333,0.20408941786831464,1.5495536736095217
768,768,1.28,0.20408941786831464,1.549935149156939
769,769,1.2816666666666667,0.20408941786831464,1.549935149156939
770,770,1.2833333333333334,0.20408941786831464,1.5495536736095217
771,771,1.285,0.20408941786831464,1.5495536736095217
772,772,1.2866666666666668,0.20408941786831464,1.549935149156939
773,773,1.288333333333333,0.20408941786831464,1.5495536736095217
774,774,1.29,0.20408941786831464,1.5495536736095217
775,775,1.2916666666666667,0.20408941786831464,1.5495536736095217
776,776,1.2933333333333334,0.20408941786831464,1.5495536736095217
777,777,1.2950000000000002,0.20408941786831464,1.5495536736095217
778,778,1.2966666666666669,0.20408941786831464,1.5495536736095217
779,779,1.2983333333333331,0.20408941786831464,1.5495536736095217
780,780,1.3,0.20370794232089726,1.5495536736095217
781,781,1.3016666666666667,0.20408941786831464,1.5495536736095217
782,782,1.3033333333333337,0.20408941786831464,1.5495536736095217
783,783,1.3050000000000002,0.20408941786831464,1.5495536736095217
784,784,1.3066666666666666,0.20408941786831464,1.5495536736095217
785,785,1.3083333333333331,0.20408941786831464,1.5495536736095217
786,786,1.31,0.20408941786831464,1.5495536736095217
787,787,1.3116666666666668,0.20408941786831464,1.5495536736095217
788,788,1.3133333333333337,0.20408941786831464,1.5495536736095217
789,789,1.3150000000000002,0.20408941786831464,1.549935149156939
790,790,1.3166666666666669,0.20370794232089726,1.5495536736095217
791,791,1.3183333333333334,0.20408941786831464,1.5495536736095217
792,792,1.32,0.20408941786831464,1.5495536736095217
793,793,1.3216666666666668,0.20408941786831464,1.5495536736095217
794,794,1.3233333333333337,0.20408941786831464,1.5495536736095217
795,795,1.3250000000000002,0.20408941786831464,1.5495536736095217
796,796,1.3266666666666669,0.20408941786831464,1.5495536736095217
797,797,1.3283333333333334,0.20408941786831464,1.5495536736095217
798,798,1.33,0.20408941786831464,1.5495536736095217
799,799,1.3316666666666668,0.20408941786831464,1.5495536736095217
800,800,1.3333333333333337,0.20408941786831464,1.5495536736095217
801,801,1.3350000000000002,0.20408941786831464,1.5495536736095217
802,802,1.336666666666667,0.20408941786831464,1.5495536736095217
803,803,1.3383333333333334,0.20447089341573205,1.549935149156939
804,804,1.34,0.20408941786831464,1.5495536736095217
805,805,1.3416666666666668,0.20408941786831464,1.5495536736095217
806,806,1.3433333333333335,0.20408941786831464,1.5495536736095217
807,807,1.3450000000000002,0.20408941786831464,1.5495536736095217
808,808,1.346666666666667,0.20408941786831464,1.549935149156939
809,809,1.3483333333333334,0.20408941786831464,1.549935149156939
810,810,1.35,0.20408941786831464,1.5495536736095217
811,811,1.3516666666666668,0.20408941786831464,1.5495536736095217
812,812,1.3533333333333335,0.20408941786831464,1.5495536736095217
813,813,1.355,0.20408941786831464,1.549935149156939
814,814,1.356666666666667,0.20408941786831464,1.5495536736095217
815,815,1.3583333333333334,0.20370794232089726,1.5495536736095217
816,816,1.36,0.20408941786831464,1.5495536736095217
817,817,1.3616666666666668,0.20408941786831464,1.5495536736095217
818,818,1.3633333333333335,0.20408941786831464,1.5495536736095217
819,819,1.365,0.20408941786831464,1.5495536736095217
820,820,1.3666666666666667,0.20408941786831464,1.5495536736095217
821,821,1.3683333333333334,0.20408941786831464,1.5495536736095217
822,822,1.37,0.20408941786831464,1.5495536736095217
823,823,1.3716666666666668,0.20408941786831464,1.549935149156939
824,824,1.3733333333333335,0.20408941786831464,1.5495536736095217
825,825,1.375,0.20370794232089726,1.5495536736095217
826,826,1.3766666666666667,0.20408941786831464,1.5495536736095217
827,827,1.3783333333333334,0.20408941786831464,1.5495536736095217
828,828,1.38,0.20408941786831464,1.5495536736095217
829,829,1.3816666666666668,0.20408941786831464,1.5495536736095217
830,830,1.3833333333333335,0.20408941786831464,1.5495536736095217
831,831,1.385,0.20408941786831464,1.549935149156939
832,832,1.3866666666666667,0.20408941786831464,1.5495536736095217
833,833,1.3883333333333334,0.20408941786831464,1.5495536736095217
834,834,1.39,0.20447089341573205,1.549935149156939
835,835,1.3916666666666668,0.20408941786831464,1.5495536736095217
836,836,1.393333333333333,0.20408941786831464,1.5495536736095217
837,837,1.395,0.20408941786831464,1.5495536736095217
838,838,1.3966666666666667,0.20408941786831464,1.5495536736095217
839,839,1.3983333333333334,0.20408941786831464,1.5495536736095217
840,840,1.4,0.20408941786831464,1.5495536736095217
841,841,1.4016666666666668,0.20408941786831464,1.5495536736095217
842,842,1.403333333333333,0.20408941786831464,1.5495536736095217
843,843,1.405,0.20408941786831464,1.5495536736095217
844,844,1.4066666666666667,0.20408941786831464,1.5495536736095217
845,845,1.4083333333333334,0.20408941786831464,1.5495536736095217
846,846,1.41,0.20408941786831464,1.5495536736095217
847,847,1.4116666666666668,0.20408941786831464,1.5495536736095217
848,848,1.413333333333333,0.20408941786831464,1.5495536736095217
849,849,1.415,0.20408941786831464,1.549935149156939
850,850,1.4166666666666667,0.20408941786831464,1.5495536736095217
851,851,1.4183333333333334,0.20408941786831464,1.5495536736095217
852,852,1.4200000000000002,0.20408941786831464,1.549935149156939
853,853,1.4216666666666669,0.20408941786831464,1.5495536736095217
854,854,1.4233333333333331,0.20408941786831464,1.5495536736095217
855,855,1.425,0.20408941786831464,1.5495536736095217
856,856,1.4266666666666667,0.20408941786831464,1.5495536736095217
857,857,1.4283333333333337,0.20408941786831464,1.549935149156939
858,858,1.4300000000000002,0.20408941786831464,1.5495536736095217
859,859,1.4316666666666669,0.20408941786831464,1.5495536736095217
860,860,1.4333333333333331,0.20408941786831464,1.5495536736095217
861,861,1.435,0.20408941786831464,1.5495536736095217
862,862,1.4366666666666668,0.20408941786831464,1.5495536736095217
863,863,1.4383333333333337,0.20408941786831464,1.5495536736095217
864,864,1.4400000000000002,0.20408941786831464,1.5495536736095217
865,865,1.4416666666666669,0.20370794232089726,1.5495536736095217
866,866,1.4433333333333334,0.20408941786831464,1.5495536736095217
867,867,1.445,0.20408941786831464,1.5495536736095217
868,868,1.4466666666666668,0.20408941786831464,1.5495536736095217
869,869,1.4483333333333337,0.20408941786831464,1.5495536736095217
870,870,1.4500000000000002,0.20408941786831464,1.5495536736095217
871,871,1.4516666666666669,0.20408941786831464,1.5495536736095217
872,872,1.4533333333333334,0.20408941786831464,1.5495536736095217
873,873,1.455,0.20408941786831464,1.5495536736095217
874,874,1.4566666666666668,0.20408941786831464,1.5495536736095217
875,875,1.4583333333333337,0.20408941786831464,1.5495536736095217
876,876,1.4600000000000002,0.20408941786831464,1.5495536736095217
877,877,1.461666666666667,0.20408941786831464,1.5495536736095217
878,878,1.4633333333333334,0.20408941786831464,1.5495536736095217
879,879,1.465,0.20447089341573205,1.5495536736095217
880,880,1.4666666666666668,0.20370794232089726,1.5495536736095217
881,881,1.4683333333333335,0.20408941786831464,1.5495536736095217
882,882,1.4700000000000002,0.20408941786831464,1.5495536736095217
883,883,1.471666666666667,0.20408941786831464,1.549935149156939
884,884,1.4733333333333334,0.20408941786831464,1.5495536736095217
885,885,1.475,0.20408941786831464,1.5495536736095217
886,886,1.4766666666666668,0.20408941786831464,1.5495536736095217
887,887,1.4783333333333335,0.20408941786831464,1.5495536736095217
888,888,1.4800000000000002,0.20408941786831464,1.5495536736095217
889,889,1.481666666666667,0.20408941786831464,1.549935149156939
890,890,1.4833333333333334,0.20408941786831464,1.5495536736095217
891,891,1.485,0.20408941786831464,1.549935149156939
892,892,1.4866666666666668,0.20408941786831464,1.5495536736095217
893,893,1.4883333333333335,0.20408941786831464,1.5495536736095217
894,894,1.49,0.20408941786831464,1.5495536736095217
895,895,1.4916666666666667,0.20370794232089726,1.5495536736095217
896,896,1.4933333333333334,0.20408941786831464,1.5495536736095217
897,897,1.495,0.20408941786831464,1.5495536736095217
898,898,1.4966666666666668,0.20408941786831464,1.5495536736095217
899,899,1.4983333333333335,0.20408941786831464,1.5495536736095217
900,900,1.5,0.20408941786831464,1.5495536736095217
901,901,1.5016666666666667,0.20408941786831464,1.549935149156939
902,902,1.5033333333333334,0.20408941786831464,1.549935149156939
903,903,1.505,0.20408941786831464,1.5495536736095217
904,904,1.5066666666666668,0.20408941786831464,1.549935149156939
905,905,1.5083333333333335,0.20370794232089726,1.5495536736095217
906,906,1.51,0.20408941786831464,1.5495536736095217
907,907,1.5116666666666667,0.20408941786831464,1.549935149156939
908,908,1.5133333333333334,0.20408941786831464,1.5495536736095217
909,909,1.515,0.20408941786831464,1.5495536736095217
910,910,1.5166666666666668,0.20408941786831464,1.5495536736095217
911,911,1.5183333333333335,0.20408941786831464,1.549935149156939
912,912,1.52,0.20408941786831464,1.549935149156939
913,913,1.5216666666666667,0.20408941786831464,1.5495536736095217
914,914,1.5233333333333334,0.20408941786831464,1.5495536736095217
915,915,1.525,0.20408941786831464,1.5495536736095217
916,916,1.5266666666666668,0.20408941786831464,1.5495536736095217
917,917,1.528333333333333,0.20408941786831464,1.5495536736095217
918,918,1.53,0.20408941786831464,1.5495536736095217
919,919,1.5316666666666667,0.20408941786831464,1.5495536736095217
920,920,1.5333333333333334,0.20408941786831464,1.5495536736095217
921,921,1.535,0.20408941786831464,1.5495536736095217
922,922,1.5366666666666668,0.20408941786831464,1.549935149156939
923,923,1.538333333333333,0.20408941786831464,1.5495536736095217
924,924,1.54,0.20408941786831464,1.549935149156939
925,925,1.5416666666666667,0.20370794232089726,1.5495536736095217
926,926,1.5433333333333334,0.20408941786831464,1.5495536736095217
927,927,1.5450000000000002,0.20408941786831464,1.5495536736095217
928,928,1.5466666666666669,0.20408941786831464,1.5495536736095217
929,929,1.5483333333333331,0.20408941786831464,1.5495536736095217
930,930,1.55,0.20408941786831464,1.5495536736095217
931,931,1.5516666666666667,0.20408941786831464,1.549935149156939
932,932,1.5533333333333337,0.20408941786831464,1.549935149156939
933,933,1.5550000000000002,0.20408941786831464,1.5495536736095217
934,934,1.5566666666666669,0.20408941786831464,1.5495536736095217
935,935,1.5583333333333331,0.20408941786831464,1.5495536736095217
936,936,1.56,0.20408941786831464,1.5495536736095217
937,937,1.5616666666666668,0.20408941786831464,1.5495536736095217
938,938,1.5633333333333337,0.20408941786831464,1.5495536736095217
939,939,1.5650000000000002,0.20408941786831464,1.5495536736095217
940,940,1.5666666666666669,0.20408941786831464,1.5495536736095217
941,941,1.5683333333333334,0.20408941786831464,1.5495536736095217
942,942,1.57,0.20408941786831464,1.5495536736095217
943,943,1.5716666666666668,0.20408941786831464,1.5495536736095217
944,944,1.5733333333333337,0.20408941786831464,1.5495536736095217
945,945,1.5750000000000002,0.20408941786831464,1.5495536736095217
946,946,1.5766666666666669,0.20408941786831464,1.5495536736095217
947,947,1.5783333333333334,0.20408941786831464,1.5495536736095217
948,948,1.58,0.20408941786831464,1.549935149156939
949,949,1.5816666666666668,0.20408941786831464,1.5495536736095217
950,950,1.5833333333333337,0.20408941786831464,1.5495536736095217
951,951,1.5850000000000002,0.20408941786831464,1.5495536736095217
952,952,1.586666666666667,0.20408941786831464,1.5495536736095217
953,953,1.5883333333333334,0.20408941786831464,1.549935149156939
954,954,1.59,0.20408941786831464,1.5495536736095217
955,955,1.5916666666666668,0.20408941786831464,1.5495536736095217
956,956,1.5933333333333335,0.20408941786831464,1.5495536736095217
957,957,1.5950000000000002,0.20408941786831464,1.5495536736095217
958,958,1.596666666666667,0.20408941786831464,1.549935149156939
959,959,1.5983333333333334,0.20408941786831464,1.5495536736095217
960,960,1.6,0.20408941786831464,1.5495536736095217
961,961,1.6016666666666668,0.20408941786831464,1.5495536736095217
962,962,1.6033333333333335,0.20408941786831464,1.5495536736095217
963,963,1.6050000000000002,0.20408941786831464,1.5495536736095217
964,964,1.606666666666667,0.20408941786831464,1.5495536736095217
965,965,1.6083333333333334,0.20408941786831464,1.5495536736095217
966,966,1.61,0.20408941786831464,1.5495536736095217
967,967,1.6116666666666668,0.20408941786831464,1.5495536736095217
968,968,1.6133333333333335,0.20408941786831464,1.5495536736095217
969,969,1.6150000000000002,0.20408941786831464,1.549935149156939
970,970,1.6166666666666667,0.20370794232089726,1.5495536736095217
971,971,1.6183333333333334,0.20408941786831464,1.5495536736095217
972,972,1.62,0.20408941786831464,1.549935149156939
973,973,1.6216666666666668,0.20408941786831464,1.5495536736095217
974,974,1.6233333333333335,0.20408941786831464,1.5495536736095217
975,975,1.625,0.20408941786831464,1.5495536736095217
976,976,1.6266666666666667,0.20408941786831464,1.549935149156939
977,977,1.6283333333333334,0.20408941786831464,1.5495536736095217
978,978,1.63,0.20408941786831464,1.5495536736095217
979,979,1.6316666666666668,0.20408941786831464,1.5495536736095217
980,980,1.6333333333333335,0.20370794232089726,1.5495536736095217
981,981,1.635,0.20408941786831464,1.549935149156939
982,982,1.6366666666666667,0.20408941786831464,1.5495536736095217
983,983,1.6383333333333334,0.20408941786831464,1.549935149156939
984,984,1.64,0.20408941786831464,1.5495536736095217
985,985,1.6416666666666668,0.20370794232089726,1.5495536736095217
986,986,1.6433333333333335,0.20408941786831464,1.5495536736095217
987,987,1.645,0.20408941786831464,1.5495536736095217
988,988,1.6466666666666667,0.20408941786831464,1.5495536736095217
989,989,1.6483333333333334,0.20408941786831464,1.5495536736095217
990,990,1.65,0.20370794232089726,1.5495536736095217
991,991,1.6516666666666668,0.20408941786831464,1.5495536736095217
992,992,1.6533333333333335,0.20408941786831464,1.5495536736095217
993,993,1.655,0.20408941786831464,1.5495536736095217
994,994,1.6566666666666667,0.20408941786831464,1.5495536736095217
995,995,1.6583333333333334,0.20408941786831464,1.5495536736095217
996,996,1.66,0.20408941786831464,1.5495536736095217
997,997,1.6616666666666668,0.20408941786831464,1.5495536736095217
998,998,1.663333333333333,0.20408941786831464,1.5495536736095217
999,999,1.665,0.20370794232089726,1.5495536736095217
1000,1000,1.6666666666666667,0.20370794232089726,1.5495536736095217
1001,1001,1.6683333333333334,0.20408941786831464,1.5495536736095217
1002,1002,1.6700000000000002,0.20408941786831464,1.549935149156939
1003,1003,1.6716666666666669,0.20408941786831464,1.549935149156939
1004,1004,1.6733333333333331,0.20408941786831464,1.5495536736095217
1005,1005,1.675,0.20370794232089726,1.5495536736095217
1006,1006,1.6766666666666667,0.20408941786831464,1.5495536736095217
1007,1007,1.6783333333333337,0.20370794232089726,1.549935149156939
1008,1008,1.6800000000000002,0.20408941786831464,1.5495536736095217
1009,1009,1.6816666666666669,0.20408941786831464,1.5495536736095217
1010,1010,1.6833333333333331,0.20408941786831464,1.5495536736095217
1011,1011,1.685,0.20408941786831464,1.549935149156939
1012,1012,1.6866666666666668,0.20408941786831464,1.5491721980621045
1013,1013,1.6883333333333337,0.20408941786831464,1.5495536736095217
1014,1014,1.6900000000000002,0.20408941786831464,1.5495536736095217
1015,1015,1.6916666666666669,0.20408941786831464,1.5495536736095217
1016,1016,1.6933333333333334,0.20408941786831464,1.5495536736095217
1017,1017,1.695,0.20408941786831464,1.5495536736095217
1018,1018,1.6966666666666668,0.20408941786831464,1.5495536736095217
1019,1019,1.6983333333333337,0.20408941786831464,1.5495536736095217
1020,1020,1.7000000000000002,0.20370794232089726,1.5495536736095217
1021,1021,1.7016666666666669,0.20408941786831464,1.5495536736095217
1022,1022,1.7033333333333334,0.20447089341573205,1.549935149156939
1023,1023,1.705,0.20408941786831464,1.5495536736095217
1024,1024,1.7066666666666668,0.20408941786831464,1.5495536736095217
1025,1025,1.7083333333333337,0.20370794232089726,1.5495536736095217
1026,1026,1.7100000000000002,0.20408941786831464,1.549935149156939
1027,1027,1.711666666666667,0.20408941786831464,1.5495536736095217
1028,1028,1.7133333333333334,0.20408941786831464,1.5495536736095217
1029,1029,1.715,0.20408941786831464,1.5495536736095217
1030,1030,1.7166666666666668,0.20408941786831464,1.5495536736095217
1031,1031,1.7183333333333335,0.20408941786831464,1.5495536736095217
1032,1032,1.7200000000000002,0.20408941786831464,1.549935149156939
1033,1033,1.721666666666667,0.20408941786831464,1.5495536736095217
1034,1034,1.7233333333333334,0.20408941786831464,1.5495536736095217
1035,1035,1.725,0.20408941786831464,1.5495536736095217
1036,1036,1.7266666666666668,0.20408941786831464,1.5495536736095217
1037,1037,1.7283333333333335,0.20447089341573205,1.5495536736095217
1038,1038,1.7300000000000002,0.20408941786831464,1.5495536736095217
1039,1039,1.731666666666667,0.20447089341573205,1.549935149156939
1040,1040,1.7333333333333334,0.20408941786831464,1.5495536736095217
1041,1041,1.735,0.20370794232089726,1.5495536736095217
1042,1042,1.7366666666666668,0.20408941786831464,1.5495536736095217
1043,1043,1.7383333333333335,0.20408941786831464,1.5495536736095217
1044,1044,1.7400000000000002,0.20370794232089726,1.549935149156939
1045,1045,1.7416666666666667,0.20408941786831464,1.5495536736095217
1046,1046,1.7433333333333334,0.20408941786831464,1.549935149156939
1047,1047,1.745,0.20408941786831464,1.549935149156939
1048,1048,1.7466666666666668,0.20408941786831464,1.5495536736095217
1049,1049,1.7483333333333335,0.20408941786831464,1.549935149156939
1050,1050,1.7500000000000002,0.20408941786831464,1.5495536736095217
1051,1051,1.7516666666666667,0.20408941786831464,1.5495536736095217
1052,1052,1.7533333333333334,0.20408941786831464,1.5495536736095217
1053,1053,1.755,0.20408941786831464,1.5495536736095217
1054,1054,1.7566666666666668,0.20447089341573205,1.5495536736095217
1055,1055,1.7583333333333335,0.20408941786831464,1.5495536736095217
1056,1056,1.76,0.20408941786831464,1.5495536736095217
1057,1057,1.7616666666666667,0.20408941786831464,1.549935149156939
1058,1058,1.7633333333333334,0.20408941786831464,1.5495536736095217
1059,1059,1.765,0.20408941786831464,1.549935149156939
1060,1060,1.7666666666666668,0.20408941786831464,1.5495536736095217
1061,1061,1.7683333333333335,0.20408941786831464,1.5495536736095217
1062,1062,1.77,0.20408941786831464,1.549935149156939
1063,1063,1.7716666666666667,0.20408941786831464,1.549935149156939
1064,1064,1.7733333333333334,0.20408941786831464,1.5495536736095217
1065,1065,1.775,0.20408941786831464,1.5495536736095217
1066,1066,1.7766666666666668,0.20408941786831464,1.5495536736095217
1067,1067,1.7783333333333335,0.20408941786831464,1.5495536736095217
1068,1068,1.78,0.20408941786831464,1.5495536736095217
1069,1069,1.7816666666666667,0.20408941786831464,1.5495536736095217
1070,1070,1.7833333333333334,0.20370794232089726,1.5495536736095217
1071,1071,1.785,0.20408941786831464,1.549935149156939
1072,1072,1.7866666666666668,0.20408941786831464,1.5495536736095217
1073,1073,1.7883333333333336,0.20408941786831464,1.5495536736095217
1074,1074,1.79,0.20408941786831464,1.5495536736095217
1075,1075,1.7916666666666667,0.20408941786831464,1.5495536736095217
1076,1076,1.7933333333333334,0.20408941786831464,1.5495536736095217
1077,1077,1.7950000000000002,0.20447089341573205,1.5495536736095217
1078,1078,1.7966666666666669,0.20447089341573205,1.549935149156939
1079,1079,1.7983333333333331,0.20408941786831464,1.5495536736095217
1080,1080,1.8,0.20408941786831464,1.5495536736095217
1081,1081,1.8016666666666667,0.20408941786831464,1.5495536736095217
1082,1082,1.8033333333333332,0.20408941786831464,1.5495536736095217
1083,1083,1.805,0.20408941786831464,1.5495536736095217
1084,1084,1.8066666666666669,0.20408941786831464,1.5495536736095217
1085,1085,1.8083333333333331,0.20408941786831464,1.5495536736095217
1086,1086,1.81,0.20408941786831464,1.5495536736095217
1087,1087,1.8116666666666668,0.20408941786831464,1.5495536736095217
1088,1088,1.8133333333333332,0.20408941786831464,1.549935149156939
1089,1089,1.815,0.20408941786831464,1.5495536736095217
1090,1090,1.8166666666666669,0.20370794232089726,1.5495536736095217
1091,1091,1.8183333333333331,0.20408941786831464,1.5495536736095217
1092,1092,1.82,0.20408941786831464,1.5495536736095217
1093,1093,1.8216666666666668,0.20370794232089726,1.5495536736095217
1094,1094,1.8233333333333333,0.20408941786831464,1.549935149156939
1095,1095,1.825,0.20370794232089726,1.5495536736095217
1096,1096,1.8266666666666669,0.20408941786831464,1.5495536736095217
1097,1097,1.8283333333333331,0.20408941786831464,1.5495536736095217
1098,1098,1.83,0.20370794232089726,1.5495536736095217
1099,1099,1.8316666666666668,0.20408941786831464,1.5495536736095217
1100,1100,1.8333333333333333,0.20370794232089726,1.5495536736095217
1101,1101,1.835,0.20408941786831464,1.5495536736095217
1102,1102,1.836666666666667,0.20408941786831464,1.5495536736095217
1103,1103,1.8383333333333332,0.20408941786831464,1.5495536736095217
1104,1104,1.84,0.20370794232089726,1.5495536736095217
1105,1105,1.8416666666666668,0.20370794232089726,1.5495536736095217
1106,1106,1.8433333333333333,0.20408941786831464,1.5495536736095217
1107,1107,1.845,0.20408941786831464,1.549935149156939
1108,1108,1.846666666666667,0.20408941786831464,1.549935149156939
1109,1109,1.8483333333333332,0.20408941786831464,1.5495536736095217
1110,1110,1.85,0.20408941786831464,1.5495536736095217
1111,1111,1.8516666666666668,0.20408941786831464,1.549935149156939
1112,1112,1.8533333333333333,0.20408941786831464,1.5495536736095217
1113,1113,1.855,0.20408941786831464,1.5495536736095217
1114,1114,1.856666666666667,0.20408941786831464,1.5495536736095217
1115,1115,1.8583333333333332,0.20408941786831464,1.5495536736095217
1116,1116,1.86,0.20408941786831464,1.5495536736095217
1117,1117,1.8616666666666668,0.20408941786831464,1.549935149156939
1118,1118,1.8633333333333333,0.20408941786831464,1.549935149156939
1119,1119,1.865,0.20408941786831464,1.5495536736095217
1120,1120,1.8666666666666667,0.20408941786831464,1.5495536736095217
1121,1121,1.8683333333333332,0.20408941786831464,1.5495536736095217
1122,1122,1.87,0.20408941786831464,1.5495536736095217
1123,1123,1.8716666666666668,0.20408941786831464,1.549935149156939
1124,1124,1.8733333333333333,0.20408941786831464,1.5495536736095217
1125,1125,1.875,0.20408941786831464,1.5495536736095217
1126,1126,1.8766666666666667,0.20408941786831464,1.5495536736095217
1127,1127,1.8783333333333332,0.20408941786831464,1.5495536736095217
1128,1128,1.88,0.20447089341573205,1.549935149156939
1129,1129,1.8816666666666668,0.20408941786831464,1.5495536736095217
1130,1130,1.8833333333333333,0.20408941786831464,1.5495536736095217
1131,1131,1.885,0.20408941786831464,1.5495536736095217
1132,1132,1.8866666666666667,0.20408941786831464,1.549935149156939
1133,1133,1.8883333333333332,0.20408941786831464,1.5495536736095217
1134,1134,1.89,0.20408941786831464,1.5495536736095217
1135,1135,1.8916666666666668,0.20370794232089726,1.5495536736095217
1136,1136,1.893333333333333,0.20408941786831464,1.5495536736095217
1137,1137,1.895,0.20408941786831464,1.5495536736095217
1138,1138,1.8966666666666667,0.20408941786831464,1.5495536736095217
1139,1139,1.8983333333333332,0.20408941786831464,1.5495536736095217
1140,1140,1.9,0.20408941786831464,1.5495536736095217
1141,1141,1.9016666666666668,0.20408941786831464,1.5495536736095217
1142,1142,1.903333333333333,0.20408941786831464,1.5495536736095217
1143,1143,1.905,0.20408941786831464,1.5495536736095217
1144,1144,1.9066666666666667,0.20408941786831464,1.5495536736095217
1145,1145,1.9083333333333332,0.20408941786831464,1.5495536736095217
1146,1146,1.91,0.20408941786831464,1.5495536736095217
1147,1147,1.9116666666666668,0.20408941786831464,1.5495536736095217
1148,1148,1.9133333333333336,0.20408941786831464,1.5495536736095217
1149,1149,1.915,0.20408941786831464,1.5495536736095217
1150,1150,1.9166666666666667,0.20408941786831464,1.5495536736095217
1151,1151,1.9183333333333332,0.20408941786831464,1.5495536736095217
1152,1152,1.92,0.20408941786831464,1.5495536736095217
1153,1153,1.9216666666666669,0.20408941786831464,1.5495536736095217
1154,1154,1.9233333333333336,0.20408941786831464,1.5495536736095217
1155,1155,1.925,0.20408941786831464,1.5495536736095217
1156,1156,1.9266666666666667,0.20408941786831464,1.5495536736095217
1157,1157,1.9283333333333332,0.20408941786831464,1.5495536736095217
1158,1158,1.93,0.20408941786831464,1.549935149156939
1159,1159,1.9316666666666669,0.20408941786831464,1.5495536736095217
1160,1160,1.9333333333333331,0.20408941786831464,1.5495536736095217
1161,1161,1.935,0.20408941786831464,1.549935149156939
1162,1162,1.9366666666666668,0.20408941786831464,1.5495536736095217
1163,1163,1.9383333333333332,0.20447089341573205,1.5495536736095217
1164,1164,1.94,0.20408941786831464,1.5495536736095217
1165,1165,1.9416666666666669,0.20408941786831464,1.5495536736095217
1166,1166,1.9433333333333331,0.20408941786831464,1.5495536736095217
1167,1167,1.945,0.20408941786831464,1.5495536736095217
1168,1168,1.9466666666666668,0.20408941786831464,1.5495536736095217
1169,1169,1.9483333333333333,0.20408941786831464,1.5495536736095217
1170,1170,1.95,0.20408941786831464,1.5495536736095217
1171,1171,1.9516666666666669,0.20408941786831464,1.5495536736095217
1172,1172,1.9533333333333331,0.20408941786831464,1.549935149156939
1173,1173,1.955,0.20408941786831464,1.5495536736095217
1174,1174,1.9566666666666668,0.20408941786831464,1.5495536736095217
1175,1175,1.9583333333333333,0.20408941786831464,1.5495536736095217
1176,1176,1.96,0.20408941786831464,1.5495536736095217
1177,1177,1.961666666666667,0.20408941786831464,1.549935149156939
1178,1178,1.9633333333333332,0.20408941786831464,1.5495536736095217
1179,1179,1.965,0.20408941786831464,1.5495536736095217
1180,1180,1.9666666666666668,0.20408941786831464,1.5495536736095217
1181,1181,1.9683333333333333,0.20408941786831464,1.5495536736095217
1182,1182,1.97,0.20408941786831464,1.5495536736095217
1183,1183,1.971666666666667,0.20408941786831464,1.5495536736095217
1184,1184,1.9733333333333332,0.20408941786831464,1.5495536736095217
1185,1185,1.975,0.20408941786831464,1.5495536736095217
1186,1186,1.9766666666666668,0.20408941786831464,1.5495536736095217
1187,1187,1.9783333333333333,0.20447089341573205,1.5495536736095217
1188,1188,1.98,0.20408941786831464,1.5495536736095217
1189,1189,1.981666666666667,0.20408941786831464,1.549935149156939
1190,1190,1.9833333333333332,0.20408941786831464,1.5495536736095217
1191,1191,1.985,0.20408941786831464,1.5495536736095217
1192,1192,1.9866666666666668,0.20408941786831464,1.549935149156939
1193,1193,1.9883333333333333,0.20447089341573205,1.5495536736095217
1194,1194,1.99,0.20408941786831464,1.5495536736095217
1195,1195,1.9916666666666667,0.20408941786831464,1.5495536736095217
1196,1196,1.9933333333333332,0.20408941786831464,1.5495536736095217
1197,1197,1.995,0.20447089341573205,1.5495536736095217
1198,1198,1.9966666666666668,0.20408941786831464,1.5495536736095217
1199,1199,1.9983333333333333,0.20408941786831464,1.5495536736095217
1200,1200,2.0,0.20408941786831464,1.5495536736095217
1201,1201,2.001666666666667,0.20408941786831464,1.549935149156939
1202,1202,2.0033333333333334,0.20408941786831464,1.5495536736095217
1203,1203,2.0050000000000003,0.20408941786831464,1.5495536736095217
1204,1204,2.006666666666667,0.20408941786831464,1.5495536736095217
1205,1205,2.0083333333333333,0.20408941786831464,1.5495536736095217
1206,1206,2.01,0.20447089341573205,1.5495536736095217
1207,1207,2.0116666666666667,0.20408941786831464,1.5495536736095217
1208,1208,2.0133333333333336,0.20408941786831464,1.549935149156939
1209,1209,2.015,0.20408941786831464,1.5495536736095217
1210,1210,2.0166666666666666,0.20370794232089726,1.5495536736095217
1211,1211,2.018333333333333,0.20408941786831464,1.5495536736095217
1212,1212,2.02,0.20408941786831464,1.5495536736095217
1213,1213,2.021666666666667,0.20408941786831464,1.5495536736095217
1214,1214,2.023333333333333,0.20408941786831464,1.549935149156939
1215,1215,2.025,0.20408941786831464,1.5495536736095217
1216,1216,2.026666666666667,0.20408941786831464,1.5495536736095217
1217,1217,2.0283333333333333,0.20408941786831464,1.5495536736095217
1218,1218,2.03,0.20408941786831464,1.5495536736095217
1219,1219,2.0316666666666667,0.20447089341573205,1.5495536736095217
1220,1220,2.0333333333333337,0.20408941786831464,1.5495536736095217
1221,1221,2.035,0.20447089341573205,1.5495536736095217
1222,1222,2.036666666666666,0.20408941786831464,1.5495536736095217
1223,1223,2.0383333333333336,0.20408941786831464,1.5495536736095217
1224,1224,2.04,0.20408941786831464,1.549935149156939
1225,1225,2.041666666666667,0.20408941786831464,1.5495536736095217
1226,1226,2.043333333333333,0.20408941786831464,1.5495536736095217
1227,1227,2.045,0.20408941786831464,1.5495536736095217
1228,1228,2.046666666666667,0.20408941786831464,1.5495536736095217
1229,1229,2.0483333333333333,0.20408941786831464,1.5495536736095217
1230,1230,2.0500000000000003,0.20408941786831464,1.5495536736095217
1231,1231,2.0516666666666667,0.20408941786831464,1.5495536736095217
1232,1232,2.0533333333333337,0.20408941786831464,1.5495536736095217
1233,1233,2.055,0.20408941786831464,1.5495536736095217
1234,1234,2.056666666666666,0.20408941786831464,1.5495536736095217
1235,1235,2.0583333333333336,0.20408941786831464,1.5495536736095217
1236,1236,2.06,0.20408941786831464,1.5495536736095217
1237,1237,2.061666666666667,0.20408941786831464,1.5495536736095217
1238,1238,2.063333333333333,0.20408941786831464,1.5495536736095217
1239,1239,2.065,0.20408941786831464,1.549935149156939
1240,1240,2.066666666666667,0.20408941786831464,1.5495536736095217
1241,1241,2.0683333333333334,0.20408941786831464,1.5495536736095217
1242,1242,2.0700000000000003,0.20408941786831464,1.5495536736095217
1243,1243,2.0716666666666668,0.20408941786831464,1.5495536736095217
1244,1244,2.0733333333333333,0.20408941786831464,1.5495536736095217
1245,1245,2.075,0.20408941786831464,1.5495536736095217
1246,1246,2.0766666666666667,0.20408941786831464,1.5495536736095217
1247,1247,2.0783333333333336,0.20408941786831464,1.5495536736095217
1248,1248,2.08,0.20408941786831464,1.5495536736095217
1249,1249,2.081666666666667,0.20408941786831464,1.5495536736095217
1250,1250,2.083333333333333,0.20408941786831464,1.5495536736095217
1251,1251,2.085,0.20408941786831464,1.5495536736095217
1252,1252,2.086666666666667,0.20408941786831464,1.5495536736095217
1253,1253,2.0883333333333334,0.20408941786831464,1.5495536736095217
1254,1254,2.0900000000000003,0.20408941786831464,1.5495536736095217
1255,1255,2.091666666666667,0.20408941786831464,1.5495536736095217
1256,1256,2.0933333333333333,0.20408941786831464,1.5495536736095217
1257,1257,2.095,0.20408941786831464,1.5495536736095217
1258,1258,2.0966666666666667,0.20408941786831464,1.549935149156939
1259,1259,2.0983333333333336,0.20408941786831464,1.549935149156939
1260,1260,2.1,0.20447089341573205,1.5495536736095217
1261,1261,2.101666666666667,0.20408941786831464,1.5495536736095217
1262,1262,2.103333333333333,0.20408941786831464,1.5495536736095217
1263,1263,2.105,0.20447089341573205,1.5495536736095217
1264,1264,2.106666666666667,0.20447089341573205,1.5495536736095217
1265,1265,2.1083333333333334,0.20408941786831464,1.5495536736095217
1266,1266,2.1100000000000003,0.20408941786831464,1.5495536736095217
1267,1267,2.111666666666667,0.20408941786831464,1.5495536736095217
1268,1268,2.1133333333333333,0.20408941786831464,1.5495536736095217
1269,1269,2.115,0.20408941786831464,1.5495536736095217
1270,1270,2.1166666666666667,0.20370794232089726,1.5495536736095217
1271,1271,2.1183333333333336,0.20408941786831464,1.5495536736095217
1272,1272,2.12,0.20408941786831464,1.5495536736095217
1273,1273,2.1216666666666666,0.20408941786831464,1.5495536736095217
1274,1274,2.123333333333333,0.20408941786831464,1.5495536736095217
1275,1275,2.125,0.20408941786831464,1.5495536736095217
1276,1276,2.126666666666667,0.20408941786831464,1.5495536736095217
1277,1277,2.1283333333333334,0.20408941786831464,1.5495536736095217
1278,1278,2.1300000000000003,0.20408941786831464,1.5495536736095217
1279,1279,2.131666666666667,0.20408941786831464,1.5495536736095217
1280,1280,2.1333333333333333,0.20408941786831464,1.5495536736095217
1281,1281,2.135,0.20447089341573205,1.5495536736095217
1282,1282,2.1366666666666667,0.20408941786831464,1.5495536736095217
1283,1283,2.1383333333333336,0.20408941786831464,1.5495536736095217
1284,1284,2.14,0.20408941786831464,1.5495536736095217
1285,1285,2.1416666666666666,0.20370794232089726,1.5495536736095217
1286,1286,2.143333333333333,0.20408941786831464,1.5495536736095217
1287,1287,2.145,0.20408941786831464,1.5495536736095217
1288,1288,2.146666666666667,0.20408941786831464,1.5495536736095217
1289,1289,2.148333333333333,0.20408941786831464,1.5495536736095217
1290,1290,2.1500000000000004,0.20408941786831464,1.5495536736095217
1291,1291,2.151666666666667,0.20408941786831464,1.5495536736095217
1292,1292,2.1533333333333333,0.20408941786831464,1.5495536736095217
1293,1293,2.155,0.20408941786831464,1.5495536736095217
1294,1294,2.1566666666666667,0.20408941786831464,1.5495536736095217
1295,1295,2.1583333333333337,0.20408941786831464,1.5495536736095217
1296,1296,2.16,0.20408941786831464,1.5495536736095217
1297,1297,2.161666666666666,0.20408941786831464,1.5495536736095217
1298,1298,2.1633333333333336,0.20408941786831464,1.5495536736095217
1299,1299,2.165,0.20447089341573205,1.5495536736095217
1300,1300,2.166666666666667,0.20408941786831464,1.5495536736095217
1301,1301,2.168333333333333,0.20408941786831464,1.5495536736095217
1302,1302,2.17,0.20408941786831464,1.5495536736095217
1303,1303,2.171666666666667,0.20447089341573205,1.5495536736095217
1304,1304,2.1733333333333333,0.20408941786831464,1.549935149156939
1305,1305,2.1750000000000003,0.20408941786831464,1.5491721980621045
1306,1306,2.1766666666666667,0.20408941786831464,1.5495536736095217
1307,1307,2.1783333333333337,0.20408941786831464,1.5495536736095217
1308,1308,2.18,0.20408941786831464,1.549935149156939
1309,1309,2.181666666666666,0.20408941786831464,1.5495536736095217
1310,1310,2.1833333333333336,0.20408941786831464,1.5495536736095217
1311,1311,2.185,0.20408941786831464,1.5495536736095217
1312,1312,2.186666666666667,0.20408941786831464,1.549935149156939
1313,1313,2.188333333333333,0.20408941786831464,1.5495536736095217
1314,1314,2.19,0.20408941786831464,1.5495536736095217
1315,1315,2.191666666666667,0.20408941786831464,1.5495536736095217
1316,1316,2.1933333333333334,0.20408941786831464,1.5495536736095217
1317,1317,2.1950000000000003,0.20408941786831464,1.5495536736095217
1318,1318,2.1966666666666668,0.20408941786831464,1.5495536736095217
1319,1319,2.1983333333333337,0.20408941786831464,1.549935149156939
1320,1320,2.2,0.20408941786831464,1.5495536736095217
1321,1321,2.2016666666666667,0.20408941786831464,1.5495536736095217
1322,1322,2.2033333333333336,0.20408941786831464,1.5495536736095217
1323,1323,2.205,0.20408941786831464,1.549935149156939
1324,1324,2.206666666666667,0.20408941786831464,1.5495536736095217
1325,1325,2.208333333333333,0.20370794232089726,1.5495536736095217
1326,1326,2.21,0.20408941786831464,1.5495536736095217
1327,1327,2.211666666666667,0.20408941786831464,1.5495536736095217
1328,1328,2.2133333333333334,0.20408941786831464,1.5495536736095217
1329,1329,2.2150000000000003,0.20408941786831464,1.5495536736095217
1330,1330,2.216666666666667,0.20408941786831464,1.5495536736095217
1331,1331,2.2183333333333333,0.20408941786831464,1.549935149156939
1332,1332,2.22,0.20408941786831464,1.5495536736095217
1333,1333,2.2216666666666667,0.20408941786831464,1.5495536736095217
1334,1334,2.2233333333333336,0.20408941786831464,1.549935149156939
1335,1335,2.225,0.20408941786831464,1.5495536736095217
1336,1336,2.226666666666667,0.20408941786831464,1.5495536736095217
1337,1337,2.228333333333333,0.20408941786831464,1.5495536736095217
1338,1338,2.23,0.20408941786831464,1.549935149156939
1339,1339,2.231666666666667,0.20408941786831464,1.5495536736095217
1340,1340,2.2333333333333334,0.20408941786831464,1.5495536736095217
1341,1341,2.2350000000000003,0.20408941786831464,1.549935149156939
1342,1342,2.236666666666667,0.20408941786831464,1.5495536736095217
1343,1343,2.2383333333333333,0.20408941786831464,1.549935149156939
1344,1344,2.24,0.20408941786831464,1.5495536736095217
1345,1345,2.2416666666666667,0.20408941786831464,1.5495536736095217
1346,1346,2.2433333333333336,0.20408941786831464,1.5495536736095217
1347,1347,2.245,0.20408941786831464,1.5495536736095217
1348,1348,2.2466666666666666,0.20408941786831464,1.5495536736095217
1349,1349,2.248333333333333,0.20408941786831464,1.5495536736095217
1350,1350,2.25,0.20408941786831464,1.5495536736095217
1351,1351,2.251666666666667,0.20408941786831464,1.5495536736095217
1352,1352,2.2533333333333334,0.20408941786831464,1.5495536736095217
1353,1353,2.2550000000000003,0.20408941786831464,1.549935149156939
1354,1354,2.256666666666667,0.20408941786831464,1.5495536736095217
1355,1355,2.2583333333333333,0.20408941786831464,1.5495536736095217
1356,1356,2.26,0.20408941786831464,1.5495536736095217
1357,1357,2.2616666666666667,0.20447089341573205,1.5495536736095217
1358,1358,2.2633333333333336,0.20408941786831464,1.5495536736095217
1359,1359,2.265,0.20408941786831464,1.5495536736095217
1360,1360,2.2666666666666666,0.20408941786831464,1.5495536736095217
1361,1361,2.268333333333333,0.20408941786831464,1.5495536736095217
1362,1362,2.27,0.20408941786831464,1.5495536736095217
1363,1363,2.271666666666667,0.20408941786831464,1.5495536736095217
1364,1364,2.273333333333333,0.20408941786831464,1.5495536736095217
1365,1365,2.2750000000000004,0.20408941786831464,1.5495536736095217
1366,1366,2.276666666666667,0.20408941786831464,1.5495536736095217
1367,1367,2.2783333333333333,0.20408941786831464,1.549935149156939
1368,1368,2.28,0.20408941786831464,1.5495536736095217
1369,1369,2.2816666666666667,0.20408941786831464,1.5495536736095217
1370,1370,2.2833333333333337,0.20408941786831464,1.5495536736095217
1371,1371,2.285,0.20447089341573205,1.549935149156939
1372,1372,2.286666666666666,0.20408941786831464,1.5495536736095217
1373,1373,2.2883333333333336,0.20408941786831464,1.5495536736095217
1374,1374,2.29,0.20408941786831464,1.5495536736095217
1375,1375,2.291666666666667,0.20408941786831464,1.5495536736095217
1376,1376,2.293333333333333,0.20447089341573205,1.549935149156939
1377,1377,2.295,0.20408941786831464,1.5495536736095217
1378,1378,2.296666666666667,0.20408941786831464,1.549935149156939
1379,1379,2.2983333333333333,0.20408941786831464,1.5495536736095217
1380,1380,2.3000000000000003,0.20408941786831464,1.5495536736095217
1381,1381,2.3016666666666667,0.20408941786831464,1.5495536736095217
1382,1382,2.3033333333333337,0.20408941786831464,1.5495536736095217
1383,1383,2.305,0.20408941786831464,1.5495536736095217
1384,1384,2.306666666666666,0.20408941786831464,1.549935149156939
1385,1385,2.3083333333333336,0.20408941786831464,1.5495536736095217
1386,1386,2.31,0.20408941786831464,1.5495536736095217
1387,1387,2.311666666666667,0.20408941786831464,1.5495536736095217
1388,1388,2.313333333333333,0.20408941786831464,1.5495536736095217
1389,1389,2.315,0.20408941786831464,1.5495536736095217
1390,1390,2.316666666666667,0.20408941786831464,1.5495536736095217
1391,1391,2.3183333333333334,0.20408941786831464,1.5495536736095217
1392,1392,2.3200000000000003,0.20408941786831464,1.5495536736095217
1393,1393,2.3216666666666668,0.20408941786831464,1.549935149156939
1394,1394,2.3233333333333337,0.20408941786831464,1.5495536736095217
1395,1395,2.325,0.20408941786831464,1.5495536736095217
1396,1396,2.3266666666666667,0.20408941786831464,1.5495536736095217
1397,1397,2.3283333333333336,0.20408941786831464,1.5495536736095217
1398,1398,2.33,0.20408941786831464,1.5495536736095217
1399,1399,2.331666666666667,0.20408941786831464,1.5495536736095217
1400,1400,2.333333333333333,0.20408941786831464,1.5495536736095217
1401,1401,2.335,0.20408941786831464,1.549935149156939
1402,1402,2.336666666666667,0.20408941786831464,1.5495536736095217
1403,1403,2.3383333333333334,0.20408941786831464,1.5495536736095217
1404,1404,2.3400000000000003,0.20408941786831464,1.5495536736095217
1405,1405,2.341666666666667,0.20370794232089726,1.5495536736095217
1406,1406,2.3433333333333333,0.20408941786831464,1.5495536736095217
1407,1407,2.345,0.20408941786831464,1.5495536736095217
1408,1408,2.3466666666666667,0.20408941786831464,1.5495536736095217
1409,1409,2.3483333333333336,0.20408941786831464,1.5495536736095217
1410,1410,2.35,0.20408941786831464,1.5495536736095217
1411,1411,2.351666666666667,0.20447089341573205,1.5495536736095217
1412,1412,2.353333333333333,0.20408941786831464,1.5495536736095217
1413,1413,2.355,0.20408941786831464,1.5495536736095217
1414,1414,2.356666666666667,0.20447089341573205,1.5495536736095217
1415,1415,2.3583333333333334,0.20370794232089726,1.5495536736095217
1416,1416,2.3600000000000003,0.20408941786831464,1.5495536736095217
1417,1417,2.361666666666667,0.20408941786831464,1.5495536736095217
1418,1418,2.3633333333333333,0.20408941786831464,1.5495536736095217
1419,1419,2.365,0.20447089341573205,1.5495536736095217
1420,1420,2.3666666666666667,0.20370794232089726,1.5495536736095217
1421,1421,2.3683333333333336,0.20408941786831464,1.5495536736095217
1422,1422,2.37,0.20408941786831464,1.549935149156939
1423,1423,2.371666666666667,0.20408941786831464,1.5495536736095217
1424,1424,2.373333333333333,0.20447089341573205,1.549935149156939
1425,1425,2.375,0.20408941786831464,1.5495536736095217
1426,1426,2.376666666666667,0.20408941786831464,1.5495536736095217
1427,1427,2.3783333333333334,0.20408941786831464,1.5495536736095217
1428,1428,2.3800000000000003,0.20447089341573205,1.5495536736095217
1429,1429,2.381666666666667,0.20408941786831464,1.5495536736095217
1430,1430,2.3833333333333333,0.20408941786831464,1.5495536736095217
1431,1431,2.385,0.20408941786831464,1.5495536736095217
1432,1432,2.3866666666666667,0.20408941786831464,1.549935149156939
1433,1433,2.3883333333333336,0.20408941786831464,1.5495536736095217
1434,1434,2.39,0.20447089341573205,1.5495536736095217
1435,1435,2.3916666666666666,0.20408941786831464,1.5495536736095217
1436,1436,2.393333333333333,0.20408941786831464,1.5495536736095217
1437,1437,2.395,0.20408941786831464,1.5495536736095217
1438,1438,2.396666666666667,0.20408941786831464,1.5495536736095217
1439,1439,2.398333333333333,0.20408941786831464,1.5495536736095217
1440,1440,2.4000000000000004,0.20408941786831464,1.5495536736095217
1441,1441,2.401666666666667,0.20447089341573205,1.5495536736095217
1442,1442,2.4033333333333333,0.20408941786831464,1.5495536736095217
1443,1443,2.405,0.20447089341573205,1.5495536736095217
1444,1444,2.4066666666666667,0.20408941786831464,1.5495536736095217
1445,1445,2.4083333333333337,0.20408941786831464,1.549935149156939
1446,1446,2.41,0.20408941786831464,1.5495536736095217
1447,1447,2.411666666666666,0.20408941786831464,1.5495536736095217
1448,1448,2.4133333333333336,0.20408941786831464,1.5495536736095217
1449,1449,2.415,0.20408941786831464,1.5495536736095217
1450,1450,2.416666666666667,0.20408941786831464,1.5495536736095217
1451,1451,2.418333333333333,0.20447089341573205,1.5495536736095217
1452,1452,2.4200000000000004,0.20408941786831464,1.5495536736095217
1453,1453,2.421666666666667,0.20408941786831464,1.5495536736095217
1454,1454,2.4233333333333333,0.20408941786831464,1.5495536736095217
1455,1455,2.4250000000000003,0.20408941786831464,1.5495536736095217
1456,1456,2.4266666666666667,0.20408941786831464,1.5495536736095217
1457,1457,2.4283333333333337,0.20408941786831464,1.5495536736095217
1458,1458,2.43,0.20408941786831464,1.549935149156939
1459,1459,2.431666666666666,0.20408941786831464,1.5495536736095217
1460,1460,2.4333333333333336,0.20408941786831464,1.5495536736095217
1461,1461,2.435,0.20408941786831464,1.5495536736095217
1462,1462,2.436666666666667,0.20447089341573205,1.5495536736095217
1463,1463,2.438333333333333,0.20408941786831464,1.549935149156939
1464,1464,2.44,0.20408941786831464,1.5495536736095217
1465,1465,2.441666666666667,0.20370794232089726,1.5495536736095217
1466,1466,2.4433333333333334,0.20408941786831464,1.549935149156939
1467,1467,2.4450000000000003,0.20408941786831464,1.5495536736095217
1468,1468,2.4466666666666668,0.20447089341573205,1.5495536736095217
1469,1469,2.4483333333333337,0.20408941786831464,1.5495536736095217
1470,1470,2.45,0.20408941786831464,1.5495536736095217
1471,1471,2.4516666666666667,0.20408941786831464,1.5495536736095217
1472,1472,2.4533333333333336,0.20408941786831464,1.5495536736095217
1473,1473,2.455,0.20408941786831464,1.549935149156939
1474,1474,2.456666666666667,0.20447089341573205,1.5495536736095217
1475,1475,2.458333333333333,0.20408941786831464,1.5495536736095217
1476,1476,2.46,0.20447089341573205,1.5495536736095217
1477,1477,2.461666666666667,0.20408941786831464,1.5495536736095217
1478,1478,2.4633333333333334,0.20408941786831464,1.5495536736095217
1479,1479,2.4650000000000003,0.20447089341573205,1.549935149156939
1480,1480,2.466666666666667,0.20408941786831464,1.5495536736095217
1481,1481,2.4683333333333337,0.20408941786831464,1.5495536736095217
1482,1482,2.47,0.20408941786831464,1.5495536736095217
1483,1483,2.4716666666666667,0.20408941786831464,1.5495536736095217
1484,1484,2.4733333333333336,0.20408941786831464,1.5495536736095217
1485,1485,2.475,0.20408941786831464,1.5495536736095217
1486,1486,2.476666666666667,0.20408941786831464,1.5495536736095217
1487,1487,2.478333333333333,0.20408941786831464,1.5495536736095217
1488,1488,2.48,0.20408941786831464,1.549935149156939
1489,1489,2.481666666666667,0.20447089341573205,1.5495536736095217
1490,1490,2.4833333333333334,0.20408941786831464,1.5495536736095217
1491,1491,2.4850000000000003,0.20408941786831464,1.5495536736095217
1492,1492,2.486666666666667,0.20408941786831464,1.549935149156939
1493,1493,2.4883333333333333,0.20447089341573205,1.5495536736095217
1494,1494,2.49,0.20408941786831464,1.549935149156939
1495,1495,2.4916666666666667,0.20408941786831464,1.5495536736095217
1496,1496,2.4933333333333336,0.20408941786831464,1.5495536736095217
1497,1497,2.495,0.20447089341573205,1.5495536736095217
1498,1498,2.496666666666667,0.20408941786831464,1.5495536736095217
1499,1499,2.498333333333333,0.20408941786831464,1.5495536736095217
1500,1500,2.5,0.20408941786831464,1.5495536736095217
1501,1501,2.501666666666667,0.20447089341573205,1.5495536736095217
1502,1502,2.5033333333333334,0.20447089341573205,1.5495536736095217
1503,1503,2.5050000000000003,0.20408941786831464,1.5495536736095217
1504,1504,2.506666666666667,0.20447089341573205,1.5495536736095217
1505,1505,2.5083333333333333,0.20408941786831464,1.5495536736095217
1506,1506,2.51,0.20408941786831464,1.5495536736095217
1507,1507,2.5116666666666667,0.20408941786831464,1.5495536736095217
1508,1508,2.5133333333333336,0.20447089341573205,1.5495536736095217
1509,1509,2.515,0.20408941786831464,1.5495536736095217
1510,1510,2.5166666666666666,0.20408941786831464,1.5495536736095217
1511,1511,2.518333333333333,0.20408941786831464,1.5495536736095217
1512,1512,2.52,0.20408941786831464,1.5495536736095217
1513,1513,2.521666666666667,0.20408941786831464,1.5495536736095217
1514,1514,2.523333333333333,0.20408941786831464,1.5495536736095217
1515,1515,2.5250000000000004,0.20408941786831464,1.5495536736095217
1516,1516,2.526666666666667,0.20408941786831464,1.5495536736095217
1517,1517,2.5283333333333333,0.20447089341573205,1.5495536736095217
1518,1518,2.53,0.20408941786831464,1.5495536736095217
1519,1519,2.5316666666666667,0.20408941786831464,1.5495536736095217
1520,1520,2.5333333333333337,0.20447089341573205,1.5495536736095217
1521,1521,2.535,0.20447089341573205,1.5495536736095217
1522,1522,2.536666666666666,0.20408941786831464,1.5495536736095217
1523,1523,2.5383333333333336,0.20447089341573205,1.5495536736095217
1524,1524,2.54,0.20408941786831464,1.5495536736095217
1525,1525,2.541666666666667,0.20370794232089726,1.5495536736095217
1526,1526,2.543333333333333,0.20408941786831464,1.5495536736095217
1527,1527,2.5450000000000004,0.20408941786831464,1.549935149156939
1528,1528,2.546666666666667,0.20408941786831464,1.549935149156939
1529,1529,2.5483333333333333,0.20408941786831464,1.5495536736095217
1530,1530,2.5500000000000003,0.20370794232089726,1.5495536736095217
1531,1531,2.5516666666666667,0.20408941786831464,1.5495536736095217
1532,1532,2.5533333333333337,0.20408941786831464,1.5495536736095217
1533,1533,2.555,0.20408941786831464,1.5495536736095217
1534,1534,2.556666666666666,0.20408941786831464,1.5495536736095217
1535,1535,2.5583333333333336,0.20408941786831464,1.5495536736095217
1536,1536,2.56,0.20447089341573205,1.5495536736095217
1537,1537,2.561666666666667,0.20408941786831464,1.5495536736095217
1538,1538,2.563333333333333,0.20408941786831464,1.5495536736095217
1539,1539,2.565,0.20408941786831464,1.5495536736095217
1540,1540,2.566666666666667,0.20370794232089726,1.5495536736095217
1541,1541,2.5683333333333334,0.20408941786831464,1.5495536736095217
1542,1542,2.5700000000000003,0.20408941786831464,1.5495536736095217
1543,1543,2.5716666666666668,0.20408941786831464,1.5495536736095217
1544,1544,2.5733333333333337,0.20408941786831464,1.5495536736095217
1545,1545,2.575,0.20408941786831464,1.5495536736095217
1546,1546,2.5766666666666667,0.20408941786831464,1.5495536736095217
1547,1547,2.5783333333333336,0.20408941786831464,1.5495536736095217
1548,1548,2.58,0.20408941786831464,1.5495536736095217
1549,1549,2.581666666666667,0.20408941786831464,1.549935149156939
1550,1550,2.583333333333333,0.20408941786831464,1.5495536736095217
1551,1551,2.585,0.20408941786831464,1.5495536736095217
1552,1552,2.586666666666667,0.20408941786831464,1.5495536736095217
1553,1553,2.5883333333333334,0.20408941786831464,1.549935149156939
1554,1554,2.5900000000000003,0.20408941786831464,1.5495536736095217
1555,1555,2.591666666666667,0.20408941786831464,1.5495536736095217
1556,1556,2.5933333333333337,0.20408941786831464,1.549935149156939
1557,1557,2.595,0.20447089341573205,1.5495536736095217
1558,1558,2.5966666666666667,0.20447089341573205,1.5495536736095217
1559,1559,2.5983333333333336,0.20447089341573205,1.5495536736095217
1560,1560,2.6,0.20408941786831464,1.5495536736095217
1561,1561,2.601666666666667,0.20408941786831464,1.5495536736095217
1562,1562,2.603333333333333,0.20408941786831464,1.5495536736095217
1563,1563,2.605,0.20447089341573205,1.5495536736095217
1564,1564,2.606666666666667,0.20447089341573205,1.5495536736095217
1565,1565,2.6083333333333334,0.20408941786831464,1.5495536736095217
1566,1566,2.6100000000000003,0.20408941786831464,1.5495536736095217
1567,1567,2.611666666666667,0.20447089341573205,1.549935149156939
1568,1568,2.6133333333333333,0.20408941786831464,1.5495536736095217
1569,1569,2.615,0.20447089341573205,1.5495536736095217
1570,1570,2.6166666666666667,0.20408941786831464,1.5495536736095217
1571,1571,2.6183333333333336,0.20408941786831464,1.5495536736095217
1572,1572,2.62,0.20447089341573205,1.5495536736095217
1573,1573,2.621666666666667,0.20408941786831464,1.5495536736095217
1574,1574,2.623333333333333,0.20408941786831464,1.5495536736095217
1575,1575,2.625,0.20408941786831464,1.5495536736095217
1576,1576,2.626666666666667,0.20408941786831464,1.5495536736095217
1577,1577,2.6283333333333334,0.20447089341573205,1.5495536736095217
1578,1578,2.6300000000000003,0.20408941786831464,1.5495536736095217
1579,1579,2.631666666666667,0.20408941786831464,1.5495536736095217
1580,1580,2.6333333333333333,0.20408941786831464,1.5495536736095217
1581,1581,2.635,0.20408941786831464,1.5495536736095217
1582,1582,2.6366666666666667,0.20408941786831464,1.5495536736095217
1583,1583,2.6383333333333336,0.20408941786831464,1.5495536736095217
1584,1584,2.64,0.20408941786831464,1.549935149156939
1585,1585,2.641666666666667,0.20408941786831464,1.5495536736095217
1586,1586,2.643333333333333,0.20447089341573205,1.5495536736095217
1587,1587,2.645,0.20408941786831464,1.5495536736095217
1588,1588,2.646666666666667,0.20408941786831464,1.5495536736095217
1589,1589,2.648333333333333,0.20408941786831464,1.5495536736095217
1590,1590,2.6500000000000004,0.20408941786831464,1.5495536736095217
1591,1591,2.651666666666667,0.20408941786831464,1.5495536736095217
1592,1592,2.6533333333333333,0.20408941786831464,1.5495536736095217
1593,1593,2.655,0.20408941786831464,1.549935149156939
1594,1594,2.6566666666666667,0.20408941786831464,1.5495536736095217
1595,1595,2.6583333333333337,0.20408941786831464,1.5495536736095217
1596,1596,2.66,0.20447089341573205,1.5495536736095217
1597,1597,2.661666666666666,0.20408941786831464,1.5495536736095217
1598,1598,2.6633333333333336,0.20408941786831464,1.5495536736095217
1599,1599,2.665,0.20408941786831464,1.549935149156939
1600,1600,2.666666666666667,0.20408941786831464,1.5495536736095217
1601,1601,2.668333333333333,0.20408941786831464,1.5495536736095217
1602,1602,2.6700000000000004,0.20408941786831464,1.549935149156939
1603,1603,2.671666666666667,0.20408941786831464,1.5495536736095217
1604,1604,2.6733333333333333,0.20408941786831464,1.5495536736095217
1605,1605,2.6750000000000003,0.20408941786831464,1.549935149156939
1606,1606,2.6766666666666667,0.20408941786831464,1.549935149156939
1607,1607,2.6783333333333337,0.20447089341573205,1.5495536736095217
1608,1608,2.68,0.20408941786831464,1.5495536736095217
1609,1609,2.681666666666666,0.20408941786831464,1.5495536736095217
1610,1610,2.6833333333333336,0.20408941786831464,1.5495536736095217
1611,1611,2.685,0.20408941786831464,1.5495536736095217
1612,1612,2.686666666666667,0.20408941786831464,1.5495536736095217
1613,1613,2.688333333333333,0.20408941786831464,1.549935149156939
1614,1614,2.6900000000000004,0.20408941786831464,1.5495536736095217
1615,1615,2.691666666666667,0.20408941786831464,1.5495536736095217
1616,1616,2.6933333333333334,0.20408941786831464,1.549935149156939
1617,1617,2.6950000000000003,0.20408941786831464,1.5495536736095217
1618,1618,2.6966666666666668,0.20408941786831464,1.5495536736095217
1619,1619,2.6983333333333337,0.20408941786831464,1.549935149156939
1620,1620,2.7,0.20408941786831464,1.5491721980621045
1621,1621,2.7016666666666667,0.20408941786831464,1.5495536736095217
1622,1622,2.7033333333333336,0.20447089341573205,1.5495536736095217
1623,1623,2.705,0.20408941786831464,1.5495536736095217
1624,1624,2.706666666666667,0.20447089341573205,1.5495536736095217
1625,1625,2.708333333333333,0.20408941786831464,1.5495536736095217
1626,1626,2.71,0.20408941786831464,1.5495536736095217
1627,1627,2.711666666666667,0.20408941786831464,1.549935149156939
1628,1628,2.7133333333333334,0.20408941786831464,1.5495536736095217
1629,1629,2.7150000000000003,0.20408941786831464,1.549935149156939
1630,1630,2.716666666666667,0.20408941786831464,1.5495536736095217
1631,1631,2.7183333333333337,0.20408941786831464,1.5495536736095217
1632,1632,2.72,0.20408941786831464,1.5495536736095217
1633,1633,2.7216666666666667,0.20408941786831464,1.5495536736095217
1634,1634,2.7233333333333336,0.20408941786831464,1.5495536736095217
1635,1635,2.725,0.20408941786831464,1.5495536736095217
1636,1636,2.726666666666667,0.20408941786831464,1.5495536736095217
1637,1637,2.728333333333333,0.20408941786831464,1.5495536736095217
1638,1638,2.73,0.20408941786831464,1.5495536736095217
1639,1639,2.731666666666667,0.20408941786831464,1.5495536736095217
1640,1640,2.7333333333333334,0.20408941786831464,1.5495536736095217
1641,1641,2.7350000000000003,0.20408941786831464,1.5495536736095217
1642,1642,2.736666666666667,0.20408941786831464,1.5495536736095217
1643,1643,2.7383333333333337,0.20408941786831464,1.5495536736095217
1644,1644,2.74,0.20408941786831464,1.5495536736095217
1645,1645,2.7416666666666667,0.20408941786831464,1.5495536736095217
1646,1646,2.7433333333333336,0.20408941786831464,1.5495536736095217
1647,1647,2.745,0.20408941786831464,1.5495536736095217
1648,1648,2.746666666666667,0.20408941786831464,1.5495536736095217
1649,1649,2.748333333333333,0.20408941786831464,1.5495536736095217
1650,1650,2.75,0.20370794232089726,1.5495536736095217
1651,1651,2.751666666666667,0.20408941786831464,1.5495536736095217
1652,1652,2.7533333333333334,0.20408941786831464,1.549935149156939
1653,1653,2.7550000000000003,0.20408941786831464,1.5495536736095217
1654,1654,2.756666666666667,0.20408941786831464,1.5495536736095217
1655,1655,2.7583333333333333,0.20408941786831464,1.5495536736095217
1656,1656,2.76,0.20408941786831464,1.5495536736095217
1657,1657,2.7616666666666667,0.20408941786831464,1.5495536736095217
1658,1658,2.7633333333333336,0.20408941786831464,1.5495536736095217
1659,1659,2.765,0.20447089341573205,1.5495536736095217
1660,1660,2.766666666666667,0.20408941786831464,1.5495536736095217
1661,1661,2.768333333333333,0.20408941786831464,1.5495536736095217
1662,1662,2.77,0.20408941786831464,1.5495536736095217
1663,1663,2.771666666666667,0.20408941786831464,1.5495536736095217
1664,1664,2.773333333333333,0.20408941786831464,1.5495536736095217
1665,1665,2.7750000000000004,0.20408941786831464,1.5495536736095217
1666,1666,2.776666666666667,0.20447089341573205,1.5495536736095217
1667,1667,2.7783333333333333,0.20408941786831464,1.5495536736095217
1668,1668,2.78,0.20408941786831464,1.5495536736095217
1669,1669,2.7816666666666667,0.20408941786831464,1.5495536736095217
1670,1670,2.7833333333333337,0.20370794232089726,1.5495536736095217
1671,1671,2.785,0.20408941786831464,1.5495536736095217
1672,1672,2.786666666666666,0.20408941786831464,1.5495536736095217
1673,1673,2.7883333333333336,0.20447089341573205,1.5495536736095217
1674,1674,2.79,0.20447089341573205,1.5495536736095217
1675,1675,2.791666666666667,0.20408941786831464,1.5495536736095217
1676,1676,2.793333333333333,0.20408941786831464,1.5495536736095217
1677,1677,2.7950000000000004,0.20408941786831464,1.5495536736095217
1678,1678,2.796666666666667,0.20408941786831464,1.5495536736095217
1679,1679,2.7983333333333333,0.20408941786831464,1.5495536736095217
1680,1680,2.8000000000000003,0.20408941786831464,1.5495536736095217
1681,1681,2.8016666666666667,0.20408941786831464,1.5495536736095217
1682,1682,2.8033333333333337,0.20408941786831464,1.5495536736095217
1683,1683,2.805,0.20408941786831464,1.5495536736095217
1684,1684,2.806666666666666,0.20408941786831464,1.549935149156939
1685,1685,2.8083333333333336,0.20370794232089726,1.5495536736095217
1686,1686,2.81,0.20408941786831464,1.5495536736095217
1687,1687,2.811666666666667,0.20408941786831464,1.5495536736095217
1688,1688,2.813333333333333,0.20408941786831464,1.5491721980621045
1689,1689,2.8150000000000004,0.20447089341573205,1.5495536736095217
1690,1690,2.816666666666667,0.20408941786831464,1.5495536736095217
1691,1691,2.8183333333333334,0.20408941786831464,1.5495536736095217
1692,1692,2.8200000000000003,0.20408941786831464,1.5495536736095217
1693,1693,2.8216666666666668,0.20408941786831464,1.5495536736095217
1694,1694,2.8233333333333337,0.20408941786831464,1.5495536736095217
1695,1695,2.825,0.20408941786831464,1.5495536736095217
1696,1696,2.8266666666666667,0.20408941786831464,1.5495536736095217
1697,1697,2.8283333333333336,0.20408941786831464,1.5495536736095217
1698,1698,2.83,0.20408941786831464,1.5495536736095217
1699,1699,2.831666666666667,0.20408941786831464,1.5495536736095217
1700,1700,2.833333333333333,0.20370794232089726,1.5495536736095217
1701,1701,2.835,0.20447089341573205,1.5495536736095217
1702,1702,2.836666666666667,0.20408941786831464,1.5495536736095217
1703,1703,2.8383333333333334,0.20408941786831464,1.549935149156939
1704,1704,2.8400000000000003,0.20447089341573205,1.5495536736095217
1705,1705,2.841666666666667,0.20408941786831464,1.5495536736095217
1706,1706,2.8433333333333337,0.20408941786831464,1.5495536736095217
1707,1707,2.845,0.20408941786831464,1.5495536736095217
1708,1708,2.8466666666666667,0.20408941786831464,1.5495536736095217
1709,1709,2.8483333333333336,0.20408941786831464,1.5495536736095217
1710,1710,2.85,0.20408941786831464,1.5495536736095217
1711,1711,2.851666666666667,0.20408941786831464,1.5495536736095217
1712,1712,2.853333333333333,0.20408941786831464,1.5495536736095217
1713,1713,2.855,0.20408941786831464,1.5495536736095217
1714,1714,2.856666666666667,0.20408941786831464,1.549935149156939
1715,1715,2.8583333333333334,0.20408941786831464,1.5495536736095217
1716,1716,2.8600000000000003,0.20447089341573205,1.5495536736095217
1717,1717,2.861666666666667,0.20408941786831464,1.5495536736095217
1718,1718,2.8633333333333337,0.20408941786831464,1.5495536736095217
1719,1719,2.865,0.20408941786831464,1.5495536736095217
1720,1720,2.8666666666666667,0.20408941786831464,1.5495536736095217
1721,1721,2.8683333333333336,0.20408941786831464,1.5495536736095217
1722,1722,2.87,0.20408941786831464,1.5495536736095217
1723,1723,2.871666666666667,0.20447089341573205,1.5495536736095217
1724,1724,2.873333333333333,0.20408941786831464,1.5495536736095217
1725,1725,2.875,0.20408941786831464,1.5495536736095217
1726,1726,2.876666666666667,0.20408941786831464,1.549935149156939
1727,1727,2.8783333333333334,0.20408941786831464,1.5495536736095217
1728,1728,2.8800000000000003,0.20408941786831464,1.5495536736095217
1729,1729,2.881666666666667,0.20408941786831464,1.5495536736095217
1730,1730,2.8833333333333333,0.20408941786831464,1.5495536736095217
1731,1731,2.885,0.20408941786831464,1.5495536736095217
1732,1732,2.8866666666666667,0.20408941786831464,1.5495536736095217
1733,1733,2.8883333333333336,0.20447089341573205,1.5495536736095217
1734,1734,2.89,0.20408941786831464,1.5495536736095217
1735,1735,2.891666666666667,0.20408941786831464,1.5495536736095217
1736,1736,2.893333333333333,0.20408941786831464,1.549935149156939
1737,1737,2.895,0.20408941786831464,1.5495536736095217
1738,1738,2.896666666666667,0.20408941786831464,1.5495536736095217
1739,1739,2.898333333333333,0.20408941786831464,1.5495536736095217
1740,1740,2.9000000000000004,0.20408941786831464,1.5495536736095217
1741,1741,2.901666666666667,0.20408941786831464,1.549935149156939
1742,1742,2.9033333333333333,0.20408941786831464,1.5495536736095217
1743,1743,2.905,0.20408941786831464,1.5495536736095217
1744,1744,2.9066666666666667,0.20447089341573205,1.5495536736095217
1745,1745,2.9083333333333337,0.20408941786831464,1.5495536736095217
1746,1746,2.91,0.20408941786831464,1.549935149156939
1747,1747,2.911666666666667,0.20408941786831464,1.5495536736095217
1748,1748,2.9133333333333336,0.20408941786831464,1.5495536736095217
1749,1749,2.915,0.20447089341573205,1.5495536736095217
1750,1750,2.916666666666667,0.20408941786831464,1.5495536736095217
1751,1751,2.918333333333333,0.20408941786831464,1.5495536736095217
1752,1752,2.9200000000000004,0.20408941786831464,1.549935149156939
1753,1753,2.921666666666667,0.20408941786831464,1.5495536736095217
1754,1754,2.9233333333333333,0.20408941786831464,1.5495536736095217
1755,1755,2.9250000000000003,0.20408941786831464,1.5495536736095217
1756,1756,2.9266666666666667,0.20408941786831464,1.5495536736095217
1757,1757,2.9283333333333337,0.20408941786831464,1.5495536736095217
1758,1758,2.93,0.20408941786831464,1.5495536736095217
1759,1759,2.931666666666666,0.20408941786831464,1.5495536736095217
1760,1760,2.9333333333333336,0.20408941786831464,1.5495536736095217
1761,1761,2.935,0.20408941786831464,1.5495536736095217
1762,1762,2.936666666666667,0.20408941786831464,1.5495536736095217
1763,1763,2.938333333333333,0.20408941786831464,1.5495536736095217
1764,1764,2.9400000000000004,0.20408941786831464,1.5495536736095217
1765,1765,2.941666666666667,0.20408941786831464,1.5495536736095217
1766,1766,2.9433333333333334,0.20408941786831464,1.5495536736095217
1767,1767,2.9450000000000003,0.20408941786831464,1.5495536736095217
1768,1768,2.9466666666666668,0.20408941786831464,1.5495536736095217
1769,1769,2.9483333333333337,0.20408941786831464,1.5495536736095217
1770,1770,2.95,0.20408941786831464,1.5495536736095217
1771,1771,2.9516666666666667,0.20447089341573205,1.5495536736095217
1772,1772,2.9533333333333336,0.20408941786831464,1.5495536736095217
1773,1773,2.955,0.20408941786831464,1.5495536736095217
1774,1774,2.956666666666667,0.20408941786831464,1.5495536736095217
1775,1775,2.958333333333333,0.20408941786831464,1.5495536736095217
1776,1776,2.9600000000000004,0.20408941786831464,1.5495536736095217
1777,1777,2.961666666666667,0.20408941786831464,1.549935149156939
1778,1778,2.9633333333333334,0.20447089341573205,1.5495536736095217
1779,1779,2.9650000000000003,0.20408941786831464,1.5495536736095217
1780,1780,2.966666666666667,0.20408941786831464,1.5495536736095217
1781,1781,2.9683333333333337,0.20447089341573205,1.5495536736095217
1782,1782,2.97,0.20408941786831464,1.549935149156939
1783,1783,2.9716666666666667,0.20408941786831464,1.5495536736095217
1784,1784,2.9733333333333336,0.20408941786831464,1.5495536736095217
1785,1785,2.975,0.20408941786831464,1.5495536736095217
1786,1786,2.976666666666667,0.20408941786831464,1.5495536736095217
1787,1787,2.978333333333333,0.20408941786831464,1.5495536736095217
1788,1788,2.98,0.20408941786831464,1.5495536736095217
1789,1789,2.981666666666667,0.20408941786831464,1.5495536736095217
1790,1790,2.9833333333333334,0.20408941786831464,1.5495536736095217
1791,1791,2.9850000000000003,0.20408941786831464,1.5495536736095217
1792,1792,2.986666666666667,0.20408941786831464,1.5495536736095217
1793,1793,2.9883333333333337,0.20408941786831464,1.5495536736095217
1794,1794,2.99,0.20447089341573205,1.5495536736095217
1795,1795,2.9916666666666667,0.20408941786831464,1.5495536736095217
1796,1796,2.9933333333333336,0.20408941786831464,1.5495536736095217
1797,1797,2.995,0.20408941786831464,1.5495536736095217
1798,1798,2.996666666666667,0.20447089341573205,1.5495536736095217
1799,1799,2.998333333333333,0.20447089341573205,1.5495536736095217
1800,1800,3.0,0.20408941786831464,1.5495536736095217
1801,1801,3.001666666666667,0.20447089341573205,1.5495536736095217
1802,1802,3.0033333333333334,0.20447089341573205,1.5495536736095217
1803,1803,3.0050000000000003,0.20408941786831464,1.5495536736095217
1804,1804,3.006666666666667,0.20408941786831464,1.5495536736095217
1805,1805,3.0083333333333337,0.20408941786831464,1.5495536736095217
1806,1806,3.01,0.20408941786831464,1.5495536736095217
1807,1807,3.0116666666666667,0.20408941786831464,1.5495536736095217
1808,1808,3.0133333333333336,0.20408941786831464,1.5495536736095217
1809,1809,3.015,0.20408941786831464,1.5495536736095217
1810,1810,3.016666666666667,0.20408941786831464,1.5495536736095217
1811,1811,3.018333333333333,0.20408941786831464,1.5495536736095217
1812,1812,3.02,0.20447089341573205,1.5495536736095217
1813,1813,3.021666666666667,0.20408941786831464,1.5495536736095217
1814,1814,3.023333333333333,0.20447089341573205,1.5495536736095217
1815,1815,3.0250000000000004,0.20408941786831464,1.5495536736095217
1816,1816,3.026666666666667,0.20408941786831464,1.5495536736095217
1817,1817,3.0283333333333333,0.20447089341573205,1.5495536736095217
1818,1818,3.03,0.20408941786831464,1.5495536736095217
1819,1819,3.0316666666666667,0.20408941786831464,1.549935149156939
1820,1820,3.0333333333333337,0.20408941786831464,1.5495536736095217
1821,1821,3.035,0.20408941786831464,1.549935149156939
1822,1822,3.036666666666667,0.20408941786831464,1.5495536736095217
1823,1823,3.0383333333333336,0.20408941786831464,1.5495536736095217
1824,1824,3.04,0.20408941786831464,1.5495536736095217
1825,1825,3.041666666666667,0.20408941786831464,1.5495536736095217
1826,1826,3.043333333333333,0.20447089341573205,1.5495536736095217
1827,1827,3.0450000000000004,0.20447089341573205,1.5495536736095217
1828,1828,3.046666666666667,0.20408941786831464,1.5495536736095217
1829,1829,3.0483333333333333,0.20408941786831464,1.5495536736095217
1830,1830,3.0500000000000003,0.20408941786831464,1.5495536736095217
1831,1831,3.0516666666666667,0.20408941786831464,1.5495536736095217
1832,1832,3.0533333333333337,0.20408941786831464,1.5495536736095217
1833,1833,3.055,0.20408941786831464,1.5495536736095217
1834,1834,3.056666666666666,0.20408941786831464,1.5495536736095217
1835,1835,3.0583333333333336,0.20408941786831464,1.5495536736095217
1836,1836,3.06,0.20408941786831464,1.5495536736095217
1837,1837,3.061666666666667,0.20408941786831464,1.5495536736095217
1838,1838,3.063333333333333,0.20408941786831464,1.5495536736095217
1839,1839,3.0650000000000004,0.20408941786831464,1.5495536736095217
1840,1840,3.066666666666667,0.20408941786831464,1.5495536736095217
1841,1841,3.0683333333333334,0.20408941786831464,1.5495536736095217
1842,1842,3.0700000000000003,0.20408941786831464,1.5495536736095217
1843,1843,3.0716666666666668,0.20447089341573205,1.5495536736095217
1844,1844,3.0733333333333337,0.20408941786831464,1.5495536736095217
1845,1845,3.075,0.20408941786831464,1.5495536736095217
1846,1846,3.0766666666666667,0.20408941786831464,1.5495536736095217
1847,1847,3.0783333333333336,0.20408941786831464,1.5495536736095217
1848,1848,3.08,0.20408941786831464,1.5495536736095217
1849,1849,3.081666666666667,0.20408941786831464,1.5495536736095217
1850,1850,3.083333333333333,0.20408941786831464,1.5495536736095217
1851,1851,3.0850000000000004,0.20408941786831464,1.5495536736095217
1852,1852,3.086666666666667,0.20408941786831464,1.5495536736095217
1853,1853,3.0883333333333334,0.20408941786831464,1.5495536736095217
1854,1854,3.0900000000000003,0.20408941786831464,1.5495536736095217
1855,1855,3.091666666666667,0.20370794232089726,1.5495536736095217
1856,1856,3.0933333333333337,0.20408941786831464,1.5495536736095217
1857,1857,3.095,0.20408941786831464,1.5495536736095217
1858,1858,3.0966666666666667,0.20408941786831464,1.5495536736095217
1859,1859,3.0983333333333336,0.20408941786831464,1.5495536736095217
1860,1860,3.1,0.20408941786831464,1.5495536736095217
1861,1861,3.101666666666667,0.20408941786831464,1.5495536736095217
1862,1862,3.103333333333333,0.20408941786831464,1.5495536736095217
1863,1863,3.105,0.20447089341573205,1.5495536736095217
1864,1864,3.106666666666667,0.20408941786831464,1.5495536736095217
1865,1865,3.1083333333333334,0.20408941786831464,1.5495536736095217
1866,1866,3.1100000000000003,0.20408941786831464,1.5495536736095217
1867,1867,3.111666666666667,0.20408941786831464,1.5495536736095217
1868,1868,3.1133333333333337,0.20408941786831464,1.5495536736095217
1869,1869,3.115,0.20408941786831464,1.5495536736095217
1870,1870,3.1166666666666667,0.20408941786831464,1.5495536736095217
1871,1871,3.1183333333333336,0.20408941786831464,1.5495536736095217
1872,1872,3.12,0.20408941786831464,1.5495536736095217
1873,1873,3.121666666666667,0.20408941786831464,1.5495536736095217
1874,1874,3.123333333333333,0.20408941786831464,1.5495536736095217
1875,1875,3.125,0.20408941786831464,1.5491721980621045
1876,1876,3.126666666666667,0.20447089341573205,1.5495536736095217
1877,1877,3.1283333333333334,0.20408941786831464,1.5495536736095217
1878,1878,3.1300000000000003,0.20408941786831464,1.5495536736095217
1879,1879,3.131666666666667,0.20408941786831464,1.5495536736095217
1880,1880,3.1333333333333337,0.20408941786831464,1.5491721980621045
1881,1881,3.135,0.20408941786831464,1.5495536736095217
1882,1882,3.1366666666666667,0.20408941786831464,1.5495536736095217
1883,1883,3.1383333333333336,0.20408941786831464,1.5495536736095217
1884,1884,3.14,0.20408941786831464,1.5495536736095217
1885,1885,3.141666666666667,0.20408941786831464,1.5495536736095217
1886,1886,3.143333333333333,0.20408941786831464,1.549935149156939
1887,1887,3.145,0.20408941786831464,1.5495536736095217
1888,1888,3.146666666666667,0.20408941786831464,1.5495536736095217
1889,1889,3.148333333333333,0.20408941786831464,1.5495536736095217
1890,1890,3.1500000000000004,0.20408941786831464,1.5495536736095217
1891,1891,3.151666666666667,0.20408941786831464,1.5495536736095217
1892,1892,3.1533333333333333,0.20447089341573205,1.5495536736095217
1893,1893,3.155,0.20408941786831464,1.5495536736095217
1894,1894,3.1566666666666667,0.20447089341573205,1.549935149156939
1895,1895,3.1583333333333337,0.20408941786831464,1.5495536736095217
1896,1896,3.16,0.20408941786831464,1.5495536736095217
1897,1897,3.161666666666667,0.20447089341573205,1.549935149156939
1898,1898,3.1633333333333336,0.20408941786831464,1.5495536736095217
1899,1899,3.165,0.20408941786831464,1.5495536736095217
1900,1900,3.166666666666667,0.20408941786831464,1.5495536736095217
1901,1901,3.168333333333333,0.20408941786831464,1.5495536736095217
1902,1902,3.1700000000000004,0.20408941786831464,1.5495536736095217
1903,1903,3.171666666666667,0.20408941786831464,1.5495536736095217
1904,1904,3.1733333333333333,0.20447089341573205,1.5495536736095217
1905,1905,3.1750000000000003,0.20408941786831464,1.5495536736095217
1906,1906,3.1766666666666667,0.20447089341573205,1.549935149156939
1907,1907,3.1783333333333337,0.20408941786831464,1.5495536736095217
1908,1908,3.18,0.20408941786831464,1.5495536736095217
1909,1909,3.181666666666667,0.20408941786831464,1.5495536736095217
1910,1910,3.1833333333333336,0.20408941786831464,1.5495536736095217
1911,1911,3.185,0.20408941786831464,1.5495536736095217
1912,1912,3.186666666666667,0.20408941786831464,1.5495536736095217
1913,1913,3.188333333333333,0.20408941786831464,1.549935149156939
1914,1914,3.1900000000000004,0.20408941786831464,1.549935149156939
1915,1915,3.191666666666667,0.20408941786831464,1.5495536736095217
1916,1916,3.1933333333333334,0.20447089341573205,1.5495536736095217
1917,1917,3.1950000000000003,0.20408941786831464,1.5495536736095217
1918,1918,3.1966666666666668,0.20447089341573205,1.5495536736095217
1919,1919,3.1983333333333337,0.20447089341573205,1.5495536736095217
1920,1920,3.2,0.20408941786831464,1.5491721980621045
1921,1921,3.2016666666666667,0.20408941786831464,1.5495536736095217
1922,1922,3.2033333333333336,0.20408941786831464,1.5495536736095217
1923,1923,3.205,0.20408941786831464,1.5495536736095217
1924,1924,3.206666666666667,0.20408941786831464,1.5495536736095217
1925,1925,3.208333333333333,0.20408941786831464,1.5495536736095217
1926,1926,3.2100000000000004,0.20408941786831464,1.549935149156939
1927,1927,3.211666666666667,0.20408941786831464,1.5495536736095217
1928,1928,3.2133333333333334,0.20408941786831464,1.5495536736095217
1929,1929,3.2150000000000003,0.20447089341573205,1.5495536736095217
1930,1930,3.216666666666667,0.20408941786831464,1.5495536736095217
1931,1931,3.2183333333333337,0.20408941786831464,1.5495536736095217
1932,1932,3.22,0.20408941786831464,1.5495536736095217
1933,1933,3.2216666666666667,0.20408941786831464,1.5495536736095217
1934,1934,3.2233333333333336,0.20408941786831464,1.5495536736095217
1935,1935,3.225,0.20408941786831464,1.5495536736095217
1936,1936,3.226666666666667,0.20408941786831464,1.5495536736095217
1937,1937,3.228333333333333,0.20408941786831464,1.5495536736095217
1938,1938,3.2300000000000004,0.20408941786831464,1.5495536736095217
1939,1939,3.231666666666667,0.20408941786831464,1.5495536736095217
1940,1940,3.2333333333333334,0.20408941786831464,1.5495536736095217
1941,1941,3.2350000000000003,0.20408941786831464,1.5495536736095217
1942,1942,3.236666666666667,0.20408941786831464,1.5495536736095217
1943,1943,3.2383333333333337,0.20408941786831464,1.5495536736095217
1944,1944,3.24,0.20447089341573205,1.5495536736095217
1945,1945,3.2416666666666667,0.20408941786831464,1.5495536736095217
1946,1946,3.2433333333333336,0.20408941786831464,1.5495536736095217
1947,1947,3.245,0.20408941786831464,1.5495536736095217
1948,1948,3.246666666666667,0.20408941786831464,1.5495536736095217
1949,1949,3.248333333333333,0.20408941786831464,1.5495536736095217
1950,1950,3.25,0.20408941786831464,1.5495536736095217
1951,1951,3.251666666666667,0.20408941786831464,1.5495536736095217
1952,1952,3.2533333333333334,0.20408941786831464,1.5495536736095217
1953,1953,3.2550000000000003,0.20408941786831464,1.5495536736095217
1954,1954,3.256666666666667,0.20408941786831464,1.5495536736095217
1955,1955,3.2583333333333337,0.20408941786831464,1.5495536736095217
1956,1956,3.26,0.20408941786831464,1.5495536736095217
1957,1957,3.2616666666666667,0.20447089341573205,1.5495536736095217
1958,1958,3.2633333333333336,0.20447089341573205,1.5495536736095217
1959,1959,3.265,0.20447089341573205,1.5495536736095217
1960,1960,3.266666666666667,0.20408941786831464,1.5495536736095217
1961,1961,3.268333333333333,0.20408941786831464,1.5495536736095217
1962,1962,3.27,0.20408941786831464,1.5495536736095217
1963,1963,3.271666666666667,0.20408941786831464,1.5495536736095217
1964,1964,3.273333333333333,0.20408941786831464,1.5495536736095217
1965,1965,3.2750000000000004,0.20408941786831464,1.5495536736095217
1966,1966,3.276666666666667,0.20408941786831464,1.5495536736095217
1967,1967,3.2783333333333338,0.20408941786831464,1.5495536736095217
1968,1968,3.28,0.20447089341573205,1.5495536736095217
1969,1969,3.2816666666666667,0.20408941786831464,1.5495536736095217
1970,1970,3.2833333333333337,0.20408941786831464,1.5495536736095217
1971,1971,3.285,0.20408941786831464,1.5495536736095217
1972,1972,3.286666666666667,0.20408941786831464,1.549935149156939
1973,1973,3.2883333333333336,0.20408941786831464,1.5495536736095217
1974,1974,3.29,0.20408941786831464,1.5495536736095217
1975,1975,3.291666666666667,0.20370794232089726,1.5495536736095217
1976,1976,3.293333333333333,0.20408941786831464,1.5495536736095217
1977,1977,3.2950000000000004,0.20408941786831464,1.5495536736095217
1978,1978,3.296666666666667,0.20408941786831464,1.5495536736095217
1979,1979,3.2983333333333333,0.20408941786831464,1.5495536736095217
1980,1980,3.3000000000000003,0.20408941786831464,1.5491721980621045
1981,1981,3.3016666666666667,0.20408941786831464,1.5495536736095217
1982,1982,3.3033333333333337,0.20408941786831464,1.5495536736095217
1983,1983,3.305,0.20408941786831464,1.5495536736095217
1984,1984,3.306666666666667,0.20408941786831464,1.5495536736095217
1985,1985,3.3083333333333336,0.20408941786831464,1.5495536736095217
1986,1986,3.31,0.20408941786831464,1.5495536736095217
1987,1987,3.311666666666667,0.20408941786831464,1.5495536736095217
1988,1988,3.313333333333333,0.20408941786831464,1.5495536736095217
1989,1989,3.3150000000000004,0.20408941786831464,1.549935149156939
1990,1990,3.316666666666667,0.20408941786831464,1.5495536736095217
1991,1991,3.3183333333333334,0.20408941786831464,1.5495536736095217
1992,1992,3.3200000000000003,0.20408941786831464,1.5495536736095217
1993,1993,3.3216666666666668,0.20408941786831464,1.5495536736095217
1994,1994,3.3233333333333337,0.20408941786831464,1.5495536736095217
1995,1995,3.325,0.20370794232089726,1.5495536736095217
1996,1996,3.3266666666666667,0.20447089341573205,1.5495536736095217
1997,1997,3.3283333333333336,0.20408941786831464,1.5495536736095217
1998,1998,3.33,0.20408941786831464,1.5495536736095217
1999,1999,3.331666666666667,0.20408941786831464,1.5495536736095217
2000,2000,3.333333333333333,0.20408941786831464,1.5495536736095217
2001,2001,3.3350000000000004,0.20408941786831464,1.5495536736095217
2002,2002,3.336666666666667,0.20408941786831464,1.549935149156939
2003,2003,3.3383333333333334,0.20408941786831464,1.5495536736095217
2004,2004,3.3400000000000003,0.20447089341573205,1.5495536736095217
2005,2005,3.341666666666667,0.20408941786831464,1.5495536736095217
2006,2006,3.3433333333333337,0.20408941786831464,1.5495536736095217
2007,2007,3.345,0.20447089341573205,1.5495536736095217
2008,2008,3.3466666666666667,0.20408941786831464,1.5495536736095217
2009,2009,3.3483333333333336,0.20408941786831464,1.5495536736095217
2010,2010,3.35,0.20408941786831464,1.5491721980621045
2011,2011,3.351666666666667,0.20408941786831464,1.5495536736095217
2012,2012,3.353333333333333,0.20408941786831464,1.5495536736095217
2013,2013,3.3550000000000004,0.20408941786831464,1.5495536736095217
2014,2014,3.356666666666667,0.20408941786831464,1.5495536736095217
2015,2015,3.3583333333333334,0.20408941786831464,1.5495536736095217
2016,2016,3.3600000000000003,0.20408941786831464,1.5495536736095217
2017,2017,3.361666666666667,0.20408941786831464,1.549935149156939
2018,2018,3.3633333333333337,0.20408941786831464,1.5495536736095217
2019,2019,3.365,0.20447089341573205,1.5495536736095217
2020,2020,3.3666666666666667,0.20408941786831464,1.5495536736095217
2021,2021,3.3683333333333336,0.20408941786831464,1.5495536736095217
2022,2022,3.37,0.20408941786831464,1.5495536736095217
2023,2023,3.371666666666667,0.20408941786831464,1.5495536736095217
2024,2024,3.373333333333333,0.20408941786831464,1.5495536736095217
2025,2025,3.375,0.20408941786831464,1.5495536736095217
2026,2026,3.376666666666667,0.20408941786831464,1.5495536736095217
2027,2027,3.3783333333333334,0.20408941786831464,1.5495536736095217
2028,2028,3.3800000000000003,0.20408941786831464,1.549935149156939
2029,2029,3.381666666666667,0.20408941786831464,1.5495536736095217
2030,2030,3.3833333333333337,0.20408941786831464,1.5495536736095217
2031,2031,3.385,0.20408941786831464,1.5495536736095217
2032,2032,3.3866666666666667,0.20447089341573205,1.5495536736095217
2033,2033,3.3883333333333336,0.20447089341573205,1.5495536736095217
2034,2034,3.39,0.20408941786831464,1.5495536736095217
2035,2035,3.391666666666667,0.20408941786831464,1.5495536736095217
2036,2036,3.393333333333333,0.20447089341573205,1.5495536736095217
2037,2037,3.395,0.20408941786831464,1.5495536736095217
2038,2038,3.396666666666667,0.20408941786831464,1.5495536736095217
2039,2039,3.398333333333333,0.20447089341573205,1.5495536736095217
2040,2040,3.4000000000000004,0.20408941786831464,1.5495536736095217
2041,2041,3.401666666666667,0.20408941786831464,1.5495536736095217
2042,2042,3.4033333333333338,0.20408941786831464,1.5495536736095217
2043,2043,3.405,0.20408941786831464,1.5495536736095217
2044,2044,3.4066666666666667,0.20408941786831464,1.5495536736095217
2045,2045,3.4083333333333337,0.20408941786831464,1.5495536736095217
2046,2046,3.41,0.20408941786831464,1.5495536736095217
2047,2047,3.411666666666667,0.20447089341573205,1.5495536736095217
2048,2048,3.4133333333333336,0.20408941786831464,1.5495536736095217
2049,2049,3.415,0.20408941786831464,1.5495536736095217
2050,2050,3.416666666666667,0.20408941786831464,1.5495536736095217
2051,2051,3.418333333333333,0.20408941786831464,1.5495536736095217
2052,2052,3.4200000000000004,0.20408941786831464,1.5495536736095217
2053,2053,3.421666666666667,0.20447089341573205,1.5495536736095217
2054,2054,3.4233333333333333,0.20447089341573205,1.5495536736095217
2055,2055,3.4250000000000003,0.20408941786831464,1.5495536736095217
2056,2056,3.4266666666666667,0.20447089341573205,1.5495536736095217
2057,2057,3.4283333333333337,0.20447089341573205,1.5495536736095217
2058,2058,3.43,0.20408941786831464,1.5495536736095217
2059,2059,3.431666666666667,0.20408941786831464,1.5495536736095217
2060,2060,3.4333333333333336,0.20408941786831464,1.5495536736095217
2061,2061,3.435,0.20408941786831464,1.5495536736095217
2062,2062,3.436666666666667,0.20408941786831464,1.5495536736095217
2063,2063,3.438333333333333,0.20408941786831464,1.5495536736095217
2064,2064,3.4400000000000004,0.20408941786831464,1.5495536736095217
2065,2065,3.441666666666667,0.20408941786831464,1.5495536736095217
2066,2066,3.4433333333333334,0.20408941786831464,1.549935149156939
2067,2067,3.4450000000000003,0.20408941786831464,1.5495536736095217
2068,2068,3.4466666666666668,0.20408941786831464,1.5495536736095217
2069,2069,3.4483333333333337,0.20408941786831464,1.5495536736095217
2070,2070,3.45,0.20408941786831464,1.5495536736095217
2071,2071,3.4516666666666667,0.20408941786831464,1.5495536736095217
2072,2072,3.4533333333333336,0.20408941786831464,1.5495536736095217
2073,2073,3.455,0.20447089341573205,1.5495536736095217
2074,2074,3.456666666666667,0.20408941786831464,1.549935149156939
2075,2075,3.458333333333333,0.20370794232089726,1.5495536736095217
2076,2076,3.4600000000000004,0.20408941786831464,1.5495536736095217
2077,2077,3.461666666666667,0.20408941786831464,1.5495536736095217
2078,2078,3.4633333333333334,0.20408941786831464,1.5495536736095217
2079,2079,3.4650000000000003,0.20408941786831464,1.549935149156939
2080,2080,3.466666666666667,0.20408941786831464,1.5495536736095217
2081,2081,3.4683333333333337,0.20408941786831464,1.5495536736095217
2082,2082,3.47,0.20408941786831464,1.5495536736095217
2083,2083,3.4716666666666667,0.20408941786831464,1.5495536736095217
2084,2084,3.4733333333333336,0.20447089341573205,1.5495536736095217
2085,2085,3.475,0.20408941786831464,1.5495536736095217
2086,2086,3.476666666666667,0.20408941786831464,1.5495536736095217
2087,2087,3.478333333333333,0.20408941786831464,1.5495536736095217
2088,2088,3.4800000000000004,0.20408941786831464,1.5495536736095217
2089,2089,3.481666666666667,0.20408941786831464,1.5495536736095217
2090,2090,3.4833333333333334,0.20408941786831464,1.5495536736095217
2091,2091,3.4850000000000003,0.20408941786831464,1.5495536736095217
2092,2092,3.486666666666667,0.20408941786831464,1.5495536736095217
2093,2093,3.4883333333333337,0.20447089341573205,1.5495536736095217
2094,2094,3.49,0.20408941786831464,1.5495536736095217
2095,2095,3.4916666666666667,0.20408941786831464,1.5495536736095217
2096,2096,3.4933333333333336,0.20408941786831464,1.5495536736095217
2097,2097,3.495,0.20408941786831464,1.549935149156939
2098,2098,3.496666666666667,0.20408941786831464,1.5495536736095217
2099,2099,3.498333333333333,0.20408941786831464,1.5495536736095217
2100,2100,3.5000000000000004,0.20408941786831464,1.5495536736095217
2101,2101,3.501666666666667,0.20408941786831464,1.5495536736095217
2102,2102,3.5033333333333334,0.20408941786831464,1.5495536736095217
2103,2103,3.5050000000000003,0.20447089341573205,1.5495536736095217
2104,2104,3.506666666666667,0.20408941786831464,1.5495536736095217
2105,2105,3.5083333333333337,0.20408941786831464,1.5495536736095217
2106,2106,3.51,0.20408941786831464,1.5495536736095217
2107,2107,3.5116666666666667,0.20408941786831464,1.549935149156939
2108,2108,3.5133333333333336,0.20408941786831464,1.5495536736095217
2109,2109,3.515,0.20408941786831464,1.5495536736095217
2110,2110,3.516666666666667,0.20408941786831464,1.5495536736095217
2111,2111,3.518333333333333,0.20408941786831464,1.5495536736095217
2112,2112,3.52,0.20408941786831464,1.5495536736095217
2113,2113,3.521666666666667,0.20408941786831464,1.5495536736095217
2114,2114,3.523333333333333,0.20408941786831464,1.5495536736095217
2115,2115,3.5250000000000004,0.20408941786831464,1.5495536736095217
2116,2116,3.526666666666667,0.20447089341573205,1.5495536736095217
2117,2117,3.5283333333333338,0.20408941786831464,1.5495536736095217
2118,2118,3.53,0.20408941786831464,1.5495536736095217
2119,2119,3.5316666666666667,0.20447089341573205,1.5495536736095217
2120,2120,3.5333333333333337,0.20408941786831464,1.5495536736095217
2121,2121,3.535,0.20408941786831464,1.5495536736095217
2122,2122,3.536666666666667,0.20408941786831464,1.5495536736095217
2123,2123,3.5383333333333336,0.20408941786831464,1.5495536736095217
2124,2124,3.54,0.20447089341573205,1.5495536736095217
2125,2125,3.541666666666667,0.20370794232089726,1.5495536736095217
2126,2126,3.543333333333333,0.20447089341573205,1.549935149156939
2127,2127,3.5450000000000004,0.20408941786831464,1.5495536736095217
2128,2128,3.546666666666667,0.20408941786831464,1.5495536736095217
2129,2129,3.5483333333333333,0.20447089341573205,1.5495536736095217
2130,2130,3.5500000000000003,0.20408941786831464,1.5495536736095217
2131,2131,3.5516666666666667,0.20447089341573205,1.549935149156939
2132,2132,3.5533333333333337,0.20447089341573205,1.5495536736095217
2133,2133,3.555,0.20408941786831464,1.5495536736095217
2134,2134,3.556666666666667,0.20408941786831464,1.5495536736095217
2135,2135,3.5583333333333336,0.20408941786831464,1.5495536736095217
2136,2136,3.56,0.20447089341573205,1.5495536736095217
2137,2137,3.561666666666667,0.20408941786831464,1.5495536736095217
2138,2138,3.563333333333333,0.20408941786831464,1.5495536736095217
2139,2139,3.5650000000000004,0.20408941786831464,1.5495536736095217
2140,2140,3.566666666666667,0.20408941786831464,1.5495536736095217
2141,2141,3.5683333333333334,0.20408941786831464,1.5495536736095217
2142,2142,3.5700000000000003,0.20408941786831464,1.5495536736095217
2143,2143,3.5716666666666668,0.20447089341573205,1.5495536736095217
2144,2144,3.5733333333333337,0.20408941786831464,1.5495536736095217
2145,2145,3.575,0.20408941786831464,1.5495536736095217
2146,2146,3.5766666666666667,0.20408941786831464,1.5495536736095217
2147,2147,3.5783333333333336,0.20408941786831464,1.5495536736095217
2148,2148,3.58,0.20408941786831464,1.5495536736095217
2149,2149,3.581666666666667,0.20447089341573205,1.5495536736095217
2150,2150,3.583333333333333,0.20408941786831464,1.5495536736095217
2151,2151,3.5850000000000004,0.20408941786831464,1.5495536736095217
2152,2152,3.586666666666667,0.20408941786831464,1.5495536736095217
2153,2153,3.5883333333333334,0.20408941786831464,1.5495536736095217
2154,2154,3.5900000000000003,0.20447089341573205,1.5495536736095217
2155,2155,3.591666666666667,0.20408941786831464,1.5495536736095217
2156,2156,3.5933333333333337,0.20408941786831464,1.5495536736095217
2157,2157,3.595,0.20447089341573205,1.5495536736095217
2158,2158,3.5966666666666667,0.20408941786831464,1.549935149156939
2159,2159,3.5983333333333336,0.20408941786831464,1.5495536736095217
2160,2160,3.6,0.20408941786831464,1.5495536736095217
2161,2161,3.601666666666667,0.20408941786831464,1.5495536736095217
2162,2162,3.6033333333333335,0.20408941786831464,1.5495536736095217
2163,2163,3.605,0.20408941786831464,1.549935149156939
2164,2164,3.606666666666667,0.20447089341573205,1.5495536736095217
2165,2165,3.608333333333333,0.20408941786831464,1.5495536736095217
2166,2166,3.61,0.20408941786831464,1.5495536736095217
2167,2167,3.611666666666667,0.20408941786831464,1.5495536736095217
2168,2168,3.6133333333333337,0.20408941786831464,1.5495536736095217
2169,2169,3.615,0.20408941786831464,1.5495536736095217
2170,2170,3.6166666666666663,0.20408941786831464,1.5495536736095217
2171,2171,3.6183333333333336,0.20408941786831464,1.5495536736095217
2172,2172,3.62,0.20408941786831464,1.5495536736095217
2173,2173,3.621666666666667,0.20408941786831464,1.5495536736095217
2174,2174,3.6233333333333335,0.20408941786831464,1.5495536736095217
2175,2175,3.625,0.20408941786831464,1.5495536736095217
2176,2176,3.626666666666667,0.20408941786831464,1.5495536736095217
2177,2177,3.628333333333333,0.20408941786831464,1.5495536736095217
2178,2178,3.63,0.20408941786831464,1.5495536736095217
2179,2179,3.631666666666667,0.20447089341573205,1.5495536736095217
2180,2180,3.6333333333333337,0.20408941786831464,1.5495536736095217
2181,2181,3.635,0.20408941786831464,1.5495536736095217
2182,2182,3.6366666666666663,0.20408941786831464,1.5495536736095217
2183,2183,3.6383333333333336,0.20447089341573205,1.549935149156939
2184,2184,3.64,0.20408941786831464,1.5495536736095217
2185,2185,3.641666666666667,0.20408941786831464,1.5495536736095217
2186,2186,3.6433333333333335,0.20408941786831464,1.549935149156939
2187,2187,3.645,0.20408941786831464,1.5495536736095217
2188,2188,3.646666666666667,0.20408941786831464,1.5495536736095217
2189,2189,3.648333333333333,0.20408941786831464,1.5495536736095217
2190,2190,3.65,0.20408941786831464,1.5495536736095217
2191,2191,3.651666666666667,0.20408941786831464,1.5495536736095217
2192,2192,3.6533333333333338,0.20447089341573205,1.5495536736095217
2193,2193,3.655,0.20408941786831464,1.5495536736095217
2194,2194,3.6566666666666663,0.20447089341573205,1.5495536736095217
2195,2195,3.6583333333333337,0.20408941786831464,1.5495536736095217
2196,2196,3.66,0.20408941786831464,1.5495536736095217
2197,2197,3.661666666666667,0.20447089341573205,1.5495536736095217
2198,2198,3.6633333333333336,0.20408941786831464,1.549935149156939
2199,2199,3.665,0.20408941786831464,1.5495536736095217
2200,2200,3.666666666666667,0.20408941786831464,1.5495536736095217
2201,2201,3.668333333333333,0.20408941786831464,1.5495536736095217
2202,2202,3.67,0.20408941786831464,1.5495536736095217
2203,2203,3.671666666666667,0.20408941786831464,1.549935149156939
2204,2204,3.673333333333334,0.20408941786831464,1.5495536736095217
2205,2205,3.675,0.20408941786831464,1.5495536736095217
2206,2206,3.6766666666666663,0.20447089341573205,1.5495536736095217
2207,2207,3.6783333333333337,0.20408941786831464,1.5495536736095217
2208,2208,3.68,0.20408941786831464,1.5495536736095217
2209,2209,3.681666666666667,0.20408941786831464,1.5495536736095217
2210,2210,3.6833333333333336,0.20408941786831464,1.5495536736095217
2211,2211,3.685,0.20408941786831464,1.5495536736095217
2212,2212,3.686666666666667,0.20447089341573205,1.5495536736095217
2213,2213,3.6883333333333335,0.20408941786831464,1.5495536736095217
2214,2214,3.69,0.20447089341573205,1.5495536736095217
2215,2215,3.691666666666667,0.20408941786831464,1.5495536736095217
2216,2216,3.693333333333333,0.20408941786831464,1.5495536736095217
2217,2217,3.695,0.20408941786831464,1.5495536736095217
2218,2218,3.6966666666666663,0.20447089341573205,1.5495536736095217
2219,2219,3.6983333333333337,0.20408941786831464,1.5495536736095217
2220,2220,3.7,0.20408941786831464,1.5495536736095217
2221,2221,3.7016666666666667,0.20408941786831464,1.5495536736095217
2222,2222,3.7033333333333336,0.20408941786831464,1.5495536736095217
2223,2223,3.705,0.20447089341573205,1.5495536736095217
2224,2224,3.706666666666667,0.20408941786831464,1.5495536736095217
2225,2225,3.7083333333333335,0.20408941786831464,1.5495536736095217
2226,2226,3.71,0.20408941786831464,1.5495536736095217
2227,2227,3.711666666666667,0.20408941786831464,1.5495536736095217
2228,2228,3.713333333333333,0.20408941786831464,1.5495536736095217
2229,2229,3.715,0.20408941786831464,1.5495536736095217
2230,2230,3.716666666666667,0.20408941786831464,1.5495536736095217
2231,2231,3.7183333333333337,0.20447089341573205,1.5495536736095217
2232,2232,3.72,0.20408941786831464,1.5495536736095217
2233,2233,3.7216666666666667,0.20408941786831464,1.5495536736095217
2234,2234,3.7233333333333336,0.20408941786831464,1.5495536736095217
2235,2235,3.725,0.20408941786831464,1.5495536736095217
2236,2236,3.726666666666667,0.20447089341573205,1.5495536736095217
2237,2237,3.7283333333333335,0.20408941786831464,1.5495536736095217
2238,2238,3.73,0.20408941786831464,1.5495536736095217
2239,2239,3.731666666666667,0.20447089341573205,1.5495536736095217
2240,2240,3.733333333333333,0.20408941786831464,1.5495536736095217
2241,2241,3.735,0.20408941786831464,1.5495536736095217
2242,2242,3.736666666666667,0.20408941786831464,1.5495536736095217
2243,2243,3.7383333333333337,0.20408941786831464,1.5495536736095217
2244,2244,3.74,0.20408941786831464,1.5495536736095217
2245,2245,3.7416666666666663,0.20408941786831464,1.5495536736095217
2246,2246,3.7433333333333336,0.20408941786831464,1.5495536736095217
2247,2247,3.745,0.20408941786831464,1.5495536736095217
2248,2248,3.746666666666667,0.20408941786831464,1.5495536736095217
2249,2249,3.7483333333333335,0.20408941786831464,1.5495536736095217
2250,2250,3.75,0.20408941786831464,1.5495536736095217
2251,2251,3.751666666666667,0.20447089341573205,1.5495536736095217
2252,2252,3.753333333333333,0.20408941786831464,1.5495536736095217
2253,2253,3.755,0.20408941786831464,1.5495536736095217
2254,2254,3.756666666666667,0.20408941786831464,1.5495536736095217
2255,2255,3.7583333333333337,0.20408941786831464,1.5495536736095217
2256,2256,3.76,0.20408941786831464,1.5495536736095217
2257,2257,3.7616666666666663,0.20408941786831464,1.5495536736095217
2258,2258,3.7633333333333336,0.20408941786831464,1.5495536736095217
2259,2259,3.765,0.20408941786831464,1.5495536736095217
2260,2260,3.766666666666667,0.20408941786831464,1.5495536736095217
2261,2261,3.7683333333333335,0.20408941786831464,1.549935149156939
2262,2262,3.770000000000001,0.20408941786831464,1.5495536736095217
2263,2263,3.771666666666667,0.20408941786831464,1.5495536736095217
2264,2264,3.773333333333333,0.20447089341573205,1.5495536736095217
2265,2265,3.775,0.20408941786831464,1.5495536736095217
2266,2266,3.776666666666667,0.20408941786831464,1.5495536736095217
2267,2267,3.7783333333333338,0.20408941786831464,1.5495536736095217
2268,2268,3.78,0.20408941786831464,1.5495536736095217
2269,2269,3.7816666666666663,0.20447089341573205,1.549935149156939
2270,2270,3.7833333333333337,0.20408941786831464,1.5495508403957066
2271,2271,3.785,0.20408941786831464,1.5495352595409497
2272,2272,3.786666666666667,0.20447089341573205,1.5499011542336103
2273,2273,3.7883333333333336,0.20408941786831464,1.549504097831436
2274,2274,3.79,0.20447089341573205,1.5494885169766792
2275,2275,3.791666666666667,0.20408941786831464,1.5494729361219224
2276,2276,3.793333333333333,0.20408941786831464,1.5494573552671655
2277,2277,3.795,0.20408941786831464,1.5498232499598261
2278,2278,3.796666666666667,0.20408941786831464,1.5494261935576519
2279,2279,3.798333333333334,0.20408941786831464,1.549410612702895
2280,2280,3.8,0.20408941786831464,1.5493950318481382
2281,2281,3.8016666666666663,0.20408941786831464,1.5493794509933814
2282,2282,3.8033333333333337,0.20408941786831464,1.5493638701386245
2283,2283,3.805,0.20408941786831464,1.5493482892838677
2284,2284,3.806666666666667,0.20408941786831464,1.5493327084291109
2285,2285,3.8083333333333336,0.20408941786831464,1.549317127574354
2286,2286,3.81,0.20408941786831464,1.5493015467195972
2287,2287,3.811666666666667,0.20408941786831464,1.5492859658648404
2288,2288,3.8133333333333335,0.20447089341573205,1.5492703850100835
2289,2289,3.815,0.20447089341573205,1.5492548041553267
2290,2290,3.816666666666667,0.20408941786831464,1.5492392233005698
2291,2291,3.818333333333333,0.20408941786831464,1.549223642445813
2292,2292,3.82,0.20408941786831464,1.5492080615910562
2293,2293,3.8216666666666663,0.20408941786831464,1.5491924807362993
2294,2294,3.8233333333333337,0.20408941786831464,1.5491768998815425
2295,2295,3.825,0.20408941786831464,1.5491613190267857
2296,2296,3.8266666666666667,0.20408941786831464,1.5491457381720288
2297,2297,3.8283333333333336,0.20408941786831464,1.549130157317272
2298,2298,3.83,0.20408941786831464,1.5491145764625152
2299,2299,3.831666666666667,0.20408941786831464,1.5490989956077583
2300,2300,3.8333333333333335,0.20408941786831464,1.5490834147530015
2301,2301,3.835,0.20408941786831464,1.5490678338982447
2302,2302,3.836666666666667,0.20408941786831464,1.5494337285909052
2303,2303,3.838333333333333,0.20408941786831464,1.549036672188731
2304,2304,3.84,0.20447089341573205,1.5490210913339741
2305,2305,3.841666666666667,0.20408941786831464,1.5490055104792173
2306,2306,3.8433333333333337,0.20408941786831464,1.5489899296244605
2307,2307,3.845,0.20408941786831464,1.5489743487697036
2308,2308,3.8466666666666667,0.20447089341573205,1.5489587679149468
2309,2309,3.8483333333333336,0.20408941786831464,1.54894318706019
2310,2310,3.85,0.20408941786831464,1.5489276062054331
2311,2311,3.851666666666667,0.20408941786831464,1.5492935008980937
2312,2312,3.8533333333333335,0.20408941786831464,1.5488964444959195
2313,2313,3.855,0.20447089341573205,1.5488808636411626
2314,2314,3.856666666666667,0.20408941786831464,1.5488652827864058
2315,2315,3.858333333333333,0.20408941786831464,1.548849701931649
2316,2316,3.86,0.20408941786831464,1.5488341210768921
2317,2317,3.861666666666667,0.20408941786831464,1.5488185402221353
2318,2318,3.8633333333333337,0.20447089341573205,1.5488029593673784
2319,2319,3.865,0.20408941786831464,1.5487873785126216
2320,2320,3.8666666666666663,0.20408941786831464,1.5487717976578648
2321,2321,3.8683333333333336,0.20408941786831464,1.548756216803108
2322,2322,3.87,0.20408941786831464,1.548740635948351
2323,2323,3.871666666666667,0.20408941786831464,1.5491065306410117
2324,2324,3.8733333333333335,0.20408941786831464,1.5487094742388372
2325,2325,3.875,0.20408941786831464,1.5486938933840804
2326,2326,3.876666666666667,0.20408941786831464,1.5486783125293235
2327,2327,3.878333333333333,0.20408941786831464,1.5486627316745667
2328,2328,3.88,0.20408941786831464,1.5486471508198099
2329,2329,3.881666666666667,0.20408941786831464,1.548631569965053
2330,2330,3.8833333333333337,0.20408941786831464,1.5486159891102962
2331,2331,3.885,0.20408941786831464,1.5486004082555394
2332,2332,3.8866666666666663,0.20408941786831464,1.5485848274007825
2333,2333,3.8883333333333336,0.20408941786831464,1.5485692465460257
2334,2334,3.89,0.20408941786831464,1.5485536656912688
2335,2335,3.891666666666667,0.20408941786831464,1.548538084836512
2336,2336,3.8933333333333335,0.20408941786831464,1.5485225039817552
2337,2337,3.895000000000001,0.20408941786831464,1.5485069231269983
2338,2338,3.896666666666667,0.2040800775676455,1.5484913422722415
2339,2339,3.898333333333333,0.20444597226030609,1.5484757614174847
2340,2340,3.9,0.20404891585813184,1.5484601805627278
2341,2341,3.901666666666667,0.2044148105507924,1.548444599707971
2342,2342,3.9033333333333338,0.20401775414861814,1.5484290188532142
2343,2343,3.905,0.2040021732938613,1.5484134379984573
2344,2344,3.9066666666666663,0.20398659243910447,1.5483978571437005
2345,2345,3.9083333333333337,0.20397101158434763,1.5483822762889436
2346,2346,3.91,0.2039554307295908,1.5483666954341868
2347,2347,3.911666666666667,0.20393984987483393,1.54835111457943
2348,2348,3.9133333333333336,0.2043057445674945,1.5483355337246731
2349,2349,3.915,0.2039086881653203,1.5483199528699163
2350,2350,3.916666666666667,0.20389310731056343,1.5483043720151595
2351,2351,3.918333333333333,0.2038775264558066,1.5482887911604026
2352,2352,3.92,0.20386194560104975,1.5482732103056458
2353,2353,3.921666666666667,0.20384636474629292,1.548257629450889
2354,2354,3.923333333333334,0.20383078389153608,1.5482420485961321
2355,2355,3.925,0.20381520303677925,1.5482264677413753
2356,2356,3.9266666666666663,0.2037996221820224,1.5482108868866185
2357,2357,3.9283333333333337,0.20378404132726557,1.548576781579279
2358,2358,3.93,0.20376846047250874,1.5481797251771048
2359,2359,3.931666666666667,0.2037528796177519,1.548164144322348
2360,2360,3.9333333333333336,0.20373729876299504,1.548148563467591
2361,2361,3.935,0.2041031934556556,1.5481329826128343
2362,2362,3.936666666666667,0.20370613705348137,1.5481174017580774
2363,2363,3.9383333333333335,0.20369055619872453,1.5481018209033206
2364,2364,3.94,0.2036749753439677,1.5480862400485638
2365,2365,3.941666666666667,0.20365939448921086,1.548070659193807
2366,2366,3.943333333333334,0.203643813634454,1.54805507833905
2367,2367,3.945,0.20362823277969716,1.5480394974842933
2368,2368,3.9466666666666663,0.20361265192494032,1.5480239166295364
2369,2369,3.9483333333333337,0.2035970710701835,1.5480083357747796
2370,2370,3.95,0.20358149021542665,1.5476112793726056
2371,2371,3.9516666666666667,0.20356590936066982,1.547977174065266
2372,2372,3.9533333333333336,0.20355032850591298,1.547961593210509
2373,2373,3.955,0.20353474765115614,1.5479460123557522
2374,2374,3.956666666666667,0.2035191667963993,1.5479304315009954
2375,2375,3.9583333333333335,0.20350358594164247,1.5479148506462386
2376,2376,3.96,0.20348800508688564,1.5478992697914817
2377,2377,3.961666666666667,0.2034724242321288,1.5482651644841423
2378,2378,3.963333333333333,0.20345684337737194,1.547868108081968
2379,2379,3.965,0.2034412625226151,1.5478525272272112
2380,2380,3.966666666666667,0.20342568166785827,1.5478369463724544
2381,2381,3.9683333333333337,0.20341010081310143,1.548202841065115
2382,2382,3.97,0.2033945199583446,1.5478057846629407
2383,2383,3.9716666666666667,0.20337893910358776,1.5477902038081839
2384,2384,3.9733333333333336,0.2033633582488309,1.547774622953427
2385,2385,3.975,0.2029663018466567,1.5477590420986702
2386,2386,3.976666666666667,0.20333219653931722,1.5477434612439134
2387,2387,3.9783333333333335,0.2033166156845604,1.5477278803891565
2388,2388,3.98,0.20330103482980355,1.5477122995343997
2389,2389,3.981666666666667,0.20328545397504671,1.5476967186796429
2390,2390,3.983333333333333,0.20326987312028988,1.547681137824886
2391,2391,3.985,0.20325429226553304,1.5476655569701292
2392,2392,3.986666666666667,0.2032387114107762,1.5476499761153724
2393,2393,3.9883333333333337,0.20322313055601937,1.5476343952606155
2394,2394,3.99,0.2032075497012625,1.5476188144058587
2395,2395,3.9916666666666667,0.20319196884650567,1.5476032335511016
2396,2396,3.9933333333333336,0.20317638799174884,1.547587652696345
2397,2397,3.995,0.2035422826844094,1.547572071841588
2398,2398,3.996666666666667,0.20314522628223516,1.5475564909868311
2399,2399,3.9983333333333335,0.20312964542747833,1.5475409101320743
2400,2400,4.0,0.2031140645727215,1.5475253292773175
2401,2401,4.001666666666667,0.20309848371796466,1.5475097484225606
2402,2402,4.003333333333334,0.2030829028632078,1.5474941675678038
2403,2403,4.005,0.2026858464610336,1.547478586713047
2404,2404,4.006666666666667,0.20305174115369412,1.54746300585829
2405,2405,4.008333333333334,0.20303616029893728,1.5474474250035333
2406,2406,4.010000000000002,0.20302057944418045,1.5478133196961938
2407,2407,4.011666666666667,0.2030049985894236,1.5474162632940196
2408,2408,4.013333333333334,0.20298941773466678,1.5474006824392628
2409,2409,4.0150000000000015,0.20297383687990994,1.547385101584506
2410,2410,4.016666666666667,0.20257678047773572,1.547369520729749
2411,2411,4.0183333333333335,0.20294267517039627,1.5473539398749923
2412,2412,4.0200000000000005,0.2029270943156394,1.5473383590202354
2413,2413,4.0216666666666665,0.2029115134608826,1.5473227781654786
2414,2414,4.023333333333333,0.20289593260612573,1.5473071973107217
2415,2415,4.025,0.2028803517513689,1.547291616455965
2416,2416,4.026666666666667,0.20286477089661206,1.547276035601208
2417,2417,4.028333333333333,0.20284919004185523,1.5476419302938687
2418,2418,4.03,0.2028336091870984,1.5472448738916944
2419,2419,4.031666666666667,0.20281802833234153,1.547610768584355
2420,2420,4.033333333333333,0.20242097193016734,1.5468322366347635
2421,2421,4.035,0.20278686662282785,1.547198131327424
2422,2422,4.036666666666667,0.20277128576807102,1.547182550472667
2423,2423,4.038333333333334,0.20275570491331418,1.5475484451653276
2424,2424,4.04,0.20235864851113997,1.5471513887631534
2425,2425,4.041666666666667,0.20234306765638313,1.5471358079083966
2426,2426,4.043333333333334,0.2023274868016263,1.5471202270536397
2427,2427,4.045,0.20269338149428684,1.5471046461988829
2428,2428,4.046666666666667,0.20267780063953,1.547089065344126
2429,2429,4.048333333333334,0.20266221978477317,1.5470734844893692
2430,2430,4.05,0.20226516338259892,1.5470579036346124
2431,2431,4.051666666666667,0.20263105807525947,1.5470423227798555
2432,2432,4.053333333333334,0.20261547722050263,1.5470267419250987
2433,2433,4.0550000000000015,0.2025998963657458,1.5470111610703419
2434,2434,4.056666666666667,0.20258431551098896,1.546995580215585
2435,2435,4.058333333333334,0.20218725910881474,1.5469799993608282
2436,2436,4.0600000000000005,0.2025531538014753,1.5469644185060714
2437,2437,4.0616666666666665,0.20253757294671842,1.5469488376513145
2438,2438,4.0633333333333335,0.2025219920919616,1.547314732343975
2439,2439,4.065,0.20212493568978737,1.5469176759418009
2440,2440,4.066666666666666,0.20210935483503054,1.546902095087044
2441,2441,4.068333333333333,0.20247524952769108,1.5472679897797046
2442,2442,4.07,0.20245966867293425,1.5468709333775303
2443,2443,4.071666666666667,0.2024440878181774,1.5468553525227735
2444,2444,4.073333333333333,0.20242850696342057,1.5468397716680167
2445,2445,4.075,0.20241292610866374,1.5468241908132598
2446,2446,4.076666666666667,0.20239734525390687,1.546808609958503
2447,2447,4.078333333333334,0.20238176439915004,1.5467930291037462
2448,2448,4.08,0.20236618354439323,1.5467774482489893
2449,2449,4.081666666666667,0.20235060268963637,1.5467618673942325
2450,2450,4.083333333333334,0.20195354628746215,1.5467462865394757
2451,2451,4.085,0.2023194409801227,1.5471121812321362
2452,2452,4.086666666666667,0.20230386012536586,1.546715124829962
2453,2453,4.088333333333334,0.202288279270609,1.5466995439752051
2454,2454,4.09,0.2022726984158522,1.5466839631204483
2455,2455,4.091666666666667,0.20225711756109535,1.5466683822656915
2456,2456,4.093333333333334,0.2022415367063385,1.5466528014109346
2457,2457,4.0950000000000015,0.20222595585158165,1.5466372205561778
2458,2458,4.096666666666667,0.20221037499682482,1.546621639701421
2459,2459,4.098333333333334,0.20219479414206798,1.5466060588466641
2460,2460,4.1000000000000005,0.20217921328731114,1.5465904779919073
2461,2461,4.101666666666667,0.2021636324325543,1.5465748971371505
2462,2462,4.1033333333333335,0.20214805157779747,1.5465593162823936
2463,2463,4.105,0.20213247072304064,1.5465437354276368
2464,2464,4.1066666666666665,0.2021168898682838,1.54652815457288
2465,2465,4.108333333333333,0.20210130901352696,1.5465125737181231
2466,2466,4.11,0.2020857281587701,1.546496992863366
2467,2467,4.111666666666667,0.20207014730401326,1.5464814120086092
2468,2468,4.113333333333333,0.20205456644925643,1.5464658311538524
2469,2469,4.115,0.2020389855944996,1.5464502502990956
2470,2470,4.116666666666667,0.20202340473974276,1.5464346694443387
2471,2471,4.118333333333333,0.20200782388498592,1.5464190885895819
2472,2472,4.12,0.2023737185776465,1.546403507734825
2473,2473,4.121666666666667,0.20197666217547222,1.5467694024274856
2474,2474,4.123333333333334,0.20196108132071539,1.5467538215727288
2475,2475,4.125,0.20194550046595855,1.5463567651705545
2476,2476,4.126666666666667,0.20154844406378433,1.5463411843157977
2477,2477,4.128333333333334,0.20191433875644488,1.5463256034610409
2478,2478,4.13,0.20189875790168804,1.546310022606284
2479,2479,4.131666666666667,0.2018831770469312,1.5462944417515272
2480,2480,4.133333333333334,0.20186759619217437,1.5462788608967704
2481,2481,4.135000000000002,0.20185201533741753,1.5462632800420135
2482,2482,4.136666666666667,0.2018364344826607,1.5462476991872567
2483,2483,4.138333333333334,0.20182085362790383,1.5462321183324998
2484,2484,4.1400000000000015,0.201805272773147,1.546216537477743
2485,2485,4.141666666666667,0.20178969191839016,1.5462009566229862
2486,2486,4.1433333333333335,0.20177411106363333,1.5461853757682293
2487,2487,4.1450000000000005,0.2017585302088765,1.5461697949134725
2488,2488,4.1466666666666665,0.20212442490153706,1.5461542140587157
2489,2489,4.148333333333333,0.20172736849936282,1.5461386332039588
2490,2490,4.15,0.20171178764460596,1.546123052349202
2491,2491,4.151666666666667,0.20169620678984912,1.5461074714944452
2492,2492,4.153333333333333,0.20168062593509228,1.5460918906396883
2493,2493,4.155,0.20166504508033545,1.5460763097849315
2494,2494,4.156666666666667,0.2016494642255786,1.5460607289301747
2495,2495,4.158333333333333,0.20163388337082178,1.5460451480754178
2496,2496,4.16,0.20161830251606494,1.546029567220661
2497,2497,4.161666666666667,0.2016027216613081,1.5460139863659041
2498,2498,4.163333333333334,0.20196861635396868,1.5459984055111473
2499,2499,4.165,0.20157155995179443,1.5459828246563905
2500,2500,4.166666666666667,0.2015559790970376,1.5459672438016336
2501,2501,4.168333333333334,0.20154039824228073,1.5459516629468768
2502,2502,4.17,0.2015248173875239,1.54593608209212
2503,2503,4.171666666666667,0.20150923653276706,1.5459205012373631
2504,2504,4.173333333333334,0.20149365567801023,1.5459049203826063
2505,2505,4.175000000000002,0.20147807482325336,1.5458893395278495
2506,2506,4.176666666666667,0.20146249396849655,1.5458737586730926
2507,2507,4.178333333333334,0.20182838866115713,1.5458581778183358
2508,2508,4.1800000000000015,0.20181280780640026,1.545842596963579
2509,2509,4.181666666666667,0.20141575140422602,1.5458270161088221
2510,2510,4.183333333333334,0.20140017054946918,1.5458114352540653
2511,2511,4.1850000000000005,0.20138458969471235,1.5457958543993084
2512,2512,4.1866666666666665,0.20175048438737292,1.5457802735445516
2513,2513,4.1883333333333335,0.20173490353261608,1.5457646926897948
2514,2514,4.19,0.20171932267785925,1.545749111835038
2515,2515,4.191666666666666,0.201322266275685,1.545733530980281
2516,2516,4.193333333333333,0.20130668542092817,1.5460994256729417
2517,2517,4.195,0.20129110456617133,1.5457023692707674
2518,2518,4.196666666666667,0.20127552371141447,1.5456867884160106
2519,2519,4.198333333333333,0.20125994285665766,1.5456712075612538
2520,2520,4.2,0.2012443620019008,1.545655626706497
2521,2521,4.201666666666667,0.20122878114714396,1.54564004585174
2522,2522,4.203333333333334,0.20121320029238712,1.5456244649969832
2523,2523,4.205,0.2011976194376303,1.5456088841422264
2524,2524,4.206666666666667,0.20118203858287345,1.5455933032874696
2525,2525,4.208333333333334,0.2011664577281166,1.5455777224327127
2526,2526,4.21,0.20115087687335978,1.5459436171253733
2527,2527,4.211666666666667,0.20113529601860292,1.545546560723199
2528,2528,4.213333333333334,0.20111971516384608,1.5455309798684422
2529,2529,4.215,0.20110413430908924,1.5455153990136854
2530,2530,4.216666666666667,0.2010885534543324,1.5454998181589286
2531,2531,4.218333333333334,0.20107297259957557,1.5454842373041717
2532,2532,4.2200000000000015,0.20105739174481874,1.545468656449415
2533,2533,4.221666666666667,0.2010418108900619,1.545453075594658
2534,2534,4.223333333333334,0.20102623003530506,1.5454374947399012
2535,2535,4.2250000000000005,0.20101064918054823,1.5454219138851442
2536,2536,4.226666666666667,0.2009950683257914,1.5454063330303875
2537,2537,4.2283333333333335,0.20136096301845194,1.5453907521756305
2538,2538,4.23,0.2009639066162777,1.5453751713208737
2539,2539,4.2316666666666665,0.20132980130893827,1.5453595904661168
2540,2540,4.233333333333333,0.20093274490676402,1.54534400961136
2541,2541,4.235,0.20091716405200719,1.5453284287566031
2542,2542,4.236666666666667,0.20090158319725032,1.5453128479018463
2543,2543,4.238333333333333,0.2008860023424935,1.5452972670470895
2544,2544,4.24,0.20087042148773665,1.5452816861923326
2545,2545,4.241666666666667,0.20085484063297981,1.5452661053375758
2546,2546,4.243333333333333,0.20083925977822298,1.545250524482819
2547,2547,4.245,0.20082367892346614,1.5456164191754795
2548,2548,4.246666666666667,0.2008080980687093,1.5452193627733053
2549,2549,4.248333333333334,0.20079251721395247,1.5452037819185485
2550,2550,4.25,0.20077693635919563,1.5451882010637916
2551,2551,4.251666666666667,0.2007613555044388,1.5451726202090348
2552,2552,4.253333333333334,0.20074577464968196,1.545157039354278
2553,2553,4.255,0.20111166934234254,1.5451414584995211
2554,2554,4.256666666666667,0.2007146129401683,1.5451258776447643
2555,2555,4.258333333333334,0.20069903208541143,1.5451102967900074
2556,2556,4.260000000000002,0.2006834512306546,1.5450947159352506
2557,2557,4.261666666666667,0.20066787037589776,1.5450791350804938
2558,2558,4.263333333333334,0.20065228952114092,1.545063554225737
2559,2559,4.2650000000000015,0.20063670866638408,1.54504797337098
2560,2560,4.266666666666667,0.20062112781162725,1.544650916968806
2561,2561,4.2683333333333335,0.2009870225042878,1.5450168116614664
2562,2562,4.2700000000000005,0.20058996610211355,1.5450012308067096
2563,2563,4.2716666666666665,0.20095586079477412,1.5449856499519528
2564,2564,4.273333333333333,0.20055880439259988,1.544970069097196
2565,2565,4.275,0.20054322353784304,1.544954488242439
2566,2566,4.276666666666667,0.2005276426830862,1.5449389073876822
2567,2567,4.278333333333333,0.20051206182832937,1.5449233265329254
2568,2568,4.28,0.20049648097357253,1.5449077456781686
2569,2569,4.281666666666667,0.2004809001188157,1.5448921648234117
2570,2570,4.283333333333333,0.20046531926405886,1.544876583968655
2571,2571,4.285,0.20083121395671943,1.544861003113898
2572,2572,4.286666666666667,0.20043415755454516,1.5448454222591412
2573,2573,4.288333333333334,0.20041857669978833,1.5448298414043844
2574,2574,4.29,0.2004029958450315,1.5448142605496276
2575,2575,4.291666666666667,0.20038741499027465,1.5447986796948707
2576,2576,4.293333333333334,0.2007533096829352,1.5447830988401139
2577,2577,4.295,0.20035625328076098,1.544767517985357
2578,2578,4.296666666666667,0.20072214797342156,1.5451334126780176
2579,2579,4.298333333333334,0.20032509157124728,1.5447363562758434
2580,2580,4.300000000000002,0.20030951071649045,1.5447207754210865
2581,2581,4.301666666666667,0.2002939298617336,1.5447051945663297
2582,2582,4.303333333333334,0.20065982455439418,1.5446896137115729
2583,2583,4.3050000000000015,0.20026276815221994,1.544674032856816
2584,2584,4.306666666666667,0.2002471872974631,1.5446584520020592
2585,2585,4.308333333333334,0.20023160644270627,1.5446428711473024
2586,2586,4.3100000000000005,0.20021602558794943,1.5446272902925455
2587,2587,4.3116666666666665,0.2002004447331926,1.5446117094377887
2588,2588,4.3133333333333335,0.20056633942585317,1.5445961285830319
2589,2589,4.315,0.2001692830236789,1.544580547728275
2590,2590,4.316666666666666,0.20015370216892206,1.5445649668735182
2591,2591,4.318333333333333,0.20013812131416522,1.5445493860187613
2592,2592,4.32,0.2001225404594084,1.5445338051640045
2593,2593,4.321666666666667,0.20010695960465155,1.5445182243092477
2594,2594,4.323333333333333,0.20047285429731213,1.5445026434544908
2595,2595,4.325,0.20007579789513788,1.544487062599734
2596,2596,4.326666666666667,0.20044169258779843,1.5448529572923946
2597,2597,4.328333333333334,0.2004261117330416,1.5444559008902203
2598,2598,4.33,0.20002905533086734,1.5444403200354635
2599,2599,4.331666666666667,0.20039495002352792,1.5444247391807067
2600,2600,4.333333333333334,0.19999789362135367,1.5444091583259498
2601,2601,4.335,0.19998231276659684,1.5447750530186104
2602,2602,4.336666666666667,0.19996673191184,1.5443779966164362
2603,2603,4.338333333333334,0.19995115105708317,1.5443624157616793
2604,2604,4.34,0.19993557020232633,1.5443468349069225
2605,2605,4.341666666666667,0.1999199893475695,1.5443312540521656
2606,2606,4.343333333333334,0.19990440849281266,1.5443156731974086
2607,2607,4.3450000000000015,0.1998888276380558,1.5446815678900694
2608,2608,4.346666666666667,0.19987324678329896,1.544284511487895
2609,2609,4.348333333333334,0.19985766592854212,1.544268930633138
2610,2610,4.3500000000000005,0.1994606095263679,1.5442533497783812
2611,2611,4.351666666666667,0.19982650421902845,1.5442377689236244
2612,2612,4.3533333333333335,0.19981092336427161,1.5442221880688676
2613,2613,4.355,0.20017681805693216,1.5442066072141107
2614,2614,4.3566666666666665,0.19977976165475791,1.5445725019067713
2615,2615,4.358333333333333,0.19976418080000108,1.544175445504597
2616,2616,4.36,0.19974859994524424,1.5441598646498402
2617,2617,4.361666666666667,0.20011449463790482,1.5445257593425008
2618,2618,4.363333333333333,0.19971743823573057,1.544510178487744
2619,2619,4.365,0.19970185738097374,1.5441131220855697
2620,2620,4.366666666666667,0.1996862765262169,1.5440975412308129
2621,2621,4.368333333333333,0.19967069567146006,1.544081960376056
2622,2622,4.37,0.19965511481670323,1.5444478550687166
2623,2623,4.371666666666667,0.1996395339619464,1.5444322742139598
2624,2624,4.373333333333334,0.20000542865460694,1.5440352178117855
2625,2625,4.375,0.19960837225243272,1.5440196369570287
2626,2626,4.376666666666667,0.19959279139767586,1.5440040561022719
2627,2627,4.378333333333334,0.19957721054291902,1.543988475247515
2628,2628,4.38,0.1999431052355796,1.5439728943927582
2629,2629,4.381666666666667,0.19954604883340535,1.5439573135380014
2630,2630,4.383333333333334,0.1995304679786485,1.5439417326832445
2631,2631,4.385000000000002,0.19989636267130906,1.5439261518284877
2632,2632,4.386666666666667,0.1994993062691348,1.5439105709737309
2633,2633,4.388333333333334,0.19948372541437798,1.543894990118974
2634,2634,4.3900000000000015,0.19946814455962114,1.5438794092642172
2635,2635,4.391666666666667,0.1994525637048643,1.5438638284094603
2636,2636,4.3933333333333335,0.19943698285010747,1.5438482475547035
2637,2637,4.3950000000000005,0.19942140199535063,1.5438326666999467
2638,2638,4.3966666666666665,0.1997872966880112,1.5438170858451898
2639,2639,4.398333333333333,0.19977171583325437,1.543801504990433
2640,2640,4.4,0.19937465943108013,1.5437859241356762
2641,2641,4.401666666666667,0.19935907857632326,1.5437703432809193
2642,2642,4.403333333333333,0.19934349772156645,1.5437547624261625
2643,2643,4.405,0.1993279168668096,1.5437391815714057
2644,2644,4.406666666666667,0.19931233601205275,1.5437236007166488
2645,2645,4.408333333333333,0.19929675515729592,1.543708019861892
2646,2646,4.41,0.19928117430253908,1.5440739145545526
2647,2647,4.411666666666667,0.19926559344778225,1.5436768581523783
2648,2648,4.413333333333334,0.19925001259302538,1.5436612772976215
2649,2649,4.415,0.19923443173826857,1.5436456964428646
2650,2650,4.416666666666667,0.1992188508835117,1.5436301155881078
2651,2651,4.418333333333334,0.19920327002875488,1.543614534733351
2652,2652,4.42,0.19918768917399804,1.5435989538785941
2653,2653,4.421666666666667,0.1991721083192412,1.5435833730238373
2654,2654,4.423333333333334,0.19915652746448437,1.5435677921690805
2655,2655,4.425000000000002,0.19914094660972753,1.5435522113143236
2656,2656,4.426666666666667,0.1991253657549707,1.5435366304595668
2657,2657,4.428333333333334,0.19910978490021386,1.54352104960481
2658,2658,4.4300000000000015,0.19909420404545702,1.5435054687500531
2659,2659,4.431666666666667,0.1990786231907002,1.5434898878952963
2660,2660,4.433333333333334,0.19906304233594332,1.5434743070405395
2661,2661,4.4350000000000005,0.1990474614811865,1.5434587261857826
2662,2662,4.4366666666666665,0.19903188062642965,1.5434431453310258
2663,2663,4.4383333333333335,0.19901629977167282,1.543427564476269
2664,2664,4.44,0.19900071891691598,1.543411983621512
2665,2665,4.441666666666666,0.19898513806215914,1.5433964027667553
2666,2666,4.443333333333333,0.1989695572074023,1.5433808219119984
2667,2667,4.445,0.19895397635264545,1.5433652410572416
2668,2668,4.446666666666667,0.19931987104530602,1.5433496602024848
2669,2669,4.448333333333333,0.19892281464313177,1.5437155548951453
2670,2670,4.45,0.19890723378837494,1.543318498492971
2671,2671,4.451666666666667,0.1988916529336181,1.5433029176382143
2672,2672,4.453333333333334,0.19925754762627867,1.5432873367834574
2673,2673,4.455,0.19886049122410443,1.5432717559287006
2674,2674,4.456666666666667,0.1988449103693476,1.5432561750739437
2675,2675,4.458333333333334,0.19882932951459076,1.543240594219187
2676,2676,4.46,0.19881374865983392,1.54322501336443
2677,2677,4.461666666666667,0.1987981678050771,1.5432094325096732
2678,2678,4.463333333333334,0.19878258695032022,1.5431938516549164
2679,2679,4.465,0.1987670060955634,1.5431782708001593
2680,2680,4.466666666666667,0.19875142524080655,1.5431626899454025
2681,2681,4.468333333333334,0.19873584438604971,1.5431471090906457
2682,2682,4.4700000000000015,0.1991017390787103,1.5431315282358888
2683,2683,4.471666666666667,0.19908615822395345,1.543115947381132
2684,2684,4.473333333333334,0.1986891018217792,1.5431003665263752
2685,2685,4.4750000000000005,0.19867352096702234,1.5430847856716183
2686,2686,4.476666666666667,0.1986579401122655,1.5430692048168615
2687,2687,4.4783333333333335,0.19864235925750867,1.5430536239621047
2688,2688,4.48,0.19862677840275184,1.5430380431073478
2689,2689,4.4816666666666665,0.198611197547995,1.543022462252591
2690,2690,4.483333333333333,0.19859561669323816,1.5430068813978342
2691,2691,4.485,0.19858003583848133,1.5429913005430773
2692,2692,4.486666666666667,0.1985644549837245,1.5433571952357379
2693,2693,4.488333333333333,0.19854887412896766,1.5429601388335636
2694,2694,4.49,0.19853329327421082,1.5429445579788068
2695,2695,4.491666666666667,0.19851771241945396,1.54292897712405
2696,2696,4.493333333333333,0.19888360711211456,1.5429133962692931
2697,2697,4.495,0.19848655070994028,1.5428978154145363
2698,2698,4.496666666666667,0.19885244540260086,1.5428822345597795
2699,2699,4.498333333333334,0.1984553890004266,1.5428666537050226
2700,2700,4.5,0.19843980814566978,1.5428510728502658
2701,2701,4.501666666666667,0.19842422729091294,1.542835491995509
2702,2702,4.503333333333334,0.19840864643615608,1.5428199111407521
2703,2703,4.505,0.19839306558139924,1.5431858058334127
2704,2704,4.506666666666667,0.1983774847266424,1.5427887494312384
2705,2705,4.508333333333334,0.19836190387188557,1.5427731685764816
2706,2706,4.510000000000002,0.19834632301712873,1.5427575877217248
2707,2707,4.511666666666667,0.1987122177097893,1.542742006866968
2708,2708,4.513333333333334,0.19831516130761506,1.542726426012211
2709,2709,4.5150000000000015,0.19868105600027564,1.5427108451574543
2710,2710,4.516666666666667,0.1982839995981014,1.5426952643026974
2711,2711,4.5183333333333335,0.19864989429076196,1.5426796834479406
2712,2712,4.5200000000000005,0.19825283788858772,1.5426641025931838
2713,2713,4.5216666666666665,0.19823725703383085,1.542648521738427
2714,2714,4.523333333333333,0.19822167617907402,1.54263294088367
2715,2715,4.525,0.19820609532431718,1.5426173600289133
2716,2716,4.526666666666667,0.19819051446956035,1.5426017791741564
2717,2717,4.528333333333333,0.1981749336148035,1.5425861983193996
2718,2718,4.53,0.19854082830746408,1.5425706174646427
2719,2719,4.531666666666667,0.19852524745270722,1.542555036609886
2720,2720,4.533333333333333,0.198128191050533,1.542539455755129
2721,2721,4.535,0.19811261019577614,1.5429053504477896
2722,2722,4.536666666666667,0.1980970293410193,1.5428897695930328
2723,2723,4.538333333333334,0.19808144848626247,1.5424927131908586
2724,2724,4.54,0.19806586763150563,1.5424771323361017
2725,2725,4.541666666666667,0.1980502867767488,1.542461551481345
2726,2726,4.543333333333334,0.19803470592199196,1.542445970626588
2727,2727,4.545,0.19801912506723512,1.5424303897718312
2728,2728,4.546666666666667,0.1980035442124783,1.5427962844644918
2729,2729,4.548333333333334,0.19798796335772145,1.5423992280623176
2730,2730,4.550000000000002,0.1979723825029646,1.5423836472075607
2731,2731,4.551666666666667,0.19795680164820775,1.5427495419002213
2732,2732,4.553333333333334,0.19794122079345092,1.542352485498047
2733,2733,4.5550000000000015,0.19792563993869408,1.5423369046432902
2734,2734,4.556666666666667,0.19829153463135465,1.5423213237885334
2735,2735,4.558333333333334,0.1978944782291804,1.5423057429337765
2736,2736,4.5600000000000005,0.19787889737442357,1.5422901620790197
2737,2737,4.5616666666666665,0.19824479206708415,1.5426560567716803
2738,2738,4.5633333333333335,0.19784773566490987,1.5426404759169234
2739,2739,4.565,0.19783215481015304,1.5422434195147492
2740,2740,4.566666666666666,0.1978165739553962,1.5422278386599924
2741,2741,4.568333333333333,0.19780099310063937,1.5422122578052355
2742,2742,4.57,0.19778541224588253,1.5421966769504787
2743,2743,4.571666666666667,0.1977698313911257,1.5425625716431393
2744,2744,4.573333333333333,0.19775425053636886,1.542165515240965
2745,2745,4.575,0.19773866968161202,1.5421499343862082
2746,2746,4.576666666666667,0.1981045643742726,1.5421343535314513
2747,2747,4.578333333333334,0.19770750797209832,1.5421187726766945
2748,2748,4.58,0.19807340266475892,1.5421031918219374
2749,2749,4.581666666666667,0.19767634626258465,1.5420876109671808
2750,2750,4.583333333333334,0.19766076540782782,1.5420720301124238
2751,2751,4.585,0.1980266601004884,1.5420564492576672
2752,2752,4.586666666666667,0.19762960369831414,1.54204086840291
2753,2753,4.588333333333334,0.1976140228435573,1.5424067630955707
2754,2754,4.59,0.19759844198880047,1.5420097066933964
2755,2755,4.591666666666667,0.19758286113404364,1.5416126502912224
2756,2756,4.593333333333334,0.19756728027928677,1.5423600205313002
2757,2757,4.5950000000000015,0.19755169942452994,1.541962964129126
2758,2758,4.596666666666667,0.1975361185697731,1.541947383274369
2759,2759,4.598333333333334,0.19752053771501626,1.5419318024196123
2760,2760,4.6000000000000005,0.19750495686025943,1.5419162215648554
2761,2761,4.601666666666667,0.1974893760055026,1.5419006407100986
2762,2762,4.6033333333333335,0.19747379515074576,1.5418850598553417
2763,2763,4.605,0.19745821429598892,1.541869479000585
2764,2764,4.6066666666666665,0.19744263344123208,1.541853898145828
2765,2765,4.608333333333333,0.19704557703905784,1.5418383172910712
2766,2766,4.61,0.19741147173171839,1.5422042119837318
2767,2767,4.611666666666667,0.19739589087696155,1.5418071555815576
2768,2768,4.613333333333333,0.1973803100222047,1.5417915747268007
2769,2769,4.615,0.19736472916744788,1.541775993872044
2770,2770,4.616666666666667,0.19734914831269104,1.541760413017287
2771,2771,4.618333333333334,0.19733356745793418,1.5417448321625302
2772,2772,4.62,0.19731798660317737,1.5417292513077734
2773,2773,4.621666666666667,0.1973024057484205,1.5417136704530165
2774,2774,4.623333333333334,0.19728682489366367,1.5416980895982597
2775,2775,4.625,0.19727124403890683,1.5416825087435029
2776,2776,4.626666666666667,0.1976371387315674,1.5420484034361635
2777,2777,4.628333333333334,0.19724008232939316,1.5416513470339892
2778,2778,4.63,0.19722450147463633,1.5416357661792324
2779,2779,4.631666666666667,0.1972089206198795,1.5416201853244755
2780,2780,4.633333333333334,0.19719333976512265,1.5416046044697187
2781,2781,4.635000000000002,0.19717775891036582,1.5415890236149619
2782,2782,4.636666666666667,0.19716217805560898,1.541573442760205
2783,2783,4.638333333333334,0.19714659720085215,1.5415578619054482
2784,2784,4.6400000000000015,0.19713101634609528,1.5419237565981088
2785,2785,4.641666666666667,0.19711543549133845,1.5415267001959345
2786,2786,4.6433333333333335,0.19748133018399902,1.5415111193411777
2787,2787,4.6450000000000005,0.19708427378182478,1.5414955384864208
2788,2788,4.6466666666666665,0.19745016847448535,1.541479957631664
2789,2789,4.648333333333333,0.1970531120723111,1.5414643767769072
2790,2790,4.65,0.19703753121755424,1.5414487959221503
2791,2791,4.651666666666667,0.1970219503627974,1.541814690614811
2792,2792,4.653333333333333,0.19700636950804057,1.5414176342126367
2793,2793,4.655,0.19699078865328373,1.5414020533578798
2794,2794,4.656666666666667,0.1969752077985269,1.541386472503123
2795,2795,4.658333333333333,0.19695962694377006,1.5413708916483662
2796,2796,4.66,0.19694404608901322,1.5413553107936093
2797,2797,4.661666666666667,0.1969284652342564,1.5413397299388525
2798,2798,4.663333333333334,0.19691288437949955,1.5413241490840957
2799,2799,4.665,0.19689730352474272,1.5413085682293388
2800,2800,4.666666666666667,0.19688172266998588,1.541292987374582
2801,2801,4.668333333333334,0.19686614181522902,1.5412774065198251
2802,2802,4.67,0.19685056096047218,1.5416433012124857
2803,2803,4.671666666666667,0.19683498010571535,1.5412462448103115
2804,2804,4.673333333333334,0.1968193992509585,1.5412306639555546
2805,2805,4.675000000000002,0.19680381839620167,1.5415965586482152
2806,2806,4.676666666666667,0.19678823754144484,1.541199502246041
2807,2807,4.678333333333334,0.196772656686688,1.5415653969387015
2808,2808,4.6800000000000015,0.19713855137934855,1.5411683405365273
2809,2809,4.681666666666667,0.1967414949771743,1.5411527596817705
2810,2810,4.683333333333334,0.19672591412241747,1.5411371788270136
2811,2811,4.6850000000000005,0.19671033326766063,1.5411215979722568
2812,2812,4.6866666666666665,0.1966947524129038,1.5414874926649174
2813,2813,4.6883333333333335,0.19667917155814696,1.5410904362627431
2814,2814,4.69,0.19666359070339012,1.5410748554079863
2815,2815,4.691666666666666,0.1966480098486333,1.5410592745532294
2816,2816,4.693333333333333,0.19663242899387645,1.5410436936984726
2817,2817,4.695,0.19661684813911962,1.5414095883911332
2818,2818,4.696666666666667,0.19698274283178016,1.541012531988959
2819,2819,4.698333333333333,0.19696716197702335,1.540996951134202
2820,2820,4.7,0.19657010557484908,1.5409813702794453
2821,2821,4.701666666666667,0.19693600026750965,1.5409657894246882
2822,2822,4.703333333333334,0.1965389438653354,1.5409502085699314
2823,2823,4.705,0.19690483855799598,1.5409346277151745
2824,2824,4.706666666666667,0.19650778215582174,1.5409190468604177
2825,2825,4.708333333333334,0.19649220130106487,1.5409034660056609
2826,2826,4.71,0.19685809599372547,1.540887885150904
2827,2827,4.711666666666667,0.1964610395915512,1.5408723042961472
2828,2828,4.713333333333334,0.19682693428421177,1.5408567234413904
2829,2829,4.715000000000002,0.19642987788203753,1.5408411425866335
2830,2830,4.716666666666667,0.1964142970272807,1.5408255617318767
2831,2831,4.718333333333334,0.19639871617252386,1.5408099808771198
2832,2832,4.7200000000000015,0.19638313531776702,1.540794400022363
2833,2833,4.721666666666667,0.1967490300104276,1.5407788191676062
2834,2834,4.723333333333334,0.19635197360825335,1.5407632383128493
2835,2835,4.7250000000000005,0.1963363927534965,1.5407476574580925
2836,2836,4.726666666666667,0.19632081189873968,1.5407320766033357
2837,2837,4.7283333333333335,0.19668670659140022,1.5407164957485788
2838,2838,4.73,0.19628965018922598,1.540700914893822
2839,2839,4.7316666666666665,0.19665554488188655,1.5406853340390652
2840,2840,4.733333333333333,0.1962584884797123,1.5406697531843083
2841,2841,4.735,0.19624290762495547,1.5406541723295515
2842,2842,4.736666666666667,0.19660880231761602,1.5406385914747946
2843,2843,4.738333333333333,0.1962117459154418,1.5410044861674552
2844,2844,4.74,0.19657764060810234,1.540607429765281
2845,2845,4.741666666666667,0.1961805842059281,1.5405918489105241
2846,2846,4.743333333333334,0.19654647889858867,1.5409577436031847
2847,2847,4.745,0.19614942249641443,1.5405606872010105
2848,2848,4.746666666666667,0.1961338416416576,1.5405451063462536
2849,2849,4.748333333333334,0.19649973633431816,1.5409110010389142
2850,2850,4.75,0.19610267993214392,1.54051394463674
2851,2851,4.751666666666667,0.19608709907738708,1.5404983637819831
2852,2852,4.753333333333334,0.19645299377004766,1.5404827829272263
2853,2853,4.755,0.1960559373678734,1.5404672020724695
2854,2854,4.756666666666667,0.19642183206053399,1.5404516212177126
2855,2855,4.758333333333334,0.1960247756583597,1.5404360403629558
2856,2856,4.760000000000002,0.19600919480360288,1.5408019350556164
2857,2857,4.761666666666667,0.19599361394884604,1.5404048786534421
2858,2858,4.763333333333334,0.1959780330940892,1.5403892977986853
2859,2859,4.7650000000000015,0.19596245223933237,1.5403737169439284
2860,2860,4.766666666666667,0.19594687138457553,1.5403581360891716
2861,2861,4.7683333333333335,0.19631276607723608,1.5403425552344148
2862,2862,4.7700000000000005,0.19591570967506183,1.540326974379658
2863,2863,4.7716666666666665,0.195900128820305,1.540311393524901
2864,2864,4.773333333333333,0.19626602351296557,1.5402958126701443
2865,2865,4.775,0.19586896711079133,1.5402802318153874
2866,2866,4.776666666666667,0.1958533862560345,1.5402646509606306
2867,2867,4.778333333333333,0.19583780540127765,1.5402490701058738
2868,2868,4.78,0.19582222454652082,1.540233489251117
2869,2869,4.781666666666667,0.19580664369176398,1.54021790839636
2870,2870,4.783333333333333,0.19579106283700715,1.5402023275416032
2871,2871,4.785,0.1957754819822503,1.5401867466868464
2872,2872,4.786666666666667,0.19614137667491086,1.540552641379507
2873,2873,4.788333333333334,0.19612579582015402,1.5401555849773327
2874,2874,4.79,0.19572873941797977,1.540140004122576
2875,2875,4.791666666666667,0.19571315856322294,1.540124423267819
2876,2876,4.793333333333334,0.1956975777084661,1.5401088424130622
2877,2877,4.795,0.19568199685370927,1.5400932615583054
2878,2878,4.796666666666667,0.19604789154636984,1.5400776807035486
2879,2879,4.798333333333334,0.19565083514419557,1.5400620998487917
2880,2880,4.800000000000002,0.19563525428943873,1.5400465189940349
2881,2881,4.801666666666667,0.1956196734346819,1.540030938139278
2882,2882,4.803333333333334,0.19560409257992506,1.5400153572845212
2883,2883,4.8050000000000015,0.19596998727258563,1.5399997764297644
2884,2884,4.806666666666667,0.1955729308704114,1.5399841955750075
2885,2885,4.808333333333334,0.19555735001565455,1.5399686147202507
2886,2886,4.8100000000000005,0.19554176916089772,1.5403345094129113
2887,2887,4.8116666666666665,0.1959076638535583,1.5403189285581544
2888,2888,4.8133333333333335,0.19551060745138404,1.5399218721559802
2889,2889,4.815,0.19549502659662718,1.5399062913012234
2890,2890,4.816666666666666,0.19509797019445296,1.5398907104464663
2891,2891,4.818333333333333,0.19546386488711354,1.540256605139127
2892,2892,4.82,0.19544828403235667,1.5398595487369526
2893,2893,4.821666666666667,0.19543270317759984,1.5402254434296132
2894,2894,4.823333333333333,0.195417122322843,1.539828387027439
2895,2895,4.825,0.19540154146808617,1.5398128061726821
2896,2896,4.826666666666667,0.1953859606133293,1.5397972253179253
2897,2897,4.828333333333334,0.19537037975857247,1.5397816444631685
2898,2898,4.83,0.19535479890381563,1.5397660636084116
2899,2899,4.831666666666667,0.1953392180490588,1.5397504827536548
2900,2900,4.833333333333334,0.19532363719430196,1.539734901898898
2901,2901,4.835,0.19530805633954512,1.539719321044141
2902,2902,4.836666666666667,0.19529247548478829,1.5397037401893843
2903,2903,4.838333333333334,0.19527689463003145,1.5396881593346274
2904,2904,4.840000000000002,0.19526131377527461,1.5396725784798706
2905,2905,4.841666666666667,0.1948642573731004,1.5396569976251138
2906,2906,4.843333333333334,0.19523015206576094,1.539641416770357
2907,2907,4.8450000000000015,0.19521457121100408,1.5396258359156
2908,2908,4.846666666666667,0.19519899035624724,1.5396102550608433
2909,2909,4.848333333333334,0.1951834095014904,1.5395946742060864
2910,2910,4.8500000000000005,0.1947863530993162,1.5395790933513296
2911,2911,4.851666666666667,0.19515224779197674,1.5395635124965728
2912,2912,4.8533333333333335,0.1951366669372199,1.539547931641816
2913,2913,4.855,0.19512108608246306,1.539532350787059
2914,2914,4.8566666666666665,0.1951055052277062,1.5395167699323022
2915,2915,4.858333333333333,0.19508992437294936,1.5395011890775454
2916,2916,4.86,0.19545581906560994,1.539867083770206
2917,2917,4.861666666666667,0.1950587626634357,1.5394700273680317
2918,2918,4.863333333333333,0.19504318180867886,1.539454446513275
2919,2919,4.865,0.19502760095392202,1.539438865658518
2920,2920,4.866666666666667,0.19501202009916518,1.5394232848037612
2921,2921,4.868333333333334,0.19499643924440835,1.5394077039490044
2922,2922,4.87,0.1949808583896515,1.5393921230942476
2923,2923,4.871666666666667,0.19534675308231209,1.5393765422394907
2924,2924,4.873333333333334,0.1949496966801378,1.5393609613847339
2925,2925,4.875,0.194934115825381,1.539345380529977
2926,2926,4.876666666666667,0.19491853497062414,1.5393297996752202
2927,2927,4.878333333333334,0.1949029541158673,1.5393142188204634
2928,2928,4.88,0.19488737326111047,1.5392986379657065
2929,2929,4.881666666666667,0.19525326795377104,1.5392830571109497
2930,2930,4.883333333333334,0.1948562115515968,1.5392674762561929
2931,2931,4.885000000000002,0.19484063069683993,1.539251895401436
2932,2932,4.886666666666667,0.1948250498420831,1.5396177900940966
2933,2933,4.888333333333334,0.19480946898732626,1.5392207336919224
2934,2934,4.8900000000000015,0.19479388813256943,1.5392051528371655
2935,2935,4.891666666666667,0.1947783072778126,1.5391895719824087
2936,2936,4.8933333333333335,0.19476272642305575,1.5391739911276519
2937,2937,4.8950000000000005,0.19474714556829892,1.539158410272895
2938,2938,4.8966666666666665,0.19473156471354208,1.5391428294181382
2939,2939,4.898333333333333,0.19471598385878525,1.5391272485633813
2940,2940,4.9,0.1947004030040284,1.5391116677086245
2941,2941,4.901666666666667,0.19506629769668898,1.5390960868538677
2942,2942,4.903333333333333,0.19466924129451474,1.5394619815465282
2943,2943,4.905,0.1946536604397579,1.539064925144354
2944,2944,4.906666666666667,0.19463807958500104,1.5390493442895972
2945,2945,4.908333333333333,0.1946224987302442,1.5390337634348403
2946,2946,4.91,0.19460691787548737,1.5390181825800835
2947,2947,4.911666666666667,0.19459133702073053,1.5390026017253267
2948,2948,4.913333333333334,0.19495723171339108,1.5389870208705698
2949,2949,4.915,0.19456017531121686,1.538971440015813
2950,2950,4.916666666666667,0.19454459445646002,1.5393373347084736
2951,2951,4.918333333333334,0.19452901360170316,1.5389402783062993
2952,2952,4.92,0.19451343274694632,1.5389246974515425
2953,2953,4.921666666666667,0.1944978518921895,1.5389091165967856
2954,2954,4.923333333333334,0.19448227103743265,1.5388935357420288
2955,2955,4.925000000000002,0.19446669018267582,1.538877954887272
2956,2956,4.926666666666667,0.1948325848753364,1.5388623740325151
2957,2957,4.928333333333334,0.19443552847316214,1.5388467931777583
2958,2958,4.9300000000000015,0.1944199476184053,1.5388312123230015
2959,2959,4.931666666666667,0.19478584231106588,1.5388156314682446
2960,2960,4.933333333333334,0.1943887859088916,1.5388000506134878
2961,2961,4.9350000000000005,0.19437320505413477,1.5387844697587307
2962,2962,4.9366666666666665,0.19435762419937794,1.538768888903974
2963,2963,4.9383333333333335,0.1943420433446211,1.538753308049217
2964,2964,4.94,0.19432646248986427,1.5391192027418776
2965,2965,4.941666666666666,0.19431088163510743,1.5387221463397034
2966,2966,4.943333333333333,0.1942953007803506,1.5387065654849466
2967,2967,4.945,0.19466119547301114,1.5386909846301897
2968,2968,4.946666666666667,0.1942641390708369,1.5386754037754329
2969,2969,4.948333333333333,0.19463003376349747,1.538659822920676
2970,2970,4.95,0.19423297736132322,1.5386442420659192
2971,2971,4.951666666666667,0.1942173965065664,1.5386286612111624
2972,2972,4.953333333333334,0.19420181565180955,1.5386130803564055
2973,2973,4.955,0.19418623479705271,1.5385974995016487
2974,2974,4.956666666666667,0.19417065394229588,1.5385819186468919
2975,2975,4.958333333333334,0.19415507308753904,1.538566337792135
2976,2976,4.96,0.19452096778019962,1.5385507569373782
2977,2977,4.961666666666667,0.19412391137802537,1.5389166516300388
2978,2978,4.963333333333334,0.19410833052326854,1.5385195952278645
2979,2979,4.965000000000002,0.19447422521592908,1.5385040143731077
2980,2980,4.966666666666667,0.19407716881375484,1.5384884335183509
2981,2981,4.968333333333334,0.194061587958998,1.538472852663594
2982,2982,4.9700000000000015,0.19442748265165857,1.5384572718088372
2983,2983,4.971666666666667,0.19403042624948433,1.5384416909540803
2984,2984,4.973333333333334,0.1943963209421449,1.5384261100993235
2985,2985,4.9750000000000005,0.19399926453997063,1.5384105292445667
2986,2986,4.976666666666667,0.1939836836852138,1.5383949483898098
2987,2987,4.9783333333333335,0.19396810283045696,1.538379367535053
2988,2988,4.98,0.19395252197570012,1.5383637866802962
2989,2989,4.9816666666666665,0.19393694112094328,1.5387296813729567
2990,2990,4.983333333333333,0.19392136026618645,1.5383326249707825
2991,2991,4.985,0.1939057794114296,1.5383170441160257
2992,2992,4.986666666666667,0.19389019855667278,1.5383014632612688
2993,2993,4.988333333333333,0.19387461770191594,1.538285882406512
2994,2994,4.99,0.19424051239457651,1.5382703015517551
2995,2995,4.991666666666667,0.19384345599240224,1.5382547206969983
2996,2996,4.993333333333334,0.19420935068506281,1.5386206153896589
2997,2997,4.995,0.19381229428288857,1.5382235589874846
2998,2998,4.996666666666667,0.19417818897554914,1.5382079781327278
2999,2999,4.998333333333334,0.1937811325733749,1.5385738728253884
3000,3000,5.0,0.19376555171861806,1.5385582919706315
3001,3001,5.001666666666667,0.19374997086386123,1.5381612355684573
3002,3002,5.003333333333334,0.1937343900091044,1.5385271302611179
3003,3003,5.005,0.19371880915434753,1.538511549406361
3004,3004,5.006666666666667,0.1937032282995907,1.5381144930041868
3005,3005,5.008333333333334,0.19368764744483385,1.53809891214943
3006,3006,5.010000000000002,0.19367206659007702,1.5380833312946731
3007,3007,5.011666666666667,0.19365648573532018,1.5380677504399163
3008,3008,5.013333333333334,0.19364090488056335,1.5380521695851594
3009,3009,5.0150000000000015,0.1936253240258065,1.5380365887304026
3010,3010,5.016666666666667,0.19360974317104968,1.5380210078756458
3011,3011,5.0183333333333335,0.19359416231629284,1.538005427020889
3012,3012,5.0200000000000005,0.193578581461536,1.5383713217135495
3013,3013,5.0216666666666665,0.19356300060677914,1.5379742653113753
3014,3014,5.023333333333333,0.19354741975202233,1.5379586844566184
3015,3015,5.025,0.19353183889726547,1.5379431036018616
3016,3016,5.026666666666667,0.19389773358992604,1.5379275227471048
3017,3017,5.028333333333333,0.1935006771877518,1.537911941892348
3018,3018,5.03,0.19386657188041237,1.5382778365850085
3019,3019,5.031666666666667,0.1934695154782381,1.5378807801828343
3020,3020,5.033333333333333,0.1934539346234813,1.5378651993280774
3021,3021,5.035,0.19343835376872445,1.5378496184733206
3022,3022,5.036666666666667,0.1934227729139676,1.5378340376185637
3023,3023,5.038333333333334,0.19340719205921075,1.537818456763807
3024,3024,5.04,0.19339161120445392,1.53780287590905
3025,3025,5.041666666666667,0.19337603034969708,1.5377872950542932
3026,3026,5.043333333333334,0.19336044949494025,1.5377717141995364
3027,3027,5.045,0.1933448686401834,1.5377561333447796
3028,3028,5.046666666666667,0.19332928778542657,1.5381220280374401
3029,3029,5.048333333333334,0.19331370693066974,1.537724971635266
3030,3030,5.050000000000002,0.1929166505284955,1.5377093907805088
3031,3031,5.051666666666667,0.19366402076857345,1.5376938099257522
3032,3032,5.053333333333334,0.1932669643663992,1.5376782290709952
3033,3033,5.0550000000000015,0.19325138351164237,1.5376626482162385
3034,3034,5.056666666666667,0.19323580265688553,1.5376470673614815
3035,3035,5.058333333333334,0.1928387462547113,1.5376314865067247
3036,3036,5.0600000000000005,0.19320464094737186,1.5376159056519678
3037,3037,5.0616666666666665,0.193189060092615,1.537600324797211
3038,3038,5.0633333333333335,0.19355495478527557,1.5375847439424541
3039,3039,5.065,0.19315789838310132,1.5375691630876973
3040,3040,5.066666666666666,0.1927608419809271,1.5375535822329405
3041,3041,5.068333333333333,0.19312673667358765,1.5375380013781836
3042,3042,5.07,0.19349263136624822,1.5375224205234268
3043,3043,5.071666666666667,0.19309557496407398,1.53750683966867
3044,3044,5.073333333333333,0.19346146965673455,1.5378727343613305
3045,3045,5.075,0.1930644132545603,1.5374756779591563
3046,3046,5.076666666666667,0.19304883239980347,1.5374600971043995
3047,3047,5.078333333333334,0.1930332515450466,1.5374445162496426
3048,3048,5.08,0.1930176706902898,1.5374289353948858
3049,3049,5.081666666666667,0.19300208983553296,1.5377948300875464
3050,3050,5.083333333333334,0.1929865089807761,1.5373977736853721
3051,3051,5.085,0.19297092812601926,1.5373821928306153
3052,3052,5.086666666666667,0.19333682281867984,1.5373666119758584
3053,3053,5.088333333333334,0.1929397664165056,1.5373510311211016
3054,3054,5.090000000000002,0.19330566110916614,1.5377169258137622
3055,3055,5.091666666666667,0.19290860470699192,1.537319869411588
3056,3056,5.093333333333334,0.19289302385223506,1.537304288556831
3057,3057,5.0950000000000015,0.19325891854489563,1.5372887077020743
3058,3058,5.096666666666667,0.19286186214272139,1.5372731268473174
3059,3059,5.098333333333334,0.19284628128796455,1.5372575459925606
3060,3060,5.1000000000000005,0.1928307004332077,1.5372419651378038
3061,3061,5.101666666666667,0.1931965951258683,1.537226384283047
3062,3062,5.1033333333333335,0.19279953872369404,1.5375922789757075
3063,3063,5.105,0.1927839578689372,1.5371952225735332
3064,3064,5.1066666666666665,0.19314985256159778,1.5371796417187764
3065,3065,5.108333333333333,0.19275279615942353,1.5371640608640196
3066,3066,5.11,0.1927372153046667,1.5375299555566802
3067,3067,5.111666666666667,0.19272163444990983,1.5375143747019233
3068,3068,5.113333333333333,0.1930875291425704,1.537117318299749
3069,3069,5.115,0.19269047274039616,1.5371017374449922
3070,3070,5.116666666666667,0.19267489188563933,1.5370861565902354
3071,3071,5.118333333333334,0.1926593110308825,1.5370705757354786
3072,3072,5.12,0.19302520572354306,1.5370549948807217
3073,3073,5.121666666666667,0.19300962486878623,1.537039414025965
3074,3074,5.123333333333334,0.19261256846661196,1.537023833171208
3075,3075,5.125,0.19259698761185512,1.5370082523164512
3076,3076,5.126666666666667,0.19258140675709828,1.5369926714616944
3077,3077,5.128333333333334,0.19256582590234145,1.5369770906069375
3078,3078,5.13,0.1925502450475846,1.5369615097521807
3079,3079,5.131666666666667,0.19253466419282778,1.5369459288974239
3080,3080,5.133333333333334,0.19251908333807094,1.536930348042667
3081,3081,5.135000000000002,0.1925035024833141,1.5369147671879102
3082,3082,5.136666666666667,0.19248792162855727,1.5368991863331534
3083,3083,5.138333333333334,0.19285381632121784,1.5368836054783965
3084,3084,5.1400000000000015,0.19283823546646098,1.5368680246236397
3085,3085,5.141666666666667,0.19244117906428676,1.5368524437688829
3086,3086,5.1433333333333335,0.1924255982095299,1.536836862914126
3087,3087,5.1450000000000005,0.19241001735477306,1.5368212820593692
3088,3088,5.1466666666666665,0.19277591204743363,1.5368057012046124
3089,3089,5.148333333333333,0.1923788556452594,1.5367901203498555
3090,3090,5.15,0.19236327479050253,1.5367745394950987
3091,3091,5.151666666666667,0.1927291694831631,1.5367589586403418
3092,3092,5.153333333333333,0.1927135886284063,1.536743377785585
3093,3093,5.155,0.19269800777364943,1.5367277969308282
3094,3094,5.156666666666667,0.1926824269188926,1.5367122160760713
3095,3095,5.158333333333334,0.19190389496930096,1.5366966352213145
3096,3096,5.16,0.1922697896619615,1.537062529913975
3097,3097,5.161666666666667,0.19225420880720467,1.5366654735118008
3098,3098,5.163333333333334,0.19223862795244784,1.536649892657044
3099,3099,5.165,0.192223047097691,1.5366343118022872
3100,3100,5.166666666666667,0.19220746624293417,1.5366187309475303
3101,3101,5.168333333333334,0.19219188538817733,1.5366031500927735
3102,3102,5.17,0.19255778008083788,1.5365875692380166
3103,3103,5.171666666666667,0.19216072367866363,1.5365719883832596
3104,3104,5.173333333333334,0.1925266183713242,1.5365564075285028
3105,3105,5.175000000000002,0.19212956196914996,1.536540826673746
3106,3106,5.176666666666667,0.19211398111439312,1.536525245818989
3107,3107,5.178333333333334,0.1924798758070537,1.5365096649642322
3108,3108,5.1800000000000015,0.19208281940487945,1.5368755596568928
3109,3109,5.181666666666667,0.1920672385501226,1.5364785032547186
3110,3110,5.183333333333334,0.19205165769536575,1.5364629223999617
3111,3111,5.1850000000000005,0.19203607684060892,1.536447341545205
3112,3112,5.1866666666666665,0.1924019715332695,1.536431760690448
3113,3113,5.1883333333333335,0.19200491513109524,1.5364161798356912
3114,3114,5.19,0.1919893342763384,1.5364005989809344
3115,3115,5.191666666666666,0.19197375342158157,1.5363850181261776
3116,3116,5.193333333333333,0.19233964811424215,1.5367509128188381
3117,3117,5.195,0.1919425917120679,1.5363538564166639
3118,3118,5.196666666666667,0.19230848640472845,1.536338275561907
3119,3119,5.198333333333333,0.19191143000255423,1.5367041702545676
3120,3120,5.2,0.1918958491477974,1.5363071138523934
3121,3121,5.201666666666667,0.19188026829304053,1.5362915329976365
3122,3122,5.203333333333334,0.1918646874382837,1.5366574276902971
3123,3123,5.205,0.19184910658352686,1.5362603712881229
3124,3124,5.206666666666667,0.19183352572877002,1.536244790433366
3125,3125,5.208333333333334,0.19181794487401319,1.5362292095786092
3126,3126,5.21,0.19180236401925635,1.5365951042712698
3127,3127,5.211666666666667,0.19178678316449949,1.5361980478690955
3128,3128,5.213333333333334,0.19177120230974265,1.5361824670143387
3129,3129,5.215000000000002,0.19175562145498581,1.5361668861595819
3130,3130,5.216666666666667,0.19174004060022898,1.536151305304825
3131,3131,5.218333333333334,0.19172445974547214,1.5365171999974856
3132,3132,5.2200000000000015,0.1917088788907153,1.5365016191427288
3133,3133,5.221666666666667,0.19169329803595847,1.5361045627405545
3134,3134,5.223333333333334,0.19167771718120163,1.5360889818857977
3135,3135,5.2250000000000005,0.1916621363264448,1.5360734010310408
3136,3136,5.226666666666667,0.19164655547168796,1.536057820176284
3137,3137,5.2283333333333335,0.19163097461693113,1.5360422393215272
3138,3138,5.23,0.19161539376217426,1.5360266584667703
3139,3139,5.2316666666666665,0.19159981290741743,1.5360110776120135
3140,3140,5.233333333333333,0.1915842320526606,1.5359954967572567
3141,3141,5.235,0.19156865119790376,1.5359799159024998
3142,3142,5.236666666666667,0.19155307034314692,1.5363458105951604
3143,3143,5.238333333333333,0.19153748948839008,1.5359487541929862
3144,3144,5.24,0.19152190863363325,1.5359331733382293
3145,3145,5.241666666666667,0.19150632777887638,1.53629906803089
3146,3146,5.243333333333334,0.19149074692411955,1.5359020116287156
3147,3147,5.245,0.1914751660693627,1.5358864307739588
3148,3148,5.246666666666667,0.19145958521460588,1.5362523254666194
3149,3149,5.248333333333334,0.19144400435984904,1.5358552690644451
3150,3150,5.25,0.1914284235050922,1.5358396882096883
3151,3151,5.251666666666667,0.19141284265033537,1.5358241073549315
3152,3152,5.253333333333334,0.19139726179557853,1.5358085265001746
3153,3153,5.255,0.1913816809408217,1.5357929456454178
3154,3154,5.256666666666667,0.19136610008606486,1.535777364790661
3155,3155,5.258333333333334,0.191350519231308,1.5357617839359041
3156,3156,5.260000000000002,0.19133493837655116,1.5357462030811473
3157,3157,5.261666666666667,0.19131935752179433,1.5357306222263905
3158,3158,5.263333333333334,0.1913037766670375,1.5357150413716336
3159,3159,5.2650000000000015,0.19128819581228065,1.5356994605168768
3160,3160,5.266666666666667,0.19127261495752382,1.53568387966212
3161,3161,5.2683333333333335,0.19125703410276695,1.535668298807363
3162,3162,5.2700000000000005,0.19124145324801012,1.5356527179526063
3163,3163,5.2716666666666665,0.19122587239325328,1.5360186126452668
3164,3164,5.273333333333333,0.19121029153849645,1.53600303179051
3165,3165,5.275,0.1911947106837396,1.5356059753883358
3166,3166,5.276666666666667,0.19117912982898277,1.5359718700809963
3167,3167,5.278333333333333,0.19116354897422594,1.535574813678822
3168,3168,5.28,0.1915294436668865,1.5355592328240653
3169,3169,5.281666666666667,0.19113238726471227,1.5355436519693084
3170,3170,5.283333333333334,0.19111680640995543,1.5355280711145516
3171,3171,5.285,0.1911012255551986,1.5355124902597947
3172,3172,5.286666666666667,0.19108564470044176,1.535496909405038
3173,3173,5.288333333333334,0.1914515393931023,1.5358628040976985
3174,3174,5.29,0.19105448299092806,1.535465747695524
3175,3175,5.291666666666667,0.19103890213617122,1.5354501668407672
3176,3176,5.293333333333334,0.1910233212814144,1.5354345859860103
3177,3177,5.295,0.19100774042665755,1.5354190051312535
3178,3178,5.296666666666667,0.19099215957190072,1.5354034242764967
3179,3179,5.298333333333334,0.1913580542645613,1.5353878434217398
3180,3180,5.300000000000002,0.19096099786238702,1.535372262566983
3181,3181,5.301666666666667,0.19094541700763018,1.5353566817122262
3182,3182,5.303333333333334,0.19092983615287334,1.5353411008574693
3183,3183,5.3050000000000015,0.1909142552981165,1.5353255200027125
3184,3184,5.306666666666667,0.19128014999077708,1.5353099391479557
3185,3185,5.308333333333334,0.19088309358860284,1.5352943582931988
3186,3186,5.3100000000000005,0.190867512733846,1.535278777438442
3187,3187,5.3116666666666665,0.19123340742650657,1.5356446721311026
3188,3188,5.3133333333333335,0.19083635102433233,1.5352476157289283
3189,3189,5.315,0.1908207701695755,1.5352320348741715
3190,3190,5.316666666666666,0.19080518931481863,1.5348349784719975
3191,3191,5.318333333333333,0.19078960846006182,1.5355823487120752
3192,3192,5.32,0.19115550315272237,1.5355667678573184
3193,3193,5.321666666666667,0.19075844675054812,1.5351697114551441
3194,3194,5.323333333333333,0.19074286589579129,1.5351541306003873
3195,3195,5.325,0.19072728504103445,1.5351385497456305
3196,3196,5.326666666666667,0.19071170418627761,1.535504444438291
3197,3197,5.328333333333334,0.19069612333152075,1.5351073880361168
3198,3198,5.33,0.19068054247676391,1.53509180718136
3199,3199,5.331666666666667,0.19066496162200708,1.5350762263266031
3200,3200,5.333333333333334,0.19064938076725024,1.5350606454718463
3201,3201,5.335,0.1906337999124934,1.5350450646170894
3202,3202,5.336666666666667,0.19061821905773657,1.53541095930975
3203,3203,5.338333333333334,0.19060263820297974,1.5350139029075758
3204,3204,5.340000000000002,0.1905870573482229,1.534998322052819
3205,3205,5.341666666666667,0.19057147649346606,1.534982741198062
3206,3206,5.343333333333334,0.19055589563870923,1.5349671603433053
3207,3207,5.3450000000000015,0.1905403147839524,1.5353330550359658
3208,3208,5.346666666666667,0.19090620947661296,1.5349359986337916
3209,3209,5.348333333333334,0.1905091530744387,1.5349204177790348
3210,3210,5.3500000000000005,0.19011209667226447,1.534904836924278
3211,3211,5.351666666666667,0.19085946691234243,1.534507780522104
3212,3212,5.3533333333333335,0.19046241051016818,1.5348736752147643
3213,3213,5.355,0.19044682965541135,1.5348580943600074
3214,3214,5.3566666666666665,0.19043124880065448,1.5348425135052506
3215,3215,5.358333333333333,0.19041566794589768,1.5348269326504937
3216,3216,5.36,0.19078156263855822,1.534811351795737
3217,3217,5.361666666666667,0.19038450623638398,1.53479577094098
3218,3218,5.363333333333333,0.19036892538162714,1.5347801900862232
3219,3219,5.365,0.1903533445268703,1.5347646092314664
3220,3220,5.366666666666667,0.19033776367211347,1.5347490283767096
3221,3221,5.368333333333334,0.19032218281735663,1.5347334475219527
3222,3222,5.37,0.1903066019625998,1.534717866667196
3223,3223,5.371666666666667,0.19029102110784296,1.534702285812439
3224,3224,5.373333333333334,0.19027544025308613,1.5350681805050996
3225,3225,5.375,0.1902598593983293,1.5346711241029254
3226,3226,5.376666666666668,0.19024427854357243,1.5346555432481686
3227,3227,5.378333333333334,0.1902286976888156,1.5346399623934117
3228,3228,5.380000000000001,0.19021311683405875,1.5350058570860723
3229,3229,5.381666666666668,0.19019753597930192,1.534608800683898
3230,3230,5.383333333333334,0.19018195512454508,1.5345932198291412
3231,3231,5.385000000000002,0.19016637426978825,1.5349591145218018
3232,3232,5.386666666666668,0.1905322689624488,1.5345620581196275
3233,3233,5.388333333333334,0.19013521256027455,1.5345464772648707
3234,3234,5.3900000000000015,0.1901196317055177,1.5345308964101139
3235,3235,5.3916666666666675,0.19010405085076088,1.534515315555357
3236,3236,5.3933333333333335,0.19046994554342145,1.5344997347006002
3237,3237,5.3950000000000005,0.1904543646886646,1.5344841538458434
3238,3238,5.396666666666667,0.19005730828649037,1.5344685729910865
3239,3239,5.3983333333333325,0.19042320297915094,1.5344529921363297
3240,3240,5.4,0.1900261465769767,1.5344374112815728
3241,3241,5.401666666666667,0.19001056572221986,1.534421830426816
3242,3242,5.403333333333332,0.18999498486746302,1.5344062495720592
3243,3243,5.405,0.1899794040127062,1.5343906687173023
3244,3244,5.406666666666667,0.18996382315794932,1.5343750878625455
3245,3245,5.408333333333334,0.1899482423031925,1.5343595070077884
3246,3246,5.41,0.18993266144843565,1.5343439261530318
3247,3247,5.411666666666667,0.18991708059367882,1.5343283452982748
3248,3248,5.413333333333334,0.18990149973892198,1.5346942399909353
3249,3249,5.415,0.18988591888416514,1.534297183588761
3250,3250,5.416666666666668,0.1898703380294083,1.5342816027340043
3251,3251,5.418333333333334,0.18985475717465145,1.5346474974266648
3252,3252,5.42,0.1898391763198946,1.5342504410244906
3253,3253,5.421666666666668,0.18982359546513777,1.5342348601697338
3254,3254,5.423333333333334,0.19018949015779835,1.5346007548623943
3255,3255,5.425000000000002,0.1897924337556241,1.53420369846022
3256,3256,5.426666666666668,0.18977685290086727,1.5345695931528807
3257,3257,5.428333333333334,0.18976127204611043,1.5341725367507064
3258,3258,5.4300000000000015,0.1897456911913536,1.5341569558959496
3259,3259,5.4316666666666675,0.18973011033659676,1.5341413750411927
3260,3260,5.433333333333334,0.18971452948183992,1.534125794186436
3261,3261,5.4350000000000005,0.18969894862708306,1.534110213331679
3262,3262,5.436666666666667,0.18968336777232622,1.5340946324769222
3263,3263,5.4383333333333335,0.1896677869175694,1.5340790516221654
3264,3264,5.44,0.18965220606281255,1.5340634707674086
3265,3265,5.441666666666667,0.18963662520805571,1.5344293654600691
3266,3266,5.4433333333333325,0.18962104435329888,1.534032309057895
3267,3267,5.445,0.18960546349854204,1.534016728203138
3268,3268,5.446666666666667,0.18958988264378518,1.5340011473483812
3269,3269,5.448333333333332,0.18957430178902834,1.5339855664936244
3270,3270,5.45,0.18917724538685413,1.5339699856388676
3271,3271,5.451666666666667,0.18954314007951467,1.5339544047841107
3272,3272,5.453333333333334,0.18952755922475784,1.5343202994767713
3273,3273,5.455,0.189511978370001,1.533923243074597
3274,3274,5.456666666666668,0.18949639751524416,1.5339076622198402
3275,3275,5.458333333333334,0.18909934111306995,1.5338920813650834
3276,3276,5.46,0.1894652358057305,1.5338765005103265
3277,3277,5.461666666666668,0.18944965495097366,1.534242395202987
3278,3278,5.463333333333334,0.18943407409621682,1.5342268143482303
3279,3279,5.465000000000002,0.18941849324145996,1.5342112334934734
3280,3280,5.466666666666668,0.18940291238670312,1.5341956526387166
3281,3281,5.468333333333334,0.18938733153194628,1.5337985962365424
3282,3282,5.4700000000000015,0.18937175067718945,1.5337830153817855
3283,3283,5.471666666666668,0.1893561698224326,1.5337674345270287
3284,3284,5.473333333333334,0.18934058896767578,1.5337518536722718
3285,3285,5.4750000000000005,0.1893250081129189,1.533736272817515
3286,3286,5.476666666666668,0.18930942725816208,1.5341021675101756
3287,3287,5.4783333333333335,0.18929384640340524,1.5337051111080013
3288,3288,5.48,0.1892782655486484,1.5336895302532445
3289,3289,5.481666666666667,0.18926268469389157,1.5336739493984877
3290,3290,5.4833333333333325,0.18886562829171735,1.5336583685437308
3291,3291,5.485,0.1892315229843779,1.533642787688974
3292,3292,5.486666666666667,0.18921594212962106,1.5336272068342172
3293,3293,5.488333333333332,0.18920036127486423,1.5339931015268777
3294,3294,5.49,0.1891847804201074,1.5335960451247035
3295,3295,5.491666666666667,0.18916919956535055,1.5335804642699467
3296,3296,5.493333333333334,0.1891536187105937,1.5335648834151898
3297,3297,5.495,0.18951951340325426,1.533549302560433
3298,3298,5.496666666666667,0.18912245700108002,1.5335337217056761
3299,3299,5.498333333333334,0.1894883516937406,1.5335181408509193
3300,3300,5.5,0.18909129529156635,1.5335025599961625
3301,3301,5.501666666666668,0.1890757144368095,1.5334869791414056
3302,3302,5.503333333333334,0.18906013358205268,1.5334713982866488
3303,3303,5.505000000000001,0.1890445527272958,1.5338372929793094
3304,3304,5.506666666666668,0.18902897187253898,1.5338217121245525
3305,3305,5.508333333333334,0.18901339101778214,1.5334246557223783
3306,3306,5.510000000000002,0.1889978101630253,1.5337905504150389
3307,3307,5.511666666666668,0.18936370485568588,1.5333934940128646
3308,3308,5.513333333333334,0.18896664845351163,1.5333779131581078
3309,3309,5.5150000000000015,0.1889510675987548,1.5337438078507684
3310,3310,5.5166666666666675,0.18893548674399796,1.5333467514485941
3311,3311,5.5183333333333335,0.18891990588924112,1.5337126461412547
3312,3312,5.5200000000000005,0.1889043250344843,1.5333155897390804
3313,3313,5.521666666666667,0.18888874417972742,1.5333000088843236
3314,3314,5.5233333333333325,0.18887316332497062,1.5332844280295668
3315,3315,5.525,0.18885758247021375,1.53326884717481
3316,3316,5.526666666666667,0.18884200161545692,1.5332532663200529
3317,3317,5.528333333333332,0.18882642076070008,1.533237685465296
3318,3318,5.53,0.18881083990594325,1.5332221046105392
3319,3319,5.531666666666667,0.1887952590511864,1.5332065237557824
3320,3320,5.533333333333334,0.18877967819642955,1.5331909429010255
3321,3321,5.535,0.18876409734167274,1.5331753620462687
3322,3322,5.536666666666667,0.18874851648691587,1.5335412567389293
3323,3323,5.538333333333334,0.18911441117957645,1.533144200336755
3324,3324,5.54,0.1887173547774022,1.5335100950294156
3325,3325,5.541666666666668,0.18870177392264537,1.5331130386272414
3326,3326,5.543333333333334,0.18868619306788853,1.533478933319902
3327,3327,5.545,0.1886706122131317,1.5330818769177277
3328,3328,5.546666666666668,0.18865503135837486,1.5330662960629708
3329,3329,5.548333333333334,0.18863945050361802,1.533050715208214
3330,3330,5.550000000000002,0.1886238696488612,1.5330351343534572
3331,3331,5.551666666666668,0.18860828879410435,1.5330195534987003
3332,3332,5.553333333333334,0.1885927079393475,1.533385448191361
3333,3333,5.5550000000000015,0.18857712708459065,1.5329883917891867
3334,3334,5.5566666666666675,0.18856154622983382,1.5329728109344298
3335,3335,5.558333333333334,0.18854596537507698,1.532957230079673
3336,3336,5.5600000000000005,0.18853038452032014,1.5333231247723336
3337,3337,5.561666666666667,0.1885148036655633,1.5329260683701593
3338,3338,5.5633333333333335,0.18849922281080647,1.5329104875154025
3339,3339,5.565,0.1884836419560496,1.5328949066606457
3340,3340,5.566666666666667,0.18808658555387542,1.5328793258058888
3341,3341,5.5683333333333325,0.18845248024653594,1.532863744951132
3342,3342,5.57,0.1884368993917791,1.5328481640963751
3343,3343,5.571666666666667,0.18842131853702226,1.5332140587890357
3344,3344,5.573333333333332,0.18840573768226543,1.5328170023868615
3345,3345,5.575,0.1880086812800912,1.5328014215321046
3346,3346,5.576666666666667,0.18837457597275176,1.5327858406773478
3347,3347,5.578333333333334,0.18835899511799492,1.532770259822591
3348,3348,5.58,0.18834341426323808,1.5327546789678341
3349,3349,5.581666666666668,0.18832783340848125,1.5327390981130773
3350,3350,5.583333333333334,0.187930777006307,1.5327235172583205
3351,3351,5.585,0.18829667169896755,1.5327079364035636
3352,3352,5.586666666666668,0.1882810908442107,1.5326923555488068
3353,3353,5.588333333333334,0.18826550998945388,1.5330582502414674
3354,3354,5.590000000000002,0.18824992913469704,1.5326611938392931
3355,3355,5.591666666666668,0.18785287273252282,1.5330270885319537
3356,3356,5.593333333333334,0.18821876742518334,1.5330115076771968
3357,3357,5.5950000000000015,0.1882031865704265,1.5326144512750226
3358,3358,5.596666666666668,0.18818760571566967,1.5325988704202658
3359,3359,5.598333333333334,0.18817202486091283,1.532583289565509
3360,3360,5.6000000000000005,0.188156444006156,1.532567708710752
3361,3361,5.601666666666668,0.18852233869881657,1.5325521278559953
3362,3362,5.6033333333333335,0.18812528229664233,1.5325365470012384
3363,3363,5.605,0.1881097014418855,1.5325209661464816
3364,3364,5.606666666666667,0.18809412058712865,1.5325053852917248
3365,3365,5.6083333333333325,0.1876970641849544,1.532489804436968
3366,3366,5.61,0.18806295887761498,1.532474223582211
3367,3367,5.611666666666667,0.18804737802285812,1.5328401182748717
3368,3368,5.613333333333332,0.18803179716810128,1.5324430618726974
3369,3369,5.615,0.18801621631334445,1.5324274810179406
3370,3370,5.616666666666667,0.1880006354585876,1.5324119001631837
3371,3371,5.618333333333334,0.18798505460383078,1.532396319308427
3372,3372,5.62,0.18796947374907394,1.53238073845367
3373,3373,5.621666666666667,0.1879538928943171,1.5323651575989132
3374,3374,5.623333333333334,0.18793831203956024,1.5323495767441564
3375,3375,5.625,0.18754125563738605,1.5323339958893996
3376,3376,5.626666666666668,0.18790715033004657,1.5323184150346427
3377,3377,5.628333333333334,0.18789156947528973,1.5323028341798859
3378,3378,5.630000000000001,0.1878759886205329,1.532287253325129
3379,3379,5.631666666666668,0.18824188331319347,1.5322716724703722
3380,3380,5.633333333333334,0.18784482691101922,1.5322560916156154
3381,3381,5.635000000000002,0.1878292460562624,1.5322405107608585
3382,3382,5.636666666666668,0.18781366520150555,1.5322249299061017
3383,3383,5.638333333333334,0.18779808434674872,1.5322093490513449
3384,3384,5.6400000000000015,0.18778250349199185,1.5325752437440054
3385,3385,5.6416666666666675,0.18776692263723505,1.5321781873418312
3386,3386,5.6433333333333335,0.18775134178247818,1.5321626064870744
3387,3387,5.6450000000000005,0.18773576092772135,1.5321470256323173
3388,3388,5.646666666666667,0.1877201800729645,1.5321314447775605
3389,3389,5.6483333333333325,0.18770459921820767,1.532497339470221
3390,3390,5.65,0.18768901836345084,1.5321002830680468
3391,3391,5.651666666666667,0.18805491305611138,1.53208470221329
3392,3392,5.653333333333332,0.18765785665393717,1.5320691213585331
3393,3393,5.655,0.1876422757991803,1.5320535405037763
3394,3394,5.656666666666667,0.18762669494442347,1.5320379596490195
3395,3395,5.658333333333334,0.18761111408966663,1.5320223787942626
3396,3396,5.66,0.1875955332349098,1.5320067979395058
3397,3397,5.661666666666667,0.18757995238015296,1.5323726926321664
3398,3398,5.663333333333334,0.18794584707281353,1.531975636229992
3399,3399,5.665,0.1879302662180567,1.5319600553752353
3400,3400,5.666666666666668,0.18753320981588245,1.5319444745204784
3401,3401,5.668333333333334,0.18751762896112562,1.5319288936657216
3402,3402,5.67,0.18750204810636878,1.5319133128109648
3403,3403,5.671666666666668,0.18786794279902932,1.531897731956208
3404,3404,5.673333333333334,0.18747088639685508,1.531882151101451
3405,3405,5.675000000000002,0.18745530554209824,1.5318665702466943
3406,3406,5.676666666666668,0.18782120023475882,1.5318509893919374
3407,3407,5.678333333333334,0.18742414383258457,1.5318354085371806
3408,3408,5.6800000000000015,0.18740856297782774,1.5322013032298412
3409,3409,5.6816666666666675,0.1873929821230709,1.531804246827667
3410,3410,5.683333333333334,0.18737740126831404,1.53178866597291
3411,3411,5.6850000000000005,0.1873618204135572,1.5317730851181532
3412,3412,5.686666666666667,0.18734623955880036,1.5317575042633964
3413,3413,5.6883333333333335,0.18733065870404353,1.532123398956057
3414,3414,5.69,0.1873150778492867,1.5317263425538827
3415,3415,5.691666666666667,0.18729949699452986,1.531710761699126
3416,3416,5.6933333333333325,0.18728391613977302,1.531695180844369
3417,3417,5.695,0.18726833528501619,1.5316795999896122
3418,3418,5.696666666666667,0.18725275443025935,1.5316640191348554
3419,3419,5.698333333333334,0.18723717357550249,1.532029913827516
3420,3420,5.7,0.18722159272074568,1.5316328574253417
3421,3421,5.701666666666667,0.18720601186598881,1.5316172765705849
3422,3422,5.703333333333334,0.18719043101123198,1.531601695715828
3423,3423,5.705,0.18717485015647514,1.5315861148610712
3424,3424,5.706666666666668,0.1871592693017183,1.5315705340063144
3425,3425,5.708333333333334,0.18714368844696147,1.5315549531515575
3426,3426,5.71,0.18750958313962204,1.5319208478442181
3427,3427,5.711666666666668,0.18711252673744777,1.5315237914420439
3428,3428,5.713333333333334,0.18709694588269093,1.531508210587287
3429,3429,5.715000000000002,0.1870813650279341,1.5314926297325302
3430,3430,5.716666666666668,0.18706578417317726,1.5314770488777734
3431,3431,5.718333333333334,0.18705020331842043,1.5314614680230165
3432,3432,5.7200000000000015,0.1870346224636636,1.5314458871682597
3433,3433,5.721666666666668,0.18701904160890676,1.5314303063135029
3434,3434,5.723333333333334,0.18738493630156733,1.531414725458746
3435,3435,5.7250000000000005,0.18698787989939308,1.5313991446039892
3436,3436,5.726666666666668,0.18697229904463625,1.5317650392966498
3437,3437,5.7283333333333335,0.18733819373729682,1.5313679828944755
3438,3438,5.73,0.18694113733512255,1.5313524020397187
3439,3439,5.731666666666667,0.1869255564803657,1.5313368211849618
3440,3440,5.7333333333333325,0.18690997562560888,1.531321240330205
3441,3441,5.735,0.18689439477085204,1.5313056594754482
3442,3442,5.736666666666667,0.1868788139160952,1.5312900786206913
3443,3443,5.738333333333332,0.18686323306133837,1.5312744977659345
3444,3444,5.74,0.18722912775399894,1.5312589169111777
3445,3445,5.741666666666667,0.18683207135182467,1.5312433360564208
3446,3446,5.743333333333334,0.18681649049706783,1.5316092307490814
3447,3447,5.745,0.186800909642311,1.5312121743469072
3448,3448,5.746666666666667,0.18716680433497157,1.5311965934921503
3449,3449,5.748333333333334,0.18676974793279733,1.5311810126373935
3450,3450,5.75,0.1867541670780405,1.5311654317826366
3451,3451,5.751666666666668,0.18673858622328365,1.5311498509278798
3452,3452,5.753333333333334,0.18710448091594423,1.531134270073123
3453,3453,5.755000000000001,0.18670742451376998,1.5311186892183661
3454,3454,5.756666666666668,0.18669184365901315,1.5311031083636093
3455,3455,5.758333333333334,0.18667626280425628,1.5310875275088525
3456,3456,5.760000000000002,0.18704215749691686,1.5310719466540954
3457,3457,5.761666666666668,0.1866451010947426,1.5310563657993388
3458,3458,5.763333333333334,0.18662952023998577,1.5310407849445817
3459,3459,5.7650000000000015,0.18661393938522894,1.531025204089825
3460,3460,5.7666666666666675,0.1865983585304721,1.531009623235068
3461,3461,5.7683333333333335,0.18658277767571527,1.5309940423803112
3462,3462,5.7700000000000005,0.1865671968209584,1.5309784615255544
3463,3463,5.771666666666667,0.18693309151361898,1.5309628806707976
3464,3464,5.7733333333333325,0.18653603511144473,1.5309472998160407
3465,3465,5.775,0.1865204542566879,1.5309317189612839
3466,3466,5.776666666666667,0.18650487340193106,1.530916138106527
3467,3467,5.778333333333332,0.18687076809459163,1.5312820327991876
3468,3468,5.78,0.1864737116924174,1.5308849763970134
3469,3469,5.781666666666667,0.18645813083766055,1.5308693955422565
3470,3470,5.783333333333334,0.18644254998290372,1.5308538146874997
3471,3471,5.785,0.18642696912814688,1.5308382338327429
3472,3472,5.786666666666667,0.18641138827339004,1.5312041285254034
3473,3473,5.788333333333334,0.18639580741863318,1.5308070721232292
3474,3474,5.79,0.18638022656387634,1.5307914912684724
3475,3475,5.791666666666668,0.1863646457091195,1.5307759104137155
3476,3476,5.793333333333334,0.18634906485436267,1.5307603295589587
3477,3477,5.795,0.18633348399960584,1.5307447487042019
3478,3478,5.796666666666668,0.186317903144849,1.530729167849445
3479,3479,5.798333333333334,0.18630232229009216,1.5307135869946882
3480,3480,5.800000000000002,0.1862867414353353,1.5306980061399313
3481,3481,5.801666666666668,0.18627116058057847,1.5306824252851745
3482,3482,5.803333333333334,0.18625557972582163,1.5306668444304177
3483,3483,5.8050000000000015,0.1866214744184822,1.5310327391230782
3484,3484,5.8066666666666675,0.18622441801630796,1.530635682720904
3485,3485,5.808333333333334,0.18620883716155112,1.5306201018661472
3486,3486,5.8100000000000005,0.18619325630679429,1.5306045210113903
3487,3487,5.811666666666667,0.18617767545203745,1.5305889401566335
3488,3488,5.8133333333333335,0.18616209459728061,1.5305733593018767
3489,3489,5.815,0.1865279892899412,1.5305577784471198
3490,3490,5.816666666666667,0.18613093288776691,1.530542197592363
3491,3491,5.8183333333333325,0.18649682758042752,1.5305266167376061
3492,3492,5.82,0.18648124672567065,1.5305110358828493
3493,3493,5.821666666666667,0.18646566587091382,1.5304954550280925
3494,3494,5.823333333333334,0.18606860946873957,1.530861349720753
3495,3495,5.825,0.18605302861398273,1.5304642933185788
3496,3496,5.826666666666667,0.1864189233066433,1.5308301880112394
3497,3497,5.828333333333334,0.18602186690446904,1.5304331316090651
3498,3498,5.83,0.1860062860497122,1.5304175507543083
3499,3499,5.831666666666668,0.18599070519495536,1.5304019698995515
3500,3500,5.833333333333334,0.18597512434019853,1.5303863890447946
3501,3501,5.835,0.1859595434854417,1.5303708081900378
3502,3502,5.836666666666668,0.18632543817810227,1.530355227335281
3503,3503,5.838333333333334,0.18592838177592802,1.5303396464805241
3504,3504,5.840000000000002,0.18591280092117118,1.5307055411731847
3505,3505,5.841666666666668,0.18589722006641435,1.5303084847710104
3506,3506,5.843333333333334,0.1858816392116575,1.5302929039162536
3507,3507,5.8450000000000015,0.18624753390431809,1.5306587986089142
3508,3508,5.846666666666668,0.18585047750214384,1.53026174220674
3509,3509,5.848333333333334,0.18621637219480439,1.530246161351983
3510,3510,5.8500000000000005,0.18581931579263014,1.5302305804972263
3511,3511,5.851666666666668,0.1858037349378733,1.5302149996424694
3512,3512,5.8533333333333335,0.18578815408311647,1.5301994187877126
3513,3513,5.855,0.18577257322835963,1.5301838379329558
3514,3514,5.856666666666667,0.18613846792102018,1.530168257078199
3515,3515,5.8583333333333325,0.18574141151884596,1.530152676223442
3516,3516,5.86,0.1857258306640891,1.5301370953686853
3517,3517,5.861666666666667,0.18609172535674967,1.5301215145139284
3518,3518,5.863333333333332,0.18569466895457543,1.5301059336591716
3519,3519,5.865,0.1856790880998186,1.5300903528044147
3520,3520,5.866666666666667,0.18566350724506175,1.530074771949658
3521,3521,5.868333333333334,0.18564792639030492,1.530059191094901
3522,3522,5.87,0.18563234553554808,1.5300436102401442
3523,3523,5.871666666666667,0.18599824022820866,1.5300280293853874
3524,3524,5.873333333333334,0.1856011838260344,1.5300124485306306
3525,3525,5.875,0.18558560297127757,1.5299968676758737
3526,3526,5.876666666666668,0.1855700221165207,1.529981286821117
3527,3527,5.878333333333334,0.18555444126176387,1.5299657059663598
3528,3528,5.880000000000001,0.18553886040700704,1.5299501251116032
3529,3529,5.881666666666668,0.1859047550996676,1.5299345442568462
3530,3530,5.883333333333334,0.18550769869749337,1.5299189634020893
3531,3531,5.885000000000002,0.18549211784273653,1.53028485809475
3532,3532,5.886666666666668,0.1858580125353971,1.5298878016925757
3533,3533,5.888333333333334,0.18546095613322283,1.5298722208378188
3534,3534,5.8900000000000015,0.185445375278466,1.529856639983062
3535,3535,5.8916666666666675,0.18504831887629178,1.5298410591283051
3536,3536,5.8933333333333335,0.18541421356895232,1.5298254782735483
3537,3537,5.8950000000000005,0.1853986327141955,1.5298098974187915
3538,3538,5.896666666666667,0.18538305185943865,1.5297943165640346
3539,3539,5.8983333333333325,0.18536747100468182,1.5297787357092778
3540,3540,5.9,0.1849704146025076,1.529763154854521
3541,3541,5.901666666666667,0.18571778484258555,1.5297475739997641
3542,3542,5.903333333333332,0.1853207284404113,1.5297319931450073
3543,3543,5.905,0.18530514758565447,1.5300978878376679
3544,3544,5.906666666666667,0.18567104227831505,1.5297008314354936
3545,3545,5.908333333333334,0.18527398587614077,1.5296852505807368
3546,3546,5.91,0.18525840502138394,1.52966966972598
3547,3547,5.911666666666667,0.1852428241666271,1.5296540888712231
3548,3548,5.913333333333334,0.18560871885928767,1.5300199835638837
3549,3549,5.915,0.18521166245711343,1.5296229271617094
3550,3550,5.916666666666668,0.1851960816023566,1.5296073463069526
3551,3551,5.918333333333334,0.18518050074759973,1.5295917654521958
3552,3552,5.920000000000001,0.1851649198928429,1.529576184597439
3553,3553,5.921666666666668,0.18514933903808606,1.529560603742682
3554,3554,5.923333333333334,0.18513375818332922,1.5295450228879253
3555,3555,5.925000000000002,0.184736701781155,1.5295294420331684
3556,3556,5.926666666666668,0.18510259647381555,1.5295138611784116
3557,3557,5.928333333333334,0.18508701561905871,1.5294982803236548
3558,3558,5.9300000000000015,0.18507143476430188,1.5298641750163153
3559,3559,5.9316666666666675,0.18505585390954504,1.529467118614141
3560,3560,5.933333333333334,0.1850402730547882,1.5294515377593842
3561,3561,5.9350000000000005,0.18502469220003134,1.5294359569046274
3562,3562,5.936666666666667,0.18539058689269192,1.5294203760498706
3563,3563,5.9383333333333335,0.18499353049051767,1.5294047951951137
3564,3564,5.94,0.18497794963576084,1.5297706898877743
3565,3565,5.941666666666667,0.18458089323358662,1.5293736334856
3566,3566,5.9433333333333325,0.18494678792624716,1.5293580526308432
3567,3567,5.945,0.18531268261890774,1.5293424717760864
3568,3568,5.946666666666667,0.18491562621673346,1.5293268909213296
3569,3569,5.948333333333334,0.18490004536197663,1.5293113100665727
3570,3570,5.95,0.1848844645072198,1.529295729211816
3571,3571,5.951666666666667,0.18486888365246296,1.5296616239044765
3572,3572,5.953333333333334,0.18523477834512353,1.5292645675023022
3573,3573,5.955,0.18483772194294928,1.5292489866475454
3574,3574,5.956666666666668,0.18482214108819245,1.5292334057927885
3575,3575,5.958333333333334,0.1848065602334356,1.5292178249380317
3576,3576,5.96,0.18479097937867878,1.5292022440832749
3577,3577,5.961666666666668,0.18477539852392194,1.5295681387759354
3578,3578,5.963333333333334,0.1847598176691651,1.5291710823737612
3579,3579,5.965000000000002,0.18474423681440824,1.5291555015190044
3580,3580,5.966666666666668,0.1847286559596514,1.5291399206642475
3581,3581,5.968333333333334,0.18471307510489457,1.5291243398094907
3582,3582,5.9700000000000015,0.18469749425013773,1.5291087589547339
3583,3583,5.971666666666668,0.1846819133953809,1.5294746536473944
3584,3584,5.973333333333334,0.18466633254062406,1.5290775972452202
3585,3585,5.9750000000000005,0.1846507516858672,1.5290620163904634
3586,3586,5.976666666666668,0.18463517083111036,1.5290464355357065
3587,3587,5.9783333333333335,0.18461958997635353,1.529412330228367
3588,3588,5.98,0.1846040091215967,1.5290152738261928
3589,3589,5.981666666666667,0.18496990381425726,1.528999692971436
3590,3590,5.9833333333333325,0.18457284741208302,1.5289841121166792
3591,3591,5.985,0.18455726655732618,1.5289685312619223
3592,3592,5.986666666666667,0.18492316124998676,1.5289529504071655
3593,3593,5.988333333333332,0.1845261048478125,1.5289373695524087
3594,3594,5.99,0.18451052399305568,1.5289217886976518
3595,3595,5.991666666666667,0.18449494313829884,1.5292876833903124
3596,3596,5.993333333333334,0.18486083783095938,1.5288906269881382
3597,3597,5.995,0.18446378142878514,1.5288750461333813
3598,3598,5.996666666666667,0.1844482005740283,1.5288594652786243
3599,3599,5.998333333333334,0.18443261971927147,1.5288438844238674
