,Unnamed: 0,Unnamed: 0.1,time,discharge_pressure,suction_pressure
2400,2400,2400,0.0,1.6186007476920732,1.4621957732509347
2401,2401,2401,0.0016666666666669272,1.6186007476920732,1.4618142977035171
2402,2402,2402,0.0033333333333338544,1.6186007476920732,1.4621957732509347
2403,2403,2403,0.004999999999999893,1.6189822232394904,1.4621957732509347
2404,2404,2404,0.006666666666666821,1.6186007476920732,1.4621957732509347
2405,2405,2405,0.008333333333333748,1.6186007476920732,1.4618142977035171
2406,2406,2406,0.010000000000001563,1.6186007476920732,1.4618142977035171
2407,2407,2407,0.011666666666666714,1.6189822232394904,1.4618142977035171
2408,2408,2408,0.013333333333333641,1.6186007476920732,1.4621957732509347
2409,2409,2409,0.015000000000001457,1.6186007476920732,1.4618142977035171
2410,2410,2410,0.016666666666666607,1.6186007476920732,1.4618142977035171
2411,2411,2411,0.018333333333333535,1.6186007476920732,1.4621957732509347
2412,2412,2412,0.020000000000000462,1.6186007476920732,1.4618142977035171
2413,2413,2413,0.0216666666666665,1.6186007476920732,1.4618142977035171
2414,2414,2414,0.023333333333333428,1.6186007476920732,1.4621957732509347
2415,2415,2415,0.025000000000000355,1.6186007476920732,1.4618142977035171
2416,2416,2416,0.026666666666667282,1.6186007476920732,1.4618142977035171
2417,2417,2417,0.02833333333333332,1.6186007476920732,1.4618142977035171
2418,2418,2418,0.03000000000000025,1.6186007476920732,1.4618142977035171
2419,2419,2419,0.031666666666667176,1.6186007476920732,1.4621957732509347
2420,2420,2420,0.033333333333333215,1.6186007476920732,1.4618142977035171
2421,2421,2421,0.03500000000000014,1.6186007476920732,1.4621957732509347
2422,2422,2422,0.03666666666666707,1.6186007476920732,1.4621957732509347
2423,2423,2423,0.038333333333333997,1.6186007476920732,1.4621957732509347
2424,2424,2424,0.040000000000000036,1.6186007476920732,1.4621957732509347
2425,2425,2425,0.04166666666666696,1.6186007476920732,1.4618142977035171
2426,2426,2426,0.04333333333333389,1.6186007476920732,1.4618142977035171
2427,2427,2427,0.04499999999999993,1.6186007476920732,1.4621957732509347
2428,2428,2428,0.046666666666666856,1.6186007476920732,1.4621957732509347
2429,2429,2429,0.04833333333333378,1.6186007476920732,1.4621957732509347
2430,2430,2430,0.04999999999999982,1.6186007476920732,1.4618142977035171
2431,2431,2431,0.05166666666666675,1.6186007476920732,1.4618142977035171
2432,2432,2432,0.05333333333333368,1.6186007476920732,1.4621957732509347
2433,2433,2433,0.05500000000000149,1.6186007476920732,1.4621957732509347
2434,2434,2434,0.05666666666666664,1.6186007476920732,1.4625772487983522
2435,2435,2435,0.05833333333333357,1.6186007476920732,1.4621957732509347
2436,2436,2436,0.0600000000000005,1.6186007476920732,1.4621957732509347
2437,2437,2437,0.061666666666666536,1.6186007476920732,1.4618142977035171
2438,2438,2438,0.06333333333333346,1.6186007476920732,1.4621957732509347
2439,2439,2439,0.06500000000000039,1.6186007476920732,1.4621957732509347
2440,2440,2440,0.06666666666666643,1.6186007476920732,1.4618142977035171
2441,2441,2441,0.06833333333333336,1.6189822232394904,1.4618142977035171
2442,2442,2442,0.07000000000000028,1.6186007476920732,1.4621957732509347
2443,2443,2443,0.07166666666666721,1.6189822232394904,1.4618142977035171
2444,2444,2444,0.07333333333333325,1.6186007476920732,1.4618142977035171
2445,2445,2445,0.07500000000000018,1.6186007476920732,1.4618142977035171
2446,2446,2446,0.0766666666666671,1.6186007476920732,1.4621957732509347
2447,2447,2447,0.07833333333333403,1.6186007476920732,1.4621957732509347
2448,2448,2448,0.08000000000000007,1.6186007476920732,1.4618142977035171
2449,2449,2449,0.081666666666667,1.6186007476920732,1.4618142977035171
2450,2450,2450,0.08333333333333393,1.6182192721446556,1.4621957732509347
2451,2451,2451,0.08499999999999996,1.6186007476920732,1.4621957732509347
2452,2452,2452,0.08666666666666689,1.6186007476920732,1.4618142977035171
2453,2453,2453,0.08833333333333382,1.6186007476920732,1.4621957732509347
2454,2454,2454,0.08999999999999986,1.6186007476920732,1.4621957732509347
2455,2455,2455,0.09166666666666679,1.6186007476920732,1.4618142977035171
2456,2456,2456,0.09333333333333371,1.6186007476920732,1.4618142977035171
2457,2457,2457,0.09500000000000153,1.6186007476920732,1.4618142977035171
2458,2458,2458,0.09666666666666668,1.6186007476920732,1.4621957732509347
2459,2459,2459,0.0983333333333336,1.6186007476920732,1.4618142977035171
2460,2460,2460,0.10000000000000053,1.6182192721446556,1.4618142977035171
2461,2461,2461,0.10166666666666657,1.6186007476920732,1.4621957732509347
2462,2462,2462,0.1033333333333335,1.6186007476920732,1.4618142977035171
2463,2463,2463,0.10500000000000043,1.6186007476920732,1.4618142977035171
2464,2464,2464,0.10666666666666647,1.6186007476920732,1.4618142977035171
2465,2465,2465,0.10833333333333339,1.6186007476920732,1.4618142977035171
2466,2466,2466,0.11000000000000032,1.6186007476920732,1.4618142977035171
2467,2467,2467,0.11166666666666725,1.6186007476920732,1.4621957732509347
2468,2468,2468,0.11333333333333329,1.6186007476920732,1.4618142977035171
2469,2469,2469,0.11500000000000021,1.6186007476920732,1.4618142977035171
2470,2470,2470,0.11666666666666714,1.6186007476920732,1.4618142977035171
2471,2471,2471,0.11833333333333318,1.6186007476920732,1.4618142977035171
2472,2472,2472,0.1200000000000001,1.6186007476920732,1.4618142977035171
2473,2473,2473,0.12166666666666703,1.6186007476920732,1.4618142977035171
2474,2474,2474,0.12333333333333396,1.6186007476920732,1.4621957732509347
2475,2475,2475,0.125,1.6186007476920732,1.4614328221561
2476,2476,2476,0.12666666666666693,1.6189822232394904,1.4621957732509347
2477,2477,2477,0.12833333333333385,1.6186007476920732,1.4618142977035171
2478,2478,2478,0.1299999999999999,1.6186007476920732,1.4618142977035171
2479,2479,2479,0.13166666666666682,1.6186007476920732,1.4621957732509347
2480,2480,2480,0.13333333333333375,1.6186007476920732,1.4618142977035171
2481,2481,2481,0.13500000000000156,1.6186007476920732,1.4621957732509347
2482,2482,2482,0.13666666666666671,1.6186007476920732,1.4621957732509347
2483,2483,2483,0.13833333333333364,1.6186007476920732,1.4618142977035171
2484,2484,2484,0.14000000000000146,1.6186007476920732,1.4618142977035171
2485,2485,2485,0.1416666666666666,1.6186007476920732,1.4618142977035171
2486,2486,2486,0.14333333333333353,1.6186007476920732,1.4618142977035171
2487,2487,2487,0.14500000000000046,1.6186007476920732,1.4618142977035171
2488,2488,2488,0.1466666666666665,1.6186007476920732,1.4618142977035171
2489,2489,2489,0.14833333333333343,1.6186007476920732,1.4618142977035171
2490,2490,2490,0.15000000000000036,1.6186007476920732,1.4618142977035171
2491,2491,2491,0.15166666666666728,1.6186007476920732,1.4618142977035171
2492,2492,2492,0.15333333333333332,1.6186007476920732,1.4618142977035171
2493,2493,2493,0.15500000000000025,1.6186007476920732,1.4618142977035171
2494,2494,2494,0.15666666666666718,1.6186007476920732,1.4621957732509347
2495,2495,2495,0.15833333333333321,1.6186007476920732,1.4618142977035171
2496,2496,2496,0.16000000000000014,1.6186007476920732,1.4618142977035171
2497,2497,2497,0.16166666666666707,1.6186007476920732,1.4621957732509347
2498,2498,2498,0.163333333333334,1.6186007476920732,1.4621957732509347
2499,2499,2499,0.16500000000000004,1.6186007476920732,1.4618142977035171
2500,2500,2500,0.16666666666666696,1.6186007476920732,1.4618142977035171
2501,2501,2501,0.1683333333333339,1.6186007476920732,1.4618142977035171
2502,2502,2502,0.16999999999999993,1.6186007476920732,1.4618142977035171
2503,2503,2503,0.17166666666666686,1.6186007476920732,1.4621957732509347
2504,2504,2504,0.17333333333333378,1.6186007476920732,1.4618142977035171
2505,2505,2505,0.1750000000000016,1.6186007476920732,1.4618142977035171
2506,2506,2506,0.17666666666666675,1.6186007476920732,1.4621957732509347
2507,2507,2507,0.17833333333333368,1.6186007476920732,1.4618142977035171
2508,2508,2508,0.1800000000000015,1.6186007476920732,1.4618142977035171
2509,2509,2509,0.18166666666666664,1.6189822232394904,1.4618142977035171
2510,2510,2510,0.18333333333333357,1.6186007476920732,1.4618142977035171
2511,2511,2511,0.1850000000000005,1.6186007476920732,1.4618142977035171
2512,2512,2512,0.18666666666666654,1.6186007476920732,1.4618142977035171
2513,2513,2513,0.18833333333333346,1.6186007476920732,1.4621957732509347
2514,2514,2514,0.1900000000000004,1.6186007476920732,1.4621957732509347
2515,2515,2515,0.19166666666666643,1.6186007476920732,1.4618142977035171
2516,2516,2516,0.19333333333333336,1.6186007476920732,1.4621957732509347
2517,2517,2517,0.19500000000000028,1.6186007476920732,1.4618142977035171
2518,2518,2518,0.1966666666666672,1.6186007476920732,1.4618142977035171
2519,2519,2519,0.19833333333333325,1.6186007476920732,1.4618142977035171
2520,2520,2520,0.20000000000000018,1.6186007476920732,1.4614328221561
2521,2521,2521,0.2016666666666671,1.6186007476920732,1.4618142977035171
2522,2522,2522,0.20333333333333403,1.6186007476920732,1.4618142977035171
2523,2523,2523,0.20500000000000007,1.6189822232394904,1.4618142977035171
2524,2524,2524,0.206666666666667,1.6186007476920732,1.4618142977035171
2525,2525,2525,0.20833333333333393,1.6186007476920732,1.4614328221561
2526,2526,2526,0.20999999999999996,1.6186007476920732,1.4618142977035171
2527,2527,2527,0.2116666666666669,1.6186007476920732,1.4618142977035171
2528,2528,2528,0.21333333333333382,1.6186007476920732,1.4618142977035171
2529,2529,2529,0.21499999999999986,1.6189822232394904,1.4621957732509347
2530,2530,2530,0.21666666666666679,1.6186007476920732,1.4618142977035171
2531,2531,2531,0.2183333333333337,1.6186007476920732,1.4618142977035171
2532,2532,2532,0.22000000000000153,1.6186007476920732,1.4621957732509347
2533,2533,2533,0.22166666666666668,1.6189822232394904,1.4618142977035171
2534,2534,2534,0.2233333333333336,1.6186007476920732,1.4618142977035171
2535,2535,2535,0.22500000000000053,1.6186007476920732,1.4618142977035171
2536,2536,2536,0.22666666666666657,1.6186007476920732,1.4621957732509347
2537,2537,2537,0.2283333333333335,1.6186007476920732,1.4618142977035171
2538,2538,2538,0.23000000000000043,1.6186007476920732,1.4621957732509347
2539,2539,2539,0.23166666666666647,1.6186007476920732,1.4621957732509347
2540,2540,2540,0.2333333333333334,1.6186007476920732,1.4618142977035171
2541,2541,2541,0.23500000000000032,1.6186007476920732,1.4618142977035171
2542,2542,2542,0.23666666666666725,1.6189822232394904,1.4618142977035171
2543,2543,2543,0.23833333333333329,1.6186007476920732,1.4621957732509347
2544,2544,2544,0.2400000000000002,1.6186007476920732,1.4618142977035171
2545,2545,2545,0.24166666666666714,1.6186007476920732,1.4614328221561
2546,2546,2546,0.24333333333333318,1.6186007476920732,1.4621957732509347
2547,2547,2547,0.2450000000000001,1.6186007476920732,1.4618142977035171
2548,2548,2548,0.24666666666666703,1.6186007476920732,1.4621957732509347
2549,2549,2549,0.24833333333333396,1.6186007476920732,1.4621957732509347
2550,2550,2550,0.25,1.6186007476920732,1.4618142977035171
2551,2551,2551,0.2516666666666669,1.6186007476920732,1.4618142977035171
2552,2552,2552,0.25333333333333385,1.6186007476920732,1.4618142977035171
2553,2553,2553,0.2549999999999999,1.6186007476920732,1.4618142977035171
2554,2554,2554,0.2566666666666668,1.6186007476920732,1.4618142977035171
2555,2555,2555,0.25833333333333375,1.6186007476920732,1.4614328221561
2556,2556,2556,0.26000000000000156,1.6186007476920732,1.4614328221561
2557,2557,2557,0.2616666666666667,1.6186007476920732,1.4618142977035171
2558,2558,2558,0.26333333333333364,1.6189822232394904,1.4618142977035171
2559,2559,2559,0.26500000000000146,1.6186007476920732,1.4618142977035171
2560,2560,2560,0.2666666666666666,1.6186007476920732,1.4618142977035171
2561,2561,2561,0.26833333333333353,1.6186007476920732,1.4618142977035171
2562,2562,2562,0.27000000000000046,1.6186007476920732,1.4618142977035171
2563,2563,2563,0.2716666666666665,1.6186007476920732,1.4618142977035171
2564,2564,2564,0.27333333333333343,1.6186007476920732,1.4621957732509347
2565,2565,2565,0.27500000000000036,1.6186007476920732,1.4618142977035171
2566,2566,2566,0.2766666666666673,1.6186007476920732,1.4614328221561
2567,2567,2567,0.2783333333333333,1.6189822232394904,1.4618142977035171
2568,2568,2568,0.28000000000000025,1.6186007476920732,1.4621957732509347
2569,2569,2569,0.2816666666666672,1.6186007476920732,1.4618142977035171
2570,2570,2570,0.2833333333333332,1.6186007476920732,1.4618142977035171
2571,2571,2571,0.28500000000000014,1.6186007476920732,1.4618142977035171
2572,2572,2572,0.28666666666666707,1.6186007476920732,1.4614328221561
2573,2573,2573,0.288333333333334,1.6189822232394904,1.4614328221561
2574,2574,2574,0.29000000000000004,1.6186007476920732,1.4614328221561
2575,2575,2575,0.29166666666666696,1.6186007476920732,1.4618142977035171
2576,2576,2576,0.2933333333333339,1.6186007476920732,1.4618142977035171
2577,2577,2577,0.29499999999999993,1.6186007476920732,1.4618142977035171
2578,2578,2578,0.29666666666666686,1.6186007476920732,1.4618142977035171
2579,2579,2579,0.2983333333333338,1.6186007476920732,1.4618142977035171
2580,2580,2580,0.3000000000000016,1.6186007476920732,1.4614328221561
2581,2581,2581,0.30166666666666675,1.6186007476920732,1.4618142977035171
2582,2582,2582,0.3033333333333337,1.6186007476920732,1.4618142977035171
2583,2583,2583,0.3050000000000015,1.6186007476920732,1.4618142977035171
2584,2584,2584,0.30666666666666664,1.6186007476920732,1.4618142977035171
2585,2585,2585,0.30833333333333357,1.6186007476920732,1.4618142977035171
2586,2586,2586,0.3100000000000005,1.6189822232394904,1.4618142977035171
2587,2587,2587,0.31166666666666654,1.6186007476920732,1.4618142977035171
2588,2588,2588,0.31333333333333346,1.6186007476920732,1.4618142977035171
2589,2589,2589,0.3150000000000004,1.6189822232394904,1.4621957732509347
2590,2590,2590,0.31666666666666643,1.6186007476920732,1.4618142977035171
2591,2591,2591,0.31833333333333336,1.6186007476920732,1.4618142977035171
2592,2592,2592,0.3200000000000003,1.6186007476920732,1.4618142977035171
2593,2593,2593,0.3216666666666672,1.6186007476920732,1.4618142977035171
2594,2594,2594,0.32333333333333325,1.6186007476920732,1.4618142977035171
2595,2595,2595,0.3250000000000002,1.6186007476920732,1.4614328221561
2596,2596,2596,0.3266666666666671,1.6186007476920732,1.4618142977035171
2597,2597,2597,0.32833333333333403,1.6186007476920732,1.4618142977035171
2598,2598,2598,0.33000000000000007,1.6186007476920732,1.4618142977035171
2599,2599,2599,0.331666666666667,1.6186007476920732,1.4618142977035171
2600,2600,2600,0.3333333333333339,1.6186007476920732,1.4618142977035171
2601,2601,2601,0.33499999999999996,1.6189822232394904,1.4621957732509347
2602,2602,2602,0.3366666666666669,1.6186007476920732,1.4618142977035171
2603,2603,2603,0.3383333333333338,1.6186007476920732,1.4618142977035171
2604,2604,2604,0.33999999999999986,1.6186007476920732,1.4618142977035171
2605,2605,2605,0.3416666666666668,1.6186007476920732,1.4614328221561
2606,2606,2606,0.3433333333333337,1.6186007476920732,1.4618142977035171
2607,2607,2607,0.3450000000000015,1.6186007476920732,1.4618142977035171
2608,2608,2608,0.3466666666666667,1.6186007476920732,1.4618142977035171
2609,2609,2609,0.3483333333333336,1.6189822232394904,1.4618142977035171
2610,2610,2610,0.35000000000000053,1.6186007476920732,1.4618142977035171
2611,2611,2611,0.35166666666666657,1.6189822232394904,1.4618142977035171
2612,2612,2612,0.3533333333333335,1.6186007476920732,1.4618142977035171
2613,2613,2613,0.3550000000000004,1.6186007476920732,1.4621957732509347
2614,2614,2614,0.35666666666666647,1.6186007476920732,1.4618142977035171
2615,2615,2615,0.3583333333333334,1.6186007476920732,1.4614328221561
2616,2616,2616,0.3600000000000003,1.6186007476920732,1.4618142977035171
2617,2617,2617,0.36166666666666725,1.6186007476920732,1.4621957732509347
2618,2618,2618,0.3633333333333333,1.6186007476920732,1.4621957732509347
2619,2619,2619,0.3650000000000002,1.6186007476920732,1.4618142977035171
2620,2620,2620,0.36666666666666714,1.6186007476920732,1.4618142977035171
2621,2621,2621,0.3683333333333332,1.6186007476920732,1.4618142977035171
2622,2622,2622,0.3700000000000001,1.6186007476920732,1.4621957732509347
2623,2623,2623,0.37166666666666703,1.6186007476920732,1.4621957732509347
2624,2624,2624,0.37333333333333396,1.6186007476920732,1.4621957732509347
2625,2625,2625,0.375,1.6182192721446556,1.4618142977035171
2626,2626,2626,0.3766666666666669,1.6186007476920732,1.4618142977035171
2627,2627,2627,0.37833333333333385,1.6186007476920732,1.4621957732509347
2628,2628,2628,0.3799999999999999,1.6186007476920732,1.4618142977035171
2629,2629,2629,0.3816666666666668,1.6186007476920732,1.4618142977035171
2630,2630,2630,0.38333333333333375,1.6186007476920732,1.4618142977035171
2631,2631,2631,0.38500000000000156,1.6186007476920732,1.4618142977035171
2632,2632,2632,0.3866666666666667,1.6186007476920732,1.4618142977035171
2633,2633,2633,0.38833333333333364,1.6186007476920732,1.4618142977035171
2634,2634,2634,0.39000000000000146,1.6186007476920732,1.4618142977035171
2635,2635,2635,0.3916666666666666,1.6186007476920732,1.4618142977035171
2636,2636,2636,0.39333333333333353,1.6186007476920732,1.4618142977035171
2637,2637,2637,0.39500000000000046,1.6182192721446556,1.4618142977035171
2638,2638,2638,0.3966666666666665,1.6186007476920732,1.4618142977035171
2639,2639,2639,0.39833333333333343,1.6182192721446556,1.4618142977035171
2640,2640,2640,0.40000000000000036,1.6186007476920732,1.4618142977035171
2641,2641,2641,0.4016666666666673,1.6186007476920732,1.4614328221561
2642,2642,2642,0.4033333333333333,1.6186007476920732,1.4618142977035171
2643,2643,2643,0.40500000000000025,1.6186007476920732,1.4618142977035171
2644,2644,2644,0.4066666666666672,1.6186007476920732,1.4618142977035171
2645,2645,2645,0.4083333333333332,1.6186007476920732,1.4614328221561
2646,2646,2646,0.41000000000000014,1.6186007476920732,1.4621957732509347
2647,2647,2647,0.41166666666666707,1.6186007476920732,1.4618142977035171
2648,2648,2648,0.413333333333334,1.6186007476920732,1.4618142977035171
2649,2649,2649,0.41500000000000004,1.6186007476920732,1.4618142977035171
2650,2650,2650,0.41666666666666696,1.6186007476920732,1.4618142977035171
2651,2651,2651,0.4183333333333339,1.6186007476920732,1.4618142977035171
2652,2652,2652,0.41999999999999993,1.6186007476920732,1.4618142977035171
2653,2653,2653,0.42166666666666686,1.6186007476920732,1.4618142977035171
2654,2654,2654,0.4233333333333338,1.6186007476920732,1.4618142977035171
2655,2655,2655,0.4250000000000016,1.6186007476920732,1.4618142977035171
2656,2656,2656,0.42666666666666675,1.6186007476920732,1.4614328221561
2657,2657,2657,0.4283333333333337,1.6186007476920732,1.4618142977035171
2658,2658,2658,0.4300000000000015,1.6186007476920732,1.4621957732509347
2659,2659,2659,0.43166666666666664,1.6186007476920732,1.4621957732509347
2660,2660,2660,0.43333333333333357,1.6182192721446556,1.4618142977035171
2661,2661,2661,0.4350000000000005,1.6186007476920732,1.4618142977035171
2662,2662,2662,0.43666666666666654,1.6186007476920732,1.4621957732509347
2663,2663,2663,0.43833333333333346,1.6189822232394904,1.4618142977035171
2664,2664,2664,0.4400000000000004,1.6186007476920732,1.4618142977035171
2665,2665,2665,0.44166666666666643,1.6186007476920732,1.4618142977035171
2666,2666,2666,0.44333333333333336,1.6186007476920732,1.4618142977035171
2667,2667,2667,0.4450000000000003,1.6186007476920732,1.4618142977035171
2668,2668,2668,0.4466666666666672,1.6186007476920732,1.4618142977035171
2669,2669,2669,0.44833333333333325,1.6186007476920732,1.4621957732509347
2670,2670,2670,0.4500000000000002,1.6182192721446556,1.4618142977035171
2671,2671,2671,0.4516666666666671,1.6186007476920732,1.4621957732509347
2672,2672,2672,0.45333333333333403,1.6186007476920732,1.4618142977035171
2673,2673,2673,0.45500000000000007,1.6186007476920732,1.4621957732509347
2674,2674,2674,0.456666666666667,1.6186007476920732,1.4621957732509347
2675,2675,2675,0.4583333333333339,1.6186007476920732,1.4618142977035171
2676,2676,2676,0.45999999999999996,1.6186007476920732,1.4618142977035171
2677,2677,2677,0.4616666666666669,1.6186007476920732,1.4618142977035171
2678,2678,2678,0.4633333333333338,1.6186007476920732,1.4621957732509347
2679,2679,2679,0.46499999999999986,1.6182192721446556,1.4618142977035171
2680,2680,2680,0.4666666666666668,1.6186007476920732,1.4618142977035171
2681,2681,2681,0.4683333333333337,1.6186007476920732,1.4618142977035171
2682,2682,2682,0.4700000000000015,1.6186007476920732,1.4618142977035171
2683,2683,2683,0.4716666666666667,1.6186007476920732,1.4618142977035171
2684,2684,2684,0.4733333333333336,1.6186007476920732,1.4621957732509347
2685,2685,2685,0.47500000000000053,1.6182192721446556,1.4618142977035171
2686,2686,2686,0.47666666666666657,1.6186007476920732,1.4621957732509347
2687,2687,2687,0.4783333333333335,1.6186007476920732,1.4621957732509347
2688,2688,2688,0.4800000000000004,1.6186007476920732,1.4618142977035171
2689,2689,2689,0.48166666666666647,1.6186007476920732,1.4618142977035171
2690,2690,2690,0.4833333333333334,1.6186007476920732,1.4618142977035171
2691,2691,2691,0.4850000000000003,1.6186007476920732,1.4618142977035171
2692,2692,2692,0.48666666666666725,1.6186007476920732,1.4618142977035171
2693,2693,2693,0.4883333333333333,1.6186007476920732,1.4614328221561
2694,2694,2694,0.4900000000000002,1.6186007476920732,1.4618142977035171
2695,2695,2695,0.49166666666666714,1.6186007476920732,1.4618142977035171
2696,2696,2696,0.4933333333333332,1.6186007476920732,1.4618142977035171
2697,2697,2697,0.4950000000000001,1.6186007476920732,1.4614328221561
2698,2698,2698,0.49666666666666703,1.6186007476920732,1.4618142977035171
2699,2699,2699,0.49833333333333396,1.6186007476920732,1.4618142977035171
2700,2700,2700,0.5,1.6186007476920732,1.4614328221561
2701,2701,2701,0.5016666666666669,1.6186007476920732,1.4618142977035171
2702,2702,2702,0.5033333333333339,1.6186007476920732,1.4618142977035171
2703,2703,2703,0.5049999999999999,1.6186007476920732,1.4618142977035171
2704,2704,2704,0.5066666666666668,1.6186007476920732,1.4614328221561
2705,2705,2705,0.5083333333333337,1.6186007476920732,1.4618142977035171
2706,2706,2706,0.5100000000000016,1.6186007476920732,1.4618142977035171
2707,2707,2707,0.5116666666666667,1.6186007476920732,1.4618142977035171
2708,2708,2708,0.5133333333333336,1.6186007476920732,1.4618142977035171
2709,2709,2709,0.5150000000000015,1.6186007476920732,1.4618142977035171
2710,2710,2710,0.5166666666666666,1.6182192721446556,1.4618142977035171
2711,2711,2711,0.5183333333333335,1.6186007476920732,1.4618142977035171
2712,2712,2712,0.5200000000000005,1.6186007476920732,1.4618142977035171
2713,2713,2713,0.5216666666666665,1.6186007476920732,1.4614328221561
2714,2714,2714,0.5233333333333334,1.6186007476920732,1.4618142977035171
2715,2715,2715,0.5250000000000004,1.6186007476920732,1.4614328221561
2716,2716,2716,0.5266666666666673,1.6186007476920732,1.4618142977035171
2717,2717,2717,0.5283333333333333,1.6186007476920732,1.4614328221561
2718,2718,2718,0.5300000000000002,1.6186007476920732,1.4618142977035171
2719,2719,2719,0.5316666666666672,1.6186007476920732,1.4614328221561
2720,2720,2720,0.5333333333333332,1.6186007476920732,1.4618142977035171
2721,2721,2721,0.5350000000000001,1.6186007476920732,1.4618142977035171
2722,2722,2722,0.5366666666666671,1.6186007476920732,1.4618142977035171
2723,2723,2723,0.538333333333334,1.6186007476920732,1.4618142977035171
2724,2724,2724,0.54,1.6186007476920732,1.4618142977035171
2725,2725,2725,0.541666666666667,1.6186007476920732,1.4618142977035171
2726,2726,2726,0.5433333333333339,1.6186007476920732,1.4614328221561
2727,2727,2727,0.5449999999999999,1.6186007476920732,1.4618142977035171
2728,2728,2728,0.5466666666666669,1.6186007476920732,1.4618142977035171
2729,2729,2729,0.5483333333333338,1.6186007476920732,1.4621957732509347
2730,2730,2730,0.5500000000000016,1.6186007476920732,1.4618142977035171
2731,2731,2731,0.5516666666666667,1.6186007476920732,1.4618142977035171
2732,2732,2732,0.5533333333333337,1.6186007476920732,1.4618142977035171
2733,2733,2733,0.5550000000000015,1.6186007476920732,1.4618142977035171
2734,2734,2734,0.5566666666666666,1.6186007476920732,1.4618142977035171
2735,2735,2735,0.5583333333333336,1.6186007476920732,1.4614328221561
2736,2736,2736,0.5600000000000005,1.6186007476920732,1.4618142977035171
2737,2737,2737,0.5616666666666665,1.6186007476920732,1.4614328221561
2738,2738,2738,0.5633333333333335,1.6186007476920732,1.4618142977035171
2739,2739,2739,0.5650000000000004,1.6186007476920732,1.4618142977035171
2740,2740,2740,0.5666666666666664,1.6182192721446556,1.4614328221561
2741,2741,2741,0.5683333333333334,1.6186007476920732,1.4618142977035171
2742,2742,2742,0.5700000000000003,1.6186007476920732,1.4618142977035171
2743,2743,2743,0.5716666666666672,1.6186007476920732,1.4618142977035171
2744,2744,2744,0.5733333333333333,1.6186007476920732,1.4618142977035171
2745,2745,2745,0.5750000000000002,1.6186007476920732,1.4614328221561
2746,2746,2746,0.5766666666666671,1.6186007476920732,1.4618142977035171
2747,2747,2747,0.578333333333334,1.6186007476920732,1.4618142977035171
2748,2748,2748,0.5800000000000001,1.6186007476920732,1.4614328221561
2749,2749,2749,0.581666666666667,1.6186007476920732,1.4618142977035171
2750,2750,2750,0.5833333333333339,1.6182192721446556,1.4618142977035171
2751,2751,2751,0.585,1.6186007476920732,1.4618142977035171
2752,2752,2752,0.5866666666666669,1.6186007476920732,1.4618142977035171
2753,2753,2753,0.5883333333333338,1.6186007476920732,1.4618142977035171
2754,2754,2754,0.5899999999999999,1.6186007476920732,1.4618142977035171
2755,2755,2755,0.5916666666666668,1.6186007476920732,1.4614328221561
2756,2756,2756,0.5933333333333337,1.6186007476920732,1.4618142977035171
2757,2757,2757,0.5950000000000015,1.6186007476920732,1.4614328221561
2758,2758,2758,0.5966666666666667,1.6186007476920732,1.4618142977035171
2759,2759,2759,0.5983333333333336,1.6186007476920732,1.4614328221561
2760,2760,2760,0.6000000000000005,1.6186007476920732,1.4614328221561
2761,2761,2761,0.6016666666666666,1.6186007476920732,1.4614328221561
2762,2762,2762,0.6033333333333335,1.6186007476920732,1.4621957732509347
2763,2763,2763,0.6050000000000004,1.6186007476920732,1.4614328221561
2764,2764,2764,0.6066666666666665,1.6186007476920732,1.4618142977035171
2765,2765,2765,0.6083333333333334,1.6186007476920732,1.4614328221561
2766,2766,2766,0.6100000000000003,1.6186007476920732,1.4618142977035171
2767,2767,2767,0.6116666666666672,1.6186007476920732,1.4618142977035171
2768,2768,2768,0.6133333333333333,1.6186007476920732,1.4618142977035171
2769,2769,2769,0.6150000000000002,1.6186007476920732,1.4614328221561
2770,2770,2770,0.6166666666666671,1.6186007476920732,1.4614328221561
2771,2771,2771,0.6183333333333341,1.6186007476920732,1.4614328221561
2772,2772,2772,0.6200000000000001,1.6186007476920732,1.4618142977035171
2773,2773,2773,0.621666666666667,1.6186007476920732,1.4618142977035171
2774,2774,2774,0.623333333333334,1.6186007476920732,1.4618142977035171
2775,2775,2775,0.625,1.6186007476920732,1.4618142977035171
2776,2776,2776,0.6266666666666669,1.6186007476920732,1.4618142977035171
2777,2777,2777,0.6283333333333339,1.6186007476920732,1.4618142977035171
2778,2778,2778,0.6299999999999999,1.6186007476920732,1.4618142977035171
2779,2779,2779,0.6316666666666668,1.6186007476920732,1.4618142977035171
2780,2780,2780,0.6333333333333337,1.6186007476920732,1.4614328221561
2781,2781,2781,0.6350000000000016,1.6186007476920732,1.4614328221561
2782,2782,2782,0.6366666666666667,1.6186007476920732,1.4618142977035171
2783,2783,2783,0.6383333333333336,1.6186007476920732,1.4618142977035171
2784,2784,2784,0.6400000000000015,1.6186007476920732,1.4618142977035171
2785,2785,2785,0.6416666666666666,1.6186007476920732,1.4614328221561
2786,2786,2786,0.6433333333333335,1.6186007476920732,1.4618142977035171
2787,2787,2787,0.6450000000000005,1.6186007476920732,1.4618142977035171
2788,2788,2788,0.6466666666666665,1.6186007476920732,1.4618142977035171
2789,2789,2789,0.6483333333333334,1.6186007476920732,1.4614328221561
2790,2790,2790,0.6500000000000004,1.6182192721446556,1.4614328221561
2791,2791,2791,0.6516666666666673,1.6186007476920732,1.4618142977035171
2792,2792,2792,0.6533333333333333,1.6186007476920732,1.4618142977035171
2793,2793,2793,0.6550000000000002,1.6182192721446556,1.4618142977035171
2794,2794,2794,0.6566666666666672,1.6186007476920732,1.4618142977035171
2795,2795,2795,0.6583333333333332,1.6186007476920732,1.4614328221561
2796,2796,2796,0.6600000000000001,1.6186007476920732,1.4618142977035171
2797,2797,2797,0.6616666666666671,1.6186007476920732,1.4614328221561
2798,2798,2798,0.663333333333334,1.6182192721446556,1.4618142977035171
2799,2799,2799,0.665,1.6186007476920732,1.4618142977035171
2800,2800,2800,0.666666666666667,1.6182192721446556,1.4618142977035171
2801,2801,2801,0.6683333333333339,1.6186007476920732,1.4618142977035171
2802,2802,2802,0.6699999999999999,1.6186007476920732,1.4618142977035171
2803,2803,2803,0.6716666666666669,1.6186007476920732,1.4618142977035171
2804,2804,2804,0.6733333333333338,1.6186007476920732,1.4618142977035171
2805,2805,2805,0.6750000000000016,1.6186007476920732,1.4614328221561
2806,2806,2806,0.6766666666666667,1.6186007476920732,1.4614328221561
2807,2807,2807,0.6783333333333337,1.6186007476920732,1.4618142977035171
2808,2808,2808,0.6800000000000015,1.6186007476920732,1.4618142977035171
2809,2809,2809,0.6816666666666666,1.6186007476920732,1.4618142977035171
2810,2810,2810,0.6833333333333336,1.6186007476920732,1.4614328221561
2811,2811,2811,0.6850000000000005,1.6186007476920732,1.4614328221561
2812,2812,2812,0.6866666666666665,1.6186007476920732,1.4618142977035171
2813,2813,2813,0.6883333333333335,1.6186007476920732,1.4614328221561
2814,2814,2814,0.6900000000000004,1.6186007476920732,1.4618142977035171
2815,2815,2815,0.6916666666666664,1.6186007476920732,1.4618142977035171
2816,2816,2816,0.6933333333333334,1.6186007476920732,1.4618142977035171
2817,2817,2817,0.6950000000000003,1.6186007476920732,1.4618142977035171
2818,2818,2818,0.6966666666666672,1.6186007476920732,1.4614328221561
2819,2819,2819,0.6983333333333333,1.6186007476920732,1.4618142977035171
2820,2820,2820,0.7000000000000002,1.6186007476920732,1.4618142977035171
2821,2821,2821,0.7016666666666671,1.6186007476920732,1.4618142977035171
2822,2822,2822,0.703333333333334,1.6189822232394904,1.4618142977035171
2823,2823,2823,0.7050000000000001,1.6186007476920732,1.4614328221561
2824,2824,2824,0.706666666666667,1.6186007476920732,1.4618142977035171
2825,2825,2825,0.7083333333333339,1.6186007476920732,1.4614328221561
2826,2826,2826,0.71,1.6186007476920732,1.4618142977035171
2827,2827,2827,0.7116666666666669,1.6186007476920732,1.4618142977035171
2828,2828,2828,0.7133333333333338,1.6186007476920732,1.4618142977035171
2829,2829,2829,0.7150000000000016,1.6186007476920732,1.4618142977035171
2830,2830,2830,0.7166666666666668,1.6186007476920732,1.4618142977035171
2831,2831,2831,0.7183333333333337,1.6186007476920732,1.4614328221561
2832,2832,2832,0.7200000000000015,1.6186007476920732,1.4618142977035171
2833,2833,2833,0.7216666666666667,1.6186007476920732,1.4618142977035171
2834,2834,2834,0.7233333333333336,1.6186007476920732,1.4614328221561
2835,2835,2835,0.7250000000000005,1.6186007476920732,1.4614328221561
2836,2836,2836,0.7266666666666666,1.6186007476920732,1.4618142977035171
2837,2837,2837,0.7283333333333335,1.6186007476920732,1.4614328221561
2838,2838,2838,0.7300000000000004,1.6186007476920732,1.4614328221561
2839,2839,2839,0.7316666666666665,1.6186007476920732,1.4618142977035171
2840,2840,2840,0.7333333333333334,1.6186007476920732,1.4614328221561
2841,2841,2841,0.7350000000000003,1.6186007476920732,1.4618142977035171
2842,2842,2842,0.7366666666666672,1.6186007476920732,1.4618142977035171
2843,2843,2843,0.7383333333333333,1.6186007476920732,1.4618142977035171
2844,2844,2844,0.7400000000000002,1.6186007476920732,1.4618142977035171
2845,2845,2845,0.7416666666666671,1.6186007476920732,1.4614328221561
2846,2846,2846,0.7433333333333341,1.6186007476920732,1.4614328221561
2847,2847,2847,0.7450000000000001,1.6186007476920732,1.4618142977035171
2848,2848,2848,0.746666666666667,1.6186007476920732,1.4618142977035171
2849,2849,2849,0.748333333333334,1.6186007476920732,1.4614328221561
2850,2850,2850,0.75,1.6186007476920732,1.4614328221561
2851,2851,2851,0.7516666666666669,1.6186007476920732,1.4618142977035171
2852,2852,2852,0.7533333333333339,1.6186007476920732,1.4618142977035171
2853,2853,2853,0.7549999999999999,1.6186007476920732,1.4614328221561
2854,2854,2854,0.7566666666666668,1.6182192721446556,1.4618142977035171
2855,2855,2855,0.7583333333333337,1.6186007476920732,1.4614328221561
2856,2856,2856,0.7600000000000016,1.6186007476920732,1.4614328221561
2857,2857,2857,0.7616666666666667,1.6186007476920732,1.4618142977035171
2858,2858,2858,0.7633333333333336,1.6186007476920732,1.4614328221561
2859,2859,2859,0.7650000000000015,1.6186007476920732,1.4618142977035171
2860,2860,2860,0.7666666666666666,1.6182192721446556,1.4618142977035171
2861,2861,2861,0.7683333333333335,1.6186007476920732,1.4614328221561
2862,2862,2862,0.7700000000000005,1.6186007476920732,1.4614328221561
2863,2863,2863,0.7716666666666665,1.6186007476920732,1.4618142977035171
2864,2864,2864,0.7733333333333334,1.6186007476920732,1.4614328221561
2865,2865,2865,0.7750000000000004,1.6186007476920732,1.4614328221561
2866,2866,2866,0.7766666666666673,1.6186007476920732,1.4614328221561
2867,2867,2867,0.7783333333333333,1.6186007476920732,1.4618142977035171
2868,2868,2868,0.7800000000000002,1.6186007476920732,1.4618142977035171
2869,2869,2869,0.7816666666666672,1.6186007476920732,1.4614328221561
2870,2870,2870,0.7833333333333332,1.6186007476920732,1.4614328221561
2871,2871,2871,0.7850000000000001,1.6186007476920732,1.4618142977035171
2872,2872,2872,0.7866666666666671,1.6186007476920732,1.4618142977035171
2873,2873,2873,0.788333333333334,1.6186007476920732,1.4614328221561
2874,2874,2874,0.79,1.6186007476920732,1.4618142977035171
2875,2875,2875,0.791666666666667,1.6186007476920732,1.4614328221561
2876,2876,2876,0.7933333333333339,1.6186007476920732,1.4618142977035171
2877,2877,2877,0.7949999999999999,1.6186007476920732,1.4618142977035171
2878,2878,2878,0.7966666666666669,1.6186007476920732,1.4614328221561
2879,2879,2879,0.7983333333333338,1.6186007476920732,1.4618142977035171
2880,2880,2880,0.8000000000000016,1.6186007476920732,1.4614328221561
2881,2881,2881,0.8016666666666667,1.6186007476920732,1.4614328221561
2882,2882,2882,0.8033333333333337,1.6186007476920732,1.4614328221561
2883,2883,2883,0.8050000000000015,1.6186007476920732,1.4614328221561
2884,2884,2884,0.8066666666666666,1.6186007476920732,1.4614328221561
2885,2885,2885,0.8083333333333336,1.6186007476920732,1.4618142977035171
2886,2886,2886,0.8100000000000005,1.6186007476920732,1.4614328221561
2887,2887,2887,0.8116666666666665,1.6186007476920732,1.4618142977035171
2888,2888,2888,0.8133333333333335,1.6186007476920732,1.4618142977035171
2889,2889,2889,0.8150000000000004,1.6186007476920732,1.4618142977035171
2890,2890,2890,0.8166666666666664,1.6186007476920732,1.4614328221561
2891,2891,2891,0.8183333333333334,1.6186007476920732,1.4614328221561
2892,2892,2892,0.8200000000000003,1.6186007476920732,1.4618142977035171
2893,2893,2893,0.8216666666666672,1.6186007476920732,1.4614328221561
2894,2894,2894,0.8233333333333333,1.6186007476920732,1.4618142977035171
2895,2895,2895,0.8250000000000002,1.6186007476920732,1.4614328221561
2896,2896,2896,0.8266666666666671,1.6186007476920732,1.4614328221561
2897,2897,2897,0.828333333333334,1.6186007476920732,1.4618142977035171
2898,2898,2898,0.8300000000000001,1.6186007476920732,1.4618142977035171
2899,2899,2899,0.831666666666667,1.6186007476920732,1.4614328221561
2900,2900,2900,0.8333333333333339,1.6186007476920732,1.4614328221561
2901,2901,2901,0.835,1.6186007476920732,1.4614328221561
2902,2902,2902,0.8366666666666669,1.6186007476920732,1.4618142977035171
2903,2903,2903,0.8383333333333338,1.6186007476920732,1.4618142977035171
2904,2904,2904,0.8400000000000016,1.6186007476920732,1.4614328221561
2905,2905,2905,0.8416666666666668,1.6186007476920732,1.4614328221561
2906,2906,2906,0.8433333333333337,1.6186007476920732,1.4614328221561
2907,2907,2907,0.8450000000000015,1.6186007476920732,1.4618142977035171
2908,2908,2908,0.8466666666666667,1.6186007476920732,1.4614328221561
2909,2909,2909,0.8483333333333336,1.6186007476920732,1.4618142977035171
2910,2910,2910,0.8500000000000005,1.6186007476920732,1.4610513466086823
2911,2911,2911,0.8516666666666666,1.6186007476920732,1.4614328221561
2912,2912,2912,0.8533333333333335,1.6186007476920732,1.4614328221561
2913,2913,2913,0.8550000000000004,1.6186007476920732,1.4614328221561
2914,2914,2914,0.8566666666666665,1.6186007476920732,1.4618142977035171
2915,2915,2915,0.8583333333333334,1.6189822232394904,1.4614328221561
2916,2916,2916,0.8600000000000003,1.6189822232394904,1.4618142977035171
2917,2917,2917,0.8616666666666672,1.6186007476920732,1.4614328221561
2918,2918,2918,0.8633333333333333,1.6186007476920732,1.4618142977035171
2919,2919,2919,0.8650000000000002,1.6186007476920732,1.4618142977035171
2920,2920,2920,0.8666666666666671,1.6186007476920732,1.4618142977035171
2921,2921,2921,0.8683333333333341,1.6189822232394904,1.4614328221561
2922,2922,2922,0.8700000000000001,1.6186007476920732,1.4618142977035171
2923,2923,2923,0.871666666666667,1.6186007476920732,1.4618142977035171
2924,2924,2924,0.873333333333334,1.6186007476920732,1.4614328221561
2925,2925,2925,0.875,1.6186007476920732,1.4614328221561
2926,2926,2926,0.8766666666666669,1.6186007476920732,1.4614328221561
2927,2927,2927,0.8783333333333339,1.6186007476920732,1.4618142977035171
2928,2928,2928,0.8799999999999999,1.6189822232394904,1.4614328221561
2929,2929,2929,0.8816666666666668,1.6186007476920732,1.4614328221561
2930,2930,2930,0.8833333333333337,1.6186007476920732,1.4614328221561
2931,2931,2931,0.8850000000000016,1.6186007476920732,1.4618142977035171
2932,2932,2932,0.8866666666666667,1.6186007476920732,1.4618142977035171
2933,2933,2933,0.8883333333333336,1.6186007476920732,1.4618142977035171
2934,2934,2934,0.8900000000000015,1.6186007476920732,1.4614328221561
2935,2935,2935,0.8916666666666666,1.6186007476920732,1.4614328221561
2936,2936,2936,0.8933333333333335,1.6186007476920732,1.4614328221561
2937,2937,2937,0.8950000000000005,1.6186007476920732,1.4618142977035171
2938,2938,2938,0.8966666666666665,1.6186007476920732,1.4614328221561
2939,2939,2939,0.8983333333333334,1.6186007476920732,1.4614328221561
2940,2940,2940,0.9000000000000004,1.6186007476920732,1.4614328221561
2941,2941,2941,0.9016666666666673,1.6186007476920732,1.4614328221561
2942,2942,2942,0.9033333333333333,1.6186007476920732,1.4618142977035171
2943,2943,2943,0.9050000000000002,1.6186007476920732,1.4618142977035171
2944,2944,2944,0.9066666666666672,1.6186007476920732,1.4614328221561
2945,2945,2945,0.9083333333333332,1.6186007476920732,1.4614328221561
2946,2946,2946,0.9100000000000001,1.6186007476920732,1.4614328221561
2947,2947,2947,0.9116666666666671,1.6186007476920732,1.4618142977035171
2948,2948,2948,0.913333333333334,1.6186007476920732,1.4618142977035171
2949,2949,2949,0.915,1.6186007476920732,1.4618142977035171
2950,2950,2950,0.916666666666667,1.6186007476920732,1.4618142977035171
2951,2951,2951,0.9183333333333339,1.6186007476920732,1.4614328221561
2952,2952,2952,0.9199999999999999,1.6186007476920732,1.4614328221561
2953,2953,2953,0.9216666666666669,1.6182192721446556,1.4614328221561
2954,2954,2954,0.9233333333333338,1.6186007476920732,1.4618142977035171
2955,2955,2955,0.9250000000000016,1.6186007476920732,1.4614328221561
2956,2956,2956,0.9266666666666667,1.6186007476920732,1.4614328221561
2957,2957,2957,0.9283333333333337,1.6189822232394904,1.4618142977035171
2958,2958,2958,0.9300000000000015,1.6186007476920732,1.4614328221561
2959,2959,2959,0.9316666666666666,1.6186007476920732,1.4618142977035171
2960,2960,2960,0.9333333333333336,1.6186007476920732,1.4614328221561
2961,2961,2961,0.9350000000000005,1.6186007476920732,1.4614328221561
2962,2962,2962,0.9366666666666665,1.6189822232394904,1.4614328221561
2963,2963,2963,0.9383333333333335,1.6186007476920732,1.4618142977035171
2964,2964,2964,0.9400000000000004,1.6186007476920732,1.4618142977035171
2965,2965,2965,0.9416666666666664,1.6186007476920732,1.4614328221561
2966,2966,2966,0.9433333333333334,1.6186007476920732,1.4614328221561
2967,2967,2967,0.9450000000000003,1.6186007476920732,1.4614328221561
2968,2968,2968,0.9466666666666672,1.6186007476920732,1.4618142977035171
2969,2969,2969,0.9483333333333333,1.6186007476920732,1.4614328221561
2970,2970,2970,0.9500000000000002,1.6182192721446556,1.4614328221561
2971,2971,2971,0.9516666666666671,1.6186007476920732,1.4614328221561
2972,2972,2972,0.953333333333334,1.6186007476920732,1.4618142977035171
2973,2973,2973,0.9550000000000001,1.6186007476920732,1.4614328221561
2974,2974,2974,0.956666666666667,1.6186007476920732,1.4614328221561
2975,2975,2975,0.9583333333333339,1.6182192721446556,1.4618142977035171
2976,2976,2976,0.96,1.6186007476920732,1.4614328221561
2977,2977,2977,0.9616666666666669,1.6186007476920732,1.4614328221561
2978,2978,2978,0.9633333333333338,1.6186007476920732,1.4614328221561
2979,2979,2979,0.9650000000000016,1.6186007476920732,1.4618142977035171
2980,2980,2980,0.9666666666666668,1.6182192721446556,1.4614328221561
2981,2981,2981,0.9683333333333337,1.6182192721446556,1.4614328221561
2982,2982,2982,0.9700000000000015,1.6186007476920732,1.4614328221561
2983,2983,2983,0.9716666666666667,1.6182192721446556,1.4618142977035171
2984,2984,2984,0.9733333333333336,1.6186007476920732,1.4618142977035171
2985,2985,2985,0.9750000000000005,1.6186007476920732,1.4614328221561
2986,2986,2986,0.9766666666666666,1.6186007476920732,1.4618142977035171
2987,2987,2987,0.9783333333333335,1.6186007476920732,1.4614328221561
2988,2988,2988,0.9800000000000004,1.6186007476920732,1.4618142977035171
2989,2989,2989,0.9816666666666665,1.6186007476920732,1.4618142977035171
2990,2990,2990,0.9833333333333334,1.6182192721446556,1.4618142977035171
2991,2991,2991,0.9850000000000003,1.6186007476920732,1.4614328221561
2992,2992,2992,0.9866666666666672,1.6186007476920732,1.4614328221561
2993,2993,2993,0.9883333333333333,1.6182192721446556,1.4614328221561
2994,2994,2994,0.9900000000000002,1.6186007476920732,1.4614328221561
2995,2995,2995,0.9916666666666671,1.6182192721446556,1.4614328221561
2996,2996,2996,0.9933333333333341,1.6186007476920732,1.4614328221561
2997,2997,2997,0.9950000000000001,1.6186007476920732,1.4618142977035171
2998,2998,2998,0.996666666666667,1.6186007476920732,1.4614328221561
2999,2999,2999,0.998333333333334,1.6186007476920732,1.4614328221561
3000,3000,3000,1.0,1.6186007476920732,1.4614328221561
3001,3001,3001,1.001666666666667,1.6186007476920732,1.4614328221561
3002,3002,3002,1.0033333333333339,1.6186007476920732,1.4614328221561
3003,3003,3003,1.005,1.6186007476920732,1.4614328221561
3004,3004,3004,1.0066666666666668,1.6182192721446556,1.4614328221561
3005,3005,3005,1.0083333333333337,1.6186007476920732,1.4614328221561
3006,3006,3006,1.0100000000000016,1.6186007476920732,1.4614328221561
3007,3007,3007,1.0116666666666667,1.6186007476920732,1.4614328221561
3008,3008,3008,1.0133333333333336,1.6186007476920732,1.4614328221561
3009,3009,3009,1.0150000000000015,1.6186007476920732,1.4614328221561
3010,3010,3010,1.0166666666666666,1.6186007476920732,1.4614328221561
3011,3011,3011,1.0183333333333335,1.6186007476920732,1.4618142977035171
3012,3012,3012,1.0200000000000005,1.6186007476920732,1.4618142977035171
3013,3013,3013,1.0216666666666665,1.6182192721446556,1.4614328221561
3014,3014,3014,1.0233333333333334,1.6186007476920732,1.4614328221561
3015,3015,3015,1.0250000000000004,1.6186007476920732,1.4614328221561
3016,3016,3016,1.0266666666666673,1.6186007476920732,1.4614328221561
3017,3017,3017,1.0283333333333333,1.6186007476920732,1.4614328221561
3018,3018,3018,1.0300000000000002,1.6186007476920732,1.4614328221561
3019,3019,3019,1.0316666666666672,1.6182192721446556,1.4614328221561
3020,3020,3020,1.0333333333333332,1.6186007476920732,1.4614328221561
3021,3021,3021,1.0350000000000001,1.6186007476920732,1.4614328221561
3022,3022,3022,1.036666666666667,1.6186007476920732,1.4618142977035171
3023,3023,3023,1.038333333333334,1.6186007476920732,1.4614328221561
3024,3024,3024,1.04,1.6186007476920732,1.4618142977035171
3025,3025,3025,1.041666666666667,1.6186007476920732,1.4614328221561
3026,3026,3026,1.043333333333334,1.6186007476920732,1.4618142977035171
3027,3027,3027,1.045,1.6186007476920732,1.4618142977035171
3028,3028,3028,1.0466666666666669,1.6182192721446556,1.4618142977035171
3029,3029,3029,1.0483333333333338,1.6186007476920732,1.4618142977035171
3030,3030,3030,1.0500000000000016,1.6186007476920732,1.4614328221561
3031,3031,3031,1.0516666666666667,1.6186007476920732,1.4618142977035171
3032,3032,3032,1.0533333333333337,1.6186007476920732,1.4618142977035171
3033,3033,3033,1.0550000000000015,1.6186007476920732,1.4618142977035171
3034,3034,3034,1.0566666666666666,1.6186007476920732,1.4614328221561
3035,3035,3035,1.0583333333333336,1.6186007476920732,1.4614328221561
3036,3036,3036,1.0600000000000005,1.6186007476920732,1.4614328221561
3037,3037,3037,1.0616666666666665,1.6186007476920732,1.4618142977035171
3038,3038,3038,1.0633333333333335,1.6186007476920732,1.4614328221561
3039,3039,3039,1.0650000000000004,1.6186007476920732,1.4614328221561
3040,3040,3040,1.0666666666666664,1.6182192721446556,1.4614328221561
3041,3041,3041,1.0683333333333334,1.6186007476920732,1.4614328221561
3042,3042,3042,1.0700000000000003,1.6186007476920732,1.4618142977035171
3043,3043,3043,1.0716666666666672,1.6186007476920732,1.4618142977035171
3044,3044,3044,1.0733333333333333,1.6186007476920732,1.4614328221561
3045,3045,3045,1.0750000000000002,1.6182192721446556,1.4614328221561
3046,3046,3046,1.076666666666667,1.6186007476920732,1.4618142977035171
3047,3047,3047,1.078333333333334,1.6182192721446556,1.4614328221561
3048,3048,3048,1.08,1.6186007476920732,1.4614328221561
3049,3049,3049,1.081666666666667,1.6186007476920732,1.4614328221561
3050,3050,3050,1.083333333333334,1.6182192721446556,1.4614328221561
3051,3051,3051,1.085,1.6186007476920732,1.4614328221561
3052,3052,3052,1.086666666666667,1.6186007476920732,1.4614328221561
3053,3053,3053,1.0883333333333338,1.6182192721446556,1.4614328221561
3054,3054,3054,1.0900000000000016,1.6186007476920732,1.4618142977035171
3055,3055,3055,1.0916666666666668,1.6182192721446556,1.4610513466086823
3056,3056,3056,1.0933333333333337,1.6186007476920732,1.4614328221561
3057,3057,3057,1.0950000000000015,1.6186007476920732,1.4614328221561
3058,3058,3058,1.0966666666666667,1.6182192721446556,1.4614328221561
3059,3059,3059,1.0983333333333336,1.6186007476920732,1.4614328221561
3060,3060,3060,1.1000000000000005,1.6182192721446556,1.4610513466086823
3061,3061,3061,1.1016666666666666,1.6186007476920732,1.4614328221561
3062,3062,3062,1.1033333333333335,1.6186007476920732,1.4614328221561
3063,3063,3063,1.1050000000000004,1.6186007476920732,1.4614328221561
3064,3064,3064,1.1066666666666665,1.6186007476920732,1.4614328221561
3065,3065,3065,1.1083333333333334,1.6182192721446556,1.4614328221561
3066,3066,3066,1.1100000000000003,1.6186007476920732,1.4618142977035171
3067,3067,3067,1.1116666666666672,1.6186007476920732,1.4618142977035171
3068,3068,3068,1.1133333333333333,1.6186007476920732,1.4614328221561
3069,3069,3069,1.1150000000000002,1.6186007476920732,1.4618142977035171
3070,3070,3070,1.1166666666666671,1.6182192721446556,1.4618142977035171
3071,3071,3071,1.118333333333334,1.6186007476920732,1.4618142977035171
3072,3072,3072,1.12,1.6186007476920732,1.4618142977035171
3073,3073,3073,1.121666666666667,1.6186007476920732,1.4621957732509347
3074,3074,3074,1.123333333333334,1.6186007476920732,1.4621957732509347
3075,3075,3075,1.125,1.6182192721446556,1.4618142977035171
3076,3076,3076,1.126666666666667,1.6182192721446556,1.4621957732509347
3077,3077,3077,1.1283333333333339,1.6186007476920732,1.4621957732509347
3078,3078,3078,1.13,1.6182192721446556,1.4621957732509347
3079,3079,3079,1.1316666666666668,1.6182192721446556,1.4621957732509347
3080,3080,3080,1.1333333333333337,1.6186007476920732,1.4618142977035171
3081,3081,3081,1.1350000000000016,1.6186007476920732,1.4621957732509347
3082,3082,3082,1.1366666666666667,1.6182192721446556,1.4621957732509347
3083,3083,3083,1.1383333333333336,1.6186007476920732,1.4621957732509347
3084,3084,3084,1.1400000000000015,1.6182192721446556,1.4621957732509347
3085,3085,3085,1.1416666666666666,1.6182192721446556,1.4618142977035171
3086,3086,3086,1.1433333333333335,1.6182192721446556,1.4621957732509347
3087,3087,3087,1.1450000000000005,1.6182192721446556,1.4621957732509347
3088,3088,3088,1.1466666666666665,1.6182192721446556,1.4618142977035171
3089,3089,3089,1.1483333333333334,1.6186007476920732,1.4618142977035171
3090,3090,3090,1.1500000000000004,1.6186007476920732,1.4618142977035171
3091,3091,3091,1.1516666666666673,1.6182192721446556,1.4621957732509347
3092,3092,3092,1.1533333333333333,1.6186007476920732,1.4621957732509347
3093,3093,3093,1.1550000000000002,1.6186007476920732,1.4618142977035171
3094,3094,3094,1.1566666666666672,1.6182192721446556,1.4621957732509347
3095,3095,3095,1.158333333333334,1.6182192721446556,1.4618142977035171
3096,3096,3096,1.1600000000000001,1.6186007476920732,1.4618142977035171
3097,3097,3097,1.161666666666667,1.6186007476920732,1.4618142977035171
3098,3098,3098,1.163333333333334,1.6186007476920732,1.4621957732509347
3099,3099,3099,1.165,1.6182192721446556,1.4621957732509347
3100,3100,3100,1.166666666666667,1.6182192721446556,1.4618142977035171
3101,3101,3101,1.168333333333334,1.6186007476920732,1.4621957732509347
3102,3102,3102,1.17,1.6182192721446556,1.4621957732509347
3103,3103,3103,1.1716666666666669,1.6182192721446556,1.4621957732509347
3104,3104,3104,1.1733333333333338,1.6186007476920732,1.4621957732509347
3105,3105,3105,1.1750000000000016,1.6182192721446556,1.4618142977035171
3106,3106,3106,1.1766666666666667,1.6186007476920732,1.4621957732509347
3107,3107,3107,1.1783333333333337,1.6182192721446556,1.4621957732509347
3108,3108,3108,1.1800000000000015,1.6186007476920732,1.4621957732509347
3109,3109,3109,1.1816666666666666,1.6186007476920732,1.4621957732509347
3110,3110,3110,1.1833333333333336,1.6182192721446556,1.4618142977035171
3111,3111,3111,1.1850000000000005,1.6186007476920732,1.4621957732509347
3112,3112,3112,1.1866666666666665,1.6186007476920732,1.4621957732509347
3113,3113,3113,1.1883333333333335,1.6186007476920732,1.4621957732509347
3114,3114,3114,1.1900000000000004,1.6186007476920732,1.4621957732509347
3115,3115,3115,1.1916666666666664,1.6182192721446556,1.4618142977035171
3116,3116,3116,1.1933333333333334,1.6186007476920732,1.4621957732509347
3117,3117,3117,1.1950000000000003,1.6186007476920732,1.4621957732509347
3118,3118,3118,1.1966666666666672,1.6182192721446556,1.4621957732509347
3119,3119,3119,1.1983333333333333,1.6186007476920732,1.4621957732509347
3120,3120,3120,1.2000000000000002,1.6182192721446556,1.4618142977035171
3121,3121,3121,1.201666666666667,1.6186007476920732,1.4618142977035171
3122,3122,3122,1.203333333333334,1.6186007476920732,1.4618142977035171
3123,3123,3123,1.205,1.6182192721446556,1.4621957732509347
3124,3124,3124,1.206666666666667,1.6186007476920732,1.4621957732509347
3125,3125,3125,1.208333333333334,1.6182192721446556,1.4618142977035171
3126,3126,3126,1.21,1.6186007476920732,1.4618142977035171
3127,3127,3127,1.211666666666667,1.6186007476920732,1.4618142977035171
3128,3128,3128,1.2133333333333338,1.6182192721446556,1.4618142977035171
3129,3129,3129,1.2150000000000016,1.6186007476920732,1.4618142977035171
3130,3130,3130,1.2166666666666668,1.6186007476920732,1.4618142977035171
3131,3131,3131,1.2183333333333337,1.6186007476920732,1.4618142977035171
3132,3132,3132,1.2200000000000015,1.6186007476920732,1.4621957732509347
3133,3133,3133,1.2216666666666667,1.6186007476920732,1.4618142977035171
3134,3134,3134,1.2233333333333336,1.6186007476920732,1.4618142977035171
3135,3135,3135,1.2250000000000005,1.6186007476920732,1.4618142977035171
3136,3136,3136,1.2266666666666666,1.6186007476920732,1.4621957732509347
3137,3137,3137,1.2283333333333335,1.6182192721446556,1.4618142977035171
3138,3138,3138,1.2300000000000004,1.6186007476920732,1.4618142977035171
3139,3139,3139,1.2316666666666665,1.6186007476920732,1.4618142977035171
3140,3140,3140,1.2333333333333334,1.6182192721446556,1.4618142977035171
3141,3141,3141,1.2350000000000003,1.6182192721446556,1.4618142977035171
3142,3142,3142,1.2366666666666672,1.6182192721446556,1.4618142977035171
3143,3143,3143,1.2383333333333333,1.6182192721446556,1.4614328221561
3144,3144,3144,1.2400000000000002,1.6186007476920732,1.4618142977035171
3145,3145,3145,1.2416666666666671,1.6182192721446556,1.4618142977035171
3146,3146,3146,1.243333333333334,1.6182192721446556,1.4614328221561
3147,3147,3147,1.245,1.6186007476920732,1.4618142977035171
3148,3148,3148,1.246666666666667,1.6182192721446556,1.4618142977035171
3149,3149,3149,1.248333333333334,1.6186007476920732,1.4618142977035171
3150,3150,3150,1.25,1.6182192721446556,1.4618142977035171
3151,3151,3151,1.251666666666667,1.6186007476920732,1.4618142977035171
3152,3152,3152,1.2533333333333339,1.6186007476920732,1.4618142977035171
3153,3153,3153,1.255,1.6182192721446556,1.4621957732509347
3154,3154,3154,1.2566666666666668,1.6182192721446556,1.4618142977035171
3155,3155,3155,1.2583333333333337,1.6186007476920732,1.4614328221561
3156,3156,3156,1.2600000000000016,1.6182192721446556,1.4618142977035171
3157,3157,3157,1.2616666666666667,1.6182192721446556,1.4621957732509347
3158,3158,3158,1.2633333333333336,1.6186007476920732,1.4618142977035171
3159,3159,3159,1.2650000000000015,1.6186007476920732,1.4618142977035171
3160,3160,3160,1.2666666666666666,1.6182192721446556,1.4618142977035171
3161,3161,3161,1.2683333333333335,1.6186007476920732,1.4618142977035171
3162,3162,3162,1.2700000000000005,1.6182192721446556,1.4621957732509347
3163,3163,3163,1.2716666666666665,1.6186007476920732,1.4618142977035171
3164,3164,3164,1.2733333333333334,1.6186007476920732,1.4618142977035171
3165,3165,3165,1.2750000000000004,1.6186007476920732,1.4618142977035171
3166,3166,3166,1.2766666666666673,1.6182192721446556,1.4618142977035171
3167,3167,3167,1.2783333333333333,1.6186007476920732,1.4618142977035171
3168,3168,3168,1.2800000000000002,1.6186007476920732,1.4618142977035171
3169,3169,3169,1.2816666666666672,1.6186007476920732,1.4618142977035171
3170,3170,3170,1.283333333333334,1.6182192721446556,1.4618142977035171
3171,3171,3171,1.2850000000000001,1.6182192721446556,1.4618142977035171
3172,3172,3172,1.286666666666667,1.6186007476920732,1.4618142977035171
3173,3173,3173,1.288333333333334,1.6186007476920732,1.4618142977035171
3174,3174,3174,1.29,1.6186007476920732,1.4618142977035171
3175,3175,3175,1.291666666666667,1.6182192721446556,1.4618142977035171
3176,3176,3176,1.293333333333334,1.6186007476920732,1.4618142977035171
3177,3177,3177,1.295,1.6182192721446556,1.4618142977035171
3178,3178,3178,1.2966666666666669,1.6186007476920732,1.4614328221561
3179,3179,3179,1.2983333333333338,1.6182192721446556,1.4618142977035171
3180,3180,3180,1.3000000000000016,1.6182192721446556,1.4614328221561
3181,3181,3181,1.3016666666666667,1.6182192721446556,1.4618142977035171
3182,3182,3182,1.3033333333333337,1.6186007476920732,1.4618142977035171
3183,3183,3183,1.3050000000000015,1.6182192721446556,1.4618142977035171
3184,3184,3184,1.3066666666666666,1.6186007476920732,1.4618142977035171
3185,3185,3185,1.3083333333333336,1.6182192721446556,1.4618142977035171
3186,3186,3186,1.3100000000000005,1.6186007476920732,1.4614328221561
3187,3187,3187,1.3116666666666665,1.6186007476920732,1.4614328221561
3188,3188,3188,1.3133333333333335,1.6182192721446556,1.4614328221561
3189,3189,3189,1.3150000000000004,1.6186007476920732,1.4614328221561
3190,3190,3190,1.3166666666666664,1.6182192721446556,1.4614328221561
3191,3191,3191,1.3183333333333334,1.6182192721446556,1.4614328221561
3192,3192,3192,1.3200000000000003,1.6186007476920732,1.4614328221561
3193,3193,3193,1.3216666666666672,1.6182192721446556,1.4614328221561
3194,3194,3194,1.3233333333333333,1.6186007476920732,1.4618142977035171
3195,3195,3195,1.3250000000000002,1.6182192721446556,1.4610513466086823
3196,3196,3196,1.326666666666667,1.6182192721446556,1.4614328221561
3197,3197,3197,1.328333333333334,1.6186007476920732,1.4614328221561
3198,3198,3198,1.33,1.6186007476920732,1.4614328221561
3199,3199,3199,1.331666666666667,1.6182192721446556,1.4614328221561
3200,3200,3200,1.333333333333334,1.6182192721446556,1.4614328221561
3201,3201,3201,1.335,1.6182192721446556,1.4614328221561
3202,3202,3202,1.336666666666667,1.6182192721446556,1.4614328221561
3203,3203,3203,1.3383333333333338,1.6182192721446556,1.4614328221561
3204,3204,3204,1.3400000000000016,1.6182192721446556,1.4614328221561
3205,3205,3205,1.3416666666666668,1.6182192721446556,1.4614328221561
3206,3206,3206,1.3433333333333337,1.6182192721446556,1.4614328221561
3207,3207,3207,1.3450000000000015,1.6186007476920732,1.4614328221561
3208,3208,3208,1.3466666666666667,1.6182192721446556,1.4614328221561
3209,3209,3209,1.3483333333333336,1.6182192721446556,1.4614328221561
3210,3210,3210,1.3500000000000005,1.6182192721446556,1.4614328221561
3211,3211,3211,1.3516666666666666,1.6182192721446556,1.4614328221561
3212,3212,3212,1.3533333333333335,1.6182192721446556,1.4614328221561
3213,3213,3213,1.3550000000000004,1.6182192721446556,1.4618142977035171
3214,3214,3214,1.3566666666666665,1.6182192721446556,1.4614328221561
3215,3215,3215,1.3583333333333334,1.6182192721446556,1.4614328221561
3216,3216,3216,1.3600000000000003,1.6182192721446556,1.4614328221561
3217,3217,3217,1.3616666666666672,1.6182192721446556,1.4614328221561
3218,3218,3218,1.3633333333333333,1.6182192721446556,1.4614328221561
3219,3219,3219,1.3650000000000002,1.6186007476920732,1.4618142977035171
3220,3220,3220,1.3666666666666671,1.6182192721446556,1.4614328221561
3221,3221,3221,1.368333333333334,1.6186007476920732,1.4614328221561
3222,3222,3222,1.37,1.6186007476920732,1.4614328221561
3223,3223,3223,1.371666666666667,1.6186007476920732,1.4614328221561
3224,3224,3224,1.373333333333334,1.6182192721446556,1.4614328221561
3225,3225,3225,1.375,1.6182192721446556,1.4614328221561
3226,3226,3226,1.3766666666666678,1.6186007476920732,1.4614328221561
3227,3227,3227,1.3783333333333339,1.6186007476920732,1.4614328221561
3228,3228,3228,1.3800000000000008,1.6182192721446556,1.4618142977035171
3229,3229,3229,1.3816666666666677,1.6182192721446556,1.4614328221561
3230,3230,3230,1.3833333333333337,1.6186007476920732,1.4614328221561
3231,3231,3231,1.3850000000000025,1.6182192721446556,1.4614328221561
3232,3232,3232,1.3866666666666676,1.6182192721446556,1.4614328221561
3233,3233,3233,1.3883333333333336,1.6182192721446556,1.4614328221561
3234,3234,3234,1.3900000000000015,1.6182192721446556,1.4614328221561
3235,3235,3235,1.3916666666666684,1.6186007476920732,1.4610513466086823
3236,3236,3236,1.3933333333333335,1.6182192721446556,1.4614328221561
3237,3237,3237,1.3950000000000005,1.6182192721446556,1.4614328221561
3238,3238,3238,1.3966666666666674,1.6182192721446556,1.4614328221561
3239,3239,3239,1.3983333333333325,1.6182192721446556,1.4614328221561
3240,3240,3240,1.4000000000000004,1.6182192721446556,1.4614328221561
3241,3241,3241,1.4016666666666673,1.6186007476920732,1.4614328221561
3242,3242,3242,1.4033333333333324,1.6186007476920732,1.4614328221561
3243,3243,3243,1.4050000000000002,1.6182192721446556,1.4614328221561
3244,3244,3244,1.4066666666666672,1.6182192721446556,1.4614328221561
3245,3245,3245,1.408333333333334,1.6182192721446556,1.4614328221561
3246,3246,3246,1.4100000000000001,1.6182192721446556,1.4614328221561
3247,3247,3247,1.411666666666667,1.6182192721446556,1.4614328221561
3248,3248,3248,1.413333333333334,1.6182192721446556,1.4614328221561
3249,3249,3249,1.415,1.6186007476920732,1.4614328221561
3250,3250,3250,1.4166666666666679,1.6182192721446556,1.4614328221561
3251,3251,3251,1.418333333333334,1.6182192721446556,1.4614328221561
3252,3252,3252,1.42,1.6182192721446556,1.4614328221561
3253,3253,3253,1.4216666666666677,1.6182192721446556,1.4614328221561
3254,3254,3254,1.4233333333333338,1.6182192721446556,1.4614328221561
3255,3255,3255,1.4250000000000025,1.6182192721446556,1.4614328221561
3256,3256,3256,1.4266666666666676,1.6182192721446556,1.4614328221561
3257,3257,3257,1.4283333333333337,1.6182192721446556,1.4614328221561
3258,3258,3258,1.4300000000000015,1.6182192721446556,1.4614328221561
3259,3259,3259,1.4316666666666684,1.6182192721446556,1.4618142977035171
3260,3260,3260,1.4333333333333336,1.6182192721446556,1.4614328221561
3261,3261,3261,1.4350000000000005,1.6182192721446556,1.4614328221561
3262,3262,3262,1.4366666666666674,1.6186007476920732,1.4614328221561
3263,3263,3263,1.4383333333333335,1.6182192721446556,1.4614328221561
3264,3264,3264,1.4400000000000004,1.6182192721446556,1.4614328221561
3265,3265,3265,1.4416666666666673,1.6182192721446556,1.4614328221561
3266,3266,3266,1.4433333333333325,1.6186007476920732,1.4614328221561
3267,3267,3267,1.4450000000000003,1.6182192721446556,1.4614328221561
3268,3268,3268,1.4466666666666672,1.6182192721446556,1.4614328221561
3269,3269,3269,1.4483333333333324,1.6182192721446556,1.4614328221561
3270,3270,3270,1.4500000000000002,1.6182192721446556,1.4614328221561
3271,3271,3271,1.451666666666667,1.6186007476920732,1.4614328221561
3272,3272,3272,1.453333333333334,1.6186007476920732,1.4614328221561
3273,3273,3273,1.455,1.6182192721446556,1.4614328221561
3274,3274,3274,1.4566666666666679,1.6186007476920732,1.4614328221561
3275,3275,3275,1.458333333333334,1.6182192721446556,1.4610513466086823
3276,3276,3276,1.46,1.6186007476920732,1.4610513466086823
3277,3277,3277,1.4616666666666678,1.6186007476920732,1.4614328221561
3278,3278,3278,1.4633333333333338,1.6186007476920732,1.4614328221561
3279,3279,3279,1.4650000000000025,1.6182192721446556,1.4614328221561
3280,3280,3280,1.4666666666666677,1.6182192721446556,1.4614328221561
3281,3281,3281,1.4683333333333337,1.6182192721446556,1.4614328221561
3282,3282,3282,1.4700000000000015,1.6182192721446556,1.4614328221561
3283,3283,3283,1.4716666666666676,1.6186007476920732,1.4614328221561
3284,3284,3284,1.4733333333333336,1.6182192721446556,1.4618142977035171
3285,3285,3285,1.4750000000000005,1.6182192721446556,1.4614328221561
3286,3286,3286,1.4766666666666675,1.6182192721446556,1.4614328221561
3287,3287,3287,1.4783333333333335,1.6186007476920732,1.4614328221561
3288,3288,3288,1.4800000000000004,1.6186007476920732,1.4614328221561
3289,3289,3289,1.4816666666666674,1.6186007476920732,1.4614328221561
3290,3290,3290,1.4833333333333325,1.6182192721446556,1.4614328221561
3291,3291,3291,1.4850000000000003,1.6182192721446556,1.4614328221561
3292,3292,3292,1.4866666666666672,1.6182192721446556,1.4614328221561
3293,3293,3293,1.4883333333333324,1.6182192721446556,1.4614328221561
3294,3294,3294,1.4900000000000002,1.6186007476920732,1.4614328221561
3295,3295,3295,1.4916666666666671,1.6182192721446556,1.4614328221561
3296,3296,3296,1.493333333333334,1.6182192721446556,1.4614328221561
3297,3297,3297,1.495,1.6182192721446556,1.4614328221561
3298,3298,3298,1.496666666666667,1.6182192721446556,1.4614328221561
3299,3299,3299,1.498333333333334,1.6182192721446556,1.4614328221561
3300,3300,3300,1.5,1.6182192721446556,1.4614328221561
3301,3301,3301,1.5016666666666678,1.6186007476920732,1.4614328221561
3302,3302,3302,1.5033333333333339,1.6182192721446556,1.4614328221561
3303,3303,3303,1.5050000000000008,1.6186007476920732,1.4610513466086823
3304,3304,3304,1.5066666666666677,1.6182192721446556,1.4614328221561
3305,3305,3305,1.5083333333333337,1.6182192721446556,1.4614328221561
3306,3306,3306,1.5100000000000025,1.6182192721446556,1.4614328221561
3307,3307,3307,1.5116666666666676,1.6186007476920732,1.4614328221561
3308,3308,3308,1.5133333333333336,1.6182192721446556,1.4614328221561
3309,3309,3309,1.5150000000000015,1.6182192721446556,1.4614328221561
3310,3310,3310,1.5166666666666684,1.6182192721446556,1.4614328221561
3311,3311,3311,1.5183333333333335,1.6182192721446556,1.4614328221561
3312,3312,3312,1.5200000000000005,1.6182192721446556,1.4614328221561
3313,3313,3313,1.5216666666666674,1.6182192721446556,1.4614328221561
3314,3314,3314,1.5233333333333325,1.6186007476920732,1.4614328221561
3315,3315,3315,1.5250000000000004,1.6182192721446556,1.4614328221561
3316,3316,3316,1.5266666666666673,1.6182192721446556,1.4614328221561
3317,3317,3317,1.5283333333333324,1.6182192721446556,1.4614328221561
3318,3318,3318,1.5300000000000002,1.6178377965972381,1.4614328221561
3319,3319,3319,1.5316666666666672,1.6182192721446556,1.4614328221561
3320,3320,3320,1.533333333333334,1.6178377965972381,1.4614328221561
3321,3321,3321,1.5350000000000001,1.6182192721446556,1.4614328221561
3322,3322,3322,1.536666666666667,1.6182192721446556,1.4614328221561
3323,3323,3323,1.538333333333334,1.6182192721446556,1.4614328221561
3324,3324,3324,1.54,1.6182192721446556,1.4614328221561
3325,3325,3325,1.5416666666666679,1.6178377965972381,1.4614328221561
3326,3326,3326,1.543333333333334,1.6182192721446556,1.4614328221561
3327,3327,3327,1.545,1.6182192721446556,1.4614328221561
3328,3328,3328,1.5466666666666677,1.6182192721446556,1.4610513466086823
3329,3329,3329,1.5483333333333338,1.6182192721446556,1.4614328221561
3330,3330,3330,1.5500000000000025,1.6182192721446556,1.4614328221561
3331,3331,3331,1.5516666666666676,1.6182192721446556,1.4614328221561
3332,3332,3332,1.5533333333333337,1.6182192721446556,1.4614328221561
3333,3333,3333,1.5550000000000015,1.6182192721446556,1.4614328221561
3334,3334,3334,1.5566666666666684,1.6182192721446556,1.4614328221561
3335,3335,3335,1.5583333333333336,1.6182192721446556,1.4614328221561
3336,3336,3336,1.5600000000000005,1.6182192721446556,1.4614328221561
3337,3337,3337,1.5616666666666674,1.6182192721446556,1.4614328221561
3338,3338,3338,1.5633333333333335,1.6182192721446556,1.4614328221561
3339,3339,3339,1.5650000000000004,1.6182192721446556,1.4614328221561
3340,3340,3340,1.5666666666666673,1.6182192721446556,1.4610513466086823
3341,3341,3341,1.5683333333333325,1.6186007476920732,1.4614328221561
3342,3342,3342,1.5700000000000003,1.6182192721446556,1.4614328221561
3343,3343,3343,1.5716666666666672,1.6182192721446556,1.4618142977035171
3344,3344,3344,1.5733333333333324,1.6182192721446556,1.4614328221561
3345,3345,3345,1.5750000000000002,1.6186007476920732,1.4610513466086823
3346,3346,3346,1.576666666666667,1.6182192721446556,1.4614328221561
3347,3347,3347,1.578333333333334,1.6186007476920732,1.4614328221561
3348,3348,3348,1.58,1.6182192721446556,1.4614328221561
3349,3349,3349,1.5816666666666679,1.6182192721446556,1.4614328221561
3350,3350,3350,1.583333333333334,1.6182192721446556,1.4614328221561
3351,3351,3351,1.585,1.6182192721446556,1.4614328221561
3352,3352,3352,1.5866666666666678,1.6182192721446556,1.4614328221561
3353,3353,3353,1.5883333333333338,1.6182192721446556,1.4614328221561
3354,3354,3354,1.5900000000000025,1.6182192721446556,1.4614328221561
3355,3355,3355,1.5916666666666677,1.6182192721446556,1.4614328221561
3356,3356,3356,1.5933333333333337,1.6182192721446556,1.4614328221561
3357,3357,3357,1.5950000000000015,1.6182192721446556,1.4614328221561
3358,3358,3358,1.5966666666666676,1.6182192721446556,1.4614328221561
3359,3359,3359,1.5983333333333336,1.6182192721446556,1.4614328221561
3360,3360,3360,1.6000000000000005,1.6182192721446556,1.4614328221561
3361,3361,3361,1.6016666666666675,1.6182192721446556,1.4614328221561
3362,3362,3362,1.6033333333333335,1.6182192721446556,1.4614328221561
3363,3363,3363,1.6050000000000004,1.6182192721446556,1.4614328221561
3364,3364,3364,1.6066666666666674,1.6182192721446556,1.4614328221561
3365,3365,3365,1.6083333333333325,1.6182192721446556,1.4614328221561
3366,3366,3366,1.6100000000000003,1.6182192721446556,1.4614328221561
3367,3367,3367,1.6116666666666672,1.6182192721446556,1.4614328221561
3368,3368,3368,1.6133333333333324,1.6182192721446556,1.4610513466086823
3369,3369,3369,1.6150000000000002,1.6182192721446556,1.4614328221561
3370,3370,3370,1.6166666666666671,1.6182192721446556,1.4614328221561
3371,3371,3371,1.618333333333334,1.6182192721446556,1.4614328221561
3372,3372,3372,1.62,1.6182192721446556,1.4614328221561
3373,3373,3373,1.621666666666667,1.6182192721446556,1.4614328221561
3374,3374,3374,1.623333333333334,1.6186007476920732,1.4614328221561
3375,3375,3375,1.625,1.6182192721446556,1.4614328221561
3376,3376,3376,1.6266666666666678,1.6182192721446556,1.4614328221561
3377,3377,3377,1.6283333333333339,1.6182192721446556,1.4610513466086823
3378,3378,3378,1.6300000000000008,1.6182192721446556,1.4610513466086823
3379,3379,3379,1.6316666666666677,1.6182192721446556,1.4614328221561
3380,3380,3380,1.6333333333333337,1.6182192721446556,1.4614328221561
3381,3381,3381,1.6350000000000025,1.6182192721446556,1.4614328221561
3382,3382,3382,1.6366666666666676,1.6182192721446556,1.4610513466086823
3383,3383,3383,1.6383333333333336,1.6182192721446556,1.4614328221561
3384,3384,3384,1.6400000000000015,1.6182192721446556,1.4614328221561
3385,3385,3385,1.6416666666666684,1.6182192721446556,1.4614328221561
3386,3386,3386,1.6433333333333335,1.6182192721446556,1.4618142977035171
3387,3387,3387,1.6450000000000005,1.6186007476920732,1.4614328221561
3388,3388,3388,1.6466666666666674,1.6182192721446556,1.4614328221561
3389,3389,3389,1.6483333333333325,1.6182192721446556,1.4614328221561
3390,3390,3390,1.6500000000000004,1.6178377965972381,1.4614328221561
3391,3391,3391,1.6516666666666673,1.6182192721446556,1.4614328221561
3392,3392,3392,1.6533333333333324,1.6186007476920732,1.4614328221561
3393,3393,3393,1.6550000000000002,1.6182192721446556,1.4614328221561
3394,3394,3394,1.6566666666666672,1.6182192721446556,1.4614328221561
3395,3395,3395,1.658333333333334,1.6182192721446556,1.4614328221561
3396,3396,3396,1.6600000000000001,1.6182192721446556,1.4610513466086823
3397,3397,3397,1.661666666666667,1.6182192721446556,1.4614328221561
3398,3398,3398,1.663333333333334,1.6186007476920732,1.4614328221561
3399,3399,3399,1.665,1.6182192721446556,1.4614328221561
3400,3400,3400,1.6666666666666679,1.6182192721446556,1.4614328221561
3401,3401,3401,1.668333333333334,1.6186007476920732,1.4614328221561
3402,3402,3402,1.67,1.6182192721446556,1.4614328221561
3403,3403,3403,1.6716666666666677,1.6182192721446556,1.4614328221561
3404,3404,3404,1.6733333333333338,1.6182192721446556,1.4614328221561
3405,3405,3405,1.6750000000000025,1.6182192721446556,1.4610513466086823
3406,3406,3406,1.6766666666666676,1.6182192721446556,1.4614328221561
3407,3407,3407,1.6783333333333337,1.6182192721446556,1.4614328221561
3408,3408,3408,1.6800000000000015,1.6182192721446556,1.4610513466086823
3409,3409,3409,1.6816666666666684,1.6182192721446556,1.4614328221561
3410,3410,3410,1.6833333333333336,1.6182192721446556,1.4614328221561
3411,3411,3411,1.6850000000000005,1.6182192721446556,1.4614328221561
3412,3412,3412,1.6866666666666674,1.6182192721446556,1.4614328221561
3413,3413,3413,1.6883333333333335,1.6182192721446556,1.4614328221561
3414,3414,3414,1.6900000000000004,1.6182192721446556,1.4610513466086823
3415,3415,3415,1.6916666666666673,1.6182192721446556,1.4610513466086823
3416,3416,3416,1.6933333333333325,1.6182192721446556,1.4614328221561
3417,3417,3417,1.6950000000000003,1.6186007476920732,1.4614328221561
3418,3418,3418,1.6966666666666672,1.6182192721446556,1.4614328221561
3419,3419,3419,1.6983333333333341,1.6182192721446556,1.4614328221561
3420,3420,3420,1.7000000000000002,1.6182192721446556,1.4614328221561
3421,3421,3421,1.701666666666667,1.6186007476920732,1.4614328221561
3422,3422,3422,1.703333333333334,1.6182192721446556,1.4614328221561
3423,3423,3423,1.705,1.6182192721446556,1.4614328221561
3424,3424,3424,1.7066666666666679,1.6182192721446556,1.4614328221561
3425,3425,3425,1.708333333333334,1.6182192721446556,1.4610513466086823
3426,3426,3426,1.71,1.6182192721446556,1.4610513466086823
3427,3427,3427,1.7116666666666678,1.6182192721446556,1.4614328221561
3428,3428,3428,1.7133333333333338,1.6182192721446556,1.4614328221561
3429,3429,3429,1.7150000000000025,1.6182192721446556,1.4614328221561
3430,3430,3430,1.7166666666666677,1.6182192721446556,1.4614328221561
3431,3431,3431,1.7183333333333337,1.6186007476920732,1.4614328221561
3432,3432,3432,1.7200000000000015,1.6186007476920732,1.4614328221561
3433,3433,3433,1.7216666666666676,1.6182192721446556,1.4614328221561
3434,3434,3434,1.7233333333333336,1.6182192721446556,1.4614328221561
3435,3435,3435,1.7250000000000005,1.6182192721446556,1.4610513466086823
3436,3436,3436,1.7266666666666675,1.6186007476920732,1.4614328221561
3437,3437,3437,1.7283333333333335,1.6182192721446556,1.4614328221561
3438,3438,3438,1.7300000000000004,1.6182192721446556,1.4614328221561
3439,3439,3439,1.7316666666666674,1.6182192721446556,1.4614328221561
3440,3440,3440,1.7333333333333325,1.6182192721446556,1.4610513466086823
3441,3441,3441,1.7350000000000003,1.6182192721446556,1.4614328221561
3442,3442,3442,1.7366666666666672,1.6182192721446556,1.4614328221561
3443,3443,3443,1.7383333333333324,1.6186007476920732,1.4614328221561
3444,3444,3444,1.7400000000000002,1.6182192721446556,1.4614328221561
3445,3445,3445,1.7416666666666671,1.6182192721446556,1.4610513466086823
3446,3446,3446,1.743333333333334,1.6182192721446556,1.4610513466086823
3447,3447,3447,1.745,1.6182192721446556,1.4614328221561
3448,3448,3448,1.746666666666667,1.6186007476920732,1.4614328221561
3449,3449,3449,1.748333333333334,1.6182192721446556,1.4614328221561
3450,3450,3450,1.75,1.6182192721446556,1.4610513466086823
3451,3451,3451,1.7516666666666678,1.6182192721446556,1.4614328221561
3452,3452,3452,1.7533333333333339,1.6186007476920732,1.4614328221561
3453,3453,3453,1.7550000000000008,1.6186007476920732,1.4614328221561
3454,3454,3454,1.7566666666666677,1.6182192721446556,1.4614328221561
3455,3455,3455,1.7583333333333337,1.6182192721446556,1.4610513466086823
3456,3456,3456,1.7600000000000025,1.6182192721446556,1.4614328221561
3457,3457,3457,1.7616666666666676,1.6182192721446556,1.4614328221561
3458,3458,3458,1.7633333333333336,1.6182192721446556,1.4610513466086823
3459,3459,3459,1.7650000000000015,1.6182192721446556,1.4614328221561
3460,3460,3460,1.7666666666666684,1.6182192721446556,1.4614328221561
3461,3461,3461,1.7683333333333335,1.6182192721446556,1.4614328221561
3462,3462,3462,1.7700000000000005,1.6182192721446556,1.4614328221561
3463,3463,3463,1.7716666666666674,1.6182192721446556,1.4614328221561
3464,3464,3464,1.7733333333333325,1.6182192721446556,1.4614328221561
3465,3465,3465,1.7750000000000004,1.6182192721446556,1.4610513466086823
3466,3466,3466,1.7766666666666673,1.6182192721446556,1.4614328221561
3467,3467,3467,1.7783333333333324,1.6182192721446556,1.4614328221561
3468,3468,3468,1.7800000000000002,1.6186007476920732,1.4614328221561
3469,3469,3469,1.7816666666666672,1.6182192721446556,1.4614328221561
3470,3470,3470,1.783333333333334,1.6182192721446556,1.4610513466086823
3471,3471,3471,1.7850000000000001,1.6182192721446556,1.4614328221561
3472,3472,3472,1.786666666666667,1.6182192721446556,1.4614328221561
3473,3473,3473,1.788333333333334,1.6182192721446556,1.4614328221561
3474,3474,3474,1.79,1.6182192721446556,1.4614328221561
3475,3475,3475,1.7916666666666679,1.6182192721446556,1.4610513466086823
3476,3476,3476,1.793333333333334,1.6182192721446556,1.4610513466086823
3477,3477,3477,1.795,1.6182192721446556,1.4614328221561
3478,3478,3478,1.7966666666666677,1.6182192721446556,1.4614328221561
3479,3479,3479,1.7983333333333338,1.6182192721446556,1.4614328221561
3480,3480,3480,1.8000000000000025,1.6182192721446556,1.4610513466086823
3481,3481,3481,1.8016666666666676,1.6182192721446556,1.4614328221561
3482,3482,3482,1.8033333333333337,1.6182192721446556,1.4610513466086823
3483,3483,3483,1.8050000000000015,1.6182192721446556,1.4614328221561
3484,3484,3484,1.8066666666666684,1.6186007476920732,1.4610513466086823
3485,3485,3485,1.8083333333333336,1.6182192721446556,1.4614328221561
3486,3486,3486,1.8100000000000005,1.6182192721446556,1.4614328221561
3487,3487,3487,1.8116666666666674,1.6182192721446556,1.4614328221561
3488,3488,3488,1.8133333333333335,1.6182192721446556,1.4614328221561
3489,3489,3489,1.8150000000000004,1.6182192721446556,1.4614328221561
3490,3490,3490,1.8166666666666673,1.6178377965972381,1.4614328221561
3491,3491,3491,1.8183333333333325,1.6182192721446556,1.4614328221561
3492,3492,3492,1.8200000000000003,1.6182192721446556,1.4614328221561
3493,3493,3493,1.8216666666666672,1.6182192721446556,1.4614328221561
3494,3494,3494,1.8233333333333341,1.6182192721446556,1.4614328221561
3495,3495,3495,1.8250000000000002,1.6182192721446556,1.4610513466086823
3496,3496,3496,1.826666666666667,1.6182192721446556,1.4614328221561
3497,3497,3497,1.828333333333334,1.6186007476920732,1.4614328221561
3498,3498,3498,1.83,1.6186007476920732,1.4610513466086823
3499,3499,3499,1.8316666666666679,1.6182192721446556,1.4614328221561
3500,3500,3500,1.833333333333334,1.6182192721446556,1.4610513466086823
3501,3501,3501,1.835,1.6182192721446556,1.4614328221561
3502,3502,3502,1.8366666666666678,1.6182192721446556,1.4610513466086823
3503,3503,3503,1.8383333333333338,1.6182192721446556,1.4614328221561
3504,3504,3504,1.8400000000000025,1.6182192721446556,1.4614328221561
3505,3505,3505,1.8416666666666677,1.6182192721446556,1.4614328221561
3506,3506,3506,1.8433333333333337,1.6182192721446556,1.4614328221561
3507,3507,3507,1.8450000000000015,1.6182192721446556,1.4614328221561
3508,3508,3508,1.8466666666666676,1.6182192721446556,1.4610513466086823
3509,3509,3509,1.8483333333333336,1.6182192721446556,1.4614328221561
3510,3510,3510,1.8500000000000005,1.6182192721446556,1.4610513466086823
3511,3511,3511,1.8516666666666675,1.6182192721446556,1.4614328221561
3512,3512,3512,1.8533333333333335,1.6182192721446556,1.4610513466086823
3513,3513,3513,1.8550000000000004,1.6182192721446556,1.4614328221561
3514,3514,3514,1.8566666666666674,1.6182192721446556,1.4614328221561
3515,3515,3515,1.8583333333333325,1.6182192721446556,1.4610513466086823
3516,3516,3516,1.8600000000000003,1.6182192721446556,1.4610513466086823
3517,3517,3517,1.8616666666666672,1.6182192721446556,1.4614328221561
3518,3518,3518,1.8633333333333324,1.6182192721446556,1.4614328221561
3519,3519,3519,1.8650000000000002,1.6182192721446556,1.4610513466086823
3520,3520,3520,1.8666666666666671,1.6182192721446556,1.4610513466086823
3521,3521,3521,1.868333333333334,1.6186007476920732,1.4614328221561
3522,3522,3522,1.87,1.6182192721446556,1.4614328221561
3523,3523,3523,1.871666666666667,1.6182192721446556,1.4610513466086823
3524,3524,3524,1.873333333333334,1.6182192721446556,1.4610513466086823
3525,3525,3525,1.875,1.6182192721446556,1.4610513466086823
3526,3526,3526,1.8766666666666678,1.6182192721446556,1.4614328221561
3527,3527,3527,1.8783333333333339,1.6182192721446556,1.4614328221561
3528,3528,3528,1.8800000000000008,1.6182192721446556,1.4614328221561
3529,3529,3529,1.8816666666666677,1.6182192721446556,1.4614328221561
3530,3530,3530,1.8833333333333337,1.6182192721446556,1.4610513466086823
3531,3531,3531,1.8850000000000025,1.6182192721446556,1.4614328221561
3532,3532,3532,1.8866666666666676,1.6182192721446556,1.4614328221561
3533,3533,3533,1.8883333333333336,1.6186007476920732,1.4614328221561
3534,3534,3534,1.8900000000000015,1.6186007476920732,1.4614328221561
3535,3535,3535,1.8916666666666684,1.6182192721446556,1.4614328221561
3536,3536,3536,1.8933333333333335,1.6182192721446556,1.4614328221561
3537,3537,3537,1.8950000000000005,1.6182192721446556,1.4610513466086823
3538,3538,3538,1.8966666666666674,1.6182192721446556,1.4614328221561
3539,3539,3539,1.8983333333333325,1.6186007476920732,1.4614328221561
3540,3540,3540,1.9000000000000004,1.6182192721446556,1.4610513466086823
3541,3541,3541,1.9016666666666673,1.6186007476920732,1.4610513466086823
3542,3542,3542,1.9033333333333324,1.6182192721446556,1.4614328221561
3543,3543,3543,1.9050000000000002,1.6182192721446556,1.4610513466086823
3544,3544,3544,1.9066666666666672,1.6182192721446556,1.4610513466086823
3545,3545,3545,1.908333333333334,1.6182192721446556,1.4614328221561
3546,3546,3546,1.9100000000000001,1.6182192721446556,1.4610513466086823
3547,3547,3547,1.911666666666667,1.6182192721446556,1.4614328221561
3548,3548,3548,1.913333333333334,1.6182192721446556,1.4614328221561
3549,3549,3549,1.915,1.6182192721446556,1.4614328221561
3550,3550,3550,1.9166666666666679,1.6182192721446556,1.4614328221561
3551,3551,3551,1.918333333333334,1.6182192721446556,1.4614328221561
3552,3552,3552,1.9200000000000008,1.6182192721446556,1.4614328221561
3553,3553,3553,1.9216666666666677,1.6182192721446556,1.4614328221561
3554,3554,3554,1.9233333333333338,1.6186007476920732,1.4614328221561
3555,3555,3555,1.9250000000000025,1.6182192721446556,1.4610513466086823
3556,3556,3556,1.9266666666666676,1.6182192721446556,1.4614328221561
3557,3557,3557,1.9283333333333337,1.6182192721446556,1.4610513466086823
3558,3558,3558,1.9300000000000015,1.6182192721446556,1.4610513466086823
3559,3559,3559,1.9316666666666684,1.6182192721446556,1.4610513466086823
3560,3560,3560,1.9333333333333336,1.6182192721446556,1.4614328221561
3561,3561,3561,1.9350000000000005,1.6182192721446556,1.4610513466086823
3562,3562,3562,1.9366666666666674,1.6182192721446556,1.4610513466086823
3563,3563,3563,1.9383333333333335,1.6182192721446556,1.4614328221561
3564,3564,3564,1.9400000000000004,1.6186007476920732,1.4614328221561
3565,3565,3565,1.9416666666666673,1.6182192721446556,1.4610513466086823
3566,3566,3566,1.9433333333333325,1.6186007476920732,1.4614328221561
3567,3567,3567,1.9450000000000003,1.6182192721446556,1.4614328221561
3568,3568,3568,1.9466666666666672,1.6182192721446556,1.4610513466086823
3569,3569,3569,1.9483333333333341,1.6182192721446556,1.4614328221561
3570,3570,3570,1.9500000000000002,1.6182192721446556,1.4610513466086823
3571,3571,3571,1.951666666666667,1.6182192721446556,1.4610513466086823
3572,3572,3572,1.953333333333334,1.6182192721446556,1.4610513466086823
3573,3573,3573,1.955,1.6182192721446556,1.4614328221561
3574,3574,3574,1.9566666666666679,1.6182192721446556,1.4614328221561
3575,3575,3575,1.958333333333334,1.6182192721446556,1.4610513466086823
3576,3576,3576,1.96,1.6182192721446556,1.4614328221561
3577,3577,3577,1.9616666666666678,1.6182192721446556,1.4614328221561
3578,3578,3578,1.9633333333333338,1.6182192721446556,1.4614328221561
3579,3579,3579,1.9650000000000025,1.6182192721446556,1.4614328221561
3580,3580,3580,1.9666666666666677,1.6178377965972381,1.4610513466086823
3581,3581,3581,1.9683333333333337,1.6182192721446556,1.4614328221561
3582,3582,3582,1.9700000000000015,1.6182192721446556,1.4610513466086823
3583,3583,3583,1.9716666666666676,1.6182192721446556,1.4610513466086823
3584,3584,3584,1.9733333333333336,1.6182192721446556,1.4614328221561
3585,3585,3585,1.9750000000000005,1.6182192721446556,1.4610513466086823
3586,3586,3586,1.9766666666666675,1.6182192721446556,1.4614328221561
3587,3587,3587,1.9783333333333335,1.6182192721446556,1.4614328221561
3588,3588,3588,1.9800000000000004,1.6182192721446556,1.4614328221561
3589,3589,3589,1.9816666666666674,1.6186007476920732,1.4614328221561
3590,3590,3590,1.9833333333333325,1.6182192721446556,1.4610513466086823
3591,3591,3591,1.9850000000000003,1.6182192721446556,1.4614328221561
3592,3592,3592,1.9866666666666672,1.6182192721446556,1.4614328221561
3593,3593,3593,1.9883333333333324,1.6182192721446556,1.4614328221561
3594,3594,3594,1.9900000000000002,1.6182192721446556,1.4614328221561
3595,3595,3595,1.9916666666666671,1.6186007476920732,1.4610513466086823
3596,3596,3596,1.993333333333334,1.6182192721446556,1.4614328221561
3597,3597,3597,1.995,1.6182192721446556,1.4614328221561
3598,3598,3598,1.996666666666667,1.6182192721446556,1.4614328221561
3599,3599,3599,1.998333333333334,1.6182192721446556,1.4614328221561
3600,3600,3600,2.0,1.6182192721446556,1.4614328221561
3601,3601,3601,2.001666666666668,1.6182192721446556,1.4614328221561
3602,3602,3602,2.003333333333334,1.6186007476920732,1.4614328221561
3603,3603,3603,2.005000000000001,1.6182192721446556,1.4614328221561
3604,3604,3604,2.0066666666666677,1.6182192721446556,1.4614328221561
3605,3605,3605,2.0083333333333337,1.6182192721446556,1.4614328221561
3606,3606,3606,2.0100000000000025,1.6182192721446556,1.4614328221561
3607,3607,3607,2.0116666666666676,1.6182192721446556,1.4614328221561
3608,3608,3608,2.0133333333333336,1.6186007476920732,1.4614328221561
3609,3609,3609,2.0150000000000015,1.6182192721446556,1.4614328221561
3610,3610,3610,2.0166666666666675,1.6182192721446556,1.4614328221561
3611,3611,3611,2.0183333333333335,1.6182192721446556,1.4614328221561
3612,3612,3612,2.0200000000000005,1.6182192721446556,1.4614328221561
3613,3613,3613,2.0216666666666674,1.6182192721446556,1.4614328221561
3614,3614,3614,2.0233333333333325,1.6182192721446556,1.4614328221561
3615,3615,3615,2.0250000000000004,1.6182192721446556,1.4614328221561
3616,3616,3616,2.0266666666666673,1.6182192721446556,1.4614328221561
3617,3617,3617,2.0283333333333324,1.6182192721446556,1.4614328221561
3618,3618,3618,2.0300000000000002,1.6186007476920732,1.4614328221561
3619,3619,3619,2.031666666666667,1.6182192721446556,1.4614328221561
3620,3620,3620,2.033333333333334,1.6182192721446556,1.4614328221561
3621,3621,3621,2.035,1.6182192721446556,1.4614328221561
3622,3622,3622,2.036666666666667,1.6182192721446556,1.4614328221561
3623,3623,3623,2.038333333333334,1.6182192721446556,1.4614328221561
3624,3624,3624,2.04,1.6182192721446556,1.4618142977035171
3625,3625,3625,2.041666666666668,1.6182192721446556,1.4610513466086823
3626,3626,3626,2.043333333333334,1.6182192721446556,1.4614328221561
3627,3627,3627,2.045000000000001,1.6182192721446556,1.4614328221561
3628,3628,3628,2.0466666666666677,1.6182192721446556,1.4614328221561
3629,3629,3629,2.048333333333334,1.6182192721446556,1.4614328221561
3630,3630,3630,2.0500000000000025,1.6182192721446556,1.4614328221561
3631,3631,3631,2.0516666666666676,1.6182192721446556,1.4614328221561
3632,3632,3632,2.0533333333333337,1.6182192721446556,1.4614328221561
3633,3633,3633,2.0550000000000015,1.6182192721446556,1.4614328221561
3634,3634,3634,2.0566666666666684,1.6182192721446556,1.4614328221561
3635,3635,3635,2.0583333333333336,1.6182192721446556,1.4614328221561
3636,3636,3636,2.0600000000000005,1.6182192721446556,1.4618142977035171
3637,3637,3637,2.0616666666666674,1.6186007476920732,1.4614328221561
3638,3638,3638,2.0633333333333335,1.6182192721446556,1.4614328221561
3639,3639,3639,2.0650000000000004,1.6182192721446556,1.4614328221561
3640,3640,3640,2.0666666666666673,1.6182192721446556,1.4614328221561
3641,3641,3641,2.0683333333333325,1.6182192721446556,1.4614328221561
3642,3642,3642,2.0700000000000003,1.6182192721446556,1.4614328221561
3643,3643,3643,2.071666666666667,1.6182192721446556,1.4614328221561
3644,3644,3644,2.073333333333334,1.6182192721446556,1.4614328221561
3645,3645,3645,2.075,1.6182192721446556,1.4610513466086823
3646,3646,3646,2.076666666666667,1.6182192721446556,1.4614328221561
3647,3647,3647,2.078333333333334,1.6182192721446556,1.4614328221561
3648,3648,3648,2.08,1.6182192721446556,1.4614328221561
3649,3649,3649,2.081666666666668,1.6182192721446556,1.4614328221561
3650,3650,3650,2.083333333333334,1.6182192721446556,1.4614328221561
3651,3651,3651,2.085,1.6182192721446556,1.4618142977035171
3652,3652,3652,2.086666666666668,1.6182192721446556,1.4618142977035171
3653,3653,3653,2.088333333333334,1.6182192721446556,1.4614328221561
3654,3654,3654,2.0900000000000025,1.6182192721446556,1.4614328221561
3655,3655,3655,2.0916666666666677,1.6182192721446556,1.4614328221561
3656,3656,3656,2.0933333333333337,1.6182192721446556,1.4614328221561
3657,3657,3657,2.0950000000000015,1.6182192721446556,1.4614328221561
3658,3658,3658,2.0966666666666676,1.6182192721446556,1.4614328221561
3659,3659,3659,2.0983333333333336,1.6182192721446556,1.4614328221561
3660,3660,3660,2.1000000000000005,1.6182192721446556,1.4614328221561
3661,3661,3661,2.1016666666666675,1.6182192721446556,1.4614328221561
3662,3662,3662,2.1033333333333335,1.6182192721446556,1.4614328221561
3663,3663,3663,2.1050000000000004,1.6182192721446556,1.4614328221561
3664,3664,3664,2.1066666666666674,1.6182192721446556,1.4614328221561
3665,3665,3665,2.1083333333333325,1.6182192721446556,1.4614328221561
3666,3666,3666,2.1100000000000003,1.6178377965972381,1.4614328221561
3667,3667,3667,2.1116666666666672,1.6182192721446556,1.4614328221561
3668,3668,3668,2.1133333333333324,1.6182192721446556,1.4614328221561
3669,3669,3669,2.115,1.6182192721446556,1.4614328221561
3670,3670,3670,2.116666666666667,1.6182192721446556,1.4614328221561
3671,3671,3671,2.118333333333334,1.6182192721446556,1.4614328221561
3672,3672,3672,2.12,1.6182192721446556,1.4614328221561
3673,3673,3673,2.121666666666667,1.6182192721446556,1.4614328221561
3674,3674,3674,2.123333333333334,1.6182192721446556,1.4614328221561
3675,3675,3675,2.125,1.6182192721446556,1.4610513466086823
3676,3676,3676,2.126666666666668,1.6182192721446556,1.4614328221561
3677,3677,3677,2.128333333333334,1.6182192721446556,1.4614328221561
3678,3678,3678,2.130000000000001,1.6186007476920732,1.4618142977035171
3679,3679,3679,2.1316666666666677,1.6182192721446556,1.4614328221561
3680,3680,3680,2.1333333333333337,1.6182192721446556,1.4614328221561
3681,3681,3681,2.1350000000000025,1.6182192721446556,1.4614328221561
3682,3682,3682,2.1366666666666676,1.6182192721446556,1.4614328221561
3683,3683,3683,2.1383333333333336,1.6182192721446556,1.4614328221561
3684,3684,3684,2.1400000000000015,1.6182192721446556,1.4614328221561
3685,3685,3685,2.1416666666666675,1.6182192721446556,1.4614328221561
3686,3686,3686,2.1433333333333335,1.6182192721446556,1.4614328221561
3687,3687,3687,2.1450000000000005,1.6182192721446556,1.4614328221561
3688,3688,3688,2.1466666666666674,1.6182192721446556,1.4614328221561
3689,3689,3689,2.1483333333333325,1.6182192721446556,1.4618142977035171
3690,3690,3690,2.1500000000000004,1.6178377965972381,1.4610513466086823
3691,3691,3691,2.1516666666666673,1.6182192721446556,1.4614328221561
3692,3692,3692,2.1533333333333324,1.6178377965972381,1.4614328221561
3693,3693,3693,2.1550000000000002,1.6182192721446556,1.4618142977035171
3694,3694,3694,2.156666666666667,1.6182192721446556,1.4614328221561
3695,3695,3695,2.158333333333334,1.6182192721446556,1.4614328221561
3696,3696,3696,2.16,1.6182192721446556,1.4614328221561
3697,3697,3697,2.161666666666667,1.6182192721446556,1.4614328221561
3698,3698,3698,2.163333333333334,1.6182192721446556,1.4614328221561
3699,3699,3699,2.165,1.6182192721446556,1.4614328221561
3700,3700,3700,2.166666666666668,1.6182192721446556,1.4610513466086823
3701,3701,3701,2.168333333333334,1.6182192721446556,1.4614328221561
3702,3702,3702,2.170000000000001,1.6182192721446556,1.4614328221561
3703,3703,3703,2.1716666666666677,1.6182192721446556,1.4614328221561
3704,3704,3704,2.173333333333334,1.6182192721446556,1.4618142977035171
3705,3705,3705,2.1750000000000025,1.6178377965972381,1.4614328221561
3706,3706,3706,2.1766666666666676,1.6182192721446556,1.4614328221561
3707,3707,3707,2.1783333333333337,1.6182192721446556,1.4614328221561
3708,3708,3708,2.1800000000000015,1.6182192721446556,1.4614328221561
3709,3709,3709,2.1816666666666684,1.6182192721446556,1.4614328221561
3710,3710,3710,2.1833333333333336,1.6182192721446556,1.4614328221561
3711,3711,3711,2.1850000000000005,1.6182192721446556,1.4618142977035171
3712,3712,3712,2.1866666666666674,1.6178377965972381,1.4614328221561
3713,3713,3713,2.1883333333333335,1.6182192721446556,1.4614328221561
3714,3714,3714,2.1900000000000004,1.6182192721446556,1.4614328221561
3715,3715,3715,2.1916666666666673,1.6182192721446556,1.4610513466086823
3716,3716,3716,2.1933333333333325,1.6182192721446556,1.4618142977035171
3717,3717,3717,2.1950000000000003,1.6182192721446556,1.4614328221561
3718,3718,3718,2.196666666666667,1.6182192721446556,1.4614328221561
3719,3719,3719,2.198333333333334,1.6182192721446556,1.4614328221561
3720,3720,3720,2.2,1.6182192721446556,1.4614328221561
3721,3721,3721,2.201666666666667,1.6182192721446556,1.4614328221561
3722,3722,3722,2.203333333333334,1.6182192721446556,1.4614328221561
3723,3723,3723,2.205,1.6182192721446556,1.4614328221561
3724,3724,3724,2.206666666666668,1.6182192721446556,1.4614328221561
3725,3725,3725,2.208333333333334,1.6182192721446556,1.4610513466086823
3726,3726,3726,2.21,1.6182192721446556,1.4614328221561
3727,3727,3727,2.211666666666668,1.6182192721446556,1.4614328221561
3728,3728,3728,2.213333333333334,1.6182192721446556,1.4614328221561
3729,3729,3729,2.2150000000000025,1.6182192721446556,1.4614328221561
3730,3730,3730,2.2166666666666677,1.6178377965972381,1.4614328221561
3731,3731,3731,2.2183333333333337,1.6182192721446556,1.4614328221561
3732,3732,3732,2.2200000000000015,1.6182192721446556,1.4614328221561
3733,3733,3733,2.2216666666666676,1.6182192721446556,1.4614328221561
3734,3734,3734,2.2233333333333336,1.6182192721446556,1.4614328221561
3735,3735,3735,2.2250000000000005,1.6182192721446556,1.4614328221561
3736,3736,3736,2.2266666666666675,1.6182192721446556,1.4614328221561
3737,3737,3737,2.2283333333333335,1.6182192721446556,1.4614328221561
3738,3738,3738,2.2300000000000004,1.6182192721446556,1.4614328221561
3739,3739,3739,2.2316666666666674,1.6182192721446556,1.4614328221561
3740,3740,3740,2.2333333333333325,1.6182192721446556,1.4614328221561
3741,3741,3741,2.2350000000000003,1.6182192721446556,1.4614328221561
3742,3742,3742,2.2366666666666672,1.6182192721446556,1.4614328221561
3743,3743,3743,2.238333333333334,1.6182192721446556,1.4614328221561
3744,3744,3744,2.24,1.6182192721446556,1.4614328221561
3745,3745,3745,2.241666666666667,1.6178377965972381,1.4614328221561
3746,3746,3746,2.243333333333334,1.6182192721446556,1.4614328221561
3747,3747,3747,2.245,1.6182192721446556,1.4614328221561
3748,3748,3748,2.246666666666667,1.6182192721446556,1.4614328221561
3749,3749,3749,2.248333333333334,1.6182192721446556,1.4614328221561
3750,3750,3750,2.25,1.6182192721446556,1.4614328221561
3751,3751,3751,2.251666666666668,1.6182192721446556,1.4618142977035171
3752,3752,3752,2.253333333333334,1.6182192721446556,1.4614328221561
3753,3753,3753,2.255000000000001,1.6182192721446556,1.4614328221561
3754,3754,3754,2.2566666666666677,1.6182192721446556,1.4614328221561
3755,3755,3755,2.2583333333333337,1.6182192721446556,1.4614328221561
3756,3756,3756,2.2600000000000025,1.6182192721446556,1.4614328221561
3757,3757,3757,2.2616666666666676,1.6182192721446556,1.4614328221561
3758,3758,3758,2.2633333333333336,1.6182192721446556,1.4614328221561
3759,3759,3759,2.2650000000000015,1.6182192721446556,1.4614328221561
3760,3760,3760,2.2666666666666675,1.6178377965972381,1.4610513466086823
3761,3761,3761,2.2683333333333335,1.6182192721446556,1.4614328221561
3762,3762,3762,2.2700000000000005,1.6182192721446556,1.4614328221561
3763,3763,3763,2.2716666666666674,1.6182192721446556,1.4614328221561
3764,3764,3764,2.2733333333333325,1.6182192721446556,1.4614328221561
3765,3765,3765,2.2750000000000004,1.6178377965972381,1.4614328221561
3766,3766,3766,2.2766666666666673,1.6182192721446556,1.4614328221561
3767,3767,3767,2.2783333333333324,1.6182192721446556,1.4614328221561
3768,3768,3768,2.2800000000000002,1.6182192721446556,1.4614328221561
3769,3769,3769,2.281666666666667,1.6182192721446556,1.4614328221561
3770,3770,3770,2.283333333333334,1.6182192721446556,1.4610513466086823
3771,3771,3771,2.285,1.6182192721446556,1.4614328221561
3772,3772,3772,2.286666666666667,1.6182192721446556,1.4614328221561
3773,3773,3773,2.288333333333334,1.6182192721446556,1.4614328221561
3774,3774,3774,2.29,1.6186007476920732,1.4614328221561
3775,3775,3775,2.291666666666668,1.6186007476920732,1.4610513466086823
3776,3776,3776,2.293333333333334,1.6193636987869078,1.4614328221561
3777,3777,3777,2.295000000000001,1.6216525520714122,1.4610513466086823
3778,3778,3778,2.2966666666666677,1.6193636987869078,1.4610513466086823
3779,3779,3779,2.298333333333334,1.6193636987869078,1.4610513466086823
3780,3780,3780,2.3000000000000025,1.6189822232394904,1.4610513466086823
3781,3781,3781,2.3016666666666676,1.6193636987869078,1.4610513466086823
3782,3782,3782,2.3033333333333337,1.6197451743343252,1.4610513466086823
3783,3783,3783,2.3050000000000015,1.6193636987869078,1.4610513466086823
3784,3784,3784,2.3066666666666684,1.6189822232394904,1.4610513466086823
3785,3785,3785,2.3083333333333336,1.6193636987869078,1.4610513466086823
3786,3786,3786,2.3100000000000005,1.6189822232394904,1.4610513466086823
3787,3787,3787,2.3116666666666674,1.6193636987869078,1.4610513466086823
3788,3788,3788,2.3133333333333335,1.6197451743343252,1.4610513466086823
3789,3789,3789,2.3150000000000004,1.6201266498817426,1.4610513466086823
3790,3790,3790,2.3166666666666673,1.6193636987869078,1.4606698710612651
3791,3791,3791,2.3183333333333325,1.6197451743343252,1.4610513466086823
3792,3792,3792,2.3200000000000003,1.6197451743343252,1.4606698710612651
3793,3793,3793,2.321666666666667,1.6197451743343252,1.4610513466086823
3794,3794,3794,2.323333333333334,1.6197451743343252,1.4606698710612651
3795,3795,3795,2.325,1.6197451743343252,1.4606698710612651
3796,3796,3796,2.326666666666667,1.6197451743343252,1.4606698710612651
3797,3797,3797,2.328333333333334,1.6193636987869078,1.4610513466086823
3798,3798,3798,2.33,1.6197451743343252,1.4610513466086823
3799,3799,3799,2.331666666666668,1.6193636987869078,1.4606698710612651
3800,3800,3800,2.333333333333334,1.6197451743343252,1.4606698710612651
3801,3801,3801,2.335,1.6193636987869078,1.4606698710612651
3802,3802,3802,2.336666666666668,1.6193636987869078,1.4606698710612651
3803,3803,3803,2.338333333333334,1.6197451743343252,1.4606698710612651
3804,3804,3804,2.3400000000000025,1.6193636987869078,1.4606698710612651
3805,3805,3805,2.3416666666666677,1.6193636987869078,1.4606698710612651
3806,3806,3806,2.3433333333333337,1.6193636987869078,1.4606698710612651
3807,3807,3807,2.3450000000000015,1.6193636987869078,1.4606698710612651
3808,3808,3808,2.3466666666666676,1.6193636987869078,1.4610513466086823
3809,3809,3809,2.3483333333333336,1.6193636987869078,1.4606698710612651
3810,3810,3810,2.3500000000000005,1.6193636987869078,1.4606698710612651
3811,3811,3811,2.3516666666666675,1.6189822232394904,1.4606698710612651
3812,3812,3812,2.3533333333333335,1.6193636987869078,1.4606698710612651
3813,3813,3813,2.3550000000000004,1.6193636987869078,1.4606698710612651
3814,3814,3814,2.3566666666666674,1.6193636987869078,1.4606698710612651
3815,3815,3815,2.3583333333333325,1.6193636987869078,1.4606698710612651
3816,3816,3816,2.3600000000000003,1.6189822232394904,1.4606698710612651
3817,3817,3817,2.3616666666666672,1.6189822232394904,1.4606698710612651
3818,3818,3818,2.363333333333334,1.6189822232394904,1.4606698710612651
3819,3819,3819,2.365,1.6189822232394904,1.4606698710612651
3820,3820,3820,2.366666666666667,1.6189822232394904,1.4606698710612651
3821,3821,3821,2.368333333333334,1.6189822232394904,1.4606698710612651
3822,3822,3822,2.37,1.6189822232394904,1.4606698710612651
3823,3823,3823,2.371666666666667,1.6189822232394904,1.4606698710612651
3824,3824,3824,2.373333333333334,1.6189822232394904,1.4606698710612651
3825,3825,3825,2.375,1.6189822232394904,1.4606698710612651
3826,3826,3826,2.376666666666668,1.6189822232394904,1.4606698710612651
3827,3827,3827,2.378333333333334,1.6186007476920732,1.4606698710612651
3828,3828,3828,2.380000000000001,1.6189822232394904,1.4606698710612651
3829,3829,3829,2.3816666666666677,1.6189822232394904,1.4606698710612651
3830,3830,3830,2.3833333333333337,1.6186007476920732,1.4606698710612651
3831,3831,3831,2.3850000000000025,1.6186007476920732,1.4606698710612651
3832,3832,3832,2.3866666666666676,1.6189822232394904,1.4606698710612651
3833,3833,3833,2.3883333333333336,1.6189822232394904,1.4606698710612651
3834,3834,3834,2.3900000000000015,1.6189822232394904,1.4606698710612651
3835,3835,3835,2.3916666666666675,1.6186007476920732,1.4602883955138477
3836,3836,3836,2.3933333333333335,1.6189822232394904,1.4606698710612651
3837,3837,3837,2.3950000000000005,1.6189822232394904,1.4606698710612651
3838,3838,3838,2.3966666666666674,1.6186007476920732,1.4606698710612651
3839,3839,3839,2.3983333333333325,1.6189822232394904,1.4606698710612651
3840,3840,3840,2.4000000000000004,1.6186007476920732,1.4602883955138477
3841,3841,3841,2.4016666666666673,1.6189822232394904,1.4606698710612651
3842,3842,3842,2.4033333333333324,1.6189822232394904,1.4606698710612651
3843,3843,3843,2.4050000000000002,1.6186007476920732,1.4606698710612651
3844,3844,3844,2.406666666666667,1.6189822232394904,1.4606698710612651
3845,3845,3845,2.408333333333334,1.6189822232394904,1.4606698710612651
3846,3846,3846,2.41,1.6189822232394904,1.4606698710612651
3847,3847,3847,2.411666666666667,1.6189822232394904,1.4606698710612651
3848,3848,3848,2.413333333333334,1.6186007476920732,1.4606698710612651
3849,3849,3849,2.415,1.6189822232394904,1.4606698710612651
3850,3850,3850,2.416666666666668,1.6186007476920732,1.4602883955138477
3851,3851,3851,2.418333333333334,1.6186007476920732,1.4606698710612651
3852,3852,3852,2.420000000000001,1.6189822232394904,1.4606698710612651
3853,3853,3853,2.4216666666666677,1.6189822232394904,1.4606698710612651
3854,3854,3854,2.423333333333334,1.6189822232394904,1.4606698710612651
3855,3855,3855,2.4250000000000025,1.6186007476920732,1.4602883955138477
3856,3856,3856,2.4266666666666676,1.6189822232394904,1.4602883955138477
3857,3857,3857,2.4283333333333337,1.6189822232394904,1.4602883955138477
3858,3858,3858,2.4300000000000015,1.6186007476920732,1.4606698710612651
3859,3859,3859,2.4316666666666684,1.6189822232394904,1.4602883955138477
3860,3860,3860,2.4333333333333336,1.6186007476920732,1.4602883955138477
3861,3861,3861,2.4350000000000005,1.6189822232394904,1.4606698710612651
3862,3862,3862,2.4366666666666674,1.6189822232394904,1.4606698710612651
3863,3863,3863,2.4383333333333335,1.6189822232394904,1.4602883955138477
3864,3864,3864,2.4400000000000004,1.6186007476920732,1.4602883955138477
3865,3865,3865,2.4416666666666673,1.6189822232394904,1.4602883955138477
3866,3866,3866,2.4433333333333325,1.6189822232394904,1.4606698710612651
3867,3867,3867,2.4450000000000003,1.6189822232394904,1.4606698710612651
3868,3868,3868,2.446666666666667,1.6189822232394904,1.4606698710612651
3869,3869,3869,2.448333333333334,1.6186007476920732,1.4606698710612651
3870,3870,3870,2.45,1.6189822232394904,1.4602883955138477
3871,3871,3871,2.451666666666667,1.6189822232394904,1.4606698710612651
3872,3872,3872,2.453333333333334,1.6189822232394904,1.4606698710612651
3873,3873,3873,2.455,1.6186007476920732,1.4606698710612651
3874,3874,3874,2.456666666666668,1.6189822232394904,1.4602883955138477
3875,3875,3875,2.458333333333334,1.6189822232394904,1.4606698710612651
3876,3876,3876,2.460000000000001,1.6189822232394904,1.4602883955138477
3877,3877,3877,2.461666666666668,1.6189822232394904,1.4602883955138477
3878,3878,3878,2.463333333333334,1.6186007476920732,1.4606698710612651
3879,3879,3879,2.4650000000000025,1.6189822232394904,1.4602883955138477
3880,3880,3880,2.4666666666666677,1.6186007476920732,1.4602883955138477
3881,3881,3881,2.4683333333333337,1.6189822232394904,1.4606698710612651
3882,3882,3882,2.4700000000000015,1.6189822232394904,1.4606698710612651
3883,3883,3883,2.4716666666666676,1.6189822232394904,1.4606698710612651
3884,3884,3884,2.4733333333333336,1.6189822232394904,1.4606698710612651
3885,3885,3885,2.4750000000000005,1.6189822232394904,1.4602883955138477
3886,3886,3886,2.4766666666666675,1.6189822232394904,1.4602883955138477
3887,3887,3887,2.4783333333333335,1.6186007476920732,1.4606698710612651
3888,3888,3888,2.4800000000000004,1.6189822232394904,1.4606698710612651
3889,3889,3889,2.4816666666666674,1.6189822232394904,1.4602883955138477
3890,3890,3890,2.4833333333333325,1.6186007476920732,1.4602883955138477
3891,3891,3891,2.4850000000000003,1.6189822232394904,1.4606698710612651
3892,3892,3892,2.4866666666666672,1.6189822232394904,1.4606698710612651
3893,3893,3893,2.488333333333334,1.6189822232394904,1.4606698710612651
3894,3894,3894,2.49,1.6186007476920732,1.4606698710612651
3895,3895,3895,2.491666666666667,1.6186007476920732,1.4602883955138477
3896,3896,3896,2.493333333333334,1.6189822232394904,1.4602883955138477
3897,3897,3897,2.495,1.6189822232394904,1.4602883955138477
3898,3898,3898,2.496666666666667,1.6186007476920732,1.4602883955138477
3899,3899,3899,2.498333333333334,1.6189822232394904,1.4606698710612651
3900,3900,3900,2.5,1.6189822232394904,1.4602883955138477
3901,3901,3901,2.501666666666668,1.6189822232394904,1.4606698710612651
3902,3902,3902,2.503333333333334,1.6189822232394904,1.4602883955138477
3903,3903,3903,2.505000000000001,1.6189822232394904,1.4606698710612651
3904,3904,3904,2.5066666666666677,1.6189822232394904,1.4606698710612651
3905,3905,3905,2.5083333333333337,1.6186007476920732,1.4602883955138477
3906,3906,3906,2.5100000000000025,1.6189822232394904,1.4606698710612651
3907,3907,3907,2.5116666666666676,1.6189822232394904,1.4606698710612651
3908,3908,3908,2.5133333333333336,1.6189822232394904,1.4602883955138477
3909,3909,3909,2.5150000000000015,1.6189822232394904,1.4606698710612651
3910,3910,3910,2.5166666666666675,1.6186007476920732,1.4606698710612651
3911,3911,3911,2.5183333333333335,1.6189822232394904,1.4606698710612651
3912,3912,3912,2.5200000000000005,1.6189822232394904,1.4606698710612651
3913,3913,3913,2.5216666666666674,1.6189822232394904,1.4606698710612651
3914,3914,3914,2.5233333333333325,1.6186007476920732,1.4602883955138477
3915,3915,3915,2.5250000000000004,1.6186007476920732,1.4602883955138477
3916,3916,3916,2.5266666666666673,1.6189822232394904,1.4602883955138477
3917,3917,3917,2.5283333333333324,1.6189822232394904,1.4602883955138477
3918,3918,3918,2.5300000000000002,1.6189822232394904,1.4602883955138477
3919,3919,3919,2.531666666666667,1.6189822232394904,1.4606698710612651
3920,3920,3920,2.533333333333334,1.6186007476920732,1.4606698710612651
3921,3921,3921,2.535,1.6189822232394904,1.4606698710612651
3922,3922,3922,2.536666666666667,1.6189822232394904,1.4606698710612651
3923,3923,3923,2.538333333333334,1.6186007476920732,1.4602883955138477
3924,3924,3924,2.54,1.6189822232394904,1.4606698710612651
3925,3925,3925,2.541666666666668,1.6189822232394904,1.4606698710612651
3926,3926,3926,2.543333333333334,1.6189822232394904,1.4606698710612651
3927,3927,3927,2.545000000000001,1.6189822232394904,1.4602883955138477
3928,3928,3928,2.5466666666666677,1.6189822232394904,1.4606698710612651
3929,3929,3929,2.548333333333334,1.6189822232394904,1.4606698710612651
3930,3930,3930,2.5500000000000025,1.6186007476920732,1.4606698710612651
3931,3931,3931,2.5516666666666676,1.6186007476920732,1.4606698710612651
3932,3932,3932,2.5533333333333337,1.6189822232394904,1.4606698710612651
3933,3933,3933,2.5550000000000015,1.6189822232394904,1.4602883955138477
3934,3934,3934,2.5566666666666675,1.6189822232394904,1.4606698710612651
3935,3935,3935,2.5583333333333336,1.6189822232394904,1.4602883955138477
3936,3936,3936,2.5600000000000005,1.6189822232394904,1.4606698710612651
3937,3937,3937,2.5616666666666674,1.6189822232394904,1.4606698710612651
3938,3938,3938,2.5633333333333335,1.6189822232394904,1.4602883955138477
3939,3939,3939,2.5650000000000004,1.6189822232394904,1.4606698710612651
3940,3940,3940,2.5666666666666673,1.6186007476920732,1.4602883955138477
3941,3941,3941,2.5683333333333325,1.6189822232394904,1.4602883955138477
3942,3942,3942,2.5700000000000003,1.6189822232394904,1.4602883955138477
3943,3943,3943,2.571666666666667,1.6189822232394904,1.4606698710612651
3944,3944,3944,2.573333333333334,1.6189822232394904,1.4606698710612651
3945,3945,3945,2.575,1.6189822232394904,1.4602883955138477
3946,3946,3946,2.576666666666667,1.6189822232394904,1.4606698710612651
3947,3947,3947,2.578333333333334,1.6189822232394904,1.4606698710612651
3948,3948,3948,2.58,1.6186007476920732,1.4606698710612651
3949,3949,3949,2.581666666666668,1.6189822232394904,1.4602883955138477
3950,3950,3950,2.583333333333334,1.6186007476920732,1.4606698710612651
3951,3951,3951,2.585000000000001,1.6189822232394904,1.4602883955138477
3952,3952,3952,2.586666666666668,1.6189822232394904,1.4606698710612651
3953,3953,3953,2.588333333333334,1.6189822232394904,1.4606698710612651
3954,3954,3954,2.5900000000000025,1.6189822232394904,1.4606698710612651
3955,3955,3955,2.5916666666666677,1.6186007476920732,1.4602883955138477
3956,3956,3956,2.5933333333333337,1.6189822232394904,1.4602883955138477
3957,3957,3957,2.5950000000000015,1.6186007476920732,1.4602883955138477
3958,3958,3958,2.5966666666666676,1.6189822232394904,1.4606698710612651
3959,3959,3959,2.5983333333333336,1.6186007476920732,1.4606698710612651
3960,3960,3960,2.6000000000000005,1.6186007476920732,1.4602883955138477
3961,3961,3961,2.6016666666666675,1.6189822232394904,1.4606698710612651
3962,3962,3962,2.6033333333333335,1.6189822232394904,1.4606698710612651
3963,3963,3963,2.6050000000000004,1.6186007476920732,1.4602883955138477
3964,3964,3964,2.6066666666666674,1.6189822232394904,1.4606698710612651
3965,3965,3965,2.6083333333333325,1.6186007476920732,1.4602883955138477
3966,3966,3966,2.6100000000000003,1.6189822232394904,1.4606698710612651
3967,3967,3967,2.6116666666666672,1.6189822232394904,1.4606698710612651
3968,3968,3968,2.613333333333334,1.6189822232394904,1.4602883955138477
3969,3969,3969,2.615,1.6186007476920732,1.4606698710612651
3970,3970,3970,2.616666666666667,1.6189822232394904,1.4602883955138477
3971,3971,3971,2.618333333333334,1.6189822232394904,1.4606698710612651
3972,3972,3972,2.62,1.6186007476920732,1.4602883955138477
3973,3973,3973,2.621666666666667,1.6186007476920732,1.4606698710612651
3974,3974,3974,2.623333333333334,1.6186007476920732,1.4606698710612651
3975,3975,3975,2.625,1.6186007476920732,1.4602883955138477
3976,3976,3976,2.626666666666668,1.6189822232394904,1.4606698710612651
3977,3977,3977,2.628333333333334,1.6186007476920732,1.4606698710612651
3978,3978,3978,2.630000000000001,1.6189822232394904,1.4606698710612651
3979,3979,3979,2.6316666666666677,1.6189822232394904,1.4602883955138477
3980,3980,3980,2.6333333333333337,1.6186007476920732,1.4602883955138477
3981,3981,3981,2.6350000000000025,1.6186007476920732,1.4602883955138477
3982,3982,3982,2.6366666666666676,1.6189822232394904,1.4606698710612651
3983,3983,3983,2.6383333333333336,1.6189822232394904,1.4602883955138477
3984,3984,3984,2.6400000000000015,1.6189822232394904,1.4606698710612651
3985,3985,3985,2.6416666666666675,1.6186007476920732,1.4602883955138477
3986,3986,3986,2.6433333333333335,1.6186007476920732,1.4602883955138477
3987,3987,3987,2.6450000000000005,1.6186007476920732,1.4602883955138477
3988,3988,3988,2.6466666666666674,1.6186007476920732,1.4602883955138477
3989,3989,3989,2.6483333333333325,1.6186007476920732,1.4606698710612651
3990,3990,3990,2.6500000000000004,1.6186007476920732,1.4602883955138477
3991,3991,3991,2.6516666666666673,1.6186007476920732,1.4602883955138477
3992,3992,3992,2.6533333333333324,1.6189822232394904,1.4602883955138477
3993,3993,3993,2.6550000000000002,1.6189822232394904,1.4602883955138477
3994,3994,3994,2.656666666666667,1.6189822232394904,1.4606698710612651
3995,3995,3995,2.658333333333334,1.6186007476920732,1.4602883955138477
3996,3996,3996,2.66,1.6186007476920732,1.4602883955138477
3997,3997,3997,2.661666666666667,1.6186007476920732,1.4602883955138477
3998,3998,3998,2.663333333333334,1.6186007476920732,1.4602883955138477
3999,3999,3999,2.665,1.6189822232394904,1.4602883955138477
4000,4000,4000,2.666666666666668,1.6189822232394904,1.4602883955138477
4001,4001,4001,2.668333333333334,1.6189822232394904,1.4602883955138477
4002,4002,4002,2.670000000000001,1.6186007476920732,1.4602883955138477
4003,4003,4003,2.6716666666666677,1.6186007476920732,1.4602883955138477
4004,4004,4004,2.673333333333334,1.6186007476920732,1.4606698710612651
4005,4005,4005,2.6750000000000025,1.6186007476920732,1.4602883955138477
4006,4006,4006,2.6766666666666676,1.6186007476920732,1.4602883955138477
4007,4007,4007,2.6783333333333337,1.6189822232394904,1.4606698710612651
4008,4008,4008,2.6800000000000015,1.6189822232394904,1.4606698710612651
4009,4009,4009,2.6816666666666675,1.6186007476920732,1.4602883955138477
4010,4010,4010,2.6833333333333336,1.6182192721446556,1.4602883955138477
4011,4011,4011,2.6850000000000005,1.6182192721446556,1.4606698710612651
4012,4012,4012,2.6866666666666674,1.6182192721446556,1.4606698710612651
4013,4013,4013,2.6883333333333335,1.6177793548388986,1.4606698710612651
4014,4014,4014,2.6900000000000004,1.6177279320885465,1.4606698710612651
4015,4015,4015,2.6916666666666673,1.616532082695942,1.4610513466086823
4016,4016,4016,2.6933333333333325,1.6157177088507548,1.4625772487983522
4017,4017,4017,2.6950000000000003,1.6149033350055682,1.4618142977035171
4018,4018,4018,2.696666666666667,1.6140889611603813,1.4614328221561
4019,4019,4019,2.698333333333334,1.6132745873151944,1.4614328221561
4020,4020,4020,2.7,1.6120787379225905,1.4614328221561
4021,4021,4021,2.701666666666667,1.6116458396248206,1.4614328221561
4022,4022,4022,2.703333333333334,1.610831465779634,1.4614328221561
4023,4023,4023,2.705,1.6100170919344472,1.4614328221561
4024,4024,4024,2.706666666666668,1.6092027180892603,1.4614328221561
4025,4025,4025,2.708333333333334,1.6083883442440734,1.4610513466086823
4026,4026,4026,2.710000000000001,1.6071924948514684,1.4614328221561
4027,4027,4027,2.711666666666668,1.6063781210062815,1.4618142977035171
4028,4028,4028,2.713333333333334,1.6055637471610948,1.4621957732509347
4029,4029,4029,2.7150000000000025,1.6047493733159082,1.4618142977035171
4030,4030,4030,2.7166666666666677,1.6039349994707213,1.4618142977035171
4031,4031,4031,2.7183333333333337,1.6031206256255344,1.4618142977035171
4032,4032,4032,2.7200000000000015,1.6023062517803477,1.4618142977035171
4033,4033,4033,2.7216666666666676,1.601491877935161,1.4621957732509347
4034,4034,4034,2.7233333333333336,1.600677504089974,1.4614328221561
4035,4035,4035,2.7250000000000005,1.5998631302447868,1.4614328221561
4036,4036,4036,2.7266666666666675,1.5990487563995994,1.4614328221561
4037,4037,4037,2.7283333333333335,1.5982343825544132,1.4614328221561
4038,4038,4038,2.7300000000000004,1.5974200087092263,1.4618142977035171
4039,4039,4039,2.7316666666666674,1.5962241593166218,1.4618142977035171
4040,4040,4040,2.7333333333333325,1.5957912610188527,1.4618142977035171
4041,4041,4041,2.7350000000000003,1.5949768871736654,1.4618142977035171
4042,4042,4042,2.7366666666666672,1.594162513328479,1.4618142977035171
4043,4043,4043,2.738333333333334,1.593348139483292,1.4618142977035171
4044,4044,4044,2.74,1.5925337656381051,1.4618142977035171
4045,4045,4045,2.741666666666667,1.5917193917929182,1.4614328221561
4046,4046,4046,2.743333333333334,1.5909050179477309,1.4614328221561
4047,4047,4047,2.745,1.5897091685551272,1.4618142977035171
4048,4048,4048,2.746666666666667,1.5892762702573582,1.4614328221561
4049,4049,4049,2.748333333333334,1.5884618964121706,1.4614328221561
4050,4050,4050,2.75,1.5876475225669842,1.4614328221561
4051,4051,4051,2.751666666666668,1.5868331487217968,1.4614328221561
4052,4052,4052,2.753333333333334,1.5856372993291932,1.4614328221561
4053,4053,4053,2.755000000000001,1.5848229254840058,1.4614328221561
4054,4054,4054,2.7566666666666677,1.5840085516388194,1.4614328221561
4055,4055,4055,2.7583333333333337,1.5831941777936318,1.4610513466086823
4056,4056,4056,2.7600000000000025,1.5823798039484451,1.4614328221561
4057,4057,4057,2.7616666666666676,1.581565430103259,1.4614328221561
4058,4058,4058,2.7633333333333336,1.5807510562580718,1.4614328221561
4059,4059,4059,2.7650000000000015,1.5799366824128849,1.4618142977035171
4060,4060,4060,2.7666666666666675,1.5791223085676975,1.4614328221561
4061,4061,4061,2.7683333333333335,1.5783079347225109,1.4614328221561
4062,4062,4062,2.7700000000000005,1.5774935608773242,1.4614328221561
4063,4063,4063,2.7716666666666674,1.5766791870321373,1.4614328221561
4064,4064,4064,2.7733333333333325,1.5758648131869508,1.4610513466086823
4065,4065,4065,2.7750000000000004,1.5750504393417637,1.4610513466086823
4066,4066,4066,2.7766666666666673,1.5742360654965766,1.4614328221561
4067,4067,4067,2.7783333333333324,1.5734216916513897,1.4614328221561
4068,4068,4068,2.7800000000000002,1.5726073178062032,1.4610513466086823
4069,4069,4069,2.781666666666667,1.571792943961016,1.4614328221561
4070,4070,4070,2.783333333333334,1.5709785701158292,1.4614328221561
4071,4071,4071,2.785,1.570164196270642,1.4610513466086823
4072,4072,4072,2.786666666666667,1.5693498224254556,1.4614328221561
4073,4073,4073,2.788333333333334,1.5685354485802687,1.4614328221561
4074,4074,4074,2.79,1.5677210747350818,1.4614328221561
4075,4075,4075,2.791666666666668,1.566906700889895,1.4610513466086823
4076,4076,4076,2.793333333333334,1.5660923270447076,1.4614328221561
4077,4077,4077,2.795000000000001,1.5652779531995211,1.4614328221561
4078,4078,4078,2.7966666666666677,1.5644635793543349,1.4614328221561
4079,4079,4079,2.798333333333334,1.563649205509147,1.4614328221561
4080,4080,4080,2.8000000000000025,1.5624533561165423,1.4610513466086823
4081,4081,4081,2.8016666666666676,1.5620204578187735,1.4614328221561
4082,4082,4082,2.8033333333333337,1.5612060839735868,1.4610513466086823
4083,4083,4083,2.8050000000000015,1.5603917101283995,1.4614328221561
4084,4084,4084,2.8066666666666675,1.5595773362832128,1.4610513466086823
4085,4085,4085,2.8083333333333336,1.5587629624380257,1.4610513466086823
4086,4086,4086,2.8100000000000005,1.5579485885928392,1.4610513466086823
4087,4087,4087,2.8116666666666674,1.5571342147476526,1.4610513466086823
4088,4088,4088,2.8133333333333335,1.5563198409024657,1.4614328221561
4089,4089,4089,2.8150000000000004,1.5555054670572788,1.4610513466086823
4090,4090,4090,2.8166666666666673,1.5543096176646738,1.4610513466086823
4091,4091,4091,2.8183333333333325,1.5538767193669052,1.4610513466086823
4092,4092,4092,2.8200000000000003,1.5530623455217183,1.4610513466086823
4093,4093,4093,2.821666666666667,1.5522479716765312,1.4610513466086823
4094,4094,4094,2.823333333333334,1.5514335978313438,1.4614328221561
4095,4095,4095,2.825,1.5502377484387395,1.4610513466086823
4096,4096,4096,2.826666666666667,1.5498048501409705,1.4610513466086823
4097,4097,4097,2.828333333333334,1.5489904762957836,1.4614328221561
4098,4098,4098,2.83,1.5477946269031797,1.4614328221561
4099,4099,4099,2.831666666666668,1.5473617286054098,1.4610513466086823
4100,4100,4100,2.833333333333334,1.5461658792128052,1.4610513466086823
4101,4101,4101,2.835000000000001,1.5457329809150364,1.4614328221561
4102,4102,4102,2.836666666666668,1.5449186070698495,1.4610513466086823
4103,4103,4103,2.838333333333334,1.5441042332246626,1.4610513466086823
4104,4104,4104,2.8400000000000025,1.5432898593794753,1.4610513466086823
4105,4105,4105,2.8416666666666677,1.5424754855342888,1.4610513466086823
4106,4106,4106,2.8433333333333337,1.5412796361416838,1.4610513466086823
4107,4107,4107,2.8450000000000015,1.540846737843915,1.4610513466086823
4108,4108,4108,2.8466666666666676,1.5400323639987286,1.4610513466086823
4109,4109,4109,2.8483333333333336,1.5388365146061236,1.4610513466086823
4110,4110,4110,2.8500000000000005,1.538022140760937,1.4610513466086823
4111,4111,4111,2.8516666666666675,1.5375892424631674,1.4610513466086823
4112,4112,4112,2.8533333333333335,1.536393393070563,1.4610513466086823
4113,4113,4113,2.8550000000000004,1.535579019225376,1.4614328221561
4114,4114,4114,2.8566666666666674,1.5347646453801889,1.4610513466086823
4115,4115,4115,2.8583333333333325,1.5339502715350022,1.4610513466086823
4116,4116,4116,2.8600000000000003,1.5331358976898153,1.4610513466086823
4117,4117,4117,2.8616666666666672,1.5327029993920465,1.4610513466086823
4118,4118,4118,2.863333333333334,1.5315071499994417,1.4614328221561
4119,4119,4119,2.865,1.530692776154255,1.4614328221561
4120,4120,4120,2.866666666666667,1.5298784023090677,1.4610513466086823
4121,4121,4121,2.868333333333334,1.5290640284638812,1.4614328221561
4122,4122,4122,2.87,1.5286311301661124,1.4610513466086823
4123,4123,4123,2.871666666666667,1.5274352807735074,1.4614328221561
4124,4124,4124,2.873333333333334,1.5266209069283199,1.4610513466086823
4125,4125,4125,2.875,1.5258065330831336,1.4610513466086823
4126,4126,4126,2.876666666666668,1.5249921592379467,1.4610513466086823
4127,4127,4127,2.878333333333334,1.5245592609401777,1.4610513466086823
4128,4128,4128,2.880000000000001,1.5233634115475732,1.4614328221561
4129,4129,4129,2.8816666666666677,1.5229305132498037,1.4610513466086823
4130,4130,4130,2.8833333333333337,1.5217346638571991,1.4610513466086823
4131,4131,4131,2.8850000000000025,1.520920290012013,1.4610513466086823
4132,4132,4132,2.8866666666666676,1.5201059161668258,1.4610513466086823
4133,4133,4133,2.8883333333333336,1.5192915423216389,1.4610513466086823
4134,4134,4134,2.8900000000000015,1.5184771684764515,1.4614328221561
4135,4135,4135,2.8916666666666675,1.5176627946312646,1.4610513466086823
4136,4136,4136,2.8933333333333335,1.5168484207860775,1.4610513466086823
4137,4137,4137,2.8950000000000005,1.5160340469408913,1.4610513466086823
4138,4138,4138,2.8966666666666674,1.515219673095704,1.4610513466086823
4139,4139,4139,2.8983333333333325,1.5144052992505177,1.4614328221561
4140,4140,4140,2.9000000000000004,1.5132094498579134,1.4610513466086823
4141,4141,4141,2.9016666666666673,1.5131580271075613,1.4614328221561
4142,4142,4142,2.9033333333333324,1.5119621777149568,1.4614328221561
4143,4143,4143,2.9050000000000002,1.51114780386977,1.4614328221561
4144,4144,4144,2.906666666666667,1.510333430024583,1.4610513466086823
4145,4145,4145,2.908333333333334,1.5095190561793956,1.4610513466086823
4146,4146,4146,2.91,1.5087046823342092,1.4614328221561
4147,4147,4147,2.911666666666667,1.5078903084890227,1.4610513466086823
4148,4148,4148,2.913333333333334,1.5074574101912532,1.4614328221561
4149,4149,4149,2.915,1.5062615607986491,1.4614328221561
4150,4150,4150,2.916666666666668,1.5054471869534616,1.4610513466086823
4151,4151,4151,2.918333333333334,1.5046328131082751,1.4614328221561
4152,4152,4152,2.920000000000001,1.5038184392630878,1.4610513466086823
4153,4153,4153,2.9216666666666677,1.503004065417901,1.4610513466086823
4154,4154,4154,2.923333333333334,1.5021896915727144,1.4610513466086823
4155,4155,4155,2.9250000000000025,1.5009938421801101,1.4610513466086823
4156,4156,4156,2.9266666666666676,1.5005609438823406,1.4614328221561
4157,4157,4157,2.9283333333333337,1.5001280455845714,1.4614328221561
4158,4158,4158,2.9300000000000015,1.4989321961919668,1.4614328221561
4159,4159,4159,2.9316666666666675,1.4981178223467797,1.4610513466086823
4160,4160,4160,2.9333333333333336,1.4973034485015928,1.4610513466086823
4161,4161,4161,2.9350000000000005,1.4964890746564066,1.4614328221561
4162,4162,4162,2.9366666666666674,1.4956747008112192,1.4610513466086823
4163,4163,4163,2.9383333333333335,1.4948603269660328,1.4610513466086823
4164,4164,4164,2.9400000000000004,1.4940459531208454,1.4610513466086823
4165,4165,4165,2.9416666666666673,1.4932315792756583,1.4610513466086823
4166,4166,4166,2.9433333333333325,1.4927986809778893,1.4610269312843265
4167,4167,4167,2.9450000000000003,1.4916028315852852,1.4606117727361687
4168,4168,4168,2.946666666666667,1.4907884577400978,1.4594336630931768
4169,4169,4169,2.948333333333334,1.4903555594423286,1.4586370289976014
4170,4170,4170,2.95,1.4891597100497245,1.4578403949020269
4171,4171,4171,2.951666666666667,1.4887268117519552,1.4574252363538691
4172,4172,4172,2.953333333333334,1.4879124379067683,1.4562471267108763
4173,4173,4173,2.955,1.4867165885141638,1.4554504926153016
4174,4174,4174,2.956666666666668,1.4859022146689769,1.4550353340671451
4175,4175,4175,2.958333333333334,1.4850878408237895,1.4538572244241519
4176,4176,4176,2.960000000000001,1.484273466978603,1.4534420658759948
4177,4177,4177,2.961666666666668,1.4834590931334166,1.4522639562330022
4178,4178,4178,2.963333333333334,1.4826447192882293,1.4514673221374277
4179,4179,4179,2.9650000000000025,1.4818303454430424,1.4510521635892704
4180,4180,4180,2.9666666666666677,1.4810159715978557,1.4498740539462782
4181,4181,4181,2.9683333333333337,1.4802015977526688,1.4494588953981205
4182,4182,4182,2.9700000000000015,1.4793872239074817,1.448280785755128
4183,4183,4183,2.9716666666666676,1.4785728500622952,1.4474841516595534
4184,4184,4184,2.9733333333333336,1.4777584762171083,1.447068993111396
4185,4185,4185,2.9750000000000005,1.4773255779193386,1.4458908834684034
4186,4186,4186,2.9766666666666675,1.4765112040741522,1.4454757249202457
4187,4187,4187,2.9783333333333335,1.4764597813238,1.4442976152772535
4188,4188,4188,2.9800000000000004,1.4756454074786132,1.443500981181679
4189,4189,4189,2.9816666666666674,1.4748310336334258,1.4430858226335217
4190,4190,4190,2.9833333333333325,1.4740166597882394,1.4419077129905291
4191,4191,4191,2.9850000000000003,1.4732022859430534,1.4411110788949542
4192,4192,4192,2.9866666666666672,1.4723879120978656,1.4403144447993792
4193,4193,4193,2.988333333333334,1.471573538252679,1.439899286251222
4194,4194,4194,2.99,1.4707591644074918,1.4391026521556474
4195,4195,4195,2.991666666666667,1.4699447905623049,1.4379245425126548
4196,4196,4196,2.993333333333334,1.469130416717118,1.4371279084170794
4197,4197,4197,2.995,1.4683160428719315,1.4363312743215049
4198,4198,4198,2.996666666666667,1.4675016690267442,1.4355346402259304
4199,4199,4199,2.998333333333334,1.4666872951815573,1.434738006130355
4200,4200,4200,3.000000000000001,1.4658729213363701,1.43394137203478
4201,4201,4201,3.001666666666668,1.4650585474911841,1.4331447379392055
4202,4202,4202,3.003333333333334,1.4642441736459968,1.4327295793910475
4203,4203,4203,3.005000000000001,1.4634297998008097,1.4319329452954732
4204,4204,4204,3.0066666666666677,1.4622339504082056,1.4311363111998987
4205,4205,4205,3.0083333333333337,1.4614195765630182,1.429958201556906
4206,4206,4206,3.0100000000000025,1.4609866782652494,1.4295430430087483
4207,4207,4207,3.0116666666666676,1.4601723044200632,1.4287464089131738
4208,4208,4208,3.0133333333333336,1.4593579305748756,1.427949774817599
4209,4209,4209,3.0150000000000015,1.4585435567296887,1.4267716651746063
4210,4210,4210,3.0166666666666675,1.4573477073370835,1.4259750310790311
4211,4211,4211,3.0183333333333335,1.4569148090393154,1.4251783969834568
4212,4212,4212,3.0200000000000005,1.4561004351941282,1.4243817628878814
4213,4213,4213,3.0216666666666674,1.4549045858015237,1.4239666043397246
4214,4214,4214,3.0233333333333325,1.4544716875037549,1.4227884946967324
4215,4215,4215,3.0250000000000004,1.4532758381111497,1.421991860601157
4216,4216,4216,3.0266666666666673,1.4524614642659632,1.4215767020529997
4217,4217,4217,3.0283333333333324,1.451647090420776,1.4203985924100075
4218,4218,4218,3.0300000000000002,1.4512141921230068,1.4199834338618509
4219,4219,4219,3.031666666666667,1.4503998182778195,1.4191867997662753
4220,4220,4220,3.033333333333334,1.4492039688852152,1.418008690123283
4221,4221,4221,3.035,1.4483895950400292,1.4172120560277075
4222,4222,4222,3.036666666666667,1.4475752211948418,1.4164154219321328
4223,4223,4223,3.038333333333334,1.446760847349655,1.416000263383976
4224,4224,4224,3.04,1.4463279490518857,1.4148221537409835
4225,4225,4225,3.041666666666668,1.4451320996592811,1.4140255196454083
4226,4226,4226,3.043333333333334,1.4443177258140942,1.4136103610972508
4227,4227,4227,3.045000000000001,1.4435033519689071,1.4124322514542584
4228,4228,4228,3.0466666666666677,1.4426889781237209,1.411635617358684
4229,4229,4229,3.048333333333334,1.4418746042785335,1.4112204588105266
4230,4230,4230,3.0500000000000025,1.4410602304333462,1.4100423491675336
4231,4231,4231,3.0516666666666676,1.4406273321355778,1.4096271906193767
4232,4232,4232,3.0533333333333337,1.439812958290391,1.4088305565238015
4233,4233,4233,3.0550000000000015,1.4389985844452036,1.4076524468808096
4234,4234,4234,3.0566666666666675,1.4381842106000169,1.4072372883326518
4235,4235,4235,3.0583333333333336,1.436988361207412,1.4056777031422425
4236,4236,4236,3.0600000000000005,1.4365554629096433,1.4052625445940845
4237,4237,4237,3.0616666666666674,1.4357410890644564,1.4044659104985098
4238,4238,4238,3.0633333333333335,1.4349267152192695,1.4036692764029353
4239,4239,4239,3.0650000000000004,1.4341123413740826,1.4032541178547782
4240,4240,4240,3.0666666666666673,1.4329164919814776,1.402076008211785
4241,4241,4241,3.0683333333333325,1.4324835936837093,1.4012793741162104
4242,4242,4242,3.0700000000000003,1.4316692198385221,1.4004827400206354
4243,4243,4243,3.071666666666667,1.430854845993335,1.400067581472478
4244,4244,4244,3.073333333333334,1.4300404721481477,1.3992709473769032
4245,4245,4245,3.075,1.4288446227555436,1.398092837733911
4246,4246,4246,3.076666666666667,1.4284117244577748,1.3972962036383356
4247,4247,4247,3.078333333333334,1.4275973506125874,1.3964995695427609
4248,4248,4248,3.08,1.4267829767674007,1.3957029354471866
4249,4249,4249,3.081666666666668,1.4259686029222136,1.3949063013516112
4250,4250,4250,3.083333333333334,1.424772753529609,1.3941096672560362
4251,4251,4251,3.085000000000001,1.4243398552318398,1.3929315576130437
4252,4252,4252,3.086666666666668,1.4235254813866534,1.3921349235174691
4253,4253,4253,3.088333333333334,1.4227111075414665,1.3913382894218946
4254,4254,4254,3.0900000000000025,1.4218967336962791,1.3905416553263197
4255,4255,4255,3.0916666666666677,1.420700884303675,1.3897450212307452
4256,4256,4256,3.0933333333333337,1.4202679860059058,1.3889483871351698
4257,4257,4257,3.0950000000000015,1.4194536121607189,1.3881517530395953
4258,4258,4258,3.0966666666666676,1.4186392383155324,1.3873551189440207
4259,4259,4259,3.0983333333333336,1.417824864470345,1.3865584848484451
4260,4260,4260,3.1000000000000005,1.4170104906251582,1.3857618507528704
4261,4261,4261,3.1016666666666675,1.4161961167799713,1.384965216657295
4262,4262,4262,3.1033333333333335,1.4153817429347848,1.3841685825617205
4263,4263,4263,3.1050000000000004,1.4145673690895977,1.383371948466146
4264,4264,4264,3.1066666666666674,1.4133715196969932,1.3825753143705706
4265,4265,4265,3.1083333333333325,1.4125571458518058,1.3817786802749958
4266,4266,4266,3.1100000000000003,1.4121242475540372,1.3809820461794209
4267,4267,4267,3.1116666666666672,1.410928398161433,1.3801854120838466
4268,4268,4268,3.113333333333334,1.410495499863663,1.3793887779882712
4269,4269,4269,3.115,1.4096811260184765,1.378592143892697
4270,4270,4270,3.116666666666667,1.4084852766258715,1.3774140342497043
4271,4271,4271,3.118333333333334,1.4080523783281027,1.3769988757015463
4272,4272,4272,3.12,1.4072380044829162,1.3762022416059718
4273,4273,4273,3.121666666666667,1.406423630637729,1.3754056075103973
4274,4274,4274,3.123333333333334,1.4056092567925416,1.374608973414822
4275,4275,4275,3.125000000000001,1.4044134073999377,1.373812339319247
4276,4276,4276,3.126666666666668,1.4039805091021689,1.3730157052236724
4277,4277,4277,3.128333333333334,1.4031661352569813,1.37183759558068
4278,4278,4278,3.130000000000001,1.4023517614117944,1.3714224370325223
4279,4279,4279,3.1316666666666677,1.4015373875666075,1.370625802936948
4280,4280,4280,3.1333333333333337,1.4007230137214206,1.3694476932939552
4281,4281,4281,3.1350000000000025,1.4002901154236518,1.3690325347457977
4282,4282,4282,3.1366666666666676,1.3994757415784649,1.3682359006502232
4283,4283,4283,3.1383333333333336,1.398661367733278,1.3674392665546486
4284,4284,4284,3.1400000000000015,1.3978469938880906,1.3666426324590732
4285,4285,4285,3.1416666666666675,1.3970326200429042,1.3658459983634983
4286,4286,4286,3.1433333333333335,1.3962182461977173,1.3650493642679231
4287,4287,4287,3.1450000000000005,1.3954038723525304,1.3642527301723488
4288,4288,4288,3.1466666666666674,1.394589498507343,1.363456096076774
4289,4289,4289,3.1483333333333325,1.3941566002095738,1.3626594619811994
4290,4290,4290,3.1500000000000004,1.3929607508169697,1.3618628278856242
4291,4291,4291,3.1516666666666673,1.3925278525191997,1.3606847182426316
4292,4292,4292,3.1533333333333324,1.391713478674013,1.3602695596944745
4293,4293,4293,3.1550000000000002,1.3908991048288262,1.3594729255988995
4294,4294,4294,3.156666666666667,1.3897032554362219,1.3586762915033246
4295,4295,4295,3.158333333333334,1.3888888815910352,1.3578796574077492
4296,4296,4296,3.16,1.388455983293266,1.357083023312175
4297,4297,4297,3.161666666666667,1.3872601339006618,1.3562863892166002
4298,4298,4298,3.163333333333334,1.3864457600554745,1.3554897551210252
4299,4299,4299,3.165,1.3860128617577052,1.3546931210254505
4300,4300,4300,3.166666666666668,1.384817012365101,1.353515011382458
4301,4301,4301,3.168333333333334,1.3840026385199142,1.3530998528343001
4302,4302,4302,3.170000000000001,1.3831882646747269,1.3523032187387254
4303,4303,4303,3.1716666666666677,1.3823738908295404,1.3515065846431509
4304,4304,4304,3.173333333333334,1.381559516984353,1.350709950547576
4305,4305,4305,3.1750000000000025,1.3807451431391666,1.3495318409045831
4306,4306,4306,3.1766666666666676,1.3799307692939802,1.349116682356426
4307,4307,4307,3.1783333333333337,1.3791163954487928,1.3483200482608515
4308,4308,4308,3.1800000000000015,1.3783020216036062,1.347523414165276
4309,4309,4309,3.1816666666666675,1.3774876477584186,1.3467267800697011
4310,4310,4310,3.1833333333333336,1.376673273913232,1.3459301459741266
4311,4311,4311,3.1850000000000005,1.3758589000680457,1.3451335118785512
4312,4312,4312,3.1866666666666674,1.3750445262228583,1.3443368777829767
4313,4313,4313,3.1883333333333335,1.374230152377672,1.3435402436874022
4314,4314,4314,3.1900000000000004,1.3734157785324843,1.3427436095918268
4315,4315,4315,3.1916666666666673,1.3726014046872979,1.341946975496252
4316,4316,4316,3.1933333333333325,1.3717870308421116,1.3411503414006771
4317,4317,4317,3.1950000000000003,1.3709726569969245,1.3403537073051028
4318,4318,4318,3.196666666666667,1.3701582831517372,1.3395570732095274
4319,4319,4319,3.198333333333334,1.36934390930655,1.3387604391139525
4320,4320,4320,3.2,1.3685295354613636,1.337963805018378
4321,4321,4321,3.201666666666667,1.367715161616177,1.3371671709228026
4322,4322,4322,3.203333333333334,1.367282263318407,1.336370536827228
4323,4323,4323,3.205,1.36646788947322,1.3355739027316536
4324,4324,4324,3.206666666666668,1.3656535156280332,1.3347772686360782
4325,4325,4325,3.208333333333334,1.3648391417828467,1.3339806345405032
4326,4326,4326,3.210000000000001,1.3640247679376594,1.333184000444929
4327,4327,4327,3.211666666666668,1.3635918696398903,1.3323873663493535
4328,4328,4328,3.213333333333334,1.3627774957947028,1.3315907322537788
4329,4329,4329,3.2150000000000025,1.3619631219495159,1.3304126226107864
4330,4330,4330,3.2166666666666677,1.3611487481043292,1.3299974640626289
4331,4331,4331,3.2183333333333337,1.3603343742591427,1.329200829967054
4332,4332,4332,3.2200000000000015,1.3595200004139554,1.3284041958714794
4333,4333,4333,3.2216666666666676,1.3587056265687685,1.327607561775904
4334,4334,4334,3.2233333333333336,1.3575097771761646,1.3268109276803297
4335,4335,4335,3.2249999999999996,1.3566954033309775,1.3256328180373371
4336,4336,4336,3.2266666666666675,1.3562625050332082,1.3252176594891796
4337,4337,4337,3.2283333333333326,1.355448131188021,1.3244210253936048
4338,4338,4338,3.2300000000000004,1.3546337573428344,1.32362439129803
4339,4339,4339,3.2316666666666674,1.353819383497647,1.3228277572024547
4340,4340,4340,3.2333333333333316,1.3530050096524606,1.3220311231068802
4341,4341,4341,3.2350000000000003,1.3521906358072742,1.3212344890113052
4342,4342,4342,3.2366666666666672,1.3513762619620868,1.320056379368313
4343,4343,4343,3.238333333333334,1.3505618881169,1.3196412208201551
4344,4344,4344,3.24,1.3497475142717128,1.3184631111771634
4345,4345,4345,3.241666666666667,1.3485516648791092,1.317666477081588
4346,4346,4346,3.243333333333334,1.3481187665813392,1.317251318533431
4347,4347,4347,3.245,1.3473043927361528,1.316073208890439
4348,4348,4348,3.246666666666667,1.3464900188909654,1.3156580503422814
4349,4349,4349,3.248333333333334,1.3452941694983611,1.314861416246706
4350,4350,4350,3.250000000000001,1.3444797956531749,1.3136833066037137
4351,4351,4351,3.251666666666668,1.3436654218079878,1.313268148055556
4352,4352,4352,3.253333333333334,1.3432325235102185,1.3120900384125642
4353,4353,4353,3.255000000000001,1.3420366741176135,1.311674879864407
4354,4354,4354,3.2566666666666677,1.3416037758198445,1.3104967702214148
4355,4355,4355,3.2583333333333337,1.3404079264272406,1.3097001361258394
4356,4356,4356,3.2600000000000025,1.3395935525820533,1.3089035020302648
4357,4357,4357,3.2616666666666676,1.3387791787368668,1.3081068679346903
4358,4358,4358,3.2633333333333336,1.3379648048916797,1.3076917093865323
4359,4359,4359,3.2650000000000015,1.3371504310464926,1.3068950752909574
4360,4360,4360,3.2666666666666675,1.3363360572013057,1.3057169656479646
4361,4361,4361,3.2683333333333326,1.3355216833561192,1.3053018070998077
4362,4362,4362,3.2699999999999996,1.334707309510932,1.3041236974568156
4363,4363,4363,3.2716666666666674,1.3342744112131624,1.303708538908658
4364,4364,4364,3.2733333333333308,1.333460037367976,1.3025304292656656
4365,4365,4365,3.2750000000000004,1.3322641879753716,1.3017337951700907
4366,4366,4366,3.2766666666666673,1.3314498141301847,1.3013186366219336
4367,4367,4367,3.2783333333333324,1.3310169158324148,1.3005220025263582
4368,4368,4368,3.2800000000000002,1.3302025419872283,1.2997253684307837
4369,4369,4369,3.281666666666667,1.3297696436894584,1.2989287343352087
4370,4370,4370,3.283333333333334,1.3285737942968543,1.2977506246922157
4371,4371,4371,3.285,1.3281408959990857,1.2973354661440588
4372,4372,4372,3.286666666666667,1.3277079977013155,1.2961573565010671
4373,4373,4373,3.288333333333334,1.3265121483087112,1.2953607224054915
4374,4374,4374,3.29,1.3260792500109415,1.2949455638573344
4375,4375,4375,3.291666666666668,1.324883400618338,1.293767454214342
4376,4376,4376,3.293333333333334,1.3244505023205677,1.2929708201187675
4377,4377,4377,3.295000000000001,1.3236361284753808,1.2925556615706095
4378,4378,4378,3.2966666666666677,1.3224402790827772,1.2913775519276176
4379,4379,4379,3.298333333333334,1.3220073807850072,1.29096239337946
4380,4380,4380,3.3000000000000025,1.3211930069398208,1.2897842837364673
4381,4381,4381,3.3016666666666676,1.320378633094634,1.2889876496408927
4382,4382,4382,3.3033333333333337,1.319564259249447,1.2881910155453182
4383,4383,4383,3.3050000000000015,1.3187498854042596,1.2873943814497428
4384,4384,4384,3.3066666666666675,1.317554036011655,1.2869792229015853
4385,4385,4385,3.3083333333333336,1.3171211377138867,1.2858011132585934
4386,4386,4386,3.3099999999999996,1.3163067638686994,1.2853859547104358
4387,4387,4387,3.3116666666666674,1.3154923900235125,1.2842078450674437
4388,4388,4388,3.3133333333333326,1.3142965406309082,1.2837926865192864
4389,4389,4389,3.3150000000000004,1.3134821667857213,1.282996052423711
4390,4390,4390,3.3166666666666673,1.3126677929405344,1.2818179427807186
4391,4391,4391,3.3183333333333325,1.3122348946427649,1.281021308685144
4392,4392,4392,3.3200000000000003,1.3110390452501606,1.2806061501369872
4393,4393,4393,3.321666666666667,1.3102246714049737,1.2798095160414116
4394,4394,4394,3.323333333333334,1.3094102975597863,1.2786314063984192
4395,4395,4395,3.325,1.3085959237146003,1.2778347723028445
4396,4396,4396,3.326666666666667,1.3081630254168308,1.2770381382072695
4397,4397,4397,3.328333333333334,1.3073486515716437,1.2766229796591122
4398,4398,4398,3.33,1.3061528021790396,1.2758263455635377
4399,4399,4399,3.331666666666668,1.3053384283338525,1.2746482359205449
4400,4400,4400,3.333333333333334,1.3045240544886658,1.27385160182497
4401,4401,4401,3.335000000000001,1.3037096806434785,1.2734364432768128
4402,4402,4402,3.336666666666668,1.3032767823457094,1.272639809181238
4403,4403,4403,3.338333333333334,1.3020809329531051,1.2714616995382455
4404,4404,4404,3.3400000000000025,1.3012665591079178,1.2706650654426699
4405,4405,4405,3.3416666666666677,1.3004521852627318,1.2698684313470956
4406,4406,4406,3.3433333333333337,1.2996378114175444,1.269071797251521
4407,4407,4407,3.3450000000000015,1.2988234375723575,1.2686566387033635
4408,4408,4408,3.3466666666666676,1.2980090637271702,1.267860004607788
4409,4409,4409,3.3483333333333336,1.2975761654294011,1.2670633705122136
4410,4410,4410,3.3499999999999996,1.2963803160367973,1.2658852608692208
4411,4411,4411,3.3516666666666675,1.295947417739027,1.2654701023210635
4412,4412,4412,3.3533333333333326,1.2951330438938409,1.2646734682254892
4413,4413,4413,3.3550000000000004,1.2943186700486535,1.2634953585824968
4414,4414,4414,3.3566666666666674,1.2935042962034666,1.2630802000343389
4415,4415,4415,3.3583333333333316,1.2926899223582806,1.2622835659387643
4416,4416,4416,3.3600000000000003,1.2918755485130933,1.2614869318431898
4417,4417,4417,3.3616666666666672,1.2910611746679064,1.2606902977476144
4418,4418,4418,3.363333333333334,1.2906282763701364,1.2598936636520397
4419,4419,4419,3.365,1.2894324269775326,1.2590970295564652
4420,4420,4420,3.366666666666667,1.2886180531323457,1.2579189199134722
4421,4421,4421,3.368333333333334,1.2881851548345762,1.2575037613653148
4422,4422,4422,3.37,1.2873707809893895,1.2563256517223231
4423,4423,4423,3.371666666666667,1.2869378826916198,1.2559104931741651
4424,4424,4424,3.373333333333334,1.28650498439385,1.2551138590785902
4425,4425,4425,3.375000000000001,1.2860720860960808,1.2543172249830157
4426,4426,4426,3.376666666666668,1.2860206633457287,1.2542835419822758
4427,4427,4427,3.378333333333334,1.2855877650479592,1.2534869078867006
4428,4428,4428,3.380000000000001,1.28515486675019,1.2526902737911256
4429,4429,4429,3.3816666666666677,1.284340492905003,1.2518936396955511
4430,4430,4430,3.3833333333333337,1.2831446435123992,1.2510970055999755
4431,4431,4431,3.3850000000000025,1.2823302696672119,1.2503003715044012
4432,4432,4432,3.3866666666666676,1.2815158958220252,1.2491222618614093
4433,4433,4433,3.3883333333333336,1.2807015219768385,1.2487071033132513
4434,4434,4434,3.3900000000000015,1.2802686236790686,1.2479104692176763
4435,4435,4435,3.3916666666666675,1.2790727742864645,1.2471138351221018
4436,4436,4436,3.3933333333333326,1.2786398759886952,1.2463172010265269
4437,4437,4437,3.3949999999999996,1.2782069776909255,1.2455205669309521
4438,4438,4438,3.3966666666666674,1.2773926038457382,1.244723932835377
4439,4439,4439,3.3983333333333308,1.2765782300005517,1.243927298739802
4440,4440,4440,3.4000000000000004,1.2757638561553653,1.243130664644227
4441,4441,4441,3.4016666666666673,1.275330957857595,1.2423340305486523
4442,4442,4442,3.4033333333333324,1.2745165840124084,1.2415373964530771
4443,4443,4443,3.4050000000000002,1.2740836857146391,1.2407407623575026
4444,4444,4444,3.406666666666667,1.2736507874168694,1.2399441282619277
4445,4445,4445,3.408333333333334,1.2735993646665174,1.2391474941663527
4446,4446,4446,3.41,1.273166466368748,1.2383508600707782
4447,4447,4447,3.411666666666667,1.2723520925235612,1.2375542259752033
4448,4448,4448,3.413333333333334,1.2719191942257917,1.236757591879628
4449,4449,4449,3.415,1.2714862959280224,1.2359609577840531
4450,4450,4450,3.416666666666668,1.2706719220828355,1.2351643236884784
4451,4451,4451,3.418333333333334,1.2710019748799009,1.234367689592904
4452,4452,4452,3.420000000000001,1.2705690765821307,1.2331895799499109
4453,4453,4453,3.4216666666666677,1.2697547027369445,1.2327744214017542
4454,4454,4454,3.423333333333334,1.2689403288917571,1.231596311758761
4455,4455,4455,3.4250000000000025,1.2681259550465709,1.2307996776631864
4456,4456,4456,3.4266666666666676,1.2673115812013842,1.230003043567612
4457,4457,4457,3.4283333333333337,1.2664972073561969,1.2295878850194546
4458,4458,4458,3.4300000000000015,1.2660643090584274,1.2287912509238792
4459,4459,4459,3.4316666666666675,1.2656314107606579,1.2279946168283042
4460,4460,4460,3.4333333333333336,1.2648170369154716,1.2271979827327293
4461,4461,4461,3.4349999999999996,1.2640026630702847,1.2264013486371548
4462,4462,4462,3.4366666666666674,1.2635697647725146,1.2256047145415798
4463,4463,4463,3.4383333333333326,1.262755390927328,1.2248080804460053
4464,4464,4464,3.4400000000000004,1.2623224926295582,1.2236299708030125
4465,4465,4465,3.4416666666666673,1.2615081187843715,1.2228333367074378
4466,4466,4466,3.4433333333333325,1.2610752204866018,1.2224181781592804
4467,4467,4467,3.4450000000000003,1.2602608466414154,1.2216215440637055
4468,4468,4468,3.446666666666667,1.2598279483436454,1.2208249099681303
4469,4469,4469,3.448333333333334,1.259013574498459,1.2200282758725551
4470,4470,4470,3.45,1.2581992006532725,1.2192316417769806
4471,4471,4471,3.451666666666667,1.2581477779029202,1.218435007681406
4472,4472,4472,3.453333333333334,1.2565704529628985,1.2176383735858312
4473,4473,4473,3.455,1.2549931280228763,1.2172232150376734
4474,4474,4474,3.456666666666668,1.2537972786302722,1.2160451053946812
4475,4475,4475,3.458333333333334,1.252219953690251,1.2152484712991067
4476,4476,4476,3.460000000000001,1.2517870553924813,1.2144518372035311
4477,4477,4477,3.461666666666668,1.251354157094712,1.2136552031079568
4478,4478,4478,3.463333333333334,1.2497768321546898,1.212858569012382
4479,4479,4479,3.4650000000000025,1.248580982762086,1.2124434104642237
4480,4480,4480,3.4666666666666677,1.2473851333694816,1.211265300821232
4481,4481,4481,3.4683333333333337,1.2465707595242947,1.2104686667256574
4482,4482,4482,3.4700000000000015,1.2457563856791074,1.209672032630082
4483,4483,4483,3.4716666666666676,1.2441790607390857,1.208875398534507
4484,4484,4484,3.4733333333333336,1.2433646868938992,1.2080787644389326
4485,4485,4485,3.4749999999999996,1.2425503130487119,1.2072821303433579
4486,4486,4486,3.4766666666666675,1.2417359392035252,1.206485496247783
4487,4487,4487,3.4783333333333326,1.2416845164531731,1.2056888621522082
4488,4488,4488,3.4800000000000004,1.2408701426079864,1.2048922280566332
4489,4489,4489,3.4816666666666674,1.2408187198576344,1.2040955939610578
4490,4490,4490,3.4833333333333316,1.2400043460124481,1.2032989598654833
4491,4491,4491,3.4850000000000003,1.2395714477146786,1.2025023257699088
4492,4492,4492,3.4866666666666672,1.2391385494169085,1.2017056916743334
4493,4493,4493,3.488333333333334,1.2379427000243044,1.2009090575787584
4494,4494,4494,3.49,1.2371283261791175,1.2001124234831841
4495,4495,4495,3.491666666666667,1.2363139523339308,1.199315789387609
4496,4496,4496,3.493333333333334,1.2358810540361609,1.1985191552920342
4497,4497,4497,3.495,1.2350666801909744,1.1977225211964595
4498,4498,4498,3.496666666666667,1.2346337818932045,1.196925887100884
4499,4499,4499,3.498333333333334,1.2334379325006006,1.1961292530053091
4500,4500,4500,3.500000000000001,1.2330050342028311,1.1953326189097346
4501,4501,4501,3.501666666666668,1.2318091848102268,1.19453598481416
4502,4502,4502,3.503333333333334,1.2317577620598748,1.1937393507185847
4503,4503,4503,3.505000000000001,1.2309433882146874,1.1929427166230098
4504,4504,4504,3.5066666666666677,1.230129014369501,1.1921460825274348
4505,4505,4505,3.5083333333333337,1.2289331649768969,1.1913494484318603
4506,4506,4506,3.5100000000000025,1.2285002666791272,1.1905528143362851
4507,4507,4507,3.5116666666666676,1.2276858928339407,1.1897561802407108
4508,4508,4508,3.5133333333333336,1.2268715189887534,1.1889595461451354
4509,4509,4509,3.5150000000000015,1.2260571451435671,1.1881629120495605
4510,4510,4510,3.5166666666666675,1.2252427712983796,1.1873662779539855
4511,4511,4511,3.5183333333333326,1.2251913485480277,1.1865696438584108
4512,4512,4512,3.5199999999999996,1.2243769747028403,1.1861544853102532
4513,4513,4513,3.5216666666666674,1.2235626008576534,1.1849763756672609
4514,4514,4514,3.5233333333333308,1.222748227012467,1.1841797415716862
4515,4515,4515,3.5250000000000004,1.2219338531672799,1.1833831074761116
4516,4516,4516,3.5266666666666673,1.2211194793220932,1.182586473380537
4517,4517,4517,3.5283333333333324,1.2206865810243237,1.1821713148323785
4518,4518,4518,3.5300000000000002,1.2198722071791372,1.181374680736804
4519,4519,4519,3.531666666666667,1.2190578333339508,1.1805780466412286
4520,4520,4520,3.533333333333334,1.2182434594887634,1.179781412545654
4521,4521,4521,3.535,1.2178105611909942,1.1789847784500795
4522,4522,4522,3.536666666666667,1.2173776628932245,1.1785696199019222
4523,4523,4523,3.538333333333334,1.2161818135006202,1.1777729858063468
4524,4524,4524,3.540000000000001,1.2157489152028509,1.176594876163355
4525,4525,4525,3.541666666666668,1.2160789679999162,1.1757982420677802
4526,4526,4526,3.543333333333334,1.216409020796981,1.1750016079722048
4527,4527,4527,3.545000000000001,1.2171205491414638,1.1749679249714648
4528,4528,4528,3.5466666666666677,1.217832077485947,1.173789815328473
4529,4529,4529,3.548333333333334,1.2189250813778472,1.1729931812328975
4530,4530,4530,3.5500000000000025,1.2184921830800777,1.172196547137323
4531,4531,4531,3.5516666666666676,1.2176778092348908,1.1713999130417485
4532,4532,4532,3.5533333333333337,1.2172449109371215,1.1706032789461729
4533,4533,4533,3.5550000000000015,1.2160490615445163,1.1698066448505982
4534,4534,4534,3.5566666666666675,1.2148532121519129,1.1690100107550236
4535,4535,4535,3.5583333333333336,1.2128944116644742,1.1682133766594491
4536,4536,4536,3.5599999999999996,1.2120800378192866,1.1674167425638735
4537,4537,4537,3.5616666666666674,1.2120286150689346,1.1670015840157162
4538,4538,4538,3.5633333333333326,1.211595716771165,1.1658234743727245
4539,4539,4539,3.5650000000000004,1.211162818473396,1.1654083158245665
4540,4540,4540,3.5666666666666673,1.210348444628209,1.1642302061815744
4541,4541,4541,3.5683333333333325,1.2099155463304394,1.1638150476334164
4542,4542,4542,3.5700000000000003,1.2094826480326697,1.163018413537842
4543,4543,4543,3.571666666666667,1.2094312252823176,1.1622217794422671
4544,4544,4544,3.573333333333334,1.2089983269845486,1.1614251453466924
4545,4545,4545,3.575,1.2074210020445268,1.1606285112511174
4546,4546,4546,3.576666666666667,1.2058436771045054,1.1598318771555425
4547,4547,4547,3.578333333333334,1.2057922543541526,1.159035243059967
4548,4548,4548,3.58,1.2053593560563836,1.1582386089643926
4549,4549,4549,3.581666666666668,1.2041635066637797,1.1574419748688176
4550,4550,4550,3.583333333333334,1.2037306083660098,1.1566453407732429
4551,4551,4551,3.585000000000001,1.2032977100682398,1.1558487066776677
4552,4552,4552,3.586666666666668,1.2032462873178882,1.1550520725820932
4553,4553,4553,3.588333333333334,1.2024319134727013,1.1542554384865182
4554,4554,4554,3.5900000000000025,1.201236064080097,1.1534588043909433
4555,4555,4555,3.5916666666666677,1.2004216902349103,1.1526621702953688
4556,4556,4556,3.5933333333333337,1.2003702674845578,1.1518655361997938
4557,4557,4557,3.5950000000000015,1.1991744180919537,1.1514503776516358
4558,4558,4558,3.5966666666666676,1.1983600442467663,1.1506537435560609
4559,4559,4559,3.5983333333333336,1.1979271459489975,1.1494756339130692
4560,4560,4560,3.5999999999999996,1.1971127721038106,1.1486789998174942
4561,4561,4561,3.6016666666666675,1.1966798738060411,1.1482638412693364
4562,4562,4562,3.6033333333333326,1.1958654999608545,1.147467207173762
4563,4563,4563,3.6050000000000004,1.1950511261156669,1.1462890975307691
4564,4564,4564,3.6066666666666674,1.1953811789127329,1.145873938982612
4565,4565,4565,3.6083333333333316,1.1941853295201288,1.1450773048870375
4566,4566,4566,3.6100000000000003,1.1933709556749414,1.1442806707914626
4567,4567,4567,3.6116666666666672,1.1933195329245896,1.1438655122433043
4568,4568,4568,3.613333333333334,1.1925051590794022,1.1430688781477294
4569,4569,4569,3.615,1.1916907852342162,1.1422722440521544
4570,4570,4570,3.616666666666667,1.1912578869364463,1.1410941344091627
4571,4571,4571,3.618333333333334,1.1908249886386768,1.1402975003135878
4572,4572,4572,3.62,1.1896291392460725,1.1395008662180133
4573,4573,4573,3.621666666666667,1.1888147654008856,1.138704232122438
4574,4574,4574,3.623333333333334,1.1880003915556991,1.1382890735742806
4575,4575,4575,3.625000000000001,1.1868045421630944,1.1371109639312884
4576,4576,4576,3.626666666666668,1.185227217223073,1.1363143298357137
4577,4577,4577,3.628333333333334,1.183268416735633,1.1355176957401385
4578,4578,4578,3.630000000000001,1.1824540428904464,1.1347210616445629
4579,4579,4579,3.6316666666666677,1.1812581934978432,1.1339244275489886
4580,4580,4580,3.6333333333333337,1.1792993930104037,1.133127793453414
4581,4581,4581,3.6350000000000025,1.1784850191652168,1.1323311593578391
4582,4582,4582,3.6366666666666676,1.1772891697726124,1.1315345252622642
4583,4583,4583,3.6383333333333336,1.176856271474843,1.1307378911666892
4584,4584,4584,3.6400000000000015,1.1756604220822386,1.1299412570711147
4585,4585,4585,3.6416666666666675,1.1748460482370515,1.1291446229755393
4586,4586,4586,3.6433333333333326,1.1740316743918648,1.1283479888799648
4587,4587,4587,3.6449999999999996,1.1728358249992603,1.1279328303318072
4588,4588,4588,3.6466666666666674,1.171639975606656,1.1271361962362316
4589,4589,4589,3.6483333333333308,1.1712070773088872,1.1263395621406571
4590,4590,4590,3.6500000000000004,1.1703927034637005,1.1251614524976654
4591,4591,4591,3.6516666666666673,1.1699598051659303,1.12436481840209
4592,4592,4592,3.6533333333333324,1.1699083824155785,1.1235681843065148
4593,4593,4593,3.6550000000000002,1.1694754841178088,1.1227715502109403
4594,4594,4594,3.656666666666667,1.1678981591777875,1.1219749161153658
4595,4595,4595,3.658333333333334,1.1674652608800176,1.1211782820197906
4596,4596,4596,3.66,1.166650887034831,1.120381647924216
4597,4597,4597,3.661666666666667,1.1654550376422268,1.1195850138286407
4598,4598,4598,3.663333333333334,1.1646406637970397,1.1187883797330658
4599,4599,4599,3.665000000000001,1.1642077654992704,1.1179917456374913
4600,4600,4600,3.666666666666668,1.1633933916540835,1.1168136359944991
4601,4601,4601,3.668333333333334,1.162960493356314,1.1163984774463414
4602,4602,4602,3.670000000000001,1.162527595058544,1.1156018433507664
4603,4603,4603,3.6716666666666677,1.1617132212133576,1.114805209255192
4604,4604,4604,3.673333333333334,1.1608988473681712,1.114008575159617
4605,4605,4605,3.6750000000000025,1.1604659490704008,1.113211941064042
4606,4606,4606,3.6766666666666676,1.1596515752252146,1.1124153069684677
4607,4607,4607,3.6783333333333337,1.1588372013800272,1.111618672872892
4608,4608,4608,3.6800000000000015,1.1580228275348403,1.1108220387773171
4609,4609,4609,3.6816666666666675,1.1572084536896534,1.1100254046817426
4610,4610,4610,3.6833333333333336,1.156394079844467,1.1092287705861676
4611,4611,4611,3.6849999999999996,1.1559611815466977,1.10881361203801
4612,4612,4612,3.6866666666666674,1.1555282832489278,1.108016977942435
4613,4613,4613,3.6883333333333326,1.154332433856324,1.1072203438468602
4614,4614,4614,3.6900000000000004,1.1531365844637194,1.1064237097512857
4615,4615,4615,3.6916666666666673,1.15270368616595,1.105245600108293
4616,4616,4616,3.6933333333333325,1.1518893123207627,1.104830441560135
4617,4617,4617,3.6950000000000003,1.1522193651178283,1.1040338074645606
4618,4618,4618,3.696666666666667,1.1514049912726412,1.1032371733689856
4619,4619,4619,3.698333333333334,1.150972092974872,1.1028220148208283
4620,4620,4620,3.7,1.150539194677103,1.1016439051778362
4621,4621,4621,3.701666666666667,1.1501062963793331,1.1008472710822612
4622,4622,4622,3.703333333333334,1.1489104469867288,1.1000506369866858
4623,4623,4623,3.705,1.1484775486889591,1.0992540028911113
4624,4624,4624,3.706666666666668,1.147663174843773,1.0984573687955368
4625,4625,4625,3.708333333333334,1.146467325451168,1.0976607346999618
4626,4626,4626,3.710000000000001,1.1456529516059812,1.0968641006043864
4627,4627,4627,3.711666666666668,1.1444571022133774,1.096067466508812
4628,4628,4628,3.713333333333334,1.14364272836819,1.0952708324132363
4629,4629,4629,3.7150000000000025,1.1424468789755862,1.094474198317662
4630,4630,4630,3.7166666666666677,1.1408695540355644,1.0932960886746703
4631,4631,4631,3.7183333333333337,1.1400551801903775,1.0928809301265126
4632,4632,4632,3.7200000000000015,1.1388593307977728,1.0920842960309372
4633,4633,4633,3.7216666666666676,1.1376634814051687,1.0912876619353626
4634,4634,4634,3.7233333333333336,1.1368491075599825,1.0908725033872058
4635,4635,4635,3.7249999999999996,1.1356532581673775,1.0893129181967955
4636,4636,4636,3.7266666666666675,1.1344574087747734,1.0888977596486378
4637,4637,4637,3.7283333333333326,1.1336430349295863,1.0881011255530633
4638,4638,4638,3.7300000000000004,1.1335916121792342,1.087304491457488
4639,4639,4639,3.7316666666666674,1.1327772383340473,1.0865078573619134
4640,4640,4640,3.7333333333333316,1.1323443400362785,1.0857112232663388
4641,4641,4641,3.7350000000000003,1.1307670150962568,1.0845331136233465
4642,4642,4642,3.7366666666666672,1.1299526412510694,1.0841179550751885
4643,4643,4643,3.738333333333334,1.1295197429533002,1.083321320979614
4644,4644,4644,3.74,1.128323893560696,1.0825246868840397
4645,4645,4645,3.741666666666667,1.1271280441680918,1.081728052788464
4646,4646,4646,3.743333333333334,1.127076621417739,1.0805499431454721
4647,4647,4647,3.745,1.1270251986673876,1.0801347845973142
4648,4648,4648,3.746666666666667,1.1262108248222005,1.078956674954322
4649,4649,4649,3.748333333333334,1.1250149754295964,1.0785415164061647
4650,4650,4650,3.750000000000001,1.123819126036992,1.0777448823105893
4651,4651,4651,3.751666666666668,1.1233862277392226,1.0765667726675976
4652,4652,4652,3.753333333333334,1.1225718538940357,1.0757701385720226
4653,4653,4653,3.755000000000001,1.1221389555962662,1.075354980023865
4654,4654,4654,3.7566666666666677,1.1217060572984972,1.0745583459282904
4655,4655,4655,3.7583333333333337,1.1212731590007277,1.0737617118327154
4656,4656,4656,3.7600000000000025,1.1216032117977923,1.07296507773714
4657,4657,4657,3.7616666666666676,1.1207888379526052,1.072168443641565
4658,4658,4658,3.7633333333333336,1.120355939654836,1.0713718095459903
4659,4659,4659,3.7650000000000015,1.1218304190941544,1.0705751754504158
4660,4660,4660,3.7666666666666675,1.1229234229860536,1.0697785413548406
4661,4661,4661,3.7683333333333326,1.122872000235702,1.0693633828066835
4662,4662,4662,3.7699999999999996,1.1235835285801845,1.0689482242585262
4663,4663,4663,3.7716666666666674,1.1242950569246677,1.0681515901629512
4664,4664,4664,3.7733333333333308,1.1227177319846464,1.067736431614794
4665,4665,4665,3.7750000000000004,1.1222848336868765,1.0673212730666366
4666,4666,4666,3.7766666666666673,1.1222334109365244,1.0669061145184788
4667,4667,4667,3.7783333333333324,1.1206560859965022,1.0664909559703208
4668,4668,4668,3.7800000000000002,1.1194602366038984,1.0660757974221642
4669,4669,4669,3.781666666666667,1.1194088138535463,1.0652791633265892
4670,4670,4670,3.783333333333334,1.1193573911031942,1.0641010536835966
4671,4671,4671,3.785,1.1181615417105903,1.063304419588022
4672,4672,4672,3.786666666666667,1.1173471678654032,1.0625077854924467
4673,4673,4673,3.788333333333334,1.1172957451150514,1.0620926269442896
4674,4674,4674,3.790000000000001,1.1160998957224466,1.061295992848715
4675,4675,4675,3.791666666666668,1.1149040463298427,1.0601178832057228
4676,4676,4676,3.793333333333334,1.1148526235794902,1.0597027246575648
4677,4677,4677,3.795000000000001,1.1132752986394685,1.0589060905619898
4678,4678,4678,3.7966666666666677,1.1136053514365338,1.0584909320138325
4679,4679,4679,3.798333333333334,1.1131724531387648,1.0576942979182578
4680,4680,4680,3.8000000000000025,1.1115951281987428,1.056897663822683
4681,4681,4681,3.8016666666666676,1.1092548521638863,1.0564825052745257
4682,4682,4682,3.8033333333333337,1.109584904960952,1.0556858711789503
4683,4683,4683,3.8050000000000015,1.1087705311157647,1.0556521881782106
4684,4684,4684,3.8066666666666675,1.1071932061757432,1.0548555540826356
4685,4685,4685,3.8083333333333336,1.1063788323305568,1.0540589199870607
4686,4686,4686,3.8099999999999996,1.1048015073905346,1.0540252369863206
4687,4687,4687,3.8116666666666674,1.1036056579979303,1.0536100784381626
4688,4688,4688,3.8133333333333326,1.104317186342413,1.052813444342588
4689,4689,4689,3.8150000000000004,1.1035028124972266,1.0527797613418484
4690,4690,4690,3.8166666666666673,1.1011625364623696,1.0519831272462734
4691,4691,4691,3.8183333333333325,1.1011111137120175,1.0515679686981156
4692,4692,4692,3.8200000000000003,1.1002967398668306,1.0515342856973755
4693,4693,4693,3.821666666666667,1.0987194149268094,1.0503561760543838
4694,4694,4694,3.823333333333334,1.0979050410816225,1.0495595419588084
4695,4695,4695,3.825,1.0978536183312704,1.0491443834106513
4696,4696,4696,3.826666666666667,1.0974207200335009,1.0483477493150763
4697,4697,4697,3.828333333333334,1.096987821735731,1.0479325907669184
4698,4698,4698,3.83,1.095791972343127,1.0471359566713438
4699,4699,4699,3.831666666666668,1.093451696308271,1.0463393225757691
4700,4700,4700,3.833333333333334,1.0934002735579185,1.0455426884801942
4701,4701,4701,3.835000000000001,1.0929673752601483,1.0451275299320364
4702,4702,4702,3.836666666666668,1.0921530014149619,1.044330895836462
4703,4703,4703,3.838333333333334,1.0909571520223582,1.043915737288305
4704,4704,4704,3.8400000000000025,1.0905242537245885,1.0431191031927296
4705,4705,4705,3.8416666666666677,1.0893284043319844,1.0427039446445725
4706,4706,4706,3.8433333333333337,1.0885140304867968,1.0419073105489969
4707,4707,4707,3.8450000000000015,1.088462607736445,1.041492152000839
4708,4708,4708,3.8466666666666676,1.0868852827964235,1.0406955179052648
4709,4709,4709,3.8483333333333336,1.0860709089512368,1.0402803593571075
4710,4710,4710,3.8499999999999996,1.0860194862008847,1.0394837252615323
4711,4711,4711,3.8516666666666675,1.08482363680828,1.0386870911659574
4712,4712,4712,3.8533333333333326,1.0828648363208413,1.0375089815229654
4713,4713,4713,3.8550000000000004,1.081668986928237,1.0363308718799729
4714,4714,4714,3.8566666666666674,1.0819990397253023,1.035152762236981
4715,4715,4715,3.8583333333333325,1.0804217147852802,1.0343561281414055
4716,4716,4716,3.8600000000000003,1.0788443898452589,1.033559494045831
4717,4717,4717,3.8616666666666672,1.0776485404526546,1.0323813844028384
4718,4718,4718,3.863333333333334,1.0783600687971373,1.031584750307264
4719,4719,4719,3.865,1.0779271704993685,1.0304066406642716
4720,4720,4720,3.866666666666667,1.077112796654181,1.0296100065686966
4721,4721,4721,3.868333333333334,1.0766798983564114,1.0284318969257042
4722,4722,4722,3.87,1.0754840489638071,1.0276352628301293
4723,4723,4723,3.871666666666667,1.0750511506660378,1.0264571531871374
4724,4724,4724,3.873333333333334,1.0742367768208512,1.0256605190915624
4725,4725,4725,3.875000000000001,1.0741853540704986,1.024863884995987
4726,4726,4726,3.876666666666668,1.0737524557727296,1.0240672509004125
4727,4727,4727,3.878333333333334,1.07179365528529,1.023652092352255
4728,4728,4728,3.880000000000001,1.0705978058926862,1.0232369338040974
4729,4729,4729,3.8816666666666677,1.0701649075949171,1.0228217752559403
4730,4730,4730,3.8833333333333337,1.0693505337497298,1.0220251411603654
4731,4731,4731,3.8850000000000025,1.0677732088097076,1.0216099826122076
4732,4732,4732,3.8866666666666676,1.0673403105119386,1.0204318729692154
4733,4733,4733,3.8883333333333336,1.066525936666752,1.0200167144210586
4734,4734,4734,3.8900000000000015,1.0664745139163996,1.018838604778066
4735,4735,4735,3.8916666666666675,1.065660140071213,1.0184234462299082
4736,4736,4736,3.8933333333333326,1.0644642906786084,1.018008287681751
4737,4737,4737,3.8949999999999996,1.0640313923808389,1.0172116535861755
4738,4738,4738,3.8966666666666674,1.0620725918934002,1.016415019490601
4739,4739,4739,3.8983333333333308,1.0604952669533785,1.0156183853950265
4740,4740,4740,3.9000000000000004,1.0592994175607742,1.0148217512994515
4741,4741,4741,3.9016666666666673,1.0581035681681694,1.014025117203876
4742,4742,4742,3.9033333333333324,1.0580521454178178,1.0136099586557192
4743,4743,4743,3.9050000000000002,1.058763673762301,1.013194800107562
4744,4744,4744,3.906666666666667,1.0583307754645308,1.0123981660119863
4745,4745,4745,3.908333333333334,1.0575164016193437,1.011220056368994
4746,4746,4746,3.91,1.0559390766793224,1.0111863733682545
4747,4747,4747,3.911666666666667,1.0539802761918833,1.0100082637252616
4748,4748,4748,3.913333333333334,1.0524029512518616,1.0088301540822695
4749,4749,4749,3.915000000000001,1.0531144795963443,1.0084149955341122
4750,4750,4750,3.916666666666668,1.0526815812985748,1.0079998369859546
4751,4751,4751,3.918333333333334,1.0514857319059705,1.0072032028903797
4752,4752,4752,3.920000000000001,1.0514343091556189,1.0064065687948052
4753,4753,4753,3.9216666666666677,1.0502384597630146,1.0059914102466478
4754,4754,4754,3.923333333333334,1.0490426103704102,1.0051947761510724
4755,4755,4755,3.9250000000000025,1.048228236525223,1.0043981420554975
4756,4756,4756,3.9266666666666676,1.048558289322289,1.0036015079599223
4757,4757,4757,3.9283333333333337,1.048506866571936,1.0028048738643476
4758,4758,4758,3.9300000000000015,1.0473110171793325,1.0023897153161907
4759,4759,4759,3.9316666666666675,1.0461151677867275,1.0015930812206153
4760,4760,4760,3.9333333333333336,1.0453007939415409,1.0007964471250408
4761,4761,4761,3.9349999999999996,1.0444864200963542,0.9999998130294658
4762,4762,4762,3.9366666666666674,1.04329057070375,0.9992031789338912
4763,4763,4763,3.9383333333333326,1.042094721311146,0.9987880203857338
4764,4764,4764,3.9400000000000004,1.0401359208237064,0.998754337384994
4765,4765,4765,3.9416666666666673,1.039703022525937,0.9987206543842532
4766,4766,4766,3.9433333333333325,1.039270124228167,0.9990684469309304
4767,4767,4767,3.9450000000000003,1.038837225930398,0.9994162394776078
4768,4768,4768,3.946666666666667,1.037641376537794,0.9997640320242858
4769,4769,4769,3.948333333333334,1.0375899537874416,1.0001118245709626
4770,4770,4770,3.95,1.0371570554896723,0.999315190475388
4771,4771,4771,3.951666666666667,1.0363426816444852,0.9989000319272304
4772,4772,4772,3.953333333333334,1.0351468322518813,0.998484873379073
4773,4773,4773,3.955,1.0343324584066949,0.9969252881886635
4774,4774,4774,3.956666666666668,1.03313660901409,0.9957471785456716
4775,4775,4775,3.958333333333334,1.0323222351689028,0.994950544450096
4776,4776,4776,3.960000000000001,1.0326522879659679,0.9945353859019384
4777,4777,4777,3.961666666666668,1.0326008652156164,0.9941202273537812
4778,4778,4778,3.963333333333334,1.0333123935600992,0.9937050688056236
4779,4779,4779,3.9650000000000025,1.03287949526233,0.9932899102574662
4780,4780,4780,3.9666666666666677,1.0324465969645602,0.9924932761618916
4781,4781,4781,3.9683333333333337,1.0327766497616255,0.9920781176137335
4782,4782,4782,3.9700000000000015,1.0327252270112741,0.9916629590655766
4783,4783,4783,3.9716666666666676,1.0319108531660866,0.9908663249700016
4784,4784,4784,3.9733333333333336,1.0314779548683173,0.9900696908744272
4785,4785,4785,3.9749999999999996,1.0299006299282951,0.9888915812314344
4786,4786,4786,3.9766666666666675,1.0283233049882736,0.9884764226832768
4787,4787,4787,3.9783333333333326,1.027890406690504,0.9876797885877018
4788,4788,4788,3.9800000000000004,1.0270760328453177,0.9872646300395448
4789,4789,4789,3.9816666666666674,1.0243542812630433,0.9864679959439696
4790,4790,4790,3.9833333333333325,1.0246843340601086,0.9856713618483944
4791,4791,4791,3.9850000000000003,1.0242514357623396,0.9856376788476546
4792,4792,4792,3.9866666666666672,1.022674110822318,0.9852225202994972
4793,4793,4793,3.988333333333334,1.0226226880719658,0.9840444106565048
4794,4794,4794,3.99,1.0214268386793617,0.9832477765609302
4795,4795,4795,3.991666666666667,1.020993940381592,0.98321409356019
4796,4796,4796,3.993333333333334,1.020561042083822,0.9824174594646148
4797,4797,4797,3.995,1.0205096193334704,0.9816208253690402
4798,4798,4798,3.996666666666667,1.0193137699408663,0.9812056668208832
4799,4799,4799,3.998333333333334,1.0165920183585924,0.980409032725308
4800,4800,4800,4.0,1.0165405956082405,0.9796123986297331
4801,4801,4801,4.001666666666667,1.014581795120801,0.9791972400815756
4802,4802,4802,4.003333333333334,1.0137674212756145,0.9784006059860012
4803,4803,4803,4.005000000000001,1.0133345229778448,0.9779854474378432
4804,4804,4804,4.006666666666668,1.0129016246800748,0.977188813342268
4805,4805,4805,4.008333333333335,1.014376104119392,0.9763921792466927
4806,4806,4806,4.01,1.0147061569164586,0.975977020698536
4807,4807,4807,4.011666666666667,1.0123658808816018,0.9751803866029608
4808,4808,4808,4.013333333333334,1.01078855594158,0.9751467036022216
4809,4809,4809,4.015000000000001,1.0092112310015584,0.9743500695066464
4810,4810,4810,4.0166666666666675,1.008396857156371,0.9735534354110712
4811,4811,4811,4.018333333333334,1.0079639588586016,0.9731382768629141
4812,4812,4812,4.020000000000001,1.007531060560832,0.9723416427673386
4813,4813,4813,4.021666666666668,1.0063352111682289,0.9711635331243472
4814,4814,4814,4.023333333333332,1.004757886228207,0.9703668990287724
4815,4815,4815,4.025,1.0054694145726892,0.9688073138383616
4816,4816,4816,4.026666666666667,1.0038920896326675,0.9672477286479522
4817,4817,4817,4.028333333333334,1.0019332891452286,0.9664510945523777
4818,4818,4818,4.030000000000001,1.0018818663948763,0.9656544604568024
4819,4819,4819,4.031666666666668,1.0014489680971064,0.9640948752663924
4820,4820,4820,4.033333333333333,1.0017790208941726,0.9625352900759836
4821,4821,4821,4.035,1.0009646470489857,0.9621201315278256
4822,4822,4822,4.036666666666667,0.9982428954667116,0.9613234974322508
4823,4823,4823,4.038333333333334,0.9978099971689424,0.9601453877892588
4824,4824,4824,4.040000000000001,0.9989030010608416,0.9597302292411004
4825,4825,4825,4.041666666666668,0.9950368228363158,0.9585521195981084
4826,4826,4826,4.043333333333333,0.9930780223488777,0.9577554855025344
4827,4827,4827,4.045,0.9941710262407772,0.9561959003121244
4828,4828,4828,4.046666666666667,0.994501079037843,0.9557807417639672
4829,4829,4829,4.048333333333334,0.9940681807400732,0.9549841076683924
4830,4830,4830,4.050000000000001,0.9924908558000514,0.9541874735728167
4831,4831,4831,4.051666666666668,0.9932023841445334,0.9541537905720764
4832,4832,4832,4.053333333333335,0.9920065347519298,0.9533571564765017
4833,4833,4833,4.055,0.9923365875489959,0.9525605223809276
4834,4834,4834,4.056666666666667,0.9907592626089736,0.9517638882853524
4835,4835,4835,4.058333333333334,0.9880375110267,0.9509672541897772
4836,4836,4836,4.0600000000000005,0.9872231371815126,0.9501706200942022
4837,4837,4837,4.061666666666667,0.9886976166208306,0.9489925104512102
4838,4838,4838,4.063333333333334,0.9875017672282256,0.9485773519030524
4839,4839,4839,4.065000000000001,0.9851614911933692,0.9481621933548948
4840,4840,4840,4.066666666666666,0.9843471173481833,0.9469840837119032
4841,4841,4841,4.068333333333333,0.983532743502996,0.9465689251637456
4842,4842,4842,4.07,0.9834813207526444,0.9457722910681712
4843,4843,4843,4.071666666666667,0.981903995812622,0.9453571325200132
4844,4844,4844,4.073333333333334,0.9807081464200178,0.9445604984244382
4845,4845,4845,4.075000000000001,0.9814196747645,0.9437638643288632
4846,4846,4846,4.076666666666668,0.981749727561566,0.9433487057807056
4847,4847,4847,4.078333333333333,0.9816983048112138,0.9425520716851312
4848,4848,4848,4.08,0.981646882060862,0.9417554375895568
4849,4849,4849,4.081666666666667,0.9793066060260056,0.9413402790413992
4850,4850,4850,4.083333333333334,0.9773478055385659,0.9401621693984064
4851,4851,4851,4.085000000000001,0.9776778583356308,0.9397470108502493
4852,4852,4852,4.086666666666668,0.9764820089430272,0.938950376754674
4853,4853,4853,4.088333333333335,0.9760491106452576,0.9381537426590988
4854,4854,4854,4.09,0.9756162123474889,0.9369756330161074
4855,4855,4855,4.091666666666667,0.9748018385023018,0.9361789989205324
4856,4856,4856,4.093333333333334,0.9774207445838712,0.9361453159197916
4857,4857,4857,4.095000000000001,0.9762248951912672,0.9357301573716348
4858,4858,4858,4.096666666666668,0.9735031436089931,0.9353149988234776
4859,4859,4859,4.0983333333333345,0.97650352523798,0.9348998402753192
4860,4860,4860,4.1,0.9737817736557068,0.9344846817271626
4861,4861,4861,4.101666666666668,0.9718229731682672,0.9336880476315876
4862,4862,4862,4.103333333333332,0.9729159770601676,0.9332728890834304
4863,4863,4863,4.105,0.9728645543098152,0.9320947794404376
4864,4864,4864,4.106666666666667,0.9716687049172112,0.9312981453448628
4865,4865,4865,4.108333333333334,0.9704728555246059,0.9305015112492874
4866,4866,4866,4.110000000000001,0.9711843838690896,0.9297048771537127
4867,4867,4867,4.111666666666666,0.9699885344764856,0.9285267675107208
4868,4868,4868,4.113333333333333,0.969555636178716,0.9277301334151464
4869,4869,4869,4.115,0.9702671645231986,0.9265520237721538
4870,4870,4870,4.116666666666667,0.9694527906780112,0.9253739141291611
4871,4871,4871,4.118333333333334,0.9682569412854072,0.9241958044861692
4872,4872,4872,4.120000000000001,0.9685869940824724,0.9230176948431764
4873,4873,4873,4.121666666666668,0.9704429490692076,0.9222210607476016
4874,4874,4874,4.123333333333333,0.9692470996766039,0.92104295110461
4875,4875,4875,4.125,0.9669068236417472,0.9198648414616172
4876,4876,4876,4.126666666666667,0.9679998275336472,0.9194496829134596
4877,4877,4877,4.128333333333334,0.9683298803307124,0.9186530488178852
4878,4878,4878,4.130000000000001,0.9671340309381082,0.9182378902697272
4879,4879,4879,4.131666666666668,0.9667011326403384,0.9174412561741524
4880,4880,4880,4.133333333333335,0.9662682343425688,0.9162631465311604
4881,4881,4881,4.135,0.9650723849499654,0.9154665124355854
4882,4882,4882,4.136666666666667,0.9638765355573612,0.9150513538874284
4883,4883,4883,4.138333333333334,0.9642065883544264,0.9138732442444358
4884,4884,4884,4.140000000000001,0.9637736900566564,0.9130766101488604
4885,4885,4885,4.1416666666666675,0.9656296450433914,0.912661451600703
4886,4886,4886,4.143333333333334,0.9644337956507872,0.9122462930525456
4887,4887,4887,4.145000000000001,0.9636194218056002,0.9114496589569704
4888,4888,4888,4.146666666666668,0.9624235724129968,0.9106530248613962
4889,4889,4889,4.148333333333332,0.9627536252100616,0.9098563907658213
4890,4890,4890,4.15,0.9630836780071272,0.9094412322176636
4891,4891,4891,4.151666666666667,0.9637952063516092,0.9082631225746712
4892,4892,4892,4.153333333333334,0.9614549303167534,0.907847964026514
4893,4893,4893,4.155000000000001,0.9602590809241484,0.9074328054783564
4894,4894,4894,4.156666666666668,0.9617335603634658,0.9070176469301984
4895,4895,4895,4.158333333333333,0.9605377109708626,0.9066024883820418
4896,4896,4896,4.16,0.9608677637679282,0.9061873298338838
4897,4897,4897,4.161666666666667,0.9608163410175758,0.9057721712857268
4898,4898,4898,4.163333333333334,0.9600019671723884,0.9065014393798214
4899,4899,4899,4.165000000000001,0.9607134955168716,0.9068492319264982
4900,4900,4900,4.166666666666668,0.9591361705768496,0.9068155489257586
4901,4901,4901,4.168333333333333,0.957940321184246,0.907544817019854
4902,4902,4902,4.17,0.9590333250761468,0.9071296584716966
4903,4903,4903,4.171666666666667,0.9586004267783771,0.907095975470956
4904,4904,4904,4.173333333333334,0.9581675284806072,0.9066808169227982
4905,4905,4905,4.175000000000001,0.9588790568250898,0.9062656583746402
4906,4906,4906,4.176666666666668,0.958827634074738,0.9050875487316484
4907,4907,4907,4.178333333333335,0.9606835890614724,0.9042909146360734
4908,4908,4908,4.18,0.9598692152162864,0.9038757560879168
4909,4909,4909,4.181666666666667,0.9594363169185168,0.9034605975397588
4910,4910,4910,4.183333333333334,0.960910796357834,0.9030454389916014
4911,4911,4911,4.1850000000000005,0.9604778980600645,0.9022488048960268
4912,4912,4912,4.186666666666667,0.9600449997622956,0.9014521708004516
4913,4913,4913,4.188333333333334,0.9599935770119424,0.901037012252294
4914,4914,4914,4.190000000000001,0.9599421542615908,0.9002403781567185
4915,4915,4915,4.191666666666666,0.9598907315112392,0.8994437440611445
4916,4916,4916,4.193333333333333,0.9606022598557222,0.8986471099655695
4917,4917,4917,4.195,0.9597878860105352,0.8982319514174124
4918,4918,4918,4.196666666666667,0.9578290855230959,0.8978167928692544
4919,4919,4919,4.198333333333334,0.9570147116779092,0.8966386832262621
4920,4920,4920,4.200000000000001,0.9565818133801388,0.8954605735832701
4921,4921,4921,4.201666666666668,0.9565303906297876,0.8946639394876947
4922,4922,4922,4.203333333333333,0.9534271635000972,0.8938673053921207
4923,4923,4923,4.205,0.9541386918445792,0.8926891957491283
4924,4924,4924,4.206666666666667,0.9525613669045572,0.8918925616535529
4925,4925,4925,4.208333333333334,0.9521284686067876,0.8907144520105603
4926,4926,4926,4.210000000000001,0.9528399969512704,0.8899178179149858
4927,4927,4927,4.211666666666668,0.9508811964638316,0.889502659366828
4928,4928,4928,4.213333333333335,0.9504482981660618,0.8887060252712531
4929,4929,4929,4.215,0.9511598265105444,0.8875279156282614
4930,4930,4930,4.216666666666667,0.9507269282127746,0.8867312815326864
4931,4931,4931,4.218333333333334,0.9510569810098402,0.8859346474371115
4932,4932,4932,4.220000000000001,0.9487167049749838,0.8847565377941191
4933,4933,4933,4.221666666666668,0.9475208555823798,0.8839599036985437
4934,4934,4934,4.2233333333333345,0.9470879572846099,0.8835447451503862
4935,4935,4935,4.225,0.9470365345342586,0.8827481110548121
4936,4936,4936,4.226666666666668,0.9473665873313232,0.8823329525066548
4937,4937,4937,4.228333333333332,0.947315164580972,0.8811548428636622
4938,4938,4938,4.23,0.9472637418306192,0.8799767332206698
4939,4939,4939,4.231666666666667,0.9472123190802672,0.8791800991250944
4940,4940,4940,4.233333333333334,0.945253518592828,0.8787649405769373
4941,4941,4941,4.235000000000001,0.9440576692002236,0.8779683064813624
4942,4942,4942,4.236666666666666,0.9440062464498724,0.8771716723857883
4943,4943,4943,4.238333333333333,0.941665970415016,0.8763750382902133
4944,4944,4944,4.24,0.9412330721172464,0.8751969286472205
4945,4945,4945,4.241666666666667,0.9400372227246412,0.8747817700990629
4946,4946,4946,4.243333333333334,0.9411302266165422,0.8743666115509057
4947,4947,4947,4.245000000000001,0.9410788038661893,0.8731885019079131
4948,4948,4948,4.246666666666668,0.9402644300210024,0.8723918678123377
4949,4949,4949,4.248333333333333,0.9390685806283988,0.8719767092641817
4950,4950,4950,4.25,0.938254206783212,0.8707985996211887
4951,4951,4951,4.251666666666667,0.9378213084854424,0.8696204899781967
4952,4952,4952,4.253333333333334,0.9370069346402556,0.8684423803352039
4953,4953,4953,4.255000000000001,0.9350481341528164,0.8684086973344638
4954,4954,4954,4.256666666666668,0.9349967114024637,0.8672305876914714
4955,4955,4955,4.258333333333335,0.9349452886521112,0.8656710025010619
4956,4956,4956,4.26,0.9348938659017604,0.8648743684054874
4957,4957,4957,4.261666666666667,0.9348424431514082,0.8648406854047475
4958,4958,4958,4.263333333333334,0.933646593758804,0.8644255268565899
4959,4959,4959,4.265000000000001,0.933595171008452,0.8636288927610145
4960,4960,4960,4.2666666666666675,0.9335437482581,0.8632137342128576
4961,4961,4961,4.268333333333334,0.9312034722232432,0.8624171001172822
4962,4962,4962,4.270000000000001,0.9284817206409692,0.8616204660217073
4963,4963,4963,4.271666666666668,0.9288117734380354,0.8608238319261332
4964,4964,4964,4.273333333333332,0.9302862528773524,0.8604086733779757
4965,4965,4965,4.275,0.9309977812218349,0.8596120392824003
4966,4966,4966,4.276666666666667,0.9298019318292304,0.8588154051868258
4967,4967,4967,4.278333333333334,0.9289875579840434,0.8576372955438334
4968,4968,4968,4.280000000000001,0.9285546596862742,0.8568406614482579
4969,4969,4969,4.281666666666668,0.9281217613885048,0.8564255029001009
4970,4970,4970,4.283333333333333,0.9273073875433188,0.8552473932571091
4971,4971,4971,4.285,0.9257300626032958,0.8544507591615345
4972,4972,4972,4.286666666666667,0.9241527376632752,0.8536541250659591
4973,4973,4973,4.288333333333334,0.9233383638180874,0.8532389665178015
4974,4974,4974,4.290000000000001,0.9240498921625702,0.8524423324222261
4975,4975,4975,4.291666666666668,0.9255243716018876,0.8512642227792342
4976,4976,4976,4.293333333333333,0.9250914733041192,0.8504675886836597
4977,4977,4977,4.295,0.9227511972692626,0.8492894790406675
4978,4978,4978,4.296666666666667,0.9234627256137452,0.8477298938502573
4979,4979,4979,4.298333333333334,0.9230298273159758,0.8469332597546824
4980,4980,4980,4.300000000000001,0.9214525023759532,0.8461366256591079
4981,4981,4981,4.301666666666668,0.9221640307204368,0.8457214671109499
4982,4982,4982,4.303333333333335,0.9217311324226664,0.8453063085627923
4983,4983,4983,4.305,0.921298234124898,0.8448911500146359
4984,4984,4984,4.306666666666667,0.9208653358271284,0.8440945159190605
4985,4985,4985,4.308333333333334,0.9204324375293592,0.8432978818234855
4986,4986,4986,4.3100000000000005,0.9192365881367546,0.841738296633076
4987,4987,4987,4.311666666666667,0.9184222142915676,0.8405601869900832
4988,4988,4988,4.313333333333334,0.9168448893515458,0.8401450284419256
4989,4989,4989,4.315000000000001,0.9175564176960276,0.8397298698937681
4990,4990,4990,4.316666666666666,0.9178864704930941,0.8389332357981936
4991,4991,4991,4.318333333333333,0.9166906211004896,0.8385180772500367
4992,4992,4992,4.32,0.91778362499239,0.8377214431544617
4993,4993,4993,4.321666666666667,0.916206300052368,0.8365433335114687
4994,4994,4994,4.323333333333334,0.914247499564929,0.8357466994158937
4995,4995,4995,4.325000000000001,0.913433125719742,0.8353315408677369
4996,4996,4996,4.326666666666668,0.9126187518745552,0.8352978578669963
4997,4997,4997,4.328333333333333,0.9133302802190386,0.8345012237714222
4998,4998,4998,4.33,0.9125159063738516,0.8333231141284299
4999,4999,4999,4.331666666666667,0.9120830080760818,0.8325264800328545
5000,5000,5000,4.333333333333334,0.9112686342308948,0.8317298459372799
5001,5001,5001,4.335000000000001,0.9112172114805426,0.830933211841705
5002,5002,5002,4.336666666666668,0.9111657887301904,0.8297551021987122
5003,5003,5003,4.338333333333335,0.9092069882427511,0.8281955170083022
5004,5004,5004,4.34,0.9083926143975652,0.8273988829127281
5005,5005,5005,4.341666666666667,0.9083411916472124,0.8266022488171527
5006,5006,5006,4.343333333333334,0.9132489510132876,0.8261870902689956
5007,5007,5007,4.345000000000001,0.9185381859267792,0.8253904561734207
5008,5008,5008,4.346666666666668,0.9219200431031828,0.8245938220778453
5009,5009,5009,4.3483333333333345,0.9233945225425004,0.8241786635296884
5010,5010,5010,4.350000000000001,0.9241060508869832,0.8233820294341134
5011,5011,5011,4.351666666666668,0.9248175792314666,0.8222039197911217
5012,5012,5012,4.353333333333332,0.9232402542914452,0.8217887612429641
5013,5013,5013,4.355,0.9235703070885104,0.820992127147389
5014,5014,5014,4.356666666666667,0.9219929821484878,0.8201954930518136
5015,5015,5015,4.358333333333334,0.9196527061136316,0.8197803345036565
5016,5016,5016,4.360000000000001,0.9169309545313579,0.819365175955499
5017,5017,5017,4.361666666666666,0.9187869095180932,0.8193314929547597
5018,5018,5018,4.363333333333333,0.9187354867677412,0.8192978099540191
5019,5019,5019,4.365,0.916776686280302,0.8188826514058616
5020,5020,5020,4.366666666666667,0.9159623124351152,0.8184674928577045
5021,5021,5021,4.368333333333334,0.9147664630425111,0.8188152854043815
5022,5022,5022,4.370000000000001,0.9162409424818284,0.8187816024036412
5023,5023,5023,4.371666666666668,0.915808044184058,0.8176034927606484
5024,5024,5024,4.373333333333333,0.9134677681492024,0.8168068586650747
5025,5025,5025,4.375,0.9137978209462676,0.8152472734746645
5026,5026,5026,4.376666666666667,0.9137463981959156,0.8148321149265076
5027,5027,5027,4.378333333333334,0.9121690732558938,0.8136540052835146
5028,5028,5028,4.380000000000001,0.9113546994107068,0.8120944200931044
5029,5029,5029,4.381666666666668,0.9113032766603548,0.8112977859975299
5030,5030,5030,4.383333333333335,0.910488902815168,0.8105011519019554
5031,5031,5031,4.385,0.9104374800648156,0.8100859933537983
5032,5032,5032,4.386666666666667,0.9111490084092996,0.8092893592582229
5033,5033,5033,4.388333333333334,0.9099531590166944,0.8084927251626484
5034,5034,5034,4.390000000000001,0.9110461629085944,0.8080775666144904
5035,5035,5035,4.3916666666666675,0.9106132646108248,0.8072809325189159
5036,5036,5036,4.393333333333334,0.9075100374811336,0.8072472495181753
5037,5037,5037,4.395000000000001,0.9066956636359468,0.8064506154225999
5038,5038,5038,4.396666666666668,0.9070257164330128,0.8048910302321914
5039,5039,5039,4.398333333333332,0.9058298670404086,0.8037129205891986
5040,5040,5040,4.4,0.9050154931952208,0.8029162864936241
5041,5041,5041,4.401666666666667,0.9049640704448696,0.8017381768506313
5042,5042,5042,4.403333333333334,0.9064385498841864,0.8013230183024742
5043,5043,5043,4.405000000000001,0.905242700491582,0.8005263842068988
5044,5044,5044,4.406666666666668,0.9040468510989776,0.8008741767535765
5045,5045,5045,4.408333333333333,0.905521330538296,0.8008404937528368
5046,5046,5046,4.41,0.9050884322405268,0.7996623841098449
5047,5047,5047,4.411666666666667,0.9019852051108352,0.7984842744668521
5048,5048,5048,4.413333333333334,0.9023152579079006,0.7976876403712767
5049,5049,5049,4.415000000000001,0.9030267862523826,0.796509530728285
5050,5050,5050,4.416666666666668,0.9014494613123616,0.7957128966327096
5051,5051,5051,4.418333333333333,0.9010165630145924,0.7952977380845532
5052,5052,5052,4.42,0.90096514026424,0.7941196284415606
5053,5053,5053,4.421666666666667,0.900913717513888,0.7933229943459861
5054,5054,5054,4.423333333333334,0.9004808192161182,0.7932893113452453
5055,5055,5055,4.425000000000001,0.8992849698235141,0.7921112017022534
5056,5056,5056,4.426666666666668,0.8988520715257444,0.7909330920592608
5057,5057,5057,4.428333333333335,0.8968932710383055,0.7901364579636854
5058,5058,5058,4.43,0.8960788971931195,0.7897212994155289
5059,5059,5059,4.431666666666667,0.8971719010850185,0.7893061408673709
5060,5060,5060,4.433333333333334,0.8963575272398316,0.7885095067717964
5061,5061,5061,4.4350000000000005,0.8966875800368972,0.7873313971288036
5062,5062,5062,4.436666666666667,0.8962546817391275,0.7861532874858109
5063,5063,5063,4.438333333333334,0.8962032589887756,0.7865010800324885
5064,5064,5064,4.440000000000001,0.8950074095961713,0.7841785437472444
5065,5065,5065,4.441666666666666,0.8941930357509844,0.7822374830094176
5066,5066,5066,4.443333333333333,0.8952860396428854,0.782203800008678
5067,5067,5067,4.445,0.8944716657976985,0.7821701170079376
5068,5068,5068,4.446666666666667,0.8917499142154237,0.7817549584597794
5069,5069,5069,4.448333333333334,0.8924614425599062,0.7809583243642049
5070,5070,5070,4.450000000000001,0.8939359219992241,0.7805431658160469
5071,5071,5071,4.451666666666668,0.8927400726066195,0.7801280072678889
5072,5072,5072,4.453333333333333,0.8930701254036859,0.7797128487197329
5073,5073,5073,4.455,0.8930187026533336,0.7789162146241575
5074,5074,5074,4.456666666666667,0.8925858043555635,0.777356629433748
5075,5075,5075,4.458333333333334,0.8925343816052114,0.7761785197907551
5076,5076,5076,4.460000000000001,0.8928644344022778,0.7761448367900154
5077,5077,5077,4.461666666666668,0.8931944871993421,0.7753482026944399
5078,5078,5078,4.463333333333335,0.8904727356170685,0.7741700930514481
5079,5079,5079,4.465,0.8896583617718825,0.7729919834084562
5080,5080,5080,4.466666666666667,0.8892254634741128,0.7721953493128817
5081,5081,5081,4.468333333333334,0.8861222363444212,0.7717801907647237
5082,5082,5082,4.470000000000001,0.886833764688904,0.7709835566691483
5083,5083,5083,4.471666666666668,0.8898341463178907,0.7698054470261564
5084,5084,5084,4.4733333333333345,0.8874938702830337,0.7693902884779984
5085,5085,5085,4.475000000000001,0.8859165453430131,0.7693566054772589
5086,5086,5086,4.476666666666668,0.8858651225926617,0.769322922476519
5087,5087,5087,4.478333333333332,0.8846692732000567,0.7692892394757793
5088,5088,5088,4.48,0.884236374902287,0.7681111298327863
5089,5089,5089,4.481666666666667,0.8830405255096829,0.76617006909496
5090,5090,5090,4.483333333333334,0.8829891027593308,0.7657549105468018
5091,5091,5091,4.485000000000001,0.8844635821986482,0.7653397519986438
5092,5092,5092,4.486666666666666,0.8851751105431318,0.7645431179030702
5093,5093,5093,4.488333333333333,0.8835977856031094,0.7641279593549121
5094,5094,5094,4.49,0.8812575095682527,0.7637128008067542
5095,5095,5095,4.491666666666667,0.8812060868179006,0.7640605933534319
5096,5096,5096,4.493333333333334,0.8811546640675487,0.7636454348052748
5097,5097,5097,4.495000000000001,0.8818661924120312,0.762467325162282
5098,5098,5098,4.496666666666668,0.8799073919245923,0.7631965932563771
5099,5099,5099,4.498333333333333,0.8798559691742414,0.762018483613385
5100,5100,5100,4.5,0.8820933997083926,0.7608403739703933
5101,5101,5101,4.501666666666667,0.8805160747683718,0.7611881665170701
5102,5102,5102,4.503333333333334,0.8774128476386798,0.7607730079689121
5103,5103,5103,4.505000000000001,0.8773614248883275,0.7595948983259193
5104,5104,5104,4.506666666666668,0.8773100021379754,0.7591797397777622
5105,5105,5105,4.508333333333335,0.8772585793876233,0.7587645812296051
5106,5106,5106,4.51,0.8775886321846895,0.7579679471340306
5107,5107,5107,4.511666666666667,0.8783001605291725,0.75793426413329
5108,5108,5108,4.513333333333334,0.8771043111365681,0.7579005811325503
5109,5109,5109,4.515000000000001,0.8755269861965456,0.7574854225843934
5110,5110,5110,4.5166666666666675,0.8750940878987767,0.7566887884888179
5111,5111,5111,4.518333333333334,0.8750426651484241,0.7562736299406596
5112,5112,5112,4.520000000000001,0.8723209135661498,0.7570028980347538
5113,5113,5113,4.521666666666668,0.8734139174580511,0.7565877394865979
5114,5114,5114,4.523333333333332,0.8745069213499509,0.7554096298436048
5115,5115,5115,4.525,0.8717851697676773,0.7553759468428651
5116,5116,5116,4.526666666666667,0.8713522714699076,0.7553422638421248
5117,5117,5117,4.528333333333334,0.8713008487195555,0.7549271052939677
5118,5118,5118,4.530000000000001,0.8693420482321157,0.7541304711983932
5119,5119,5119,4.531666666666668,0.8696721010291808,0.7537153126502352
5120,5120,5120,4.533333333333333,0.8692392027314124,0.7529186785546607
5121,5121,5121,4.535,0.8676618777913905,0.7521220444590861
5122,5122,5122,4.536666666666667,0.8660845528513691,0.7520883614583456
5123,5123,5123,4.538333333333334,0.8667960811958517,0.752054678457605
5124,5124,5124,4.540000000000001,0.8690335117300039,0.7520209954568653
5125,5125,5125,4.541666666666668,0.8693635645270692,0.7516058369087069
5126,5126,5126,4.543333333333333,0.8689306662293006,0.7508092028131332
5127,5127,5127,4.545,0.8715495723108706,0.7503940442649757
5128,5128,5128,4.546666666666667,0.8714981495605174,0.7499788857168177
5129,5129,5129,4.548333333333334,0.8725911534524176,0.7503266782634954
5130,5130,5130,4.550000000000001,0.8740656328917351,0.7502929952627557
5131,5131,5131,4.551666666666668,0.8751586367836353,0.7494963611671803
5132,5132,5132,4.553333333333335,0.8781590184126229,0.7479367759767701
5133,5133,5133,4.555,0.8784890712096887,0.7482845685234487
5134,5134,5134,4.556666666666667,0.8772932218170844,0.7478694099752907
5135,5135,5135,4.558333333333334,0.8783862257089836,0.7478357269745509
5136,5136,5136,4.5600000000000005,0.8775718518637976,0.7478020439738104
5137,5137,5137,4.561666666666667,0.8763760024711924,0.747005409878235
5138,5138,5138,4.563333333333334,0.8759431041734229,0.7473532024249128
5139,5139,5139,4.565000000000001,0.8743657792334009,0.7465565683293383
5140,5140,5140,4.566666666666666,0.8758402586727196,0.7453784586863463
5141,5141,5141,4.568333333333333,0.8757888359223676,0.7457262512330232
5142,5142,5142,4.57,0.873448559887511,0.7453110926848661
5143,5143,5143,4.571666666666667,0.8741600882319938,0.7452774096841259
5144,5144,5144,4.573333333333334,0.8737271899342236,0.7452437266833862
5145,5145,5145,4.575000000000001,0.8706239628045329,0.7452100436826457
5146,5146,5146,4.576666666666668,0.8698095889593451,0.7463207873241569
5147,5147,5147,4.578333333333333,0.8689952151141591,0.7462871043234183
5148,5148,5148,4.58,0.8700882190060593,0.7458719457752603
5149,5149,5149,4.581666666666667,0.8704182718031246,0.7466012138693554
5150,5150,5150,4.583333333333334,0.8688409468631031,0.7465675308686148
5151,5151,5151,4.585000000000001,0.8703154263024204,0.7461523723204577
5152,5152,5152,4.586666666666668,0.8698825280046507,0.7461186893197171
5153,5153,5153,4.588333333333335,0.8686866786120457,0.7460850063189777
5154,5154,5154,4.59,0.8693982069565294,0.746051323318238
5155,5155,5155,4.591666666666667,0.8678208820165076,0.7463991158649155
5156,5156,5156,4.593333333333334,0.8677694592661556,0.7452210062219229
5157,5157,5157,4.595000000000001,0.8665736098735513,0.7448058476737647
5158,5158,5158,4.596666666666668,0.8653777604809471,0.7440092135781902
5159,5159,5159,4.5983333333333345,0.8668522399202636,0.7435940550300322
5160,5160,5160,4.600000000000001,0.8652749149802428,0.7427974209344577
5161,5161,5161,4.601666666666668,0.8640790655876394,0.7412378357440486
5162,5162,5162,4.603333333333332,0.8632646917424516,0.7412041527433078
5163,5163,5163,4.605,0.8628317934446821,0.7400260431003158
5164,5164,5164,4.606666666666667,0.8646877484314173,0.7396108845521587
5165,5165,5165,4.608333333333334,0.8642548501336476,0.7395772015514182
5166,5166,5166,4.610000000000001,0.8645849029307127,0.7383990919084251
5167,5167,5167,4.611666666666666,0.8641520046329443,0.7379839333602691
5168,5168,5168,4.613333333333333,0.8621932041455054,0.7379502503595285
5169,5169,5169,4.615,0.861760305847735,0.7379165673587889
5170,5170,5170,4.616666666666667,0.8605644564551316,0.7375014088106309
5171,5171,5171,4.618333333333334,0.8601315581573612,0.7363232991676381
5172,5172,5172,4.620000000000001,0.8593171843121743,0.7355266650720635
5173,5173,5173,4.621666666666668,0.8611731392989086,0.7351115065239064
5174,5174,5174,4.623333333333333,0.8595958143588882,0.7346963479757493
5175,5175,5175,4.625,0.860307342703371,0.7346626649750088
5176,5176,5176,4.626666666666667,0.8606373955004365,0.7342475064268517
5177,5177,5177,4.628333333333334,0.8594415461078321,0.7342138234261111
5178,5178,5178,4.630000000000001,0.8590086478100618,0.7345616159727888
5179,5179,5179,4.631666666666668,0.8574313228700396,0.7330020307823786
5180,5180,5180,4.633333333333335,0.8589058023093576,0.7322053966868032
5181,5181,5181,4.635,0.8584729040115893,0.7317902381386472
5182,5182,5182,4.636666666666667,0.8580400057138193,0.7302306529482367
5183,5183,5183,4.638333333333334,0.8595144851531367,0.7290525433052448
5184,5184,5184,4.640000000000001,0.8571742091182806,0.7286373847570868
5185,5185,5185,4.6416666666666675,0.8563598352730937,0.7286037017563474
5186,5186,5186,4.643333333333334,0.8574528391649936,0.7281885432081892
5187,5187,5187,4.645000000000001,0.8547310875827192,0.7277733846600323
5188,5188,5188,4.646666666666668,0.8554426159272022,0.7269767505644578
5189,5189,5189,4.648333333333332,0.8580615220087724,0.7265615920163002
5190,5190,5190,4.65,0.8572471481635855,0.7257649579207248
5191,5191,5191,4.651666666666667,0.8579586765080682,0.7249683238251494
5192,5192,5192,4.653333333333334,0.8567628271154637,0.7237902141821579
5193,5193,5193,4.655000000000001,0.8559484532702768,0.7233750556339995
5194,5194,5194,4.656666666666668,0.8555155549725075,0.7229598970858426
5195,5195,5195,4.658333333333333,0.8531752789376509,0.7225447385376853
5196,5196,5196,4.66,0.8531238561872996,0.7225110555369456
5197,5197,5197,4.661666666666667,0.854598335626616,0.7217144214413702
5198,5198,5198,4.663333333333334,0.8553098639710988,0.7212992628932133
5199,5199,5199,4.665000000000001,0.8552584412207471,0.7208841043450551
5200,5200,5200,4.666666666666668,0.8529181651858906,0.7197059947020625
5201,5201,5201,4.668333333333333,0.8540111690777916,0.7177649339642365
5202,5202,5202,4.67,0.8535782707800219,0.7177312509634959
5203,5203,5203,4.671666666666667,0.8520009458400004,0.7180790435101734
5204,5204,5204,4.673333333333334,0.8523309986370644,0.7184268360568506
5205,5205,5205,4.675000000000001,0.8511351492444612,0.7176302019612761
5206,5206,5206,4.676666666666668,0.8510837264941082,0.7175965189605353
5207,5207,5207,4.678333333333335,0.8525582059334256,0.7171813604123785
5208,5208,5208,4.68,0.8528882587304918,0.7163847263168039
5209,5209,5209,4.681666666666667,0.8497850316008009,0.7155880922212294
5210,5210,5210,4.683333333333334,0.8489706577556141,0.7144099825782364
5211,5211,5211,4.6850000000000005,0.8512080882897661,0.7132318729352438
5212,5212,5212,4.686666666666667,0.8511566655394138,0.7120537632922509
5213,5213,5213,4.688333333333334,0.8503422916942259,0.7124015558389287
5214,5214,5214,4.690000000000001,0.84952791784904,0.7131308239330236
5215,5215,5215,4.691666666666666,0.8506209217409404,0.7127156653848667
5216,5216,5216,4.693333333333333,0.8494250723483361,0.7115375557418737
5217,5217,5217,4.695,0.849373649597984,0.7115038727411342
5218,5218,5218,4.696666666666667,0.8489407513002147,0.7110887141929774
5219,5219,5219,4.698333333333334,0.8469819508127754,0.7106735556448192
5220,5220,5220,4.700000000000001,0.8476934791572577,0.7098769215492438
5221,5221,5221,4.701666666666668,0.8472605808594884,0.7098432385485032
5222,5222,5222,4.703333333333333,0.847972109203972,0.7094280800003472
5223,5223,5223,4.705,0.8479206864536193,0.7090129214521887
5224,5224,5224,4.706666666666667,0.8478692637032671,0.7089792384514491
5225,5225,5225,4.708333333333334,0.8470548898580801,0.7078011288084565
5226,5226,5226,4.710000000000001,0.8462405160128932,0.7070044947128821
5227,5227,5227,4.711666666666668,0.8442817155254543,0.7062078606173074
5228,5228,5228,4.713333333333335,0.8446117683225194,0.7061741776165669
5229,5229,5229,4.715,0.8445603455721677,0.7057590190684098
5230,5230,5230,4.716666666666667,0.8426015450847293,0.7053438605202527
5231,5231,5231,4.718333333333334,0.8421686467869596,0.7056916530669295
5232,5232,5232,4.720000000000001,0.8428801751314419,0.7045135434239367
5233,5233,5233,4.721666666666668,0.8416843257388373,0.7033354337809448
5234,5234,5234,4.7233333333333345,0.8412514274410681,0.7021573241379521
5235,5235,5235,4.725000000000001,0.8404370535958812,0.7013606900423774
5236,5236,5236,4.726666666666668,0.8407671063929474,0.7017084825890552
5237,5237,5237,4.728333333333332,0.8388083059055083,0.7012933240408974
5238,5238,5238,4.73,0.8387568831551553,0.7004966899453229
5239,5239,5239,4.731666666666667,0.8394684114996378,0.7000815313971656
5240,5240,5240,4.733333333333334,0.8375096110121998,0.6996663728490076
5241,5241,5241,4.735000000000001,0.8386026149040992,0.6996326898482671
5242,5242,5242,4.736666666666666,0.8381697166063304,0.6984545802052761
5243,5243,5243,4.738333333333333,0.8365923916663083,0.6976579461097006
5244,5244,5244,4.74,0.8361594933685392,0.6972427875615435
5245,5245,5245,4.741666666666667,0.8345821684285173,0.6994979578453071
5246,5246,5246,4.743333333333334,0.8322418923936609,0.7028975547713234
5247,5247,5247,4.745000000000001,0.8310460430010553,0.7055342006025054
5248,5248,5248,4.746666666666668,0.8306131447032863,0.707407895338853
5249,5249,5249,4.748333333333333,0.8313246730477697,0.7081371634329481
5250,5250,5250,4.75,0.8297473481077479,0.7088664315270423
5251,5251,5251,4.751666666666667,0.8289329742625611,0.7088327485263024
5252,5252,5252,4.753333333333334,0.8281186004173742,0.7087990655255623
5253,5253,5253,4.755000000000001,0.8276857021196049,0.7083839069774049
5254,5254,5254,4.756666666666668,0.8272528038218352,0.7068243217869947
5255,5255,5255,4.758333333333335,0.8264384299766483,0.7045017855017497
5256,5256,5256,4.76,0.8260055316788795,0.7052310535958457
5257,5257,5257,4.761666666666667,0.8225208290017703,0.7051973705951051
5258,5258,5258,4.763333333333334,0.8224694062514182,0.7044007364995306
5259,5259,5259,4.765000000000001,0.8227994590484835,0.7036041024039552
5260,5260,5260,4.7666666666666675,0.8219850852032966,0.7028074683083807
5261,5261,5261,4.768333333333334,0.8207892358106921,0.7031552608550575
5262,5262,5262,4.770000000000001,0.8234081418922619,0.7027401023069009
5263,5263,5263,4.771666666666668,0.8252640968789982,0.7015619926639085
5264,5264,5264,4.773333333333332,0.8244497230338104,0.7011468341157518
5265,5265,5265,4.775,0.8270686291153806,0.7011131511150106
5266,5266,5266,4.776666666666667,0.8277801574598629,0.6999350414720179
5267,5267,5267,4.778333333333334,0.8262028325198412,0.6991384073764435
5268,5268,5268,4.780000000000001,0.8280587875065755,0.6991047243757029
5269,5269,5269,4.781666666666668,0.8291517913984763,0.6986895658275456
5270,5270,5270,4.783333333333333,0.8268115153636202,0.6982744072793887
5271,5271,5271,4.785,0.8263786170658507,0.6986221998260655
5272,5272,5272,4.786666666666667,0.8274716209577511,0.6982070412779084
5273,5273,5273,4.788333333333334,0.8274201982073983,0.6981733582771688
5274,5274,5274,4.790000000000001,0.8243169710777074,0.6977581997290108
5275,5275,5275,4.791666666666668,0.8223581705902672,0.6961986145386003
5276,5276,5276,4.793333333333335,0.8226882233873327,0.6954019804430258
5277,5277,5277,4.795,0.8199664718050599,0.6949868218948689
5278,5278,5278,4.796666666666667,0.8183891468650386,0.6941901877992944
5279,5279,5279,4.798333333333334,0.8202451018517729,0.6937750292511364
5280,5280,5280,4.800000000000001,0.8186677769117512,0.6933598707029784
5281,5281,5281,4.801666666666668,0.8186163541613991,0.6940891387970736
5282,5282,5282,4.803333333333336,0.8185649314110466,0.6936739802489167
5283,5283,5283,4.805,0.8166061309236079,0.6924958706059245
5284,5284,5284,4.806666666666667,0.8165547081732559,0.6928436631526012
5285,5285,5285,4.808333333333334,0.8149773832332341,0.6924285046044443
5286,5286,5286,4.8100000000000005,0.8126371071983778,0.6908689194140339
5287,5287,5287,4.811666666666667,0.8125856844480253,0.6908352364132944
5288,5288,5288,4.813333333333334,0.8129157372450908,0.6908015534125536
5289,5289,5289,4.815000000000003,0.8098125101153997,0.6903863948643958
5290,5290,5290,4.816666666666666,0.8082351851753791,0.6895897607688222
5291,5291,5291,4.818333333333333,0.8093281890672785,0.6891746022206638
5292,5292,5292,4.82,0.8100397174117608,0.6895223947673419
5293,5293,5293,4.821666666666667,0.8099882946614088,0.6887257606717665
5294,5294,5294,4.823333333333334,0.8080294941739694,0.6883106021236094
5295,5295,5295,4.825000000000003,0.8087410225184524,0.687513968028034
5296,5296,5296,4.826666666666668,0.8079266486732655,0.6863358583850421
5297,5297,5297,4.828333333333333,0.8036789949013228,0.6855392242894676
5298,5298,5298,4.83,0.8047719987932227,0.6855055412887279
5299,5299,5299,4.831666666666667,0.8051020515902874,0.6854718582879873
5300,5300,5300,4.833333333333334,0.8023803000080141,0.6854381752872467
5301,5301,5301,4.835000000000001,0.8004214995205743,0.6850230167390896
5302,5302,5302,4.836666666666668,0.8007515523176394,0.6849893337383488
5303,5303,5303,4.8383333333333365,0.8045148850414616,0.6841926996427743
5304,5304,5304,4.84,0.8014116579117712,0.6833960655471998
5305,5305,5305,4.841666666666667,0.7990713818769144,0.6833623825464605
5306,5306,5306,4.843333333333334,0.7997829102213974,0.6829472239983023
5307,5307,5307,4.845000000000001,0.7989685363762105,0.6817691143553106
5308,5308,5308,4.846666666666668,0.7985356380784401,0.6817354313545699
5309,5309,5309,4.8483333333333345,0.7996286419703411,0.6820832239012469
5310,5310,5310,4.850000000000003,0.7995772192199881,0.6816680653530895
5311,5311,5311,4.851666666666668,0.7979998942799673,0.6820158578997673
5312,5312,5312,4.853333333333332,0.7948966671502758,0.6819821748990267
5313,5313,5313,4.855,0.7933193422102545,0.6815670163508696
5314,5314,5314,4.856666666666667,0.7947938216495718,0.6811518578027125
5315,5315,5315,4.858333333333334,0.7939794478043849,0.6811181748019719
5316,5316,5316,4.860000000000003,0.7916391717695284,0.6814659673486496
5317,5317,5317,4.861666666666666,0.7923507001140111,0.6799063821582403
5318,5318,5318,4.863333333333333,0.7907733751739896,0.6791097480626658
5319,5319,5319,4.865,0.7907219524236373,0.6783131139670904
5320,5320,5320,4.866666666666667,0.7906705296732852,0.6763720532292627
5321,5321,5321,4.868333333333334,0.7898561558280983,0.6763383702285222
5322,5322,5322,4.870000000000003,0.7894232575303288,0.6778305894174523
5323,5323,5323,4.871666666666668,0.7886088836851419,0.6766524797744602
5324,5324,5324,4.873333333333333,0.7900833631244593,0.6758558456788857
5325,5325,5325,4.875,0.7885060381844384,0.6750592115833103
5326,5326,5326,4.876666666666667,0.7873101887918331,0.6746440530351534
5327,5327,5327,4.878333333333334,0.7868772904940637,0.6738474189395789
5328,5328,5328,4.880000000000001,0.7852999655540425,0.6734322603914207
5329,5329,5329,4.881666666666668,0.7837226406140205,0.6726356262958453
5330,5330,5330,4.883333333333336,0.7821453156739986,0.6733648943899395
5331,5331,5331,4.885,0.7840012706607344,0.6733312113892005
5332,5332,5332,4.886666666666667,0.7839498479103826,0.6729160528410427
5333,5333,5333,4.888333333333334,0.7831354740651948,0.6713564676506334
5334,5334,5334,4.890000000000001,0.7838470024096784,0.6709413091024752
5335,5335,5335,4.8916666666666675,0.7803622997325685,0.6709076261017359
5336,5336,5336,4.893333333333334,0.7780220236977122,0.6708739431009962
5337,5337,5337,4.895000000000003,0.7798779786844472,0.6700773090054208
5338,5338,5338,4.896666666666668,0.7790636048392612,0.6696621504572637
5339,5339,5339,4.898333333333332,0.7767233288044042,0.6711543696461932
5340,5340,5340,4.9,0.7755274794118006,0.6695947844557835
5341,5341,5341,4.901666666666667,0.7781463854933701,0.6676537237179558
5342,5342,5342,4.903333333333334,0.7765690605533475,0.6676200407172161
5343,5343,5343,4.905000000000003,0.7742287845184916,0.6672048821690582
5344,5344,5344,4.906666666666668,0.7760847395052257,0.667171199168318
5345,5345,5345,4.908333333333333,0.7741259390177877,0.667137516167579
5346,5346,5346,4.91,0.7748374673622707,0.6671038331668384
5347,5347,5347,4.911666666666667,0.7744045690645012,0.6663071990712639
5348,5348,5348,4.913333333333334,0.7705383908399746,0.6651290894282718
5349,5349,5349,4.915000000000003,0.7701054925422053,0.664713930880114
5350,5350,5350,4.916666666666668,0.7700540697918532,0.6642987723319558
5351,5351,5351,4.9183333333333366,0.7680952693044129,0.6627391871415464
5352,5352,5352,4.92,0.7649920421747227,0.6634684552356418
5353,5353,5353,4.921666666666667,0.7676109482562925,0.6630532966874845
5354,5354,5354,4.923333333333334,0.7683224766007755,0.6622566625919091
5355,5355,5355,4.925000000000001,0.7652192494710839,0.6614600284963337
5356,5356,5356,4.926666666666668,0.7666937289104017,0.6606633944007592
5357,5357,5357,4.928333333333336,0.7643534528755449,0.6602482358526018
5358,5358,5358,4.93,0.7623946523881064,0.6594516017570273
5359,5359,5359,4.931666666666667,0.7611988029955012,0.6590364432088696
5360,5360,5360,4.933333333333334,0.7603844291503152,0.6578583335658774
5361,5361,5361,4.9350000000000005,0.7614774330422145,0.6566802239228848
5362,5362,5362,4.936666666666667,0.7625704369341146,0.6566465409221451
5363,5363,5363,4.938333333333334,0.7606116364466755,0.6577572845636568
5364,5364,5364,4.940000000000003,0.7575084093169842,0.6577236015629161
5365,5365,5365,4.941666666666666,0.757456986566633,0.6580713941095948
5366,5366,5366,4.943333333333333,0.7585499904585336,0.6591821377511067
5367,5367,5367,4.945,0.7565911899710941,0.6595299302977842
5368,5368,5368,4.946666666666667,0.7531064872939841,0.6602591983918782
5369,5369,5369,4.948333333333334,0.7538180156384682,0.661369942033391
5370,5370,5370,4.950000000000003,0.7526221662458628,0.6620992101274852
5371,5371,5371,4.951666666666668,0.7533336945903455,0.6639729048638325
5372,5372,5372,4.953333333333333,0.7517563696503247,0.6647021729579277
5373,5373,5373,4.955,0.7494160936154681,0.664668489957188
5374,5374,5374,4.956666666666667,0.7501276219599509,0.6650162825038648
5375,5375,5375,4.958333333333334,0.7500761992095988,0.6646011239557068
5376,5376,5376,4.960000000000001,0.7488803498169947,0.6641859654075497
5377,5377,5377,4.961666666666668,0.7480659759718069,0.6637708068593917
5378,5378,5378,4.9633333333333365,0.7461071754843684,0.6625926972163998
5379,5379,5379,4.965,0.7472001793762688,0.6633219653104949
5380,5380,5380,4.966666666666667,0.7456228544362471,0.6629068067623369
5381,5381,5381,4.968333333333334,0.7413752006643035,0.6624916482141798
5382,5382,5382,4.970000000000001,0.7424682045562034,0.6620764896660225
5383,5383,5383,4.971666666666668,0.7424167818058516,0.661661331117865
5384,5384,5384,4.9733333333333345,0.7404579813184122,0.6597202703800371
5385,5385,5385,4.975000000000003,0.7400250830206427,0.6589236362844626
5386,5386,5386,4.976666666666668,0.738066282533204,0.6581270021888881
5387,5387,5387,4.978333333333332,0.7357260064983471,0.658474794735566
5388,5388,5388,4.98,0.7364375348428303,0.6580596361874078
5389,5389,5389,4.981666666666667,0.7379120142821474,0.65764447763925
5390,5390,5390,4.983333333333334,0.7348087871524565,0.6579922701859275
5391,5391,5391,4.985000000000003,0.7347573644021039,0.6575771116377702
5392,5392,5392,4.986666666666666,0.7350874171991704,0.6567804775421957
5393,5393,5393,4.988333333333333,0.7346545189013998,0.6571282700888725
5394,5394,5394,4.99,0.7307883406768747,0.6567131115407157
5395,5395,5395,4.991666666666667,0.7292110157368519,0.6559164774451403
5396,5396,5396,4.993333333333334,0.7314484462710042,0.6555013188969832
5397,5397,5397,4.995000000000003,0.7291081702361482,0.6547046848014078
5398,5398,5398,4.996666666666668,0.7267678942012912,0.6546710018006672
5399,5399,5399,4.998333333333333,0.7270979469983576,0.654255843252511
5400,5400,5400,5.0,0.7274279997954227,0.6530777336095182
5401,5401,5401,5.001666666666667,0.7273765770450706,0.6526625750613609
5402,5402,5402,5.003333333333334,0.7246548254627959,0.6522474165132031
5403,5403,5403,5.005000000000001,0.7242219271650276,0.6533581601547156
5404,5404,5404,5.006666666666668,0.7264593576991787,0.6529430016065576
5405,5405,5405,5.008333333333336,0.7245005572117398,0.6525278430584005
5406,5406,5406,5.01,0.7229232322717187,0.6528756356050782
5407,5407,5407,5.011666666666667,0.7224903339739492,0.6516975259620863
5408,5408,5408,5.013333333333334,0.7201500579390931,0.6509008918665109
5409,5409,5409,5.015000000000001,0.7204801107361579,0.6504857333183529
5410,5410,5410,5.0166666666666675,0.7192842613435537,0.6496890992227784
5411,5411,5411,5.018333333333334,0.7165625097612791,0.6492739406746204
5412,5412,5412,5.02,0.7172740381057614,0.6496217332212981
5413,5413,5413,5.021666666666668,0.7187485175450803,0.6488250991257236
5414,5414,5414,5.023333333333332,0.7202229969843976,0.6491728916724013
5415,5415,5415,5.025,0.7239863297082199,0.6487577331242431
5416,5416,5416,5.026666666666667,0.7319458934536336,0.6483425745760862
5417,5417,5417,5.028333333333334,0.7376166039145426,0.6475459404805108
5418,5418,5418,5.029999999999999,0.7375651811641906,0.6471307819323528
5419,5419,5419,5.031666666666668,0.7378952339612557,0.6470970989316123
5420,5420,5420,5.033333333333333,0.7405141400428263,0.6474448914782909
5421,5421,5421,5.035,0.738936815102804,0.6470297329301329
5422,5422,5422,5.036666666666667,0.7354521124256949,0.6473775254768108
5423,5423,5423,5.038333333333334,0.7354006896753424,0.6465808913812363
5424,5424,5424,5.039999999999999,0.7319159869982343,0.6457842572856609
5425,5425,5425,5.041666666666668,0.7303386620582126,0.6453690987375036
5426,5426,5426,5.0433333333333366,0.7306687148552777,0.644190989094511
5427,5427,5427,5.045,0.730617292104927,0.6449202571886068
5428,5428,5428,5.046666666666667,0.7294214427123216,0.6460310008301184
5429,5429,5429,5.048333333333334,0.7286070688671356,0.6459973178293779
5430,5430,5430,5.050000000000001,0.7285556461167824,0.6463451103760547
5431,5431,5431,5.051666666666668,0.7273597967241785,0.6459299518278976
5432,5432,5432,5.053333333333336,0.7254009962367391,0.6455147932797396
5433,5433,5433,5.055,0.7257310490338056,0.6447181591841661
5434,5434,5434,5.056666666666667,0.7249166751886187,0.6439215250885906
5435,5435,5435,5.058333333333334,0.7248652524382662,0.6431248909930161
5436,5436,5436,5.0600000000000005,0.7225249764034096,0.6438541590871112
5437,5437,5437,5.061666666666667,0.7213291270108046,0.6442019516337882
5438,5438,5438,5.063333333333334,0.7216591798078711,0.6441682686330474
5439,5439,5439,5.0649999999999995,0.7204633304152657,0.643371634537472
5440,5440,5440,5.066666666666666,0.7207933832123317,0.6429564759893158
5441,5441,5441,5.068333333333333,0.7203604849145624,0.6425413174411578
5442,5442,5442,5.07,0.7180202088797059,0.6417446833455833
5443,5443,5443,5.071666666666667,0.7179687861293536,0.6417110003448427
5444,5444,5444,5.073333333333334,0.7167729367367497,0.6412958417966854
5445,5445,5445,5.074999999999999,0.7136697096070579,0.6408806832485276
5446,5446,5446,5.076666666666668,0.7143812379515397,0.6412284757952054
5447,5447,5447,5.078333333333333,0.7143298152011891,0.6415762683418831
5448,5448,5448,5.08,0.7131339658085845,0.6396352076040563
5449,5449,5449,5.081666666666667,0.7153713963427364,0.6392200490558984
5450,5450,5450,5.083333333333334,0.7137940714027147,0.6399493171499926
5451,5451,5451,5.085000000000001,0.7133611731049454,0.6399156341492529
5452,5452,5452,5.086666666666668,0.7144541769968455,0.6395004756010951
5453,5453,5453,5.0883333333333365,0.7113509498671541,0.6394667926003554
5454,5454,5454,5.09,0.7082477227374642,0.6398145851470329
5455,5455,5455,5.091666666666667,0.7081962999871116,0.6390179510514575
5456,5456,5456,5.093333333333334,0.7104337305212634,0.6386027925033004
5457,5457,5457,5.095000000000001,0.7096193566760765,0.6381876339551431
5458,5458,5458,5.096666666666668,0.7068976050938018,0.6373909998595677
5459,5459,5459,5.0983333333333345,0.7072276578908674,0.6373573168588271
5460,5460,5460,5.1,0.7087021373301852,0.6369421583106702
5461,5461,5461,5.101666666666668,0.7059803857479121,0.6369084753099306
5462,5462,5462,5.103333333333332,0.7024956830708025,0.6368747923091909
5463,5463,5463,5.105,0.7016813092256164,0.6368411093084503
5464,5464,5464,5.106666666666667,0.7027743131175166,0.6364259507602923
5465,5465,5465,5.108333333333334,0.7034858414619984,0.6356293166647178
5466,5466,5466,5.109999999999999,0.7003826143323066,0.6348326825691433
5467,5467,5467,5.111666666666668,0.7022385693190419,0.6344175240209853
5468,5468,5468,5.113333333333333,0.7006612443790214,0.6343838410202456
5469,5469,5469,5.115,0.6983209683441645,0.6332057313772537
5470,5470,5470,5.116666666666667,0.7005583988783171,0.6327905728290957
5471,5471,5471,5.118333333333334,0.7012699272227993,0.6323754142809386
5472,5472,5472,5.119999999999999,0.69931112673536,0.6319602557327806
5473,5473,5473,5.121666666666668,0.7015485572695128,0.6315450971846226
5474,5474,5474,5.123333333333333,0.7003527078769083,0.630748463089049
5475,5475,5475,5.125,0.6995383340317214,0.6307147800883086
5476,5476,5476,5.126666666666667,0.6983424846391177,0.6295366704453165
5477,5477,5477,5.128333333333334,0.6971466352465132,0.6295029874445759
5478,5478,5478,5.130000000000001,0.6948063592116567,0.6290878288964188
5479,5479,5479,5.131666666666668,0.695136412008722,0.6282911948008434
5480,5480,5480,5.133333333333336,0.6981367936377081,0.6278760362526861
5481,5481,5481,5.135,0.6957965176028524,0.6278423532519466
5482,5482,5482,5.136666666666667,0.6949821437576655,0.6266642436089547
5483,5483,5483,5.138333333333334,0.6972195742918181,0.6258676095133793
5484,5484,5484,5.140000000000001,0.6948792982569614,0.6243080243229691
5485,5485,5485,5.1416666666666675,0.6936834488643573,0.6231299146799771
5486,5486,5486,5.143333333333334,0.6921061239243356,0.6219518050369846
5487,5487,5487,5.145,0.6897658478894786,0.6215366464888272
5488,5488,5488,5.146666666666668,0.6889514740442917,0.6215029634880873
5489,5489,5489,5.148333333333332,0.6889000512939407,0.6207063293925119
5490,5490,5490,5.15,0.6861782997116661,0.6199096952969374
5491,5491,5491,5.151666666666667,0.6849824503190622,0.6187315856539457
5492,5492,5492,5.153333333333334,0.6868384053057965,0.6186979026532051
5493,5493,5493,5.154999999999999,0.6883128847451141,0.6179012685576297
5494,5494,5494,5.156666666666668,0.6863540842576752,0.6174861100094726
5495,5495,5495,5.158333333333333,0.6851582348650715,0.6166894759138981
5496,5496,5496,5.16,0.6843438610198846,0.6147484151760714
5497,5497,5497,5.161666666666667,0.6804776827953578,0.613951781080496
5498,5498,5498,5.163333333333334,0.681952162234676,0.6139180980797554
5499,5499,5499,5.164999999999999,0.6830451661265755,0.6131214639841809
5500,5500,5500,5.166666666666668,0.6803234145443013,0.6127063054360238
5501,5501,5501,5.1683333333333366,0.6791275651516969,0.6138170490775356
5502,5502,5502,5.17,0.6798390934961809,0.6145463171716306
5503,5503,5503,5.171666666666667,0.6790247196509941,0.6145126341708909
5504,5504,5504,5.173333333333334,0.6778288702583894,0.6160048533598201
5505,5505,5505,5.175000000000001,0.6751071186761153,0.6159711703590804
5506,5506,5506,5.176666666666668,0.6735297937360931,0.6163189629057575
5507,5507,5507,5.178333333333336,0.6738598465331591,0.6170482309998521
5508,5508,5508,5.18,0.6757158015198943,0.6177774990939477
5509,5509,5509,5.181666666666667,0.6749014276747074,0.6169808649983723
5510,5510,5510,5.183333333333334,0.6729426271872679,0.6161842309027978
5511,5511,5511,5.1850000000000005,0.6721282533420812,0.6165320234494749
5512,5512,5512,5.186666666666667,0.6724583061391467,0.616498340448735
5513,5513,5513,5.188333333333334,0.6712624567465422,0.6145572797109073
5514,5514,5514,5.1899999999999995,0.6727369361858601,0.6133791700679152
5515,5515,5515,5.191666666666666,0.6688707579613344,0.6129640115197583
5516,5516,5516,5.193333333333333,0.6680563841161467,0.611404426329349
5517,5517,5517,5.195,0.6683864369132122,0.6102263166863562
5518,5518,5518,5.196666666666667,0.6690979652576949,0.610574109233033
5519,5519,5519,5.198333333333334,0.6667576892228384,0.6101589506848761
5520,5520,5520,5.199999999999999,0.6621285599034774,0.6097437921367179
5521,5521,5521,5.201666666666668,0.6643659904376298,0.6089471580411434
5522,5522,5522,5.203333333333333,0.6635516165924438,0.6081505239455689
5523,5523,5523,5.205,0.6631187182946741,0.608116840944829
5524,5524,5524,5.206666666666667,0.6623043444494872,0.606557255754419
5525,5525,5525,5.208333333333334,0.6622529216991342,0.6049976705640097
5526,5526,5526,5.210000000000001,0.6591496945694428,0.6045825120158519
5527,5527,5527,5.211666666666668,0.6556649918923347,0.6041673534676937
5528,5528,5528,5.2133333333333365,0.6563765202368166,0.6022262927298658
5529,5529,5529,5.215,0.6567065730338829,0.6014296586342922
5530,5530,5530,5.216666666666667,0.6551292480938613,0.6010145000861344
5531,5531,5531,5.218333333333334,0.6543148742486744,0.6017437681802293
5532,5532,5532,5.220000000000001,0.6550264025931563,0.6013286096320725
5533,5533,5533,5.221666666666668,0.6542120287479702,0.6001504999890794
5534,5534,5534,5.2233333333333345,0.6511088016182784,0.6001168169883404
5535,5535,5535,5.225,0.6495314766782565,0.5989387073453472
5536,5536,5536,5.226666666666668,0.6479541517382355,0.5966161710601041
5537,5537,5537,5.228333333333332,0.6486656800827186,0.5973454391541981
5538,5538,5538,5.23,0.6482327817849485,0.5965488050586227
5539,5539,5539,5.231666666666667,0.6470369323923448,0.5949892198682125
5540,5540,5540,5.233333333333334,0.6473669851894097,0.5934296346778034
5541,5541,5541,5.234999999999999,0.6461711357968045,0.5933959516770626
5542,5542,5542,5.236666666666668,0.6457382374990359,0.5945066953185749
5543,5543,5543,5.238333333333333,0.6449238636538499,0.5933285856755832
5544,5544,5544,5.24,0.6429650631664103,0.5917690004851739
5545,5545,5545,5.241666666666667,0.6436765915108926,0.5913538419370163
5546,5546,5546,5.243333333333334,0.6436251687605405,0.5909386833888588
5547,5547,5547,5.244999999999999,0.6431922704627713,0.5901420492932834
5548,5548,5548,5.246666666666668,0.6412334699753319,0.5904898418399602
5549,5549,5549,5.248333333333333,0.6400376205827285,0.5904561588392214
5550,5550,5550,5.25,0.6369343934530369,0.589659524743646
5551,5551,5551,5.251666666666667,0.6368829707026844,0.5873369884584017
5552,5552,5552,5.253333333333334,0.6375944990471669,0.5865403543628263
5553,5553,5553,5.255000000000001,0.6356356985597282,0.586888146909504
5554,5554,5554,5.256666666666668,0.6355842758093757,0.5857100372665114
5555,5555,5555,5.258333333333336,0.6359143286064413,0.5849134031709369
5556,5556,5556,5.26,0.6347184792138376,0.5848797201701972
5557,5557,5557,5.261666666666667,0.6312337765367286,0.5833201349797879
5558,5558,5558,5.263333333333334,0.6315638293337946,0.5832864519790473
5559,5559,5559,5.265000000000001,0.6315124065834412,0.5832527689783067
5560,5560,5560,5.2666666666666675,0.6326054104753416,0.5824561348827322
5561,5561,5561,5.268333333333334,0.6302651344404848,0.5816595007871568
5562,5562,5562,5.27,0.6294507605952979,0.5816258177864173
5563,5563,5563,5.271666666666668,0.6313067155820338,0.5819736103330948
5564,5564,5564,5.273333333333332,0.627822012904925,0.5807955006901021
5565,5565,5565,5.275,0.6258632124174863,0.5799988665945275
5566,5566,5566,5.276666666666667,0.6254303141197153,0.579202232498953
5567,5567,5567,5.278333333333334,0.6227085625374424,0.5780241228559602
5568,5568,5568,5.279999999999999,0.6234200908819247,0.5768460132129676
5569,5569,5569,5.281666666666668,0.6237501436789896,0.5756679035699754
5570,5570,5570,5.283333333333333,0.6221728187389686,0.5763971716640706
5571,5571,5571,5.285,0.6274620536524609,0.5759820131159137
5572,5572,5572,5.286666666666667,0.6399993239668829,0.5759483301151731
5573,5573,5573,5.288333333333334,0.6517736431864711,0.5755331715670149
5574,5574,5574,5.289999999999999,0.6620220602163891,0.5739735863766056
5575,5575,5575,5.291666666666668,0.6638780152031227,0.5720325256387788
5576,5576,5576,5.2933333333333366,0.6634451169053535,0.5723803181854556
5577,5577,5577,5.295,0.6641566452498371,0.5715836840898811
5578,5578,5578,5.296666666666667,0.6618163692149805,0.5700240988994718
5579,5579,5579,5.298333333333334,0.6610019953697936,0.5696089403513139
5580,5580,5580,5.300000000000001,0.6613320481668588,0.5699567328979915
5581,5581,5581,5.301666666666668,0.6582288210371678,0.568778623254999
5582,5582,5582,5.303333333333336,0.6543626428126414,0.5679819891594236
5583,5583,5583,5.305,0.6535482689674554,0.5679483061586847
5584,5584,5584,5.306666666666667,0.6573116016912772,0.5671516720631093
5585,5585,5585,5.308333333333334,0.6572601789409243,0.567117989062369
5586,5586,5586,5.3100000000000005,0.6541569518112333,0.5663213549667936
5587,5587,5587,5.311666666666667,0.6544870046082985,0.5643802942289673
5588,5588,5588,5.313333333333334,0.6532911552156939,0.5635836601333919
5589,5589,5589,5.3149999999999995,0.6524767813705071,0.563168501585235
5590,5590,5590,5.316666666666666,0.6512809319779036,0.5612274408474079
5591,5591,5591,5.318333333333333,0.6512295092275517,0.5600493312044164
5592,5592,5592,5.32,0.6504151353823641,0.5607785992985106
5593,5593,5593,5.321666666666667,0.6473119082526737,0.5607449162977693
5594,5594,5594,5.323333333333334,0.6480234365971551,0.5591853311073607
5595,5595,5595,5.324999999999999,0.6449202094674642,0.5595331236540371
5596,5596,5596,5.326666666666668,0.6437243600748597,0.5575920629162108
5597,5597,5597,5.328333333333333,0.6440544128719261,0.5564139532732186
5598,5598,5598,5.33,0.6443844656689914,0.5552358436302262
5599,5599,5599,5.331666666666667,0.6454774695608914,0.5544392095346515
5600,5600,5600,5.333333333333334,0.6416112913363654,0.554787002081329
5601,5601,5601,5.335000000000001,0.6411783930385948,0.5551347946280059
5602,5602,5602,5.336666666666668,0.6399825436459916,0.5535752094375952
5603,5603,5603,5.3383333333333365,0.6380237431585514,0.5516341486997689
5604,5604,5604,5.34,0.63949822259787,0.5512189901516121
5605,5605,5605,5.341666666666667,0.6402097509423523,0.5515667826982893
5606,5606,5606,5.343333333333334,0.6405398037394179,0.5500071975078793
5607,5607,5607,5.345000000000001,0.6389624787993962,0.5480661367700519
5608,5608,5608,5.346666666666668,0.6366222027645394,0.5472695026744774
5609,5609,5609,5.3483333333333345,0.6339004511822657,0.5464728685789029
5610,5610,5610,5.35,0.6349934550741647,0.5460577100307447
5611,5611,5611,5.351666666666668,0.6364679345134834,0.5452610759351701
5612,5612,5612,5.353333333333332,0.6333647073837918,0.5440829662921784
5613,5613,5613,5.355,0.6325503335386049,0.5436678077440202
5614,5614,5614,5.356666666666667,0.6328803863356702,0.5432526491958634
5615,5615,5615,5.358333333333334,0.6339733902275706,0.5420745395528703
5616,5616,5616,5.359999999999999,0.6316331141927132,0.5412779054572949
5617,5617,5617,5.361666666666668,0.6273854604207705,0.5404812713617204
5618,5618,5618,5.363333333333333,0.6280969887652543,0.5404475883609807
5619,5619,5619,5.365,0.6280455660149018,0.5388880031705714
5620,5620,5620,5.366666666666667,0.6245608633377926,0.5373284179801612
5621,5621,5621,5.368333333333334,0.6264168183245271,0.5369132594320043
5622,5622,5622,5.369999999999999,0.6282727733112623,0.5361166253364289
5623,5623,5623,5.371666666666668,0.6263139728238231,0.5353199912408544
5624,5624,5624,5.373333333333333,0.6262625500734721,0.5341418815978622
5625,5625,5625,5.375,0.6262111273231197,0.5329637719548705
5626,5626,5626,5.376666666666667,0.6261597045727672,0.5314041867644601
5627,5627,5627,5.378333333333334,0.6268712329172508,0.5313705037637197
5628,5628,5628,5.380000000000001,0.6264383346194815,0.5313368207629792
5629,5629,5629,5.381666666666668,0.6298201917958848,0.5297772355725698
5630,5630,5630,5.383333333333336,0.626335489118776,0.5293620770244125
5631,5631,5631,5.385,0.6255211152735899,0.5289469184762556
5632,5632,5632,5.386666666666667,0.627377070260325,0.5281502843806811
5633,5633,5633,5.388333333333334,0.6257997453203032,0.5262092236428533
5634,5634,5634,5.390000000000001,0.6257483225699512,0.5254125895472788
5635,5635,5635,5.3916666666666675,0.6260783753670158,0.5253789065465382
5636,5636,5636,5.393333333333334,0.6248825259744111,0.523819321356128
5637,5637,5637,5.395,0.6240681521292251,0.5222597361657177
5638,5638,5638,5.396666666666668,0.6240167293788732,0.5222260531649789
5639,5639,5639,5.398333333333332,0.6247282577233559,0.5218108946168212
5640,5640,5640,5.4,0.620099128403995,0.5217772116160815
5641,5641,5641,5.401666666666667,0.618521803463973,0.5202176264256713
5642,5642,5642,5.403333333333334,0.6215221850929609,0.5198024678775139
5643,5643,5643,5.404999999999999,0.6203263357003563,0.5201502604241919
5644,5644,5644,5.406666666666668,0.6187490107603337,0.5189721507811988
5645,5645,5645,5.408333333333333,0.6156457836306433,0.5177940411382079
5646,5646,5646,5.41,0.6152128853328735,0.5169974070426326
5647,5647,5647,5.411666666666667,0.6143985114876866,0.5158192973996396
5648,5648,5648,5.413333333333334,0.6139656131899169,0.5154041388514818
5649,5649,5649,5.414999999999999,0.6120068127024778,0.5138445536610725
5650,5650,5650,5.416666666666668,0.6127183410469608,0.5126664440180795
5651,5651,5651,5.4183333333333366,0.6145742960336957,0.5126327610173398
5652,5652,5652,5.42,0.6145228732833439,0.5129805535640177
5653,5653,5653,5.421666666666667,0.6144714505329927,0.5140912972055298
5654,5654,5654,5.423333333333334,0.6148015033300569,0.5163464674892939
5655,5655,5655,5.425000000000001,0.6105538495581135,0.5208904910575631
5656,5656,5656,5.426666666666668,0.6120283289974311,0.5250530390784143
5657,5657,5657,5.428333333333336,0.6119769062470786,0.5265452582673431
5658,5658,5658,5.43,0.6084922035699705,0.5276560019088556
5659,5659,5659,5.431666666666667,0.6084407808196188,0.5291482210977856
5660,5660,5660,5.433333333333334,0.6080078825218496,0.5287330625496283
5661,5661,5661,5.4350000000000005,0.6064305575818267,0.5267920018118009
5662,5662,5662,5.436666666666667,0.6067606103788925,0.5263768432636438
5663,5663,5663,5.438333333333334,0.6051832854388703,0.5248172580732335
5664,5664,5664,5.4399999999999995,0.6039874360462659,0.5236391484302414
5665,5665,5665,5.441666666666666,0.6020286355588278,0.5228425143346669
5666,5666,5666,5.443333333333333,0.6015957372610585,0.5228088313339274
5667,5667,5667,5.445,0.6007813634158716,0.5220121972383521
5668,5668,5668,5.446666666666667,0.5995855140232671,0.5215970386901939
5669,5669,5669,5.448333333333334,0.5995340912729155,0.5211818801420369
5670,5670,5670,5.449999999999999,0.6013900462596489,0.5196222949516267
5671,5671,5671,5.451666666666668,0.6001941968670457,0.5188256608560522
5672,5672,5672,5.453333333333333,0.5986168719270235,0.5184105023078951
5673,5673,5673,5.455,0.5974210225344199,0.5176138682123197
5674,5674,5674,5.456666666666667,0.6004214041634068,0.5175801852115798
5675,5675,5675,5.458333333333334,0.5988440792233851,0.5156391244737533
5676,5676,5676,5.460000000000001,0.595740852093694,0.5148424903781779
5677,5677,5677,5.461666666666668,0.5949264782485071,0.5144273318300199
5678,5678,5678,5.4633333333333365,0.5918232511188157,0.5136306977344454
5679,5679,5679,5.465,0.5932977305581342,0.5135970147337054
5680,5680,5680,5.466666666666667,0.5886686012387723,0.5128003806381309
5681,5681,5681,5.468333333333334,0.5863283252039158,0.5116222709951384
5682,5682,5682,5.470000000000001,0.5870398535483985,0.5112071124469801
5683,5683,5683,5.471666666666668,0.5877513818928812,0.509647527256571
5684,5684,5684,5.4733333333333345,0.5880814346899463,0.5080879420661617
5685,5685,5685,5.475,0.5857411586550898,0.5080542590654211
5686,5686,5686,5.476666666666668,0.5853082603573205,0.5072576249698466
5687,5687,5687,5.478333333333332,0.5844938865121345,0.5068424664216895
5688,5688,5688,5.48,0.5836795126669476,0.5075717345157837
5689,5689,5689,5.481666666666667,0.5817207121795072,0.5067751004202092
5690,5690,5690,5.483333333333334,0.579761911692068,0.5063599418720512
5691,5691,5691,5.484999999999999,0.578566062299464,0.5063262588713107
5692,5692,5692,5.486666666666668,0.5762257862646074,0.5043851981334839
5693,5693,5693,5.488333333333333,0.5777002657039259,0.5028256129430746
5694,5694,5694,5.49,0.5787932695958262,0.5027919299423349
5695,5695,5695,5.491666666666667,0.5749270913712992,0.5027582469415941
5696,5696,5696,5.493333333333334,0.5756386197157819,0.5019616128460196
5697,5697,5697,5.494999999999999,0.5740612947757606,0.5011649787504442
5698,5698,5698,5.496666666666668,0.5732469209305728,0.5007498202022873
5699,5699,5699,5.498333333333333,0.5724325470853868,0.501097612748965
5700,5700,5700,5.5,0.5758144042617912,0.4987750764637207
5701,5701,5701,5.501666666666667,0.5803406880804485,0.4972154912733106
5702,5702,5702,5.503333333333334,0.5821966430671834,0.4964188571777353
5703,5703,5703,5.505000000000001,0.5871044024332575,0.4963851741769954
5704,5704,5704,5.506666666666668,0.593156588441583,0.4959700156288376
5705,5705,5705,5.508333333333336,0.5984458233550751,0.4947919059858454
5706,5706,5706,5.51,0.6044980093634023,0.4951396985325234
5707,5707,5707,5.511666666666667,0.6113131464665633,0.4935801133421132
5708,5708,5708,5.513333333333334,0.6124061503584639,0.4927834792465386
5709,5709,5709,5.515000000000001,0.6108288254184421,0.4935127473406336
5710,5710,5710,5.5166666666666675,0.6103959271206729,0.493479064339893
5711,5711,5711,5.518333333333334,0.6099630288229032,0.4926824302443176
5712,5712,5712,5.52,0.6099116060725511,0.4934116983384129
5713,5713,5713,5.521666666666668,0.6075713300376953,0.492996539790256
5714,5714,5714,5.523333333333332,0.6040866273605858,0.4921999056946815
5715,5715,5715,5.525,0.6059425823473206,0.4914032715991061
5716,5716,5716,5.526666666666667,0.6005505019331248,0.4902251619561131
5717,5717,5717,5.528333333333334,0.6004990791827731,0.4886655767657038
5718,5718,5718,5.529999999999999,0.6008291319798382,0.4890133693123817
5719,5719,5719,5.531666666666668,0.5981073803975641,0.4901241129538931
5720,5720,5720,5.533333333333333,0.5995818598368821,0.4885645277634838
5721,5721,5721,5.535,0.5987674859916943,0.4885308447627441
5722,5722,5722,5.536666666666667,0.5975716365990915,0.488878637309421
5723,5723,5723,5.538333333333334,0.5963757872064861,0.48770052766642896
5724,5724,5724,5.539999999999999,0.5963243644561336,0.4869038935708536
5725,5725,5725,5.541666666666668,0.5958914661583643,0.4853443083804434
5726,5726,5726,5.5433333333333366,0.5946956167657598,0.4837847231900341
5727,5727,5727,5.545,0.5919738651834874,0.4829880890944596
5728,5728,5728,5.546666666666667,0.5923039179805525,0.4821914549988842
5729,5729,5729,5.548333333333334,0.5903451174931136,0.4806318698084748
5730,5730,5730,5.550000000000001,0.5864789392685863,0.4798352357129003
5731,5731,5731,5.551666666666668,0.5890978453501574,0.4801830282595772
5732,5732,5732,5.553333333333336,0.589046422599804,0.4809122963536723
5733,5733,5733,5.555,0.5878505732071997,0.4797341867106794
5734,5734,5734,5.556666666666667,0.5874176749094311,0.4785560770676884
5735,5735,5735,5.558333333333334,0.5869847766116618,0.4773779674246956
5736,5736,5736,5.5600000000000005,0.5838815494819705,0.475436906686868
5737,5737,5737,5.561666666666667,0.584211602279036,0.4761661747809622
5738,5738,5738,5.563333333333334,0.5853046061709355,0.4757510162328051
5739,5739,5739,5.5649999999999995,0.5841087567783301,0.4741914310423958
5740,5740,5740,5.566666666666666,0.5832943829331441,0.4733947969468213
5741,5741,5741,5.568333333333333,0.5843873868250449,0.4733611139460807
5742,5742,5742,5.57,0.5862433418117798,0.4721830043030888
5743,5743,5743,5.571666666666667,0.5861919190614273,0.4713863702075143
5744,5744,5744,5.573333333333334,0.5849960696688237,0.4694453094696866
5745,5745,5745,5.574999999999999,0.580366940349462,0.4675042487318593
5746,5746,5746,5.576666666666668,0.5826043708836148,0.4678520412785359
5747,5747,5747,5.578333333333333,0.5798826193013416,0.4689627849200493
5748,5748,5748,5.58,0.5798311965509897,0.4677846752770565
5749,5749,5749,5.581666666666667,0.5793982982532191,0.4666065656340646
5750,5750,5750,5.583333333333334,0.5770580222183628,0.4661914070859066
5751,5751,5751,5.585000000000001,0.5781510261102629,0.4653947729903321
5752,5752,5752,5.586666666666668,0.5765737011702412,0.464979614442175
5753,5753,5753,5.5883333333333365,0.5776667050621416,0.465327406988852
5754,5754,5754,5.59,0.5772338067643723,0.4630048707036076
5755,5755,5755,5.591666666666667,0.576800908466603,0.4622082366080331
5756,5756,5756,5.593333333333334,0.5775124368110849,0.4621745536072928
5757,5757,5757,5.595000000000001,0.5759351118710639,0.4621408706065522
5758,5758,5758,5.596666666666668,0.5758836891207111,0.4598183343213078
5759,5759,5759,5.5983333333333345,0.577739644107446,0.4578772735834802
5760,5760,5760,5.6,0.5792141235467638,0.4582250661301579
5761,5761,5761,5.601666666666668,0.5776367986067434,0.4574284320345834
5762,5762,5762,5.603333333333332,0.5783483269512257,0.4570132734864263
5763,5763,5763,5.605,0.5786783797482911,0.4562166393908509
5764,5764,5764,5.606666666666667,0.5771010548082693,0.4554200052952764
5765,5765,5765,5.608333333333334,0.5759052054156641,0.4534789445574488
5766,5766,5766,5.609999999999999,0.5762352582127304,0.4511564082722037
5767,5767,5767,5.611666666666668,0.5761838354623774,0.4507412497240466
5768,5768,5768,5.613333333333333,0.574987986069774,0.4503260911758895
5769,5769,5769,5.615,0.5756995144142567,0.449529457080315
5770,5770,5770,5.616666666666667,0.5752666161164868,0.4487328229847396
5771,5771,5771,5.618333333333334,0.5763596200083874,0.4486991399839999
5772,5772,5772,5.619999999999999,0.5751637706157835,0.4475210303410071
5773,5773,5773,5.621666666666668,0.5720605434860913,0.4455799696031804
5774,5774,5774,5.623333333333333,0.5735350229254097,0.4444018599601887
5775,5775,5775,5.625,0.5711947468905523,0.4428422747697791
5776,5776,5776,5.626666666666667,0.5722877507824529,0.4428085917690388
5777,5777,5777,5.628333333333334,0.5729992791269356,0.44201195767346335
5778,5778,5778,5.630000000000001,0.5702775275446621,0.4412153235778888
5779,5779,5779,5.631666666666668,0.5706075803417271,0.441181640577148
5780,5780,5780,5.633333333333336,0.5713191086862093,0.4400035309341561
5781,5781,5781,5.635,0.5705047348410224,0.4392068968385816
5782,5782,5782,5.636666666666667,0.5689274099010021,0.4384102627430062
5783,5783,5783,5.638333333333334,0.5704018893403187,0.4372321531000145
5784,5784,5784,5.640000000000001,0.5695875154951318,0.4368169945518572
5785,5785,5785,5.6416666666666675,0.5687731416499449,0.4367833115511166
5786,5786,5786,5.643333333333334,0.5671958167099231,0.4363681530029586
5787,5787,5787,5.645,0.5667629184121536,0.4348085678125493
5788,5788,5788,5.646666666666668,0.5670929712092199,0.4340119337169748
5789,5789,5789,5.648333333333332,0.5647526951743633,0.432070872979148
5790,5790,5790,5.65,0.5627938946869233,0.43127423888357264
5791,5791,5791,5.651666666666667,0.5623609963891543,0.4308590803354149
5792,5792,5792,5.653333333333334,0.5623095736388017,0.4300624462398404
5793,5793,5793,5.654999999999999,0.5603507731513626,0.42926581214426585
5794,5794,5794,5.656666666666668,0.5602993504010105,0.42923212914352493
5795,5795,5795,5.658333333333333,0.5583405499135723,0.427672543953116
5796,5796,5796,5.66,0.557144700520968,0.4261129587627064
5797,5797,5797,5.661666666666667,0.5567118022231985,0.4256978002145484
5798,5798,5798,5.663333333333334,0.5566603794728461,0.4256641172138087
5799,5799,5799,5.664999999999999,0.5577533833647461,0.4252489586656507
5800,5800,5800,5.666666666666668,0.5565575339721422,0.4236893734752407
5801,5801,5801,5.6683333333333366,0.5565061112217893,0.4236556904745008
5802,5802,5802,5.67,0.5541658351869336,0.4236220074737611
5803,5803,5803,5.671666666666667,0.5541144124365815,0.4216809467359344
5804,5804,5804,5.673333333333334,0.5540629896862295,0.4205028370929418
5805,5805,5805,5.675000000000001,0.5540115669358774,0.4193247274499496
5806,5806,5806,5.676666666666668,0.5531971930906905,0.417383666712122
5807,5807,5807,5.678333333333336,0.5512383926032518,0.4173499837113823
5808,5808,5808,5.68,0.5488981165683939,0.417316300710642
5809,5809,5809,5.681666666666667,0.5480837427232079,0.4165196666150683
5810,5810,5810,5.683333333333334,0.5484137955202733,0.4199192635410845
5811,5811,5811,5.6850000000000005,0.5460735194854163,0.4271336159412742
5812,5812,5812,5.686666666666667,0.5452591456402294,0.435492394983718
5813,5813,5813,5.688333333333334,0.5452077228898777,0.4427067473839079
5814,5814,5814,5.6899999999999995,0.5443933490446908,0.4461063443099251
5815,5815,5815,5.691666666666666,0.5451048773891745,0.4475985634988553
5816,5816,5816,5.693333333333333,0.5442905035439867,0.4487093071403667
5817,5817,5817,5.695,0.5385169475823748,0.4482941485922096
5818,5818,5818,5.696666666666667,0.5365581470949343,0.44826046559147015
5819,5819,5819,5.698333333333334,0.5395585287239211,0.4486082581381468
5820,5820,5820,5.699999999999999,0.5387441548787342,0.4462857218529015
5821,5821,5821,5.701666666666668,0.534496501106791,0.44396318556765735
5822,5822,5822,5.703333333333333,0.5340636028090224,0.4439295025669179
5823,5823,5823,5.705,0.5332492289638355,0.4450402462084304
5824,5824,5824,5.706666666666667,0.5305274773815611,0.4446250876602724
5825,5825,5825,5.708333333333334,0.5323834323682957,0.4434469780172796
5826,5826,5826,5.710000000000001,0.53004315633344,0.4437947705639573
5827,5827,5827,5.711666666666668,0.5311361602253393,0.44223518537354795
5828,5828,5828,5.7133333333333365,0.5345180174017439,0.44182002682539
5829,5829,5829,5.715,0.5378998745781489,0.4410233927298155
5830,5830,5830,5.716666666666667,0.5428076339442232,0.4406082341816584
5831,5831,5831,5.718333333333334,0.5461894911206278,0.4394301245386656
5832,5832,5832,5.720000000000001,0.5530046282237895,0.4382520148956737
5833,5833,5833,5.721666666666668,0.5586753386846985,0.4378368563475157
5834,5834,5834,5.7233333333333345,0.5612942447662674,0.4355143200622709
5835,5835,5835,5.725,0.5650575774900903,0.4350991615141133
5836,5836,5836,5.726666666666668,0.563861728097486,0.43506547851337385
5837,5837,5837,5.728333333333332,0.5569437454936206,0.4346503199652159
5838,5838,5838,5.73,0.5584182249329381,0.43461663696447617
5839,5839,5839,5.731666666666667,0.5602741799196731,0.4330570517740669
5840,5840,5840,5.733333333333334,0.5571709527899817,0.4326418932259089
5841,5841,5841,5.734999999999999,0.5540677256602904,0.4310823080354995
5842,5842,5842,5.736666666666668,0.5536348273625209,0.4302856739399241
5843,5843,5843,5.738333333333333,0.5558722578966742,0.4306334664866027
5844,5844,5844,5.74,0.5523875552195645,0.4309812590332796
5845,5845,5845,5.741666666666667,0.5519546569217946,0.4305661004851218
5846,5846,5846,5.743333333333334,0.5534291363611126,0.4301509419369636
5847,5847,5847,5.744999999999999,0.5484185314943342,0.4278284056517194
5848,5848,5848,5.746666666666668,0.5456967799120602,0.4262688204613101
5849,5849,5849,5.748333333333333,0.5471712593513787,0.4266166130079878
5850,5850,5850,5.75,0.5471198366010257,0.42658293000724745
5851,5851,5851,5.751666666666667,0.5455425116610049,0.4250233448168379
5852,5852,5852,5.753333333333334,0.544728137815818,0.4242267107212634
5853,5853,5853,5.755000000000001,0.544676715065465,0.4245745032679402
5854,5854,5854,5.756666666666668,0.5434808656728607,0.4245408202671999
5855,5855,5855,5.758333333333336,0.5426664918276738,0.4229812350767894
5856,5856,5856,5.76,0.5418521179824878,0.4202772232441288
5857,5857,5857,5.761666666666667,0.5395118419476317,0.4198620646959708
5858,5858,5858,5.763333333333334,0.5398418947446966,0.4194469061478137
5859,5859,5859,5.765000000000001,0.540553423089178,0.417505845409986
5860,5860,5860,5.7666666666666675,0.5382131470543228,0.4182351135040812
5861,5861,5861,5.768333333333334,0.5373987732091359,0.4185829060507589
5862,5862,5862,5.77,0.5369658749113655,0.4177862719551835
5863,5863,5863,5.771666666666668,0.5369144521610143,0.4173711134070266
5864,5864,5864,5.773333333333332,0.5368630294106622,0.4169559548588693
5865,5865,5865,5.775,0.5345227533758057,0.4173037474055463
5866,5866,5866,5.776666666666667,0.5348528061728706,0.4172700644048055
5867,5867,5867,5.778333333333334,0.5363272856121886,0.41799933249890064
5868,5868,5868,5.779999999999999,0.5351314362195834,0.4187286005929949
5869,5869,5869,5.781666666666668,0.5327911601847268,0.4171690154025856
5870,5870,5870,5.783333333333333,0.531595310792123,0.4167538568544285
5871,5871,5871,5.785,0.5342142168736932,0.4174831249485236
5872,5872,5872,5.786666666666667,0.5318739408388367,0.4166864908529482
5873,5873,5873,5.788333333333334,0.5325854691833194,0.41665280785220826
5874,5874,5874,5.789999999999999,0.5313896197907151,0.4166191248514679
5875,5875,5875,5.791666666666668,0.5286678682084411,0.4154410152084751
5876,5876,5876,5.7933333333333366,0.5289979210055065,0.4146443811129006
5877,5877,5877,5.795,0.5274205960654856,0.4149921736595785
5878,5878,5878,5.796666666666667,0.5281321244099675,0.4145770151114212
5879,5879,5879,5.798333333333334,0.5261733239225284,0.4118730032787585
5880,5880,5880,5.800000000000001,0.5261219011721763,0.41107636918318397
5881,5881,5881,5.801666666666668,0.5275963806114938,0.4121871128246959
5882,5882,5882,5.803333333333336,0.5256375801240551,0.4113904787291214
5883,5883,5883,5.805,0.5248232062788682,0.4102123690861288
5884,5884,5884,5.806666666666667,0.5270606368130211,0.4078898328008851
5885,5885,5885,5.808333333333334,0.5277721651575029,0.4070931987053097
5886,5886,5886,5.8100000000000005,0.5261948402174821,0.4066780401571519
5887,5887,5887,5.811666666666667,0.5276693196567988,0.4054999305141598
5888,5888,5888,5.813333333333334,0.5299067501909507,0.4043218208711672
5889,5889,5889,5.8149999999999995,0.5268035230612598,0.40390666232300987
5890,5890,5890,5.816666666666666,0.5290409535954129,0.4042544548696878
5891,5891,5891,5.818333333333333,0.5289895308450611,0.4042207718689472
5892,5892,5892,5.82,0.5285566325472915,0.40456856441562494
5893,5893,5893,5.821666666666667,0.5292681608917742,0.4033904547726333
5894,5894,5894,5.823333333333334,0.5273093604043342,0.4018308695822228
5895,5895,5895,5.824999999999999,0.5280208887488178,0.4017971865814825
5896,5896,5896,5.826666666666668,0.5283509415458827,0.401000552485908
5897,5897,5897,5.828333333333333,0.528299518795531,0.399822442842916
5898,5898,5898,5.83,0.528248096045179,0.3990258087473415
5899,5899,5899,5.831666666666667,0.5262892955577398,0.3982291746517661
5900,5900,5900,5.833333333333334,0.5247119706177181,0.3970510650087731
5901,5901,5901,5.835000000000001,0.5250420234147835,0.3966359064606162
5902,5902,5902,5.836666666666668,0.5242276495695966,0.3958392723650417
5903,5903,5903,5.8383333333333365,0.5226503246295744,0.39427968717463147
5904,5904,5904,5.84,0.5222174263318053,0.39348305307905695
5905,5905,5905,5.841666666666667,0.5214030524866184,0.3926864189834824
5906,5906,5906,5.843333333333334,0.5217331052836838,0.3915083093404894
5907,5907,5907,5.845000000000001,0.5193928292488277,0.3907116752449149
5908,5908,5908,5.846666666666668,0.5174340287613881,0.391059467791592
5909,5909,5909,5.8483333333333345,0.5204344103903753,0.3910257847908512
5910,5910,5910,5.85,0.5188570854503536,0.39022915069527664
5911,5911,5911,5.851666666666668,0.5188056627000024,0.3894325165997021
5912,5912,5912,5.853333333333332,0.5179912888548155,0.3886358825041276
5913,5913,5913,5.855,0.5171769150096277,0.38936515059822185
5914,5914,5914,5.856666666666667,0.5178884433541109,0.3881870409552297
5915,5915,5915,5.858333333333334,0.5159296428666713,0.3866274557648195
5916,5916,5916,5.859999999999999,0.5158782201163192,0.3850678705744106
5917,5917,5917,5.861666666666668,0.5158267973659671,0.38350828538400017
5918,5918,5918,5.863333333333333,0.5138679968785289,0.3830931268358442
5919,5919,5919,5.865,0.5122906719385063,0.3800076394557639
5920,5920,5920,5.866666666666667,0.5141466269252422,0.3784480542653539
5921,5921,5921,5.868333333333334,0.5110433997955508,0.3780328957171968
5922,5922,5922,5.869999999999999,0.5113734525926157,0.37761773716903857
5923,5923,5923,5.871666666666668,0.5117035053896806,0.3775840541682991
5924,5924,5924,5.873333333333337,0.5089817538074066,0.3764059445253063
5925,5925,5925,5.875,0.5096932821518902,0.37522783488231415
5926,5926,5926,5.876666666666667,0.5096418594015382,0.3744312007867397
5927,5927,5927,5.878333333333334,0.5069201078192642,0.3740160422385828
5928,5928,5928,5.880000000000001,0.5049613073318242,0.3720749815007551
5929,5929,5929,5.881666666666668,0.5045284090340547,0.3705153963103449
5930,5930,5930,5.883333333333336,0.5056214129259557,0.3689558111199356
5931,5931,5931,5.885,0.5036626124385175,0.3681591770243611
5932,5932,5932,5.886666666666667,0.5009408608562427,0.367744018476204
5933,5933,5933,5.888333333333334,0.5043227180326473,0.3680918110228808
5934,5934,5934,5.890000000000001,0.5019824419977907,0.3661507502850532
5935,5935,5935,5.8916666666666675,0.500786592605186,0.36535411618947866
5936,5936,5936,5.893333333333334,0.5007351698548335,0.36455748209390415
5937,5937,5937,5.895,0.4987763693673952,0.3637608479983288
5938,5938,5938,5.896666666666668,0.4987249466170432,0.36372716499758906
5939,5939,5939,5.898333333333332,0.4975290972244402,0.365219384186519
5940,5940,5940,5.9,0.4948073456421653,0.36747455447028265
5941,5941,5941,5.901666666666667,0.4924670696073084,0.36934824920663023
5942,5942,5942,5.903333333333334,0.4931785979517906,0.3727478461326461
5943,5943,5943,5.904999999999999,0.4904568463695171,0.3769103941534973
5944,5944,5944,5.906666666666668,0.4892609969769124,0.3806914666269317
5945,5945,5945,5.908333333333333,0.4907354764162299,0.3856169657426185
5946,5946,5946,5.91,0.4887766759287913,0.39054246485830413
5947,5947,5947,5.911666666666667,0.4871993509887696,0.39241615959465137
5948,5948,5948,5.913333333333334,0.4882923548806701,0.3927639521413289
5949,5949,5949,5.914999999999999,0.4859520788458141,0.3931117446880057
5950,5950,5950,5.916666666666668,0.4843747539057919,0.3934595372346836
5951,5951,5951,5.9183333333333366,0.4839418556080219,0.3934258542339431
5952,5952,5952,5.92,0.4838904328576708,0.391484793496117
5953,5953,5953,5.921666666666667,0.4819316323702321,0.3903066838531244
5954,5954,5954,5.923333333333334,0.4814987340724613,0.3898915253049662
5955,5955,5955,5.925000000000001,0.4814473113221092,0.3871875134723037
5956,5956,5956,5.926666666666668,0.4806329374769223,0.3863908793767292
5957,5957,5957,5.928333333333336,0.4802000391791537,0.3859757208285723
5958,5958,5958,5.93,0.4793856653339668,0.3847976111855793
5959,5959,5959,5.931666666666667,0.4766639137516928,0.385145403732257
5960,5960,5960,5.933333333333334,0.4747051132642537,0.3843487696366825
5961,5961,5961,5.9350000000000005,0.4765610682509887,0.38355213554110795
5962,5962,5962,5.936666666666667,0.47460226776355,0.3823740258981154
5963,5963,5963,5.938333333333334,0.4745508450131966,0.3819588673499572
5964,5964,5964,5.9399999999999995,0.4729735200731753,0.38192518434921663
5965,5965,5965,5.941666666666666,0.4717776706805714,0.3803655991588082
5966,5966,5966,5.943333333333333,0.4721077234776368,0.3788060139683982
5967,5967,5967,5.945,0.4709118740850324,0.3787723309676583
5968,5968,5968,5.946666666666667,0.4693345491450107,0.3772127457772483
5969,5969,5969,5.948333333333334,0.4711905041317453,0.3756531605868387
5970,5970,5970,5.949999999999999,0.4692317036443066,0.3760009531335167
5971,5971,5971,5.951666666666668,0.4684173297991197,0.3759672701327761
5972,5972,5972,5.953333333333333,0.4687473825961854,0.3751706360372016
5973,5973,5973,5.955,0.4671700576561633,0.3743740019416271
5974,5974,5974,5.956666666666667,0.4644483060738893,0.3735773678460517
5975,5975,5975,5.958333333333334,0.4636339322287024,0.3720177826556415
5976,5976,5976,5.960000000000001,0.46510841166802,0.3716026241074841
5977,5977,5977,5.961666666666668,0.4635310867279983,0.3715689411067435
5978,5978,5978,5.9633333333333365,0.4627167128828114,0.37115378255858666
5979,5979,5979,5.965,0.4622838145850428,0.37035714846301215
5980,5980,5980,5.966666666666667,0.4614694407398559,0.3703234654622725
5981,5981,5981,5.968333333333334,0.4598921157998341,0.3710527335563667
5982,5982,5982,5.970000000000001,0.4590777419546464,0.3706375750082098
5983,5983,5983,5.971666666666668,0.4597892702991286,0.3702224164600512
5984,5984,5984,5.9733333333333345,0.4574489942642726,0.3675184046273894
5985,5985,5985,5.975,0.4547272426819986,0.3678661971740669
5986,5986,5986,5.976666666666668,0.4565831976687336,0.36668808753107496
5987,5987,5987,5.978333333333332,0.4553873482761293,0.36627292898291786
5988,5988,5988,5.98,0.4522841211464388,0.3647133437925081
5989,5989,5989,5.981666666666667,0.4556659783228434,0.363535234149516
5990,5990,5990,5.983333333333334,0.4537071778354042,0.36312007560135817
5991,5991,5991,5.984999999999999,0.4494595240634598,0.3627049170532006
5992,5992,5992,5.986666666666668,0.4516969545976122,0.36267123405246027
5993,5993,5993,5.988333333333333,0.4505011052050088,0.36263755105172096
5994,5994,5994,5.99,0.44968673135982185,0.3626038680509805
5995,5995,5995,5.991666666666667,0.4496353086094689,0.3625701850502403
5996,5996,5996,5.993333333333334,0.4511097880487869,0.3621550265020829
5997,5997,5997,5.994999999999999,0.4522027919406874,0.3621213435013424
5998,5998,5998,5.996666666666668,0.4487180892635787,0.3628506115954373
5999,5999,5999,5.998333333333337,0.4459963376813048,0.3635798796895321
