,Unnamed: 0,Unnamed: 0.1,time,discharge_pressure,suction_pressure
2400,2400,2400,0.0,1.4179446097505148,1.6060120546272985
2401,2401,2401,0.0016666666666669272,1.4183260852979322,1.6063935301747159
2402,2402,2402,0.0033333333333338544,1.4183260852979322,1.6067750057221333
2403,2403,2403,0.004999999999999893,1.4187075608453497,1.6067750057221333
2404,2404,2404,0.006666666666666821,1.4183260852979322,1.607156481269551
2405,2405,2405,0.008333333333333748,1.4183260852979322,1.6067750057221333
2406,2406,2406,0.010000000000001563,1.4187075608453497,1.607156481269551
2407,2407,2407,0.011666666666666714,1.4187075608453497,1.607537956816968
2408,2408,2408,0.013333333333333641,1.4190890363927668,1.607537956816968
2409,2409,2409,0.015000000000001457,1.4190890363927668,1.6079194323643855
2410,2410,2410,0.016666666666666607,1.4190890363927668,1.6079194323643855
2411,2411,2411,0.018333333333333535,1.4190890363927668,1.6083009079118031
2412,2412,2412,0.020000000000000462,1.4194705119401845,1.6086823834592203
2413,2413,2413,0.0216666666666665,1.4194705119401845,1.6086823834592203
2414,2414,2414,0.023333333333333428,1.4198519874876019,1.6090638590066375
2415,2415,2415,0.025000000000000355,1.4198519874876019,1.6090638590066375
2416,2416,2416,0.026666666666667282,1.4202334630350193,1.6094453345540551
2417,2417,2417,0.02833333333333332,1.4202334630350193,1.6094453345540551
2418,2418,2418,0.03000000000000025,1.4202334630350193,1.6094453345540551
2419,2419,2419,0.031666666666667176,1.4206149385824367,1.6094453345540551
2420,2420,2420,0.033333333333333215,1.4202334630350193,1.6098268101014723
2421,2421,2421,0.03500000000000014,1.4206149385824367,1.6102082856488895
2422,2422,2422,0.03666666666666707,1.4209964141298541,1.6102082856488895
2423,2423,2423,0.038333333333333997,1.4209964141298541,1.6105897611963074
2424,2424,2424,0.040000000000000036,1.4213778896772715,1.6105897611963074
2425,2425,2425,0.04166666666666696,1.4209964141298541,1.6113527122911422
2426,2426,2426,0.04333333333333389,1.4213778896772715,1.6113527122911422
2427,2427,2427,0.04499999999999993,1.4213778896772715,1.6109712367437248
2428,2428,2428,0.046666666666666856,1.421759365224689,1.6113527122911422
2429,2429,2429,0.04833333333333378,1.421759365224689,1.6117341878385596
2430,2430,2430,0.04999999999999982,1.4213778896772715,1.6117341878385596
2431,2431,2431,0.05166666666666675,1.421759365224689,1.6117341878385596
2432,2432,2432,0.05333333333333368,1.4221408407721063,1.6121156633859768
2433,2433,2433,0.05500000000000149,1.4221408407721063,1.6124971389333944
2434,2434,2434,0.05666666666666664,1.4225223163195235,1.6124971389333944
2435,2435,2435,0.05833333333333357,1.4225223163195235,1.6128786144808118
2436,2436,2436,0.0600000000000005,1.4229037918669412,1.6128786144808118
2437,2437,2437,0.061666666666666536,1.4229037918669412,1.6128786144808118
2438,2438,2438,0.06333333333333346,1.4229037918669412,1.6128786144808118
2439,2439,2439,0.06500000000000039,1.4232852674143586,1.6128786144808118
2440,2440,2440,0.06666666666666643,1.4232852674143586,1.6132600900282292
2441,2441,2441,0.06833333333333336,1.4232852674143586,1.6132600900282292
2442,2442,2442,0.07000000000000028,1.4232852674143586,1.6136415655756466
2443,2443,2443,0.07166666666666721,1.423666742961776,1.6136415655756466
2444,2444,2444,0.07333333333333325,1.423666742961776,1.6140230411230638
2445,2445,2445,0.07500000000000018,1.423666742961776,1.6136415655756466
2446,2446,2446,0.0766666666666671,1.4240482185091934,1.6144045166704817
2447,2447,2447,0.07833333333333403,1.4240482185091934,1.6144045166704817
2448,2448,2448,0.08000000000000007,1.4240482185091934,1.6147859922178989
2449,2449,2449,0.081666666666667,1.4240482185091934,1.6147859922178989
2450,2450,2450,0.08333333333333393,1.4244296940566108,1.6147859922178989
2451,2451,2451,0.08499999999999996,1.4244296940566108,1.6151674677653165
2452,2452,2452,0.08666666666666689,1.4248111696040282,1.6151674677653165
2453,2453,2453,0.08833333333333382,1.4248111696040282,1.6151674677653165
2454,2454,2454,0.08999999999999986,1.4248111696040282,1.6155489433127337
2455,2455,2455,0.09166666666666679,1.4251926451514456,1.6155489433127337
2456,2456,2456,0.09333333333333371,1.4251926451514456,1.6159304188601509
2457,2457,2457,0.09500000000000153,1.425574120698863,1.6155489433127337
2458,2458,2458,0.09666666666666668,1.425574120698863,1.6159304188601509
2459,2459,2459,0.0983333333333336,1.4259555962462804,1.6159304188601509
2460,2460,2460,0.10000000000000053,1.4259555962462804,1.6159304188601509
2461,2461,2461,0.10166666666666657,1.4263370717936978,1.6163118944075685
2462,2462,2462,0.1033333333333335,1.4263370717936978,1.6163118944075685
2463,2463,2463,0.10500000000000043,1.4263370717936978,1.6163118944075685
2464,2464,2464,0.10666666666666647,1.4267185473411153,1.616693369954986
2465,2465,2465,0.10833333333333339,1.4263370717936978,1.616693369954986
2466,2466,2466,0.11000000000000032,1.4267185473411153,1.617074845502403
2467,2467,2467,0.11166666666666725,1.4267185473411153,1.617074845502403
2468,2468,2468,0.11333333333333329,1.4271000228885329,1.617074845502403
2469,2469,2469,0.11500000000000021,1.4271000228885329,1.617074845502403
2470,2470,2470,0.11666666666666714,1.4271000228885329,1.6174563210498207
2471,2471,2471,0.11833333333333318,1.42748149843595,1.6174563210498207
2472,2472,2472,0.1200000000000001,1.42748149843595,1.6178377965972381
2473,2473,2473,0.12166666666666703,1.4278629739833677,1.6178377965972381
2474,2474,2474,0.12333333333333396,1.42748149843595,1.6178377965972381
2475,2475,2475,0.125,1.42748149843595,1.6178377965972381
2476,2476,2476,0.12666666666666693,1.4282444495307849,1.6182192721446556
2477,2477,2477,0.12833333333333385,1.4282444495307849,1.6182192721446556
2478,2478,2478,0.1299999999999999,1.4286259250782023,1.6182192721446556
2479,2479,2479,0.13166666666666682,1.4286259250782023,1.6186007476920732
2480,2480,2480,0.13333333333333375,1.4286259250782023,1.6186007476920732
2481,2481,2481,0.13500000000000156,1.4290074006256197,1.6186007476920732
2482,2482,2482,0.13666666666666671,1.4290074006256197,1.6189822232394904
2483,2483,2483,0.13833333333333364,1.4290074006256197,1.6189822232394904
2484,2484,2484,0.14000000000000146,1.4293888761730371,1.6189822232394904
2485,2485,2485,0.1416666666666666,1.4290074006256197,1.6189822232394904
2486,2486,2486,0.14333333333333353,1.4293888761730371,1.6193636987869078
2487,2487,2487,0.14500000000000046,1.4297703517204543,1.6197451743343252
2488,2488,2488,0.1466666666666665,1.4297703517204543,1.6197451743343252
2489,2489,2489,0.14833333333333343,1.4297703517204543,1.6201266498817426
2490,2490,2490,0.15000000000000036,1.4297703517204543,1.6201266498817426
2491,2491,2491,0.15166666666666728,1.4301518272678715,1.6201266498817426
2492,2492,2492,0.15333333333333332,1.4305333028152891,1.6201266498817426
2493,2493,2493,0.15500000000000025,1.4305333028152891,1.6201266498817426
2494,2494,2494,0.15666666666666718,1.4309147783627068,1.62050812542916
2495,2495,2495,0.15833333333333321,1.4305333028152891,1.62050812542916
2496,2496,2496,0.16000000000000014,1.4309147783627068,1.62050812542916
2497,2497,2497,0.16166666666666707,1.4312962539101242,1.62050812542916
2498,2498,2498,0.163333333333334,1.4312962539101242,1.6208896009765774
2499,2499,2499,0.16500000000000004,1.4312962539101242,1.6212710765239948
2500,2500,2500,0.16666666666666696,1.4312962539101242,1.6208896009765774
2501,2501,2501,0.1683333333333339,1.4316777294575416,1.6212710765239948
2502,2502,2502,0.16999999999999993,1.4320592050049592,1.6212710765239948
2503,2503,2503,0.17166666666666686,1.4316777294575416,1.6212710765239948
2504,2504,2504,0.17333333333333378,1.4320592050049592,1.6216525520714122
2505,2505,2505,0.1750000000000016,1.4320592050049592,1.6216525520714122
2506,2506,2506,0.17666666666666675,1.4320592050049592,1.6216525520714122
2507,2507,2507,0.17833333333333368,1.4324406805523764,1.6216525520714122
2508,2508,2508,0.1800000000000015,1.4324406805523764,1.6216525520714122
2509,2509,2509,0.18166666666666664,1.4324406805523764,1.6220340276188296
2510,2510,2510,0.18333333333333357,1.4328221560997938,1.6224155031662466
2511,2511,2511,0.1850000000000005,1.4335851071946286,1.6224155031662466
2512,2512,2512,0.18666666666666654,1.4335851071946286,1.6224155031662466
2513,2513,2513,0.18833333333333346,1.4332036316472112,1.6227969787136645
2514,2514,2514,0.1900000000000004,1.4335851071946286,1.6227969787136645
2515,2515,2515,0.19166666666666643,1.4335851071946286,1.6227969787136645
2516,2516,2516,0.19333333333333336,1.4339665827420458,1.6231784542610819
2517,2517,2517,0.19500000000000028,1.4339665827420458,1.6231784542610819
2518,2518,2518,0.1966666666666672,1.4339665827420458,1.6235599298084993
2519,2519,2519,0.19833333333333325,1.4343480582894634,1.6235599298084993
2520,2520,2520,0.20000000000000018,1.4339665827420458,1.6231784542610819
2521,2521,2521,0.2016666666666671,1.4347295338368808,1.6235599298084993
2522,2522,2522,0.20333333333333403,1.4347295338368808,1.6235599298084993
2523,2523,2523,0.20500000000000007,1.4343480582894634,1.6235599298084993
2524,2524,2524,0.206666666666667,1.4343480582894634,1.6239414053559167
2525,2525,2525,0.20833333333333393,1.4347295338368808,1.6239414053559167
2526,2526,2526,0.20999999999999996,1.4351110093842985,1.624322880903334
2527,2527,2527,0.2116666666666669,1.4351110093842985,1.624322880903334
2528,2528,2528,0.21333333333333382,1.4354924849317157,1.6247043564507515
2529,2529,2529,0.21499999999999986,1.4354924849317157,1.6247043564507515
2530,2530,2530,0.21666666666666679,1.4354924849317157,1.624322880903334
2531,2531,2531,0.2183333333333337,1.435873960479133,1.625085831998169
2532,2532,2532,0.22000000000000153,1.435873960479133,1.625085831998169
2533,2533,2533,0.22166666666666668,1.435873960479133,1.625085831998169
2534,2534,2534,0.2233333333333336,1.4362554360265505,1.6254673075455863
2535,2535,2535,0.22500000000000053,1.4362554360265505,1.6254673075455863
2536,2536,2536,0.22666666666666657,1.436636911573968,1.6254673075455863
2537,2537,2537,0.2283333333333335,1.436636911573968,1.6258487830930035
2538,2538,2538,0.23000000000000043,1.436636911573968,1.6258487830930035
2539,2539,2539,0.23166666666666647,1.4370183871213853,1.6258487830930035
2540,2540,2540,0.2333333333333334,1.4370183871213853,1.6258487830930035
2541,2541,2541,0.23500000000000032,1.4370183871213853,1.6262302586404211
2542,2542,2542,0.23666666666666725,1.4370183871213853,1.6266117341878386
2543,2543,2543,0.23833333333333329,1.4373998626688027,1.6266117341878386
2544,2544,2544,0.2400000000000002,1.43778133821622,1.6266117341878386
2545,2545,2545,0.24166666666666714,1.4373998626688027,1.6266117341878386
2546,2546,2546,0.24333333333333318,1.43778133821622,1.6266117341878386
2547,2547,2547,0.2450000000000001,1.43778133821622,1.6269932097352555
2548,2548,2548,0.24666666666666703,1.4381628137636375,1.6269932097352555
2549,2549,2549,0.24833333333333396,1.4381628137636375,1.6269932097352555
2550,2550,2550,0.25,1.4381628137636375,1.6273746852826734
2551,2551,2551,0.2516666666666669,1.4381628137636375,1.6269932097352555
2552,2552,2552,0.25333333333333385,1.438544289311055,1.6273746852826734
2553,2553,2553,0.2549999999999999,1.4389257648584723,1.6273746852826734
2554,2554,2554,0.2566666666666668,1.4389257648584723,1.6277561608300908
2555,2555,2555,0.25833333333333375,1.4389257648584723,1.6277561608300908
2556,2556,2556,0.26000000000000156,1.4393072404058898,1.6281376363775082
2557,2557,2557,0.2616666666666667,1.4393072404058898,1.6285191119249256
2558,2558,2558,0.26333333333333364,1.4393072404058898,1.6285191119249256
2559,2559,2559,0.26500000000000146,1.4396887159533072,1.6285191119249256
2560,2560,2560,0.2666666666666666,1.4393072404058898,1.6285191119249256
2561,2561,2561,0.26833333333333353,1.4396887159533072,1.6289005874723432
2562,2562,2562,0.27000000000000046,1.4396887159533072,1.6289005874723432
2563,2563,2563,0.2716666666666665,1.4400701915007246,1.6289005874723432
2564,2564,2564,0.27333333333333343,1.4400701915007246,1.6292820630197604
2565,2565,2565,0.27500000000000036,1.4400701915007246,1.6292820630197604
2566,2566,2566,0.2766666666666673,1.4400701915007246,1.6292820630197604
2567,2567,2567,0.2783333333333333,1.440451667048142,1.6292820630197604
2568,2568,2568,0.28000000000000025,1.440451667048142,1.6296635385671778
2569,2569,2569,0.2816666666666672,1.440451667048142,1.6296635385671778
2570,2570,2570,0.2833333333333332,1.440451667048142,1.6296635385671778
2571,2571,2571,0.28500000000000014,1.4408331425955594,1.6296635385671778
2572,2572,2572,0.28666666666666707,1.4408331425955594,1.6300450141145952
2573,2573,2573,0.288333333333334,1.4412146181429768,1.6304264896620126
2574,2574,2574,0.29000000000000004,1.4412146181429768,1.6304264896620126
2575,2575,2575,0.29166666666666696,1.4415960936903942,1.6304264896620126
2576,2576,2576,0.2933333333333339,1.4415960936903942,1.6308079652094298
2577,2577,2577,0.29499999999999993,1.4419775692378116,1.6311894407568477
2578,2578,2578,0.29666666666666686,1.4419775692378116,1.6311894407568477
2579,2579,2579,0.2983333333333338,1.4419775692378116,1.6311894407568477
2580,2580,2580,0.3000000000000016,1.4419775692378116,1.6311894407568477
2581,2581,2581,0.30166666666666675,1.4419775692378116,1.6315709163042649
2582,2582,2582,0.3033333333333337,1.442359044785229,1.6319523918516825
2583,2583,2583,0.3050000000000015,1.442359044785229,1.6315709163042649
2584,2584,2584,0.30666666666666664,1.442359044785229,1.6319523918516825
2585,2585,2585,0.30833333333333357,1.442359044785229,1.6319523918516825
2586,2586,2586,0.3100000000000005,1.442359044785229,1.6319523918516825
2587,2587,2587,0.31166666666666654,1.4427405203326464,1.6323338673990997
2588,2588,2588,0.31333333333333346,1.4427405203326464,1.6323338673990997
2589,2589,2589,0.3150000000000004,1.4427405203326464,1.6327153429465169
2590,2590,2590,0.31666666666666643,1.4427405203326464,1.6323338673990997
2591,2591,2591,0.31833333333333336,1.4431219958800638,1.6327153429465169
2592,2592,2592,0.3200000000000003,1.4431219958800638,1.6327153429465169
2593,2593,2593,0.3216666666666672,1.4435034714274813,1.6327153429465169
2594,2594,2594,0.32333333333333325,1.4435034714274813,1.6327153429465169
2595,2595,2595,0.3250000000000002,1.4435034714274813,1.6330968184939345
2596,2596,2596,0.3266666666666671,1.4438849469748989,1.6330968184939345
2597,2597,2597,0.32833333333333403,1.444266422522316,1.6334782940413517
2598,2598,2598,0.33000000000000007,1.444266422522316,1.633859769588769
2599,2599,2599,0.331666666666667,1.4438849469748989,1.6342412451361867
2600,2600,2600,0.3333333333333339,1.444266422522316,1.633859769588769
2601,2601,2601,0.33499999999999996,1.4446478980697337,1.633859769588769
2602,2602,2602,0.3366666666666669,1.4446478980697337,1.6342412451361867
2603,2603,2603,0.3383333333333338,1.4446478980697337,1.634622720683604
2604,2604,2604,0.33999999999999986,1.4446478980697337,1.634622720683604
2605,2605,2605,0.3416666666666668,1.4446478980697337,1.634622720683604
2606,2606,2606,0.3433333333333337,1.445029373617151,1.634622720683604
2607,2607,2607,0.3450000000000015,1.445029373617151,1.634622720683604
2608,2608,2608,0.3466666666666667,1.445029373617151,1.6350041962310216
2609,2609,2609,0.3483333333333336,1.445029373617151,1.6350041962310216
2610,2610,2610,0.35000000000000053,1.4454108491645687,1.6350041962310216
2611,2611,2611,0.35166666666666657,1.4457923247119862,1.635385671778439
2612,2612,2612,0.3533333333333335,1.4454108491645687,1.635385671778439
2613,2613,2613,0.3550000000000004,1.4457923247119862,1.635385671778439
2614,2614,2614,0.35666666666666647,1.4461738002594036,1.635385671778439
2615,2615,2615,0.3583333333333334,1.4457923247119862,1.6357671473258564
2616,2616,2616,0.3600000000000003,1.4461738002594036,1.6357671473258564
2617,2617,2617,0.36166666666666725,1.446555275806821,1.6357671473258564
2618,2618,2618,0.3633333333333333,1.446555275806821,1.6361486228732738
2619,2619,2619,0.3650000000000002,1.446555275806821,1.6365300984206912
2620,2620,2620,0.36666666666666714,1.446555275806821,1.6361486228732738
2621,2621,2621,0.3683333333333332,1.4469367513542384,1.6365300984206912
2622,2622,2622,0.3700000000000001,1.4469367513542384,1.6369115739681086
2623,2623,2623,0.37166666666666703,1.4473182269016558,1.6369115739681086
2624,2624,2624,0.37333333333333396,1.4473182269016558,1.6369115739681086
2625,2625,2625,0.375,1.4473182269016558,1.637293049515526
2626,2626,2626,0.3766666666666669,1.4473182269016558,1.637293049515526
2627,2627,2627,0.37833333333333385,1.4476997024490732,1.637293049515526
2628,2628,2628,0.3799999999999999,1.4476997024490732,1.637293049515526
2629,2629,2629,0.3816666666666668,1.4476997024490732,1.6376745250629434
2630,2630,2630,0.38333333333333375,1.4476997024490732,1.6376745250629434
2631,2631,2631,0.38500000000000156,1.4480811779964906,1.6376745250629434
2632,2632,2632,0.3866666666666667,1.4480811779964906,1.6376745250629434
2633,2633,2633,0.38833333333333364,1.4480811779964906,1.6380560006103608
2634,2634,2634,0.39000000000000146,1.4480811779964906,1.6380560006103608
2635,2635,2635,0.3916666666666666,1.4480811779964906,1.6380560006103608
2636,2636,2636,0.39333333333333353,1.4488441290913254,1.6384374761577782
2637,2637,2637,0.39500000000000046,1.4488441290913254,1.6380560006103608
2638,2638,2638,0.3966666666666665,1.4488441290913254,1.6388189517051956
2639,2639,2639,0.39833333333333343,1.4488441290913254,1.6388189517051956
2640,2640,2640,0.40000000000000036,1.4488441290913254,1.6384374761577782
2641,2641,2641,0.4016666666666673,1.4492256046387428,1.6388189517051956
2642,2642,2642,0.4033333333333333,1.4496070801861602,1.6388189517051956
2643,2643,2643,0.40500000000000025,1.4496070801861602,1.639200427252613
2644,2644,2644,0.4066666666666672,1.4496070801861602,1.639200427252613
2645,2645,2645,0.4083333333333332,1.4499885557335777,1.6395819028000305
2646,2646,2646,0.41000000000000014,1.4499885557335777,1.6395819028000305
2647,2647,2647,0.41166666666666707,1.4499885557335777,1.639963378347448
2648,2648,2648,0.413333333333334,1.4499885557335777,1.639963378347448
2649,2649,2649,0.41500000000000004,1.450370031280995,1.6403448538948653
2650,2650,2650,0.41666666666666696,1.450370031280995,1.639963378347448
2651,2651,2651,0.4183333333333339,1.450370031280995,1.639963378347448
2652,2652,2652,0.41999999999999993,1.450370031280995,1.6403448538948653
2653,2653,2653,0.42166666666666686,1.4507515068284125,1.6403448538948653
2654,2654,2654,0.4233333333333338,1.4507515068284125,1.6407263294422827
2655,2655,2655,0.4250000000000016,1.4507515068284125,1.6407263294422827
2656,2656,2656,0.42666666666666675,1.45113298237583,1.6407263294422827
2657,2657,2657,0.4283333333333337,1.4515144579232473,1.6407263294422827
2658,2658,2658,0.4300000000000015,1.4515144579232473,1.6407263294422827
2659,2659,2659,0.43166666666666664,1.4515144579232473,1.6411078049897
2660,2660,2660,0.43333333333333357,1.4515144579232473,1.6411078049897
2661,2661,2661,0.4350000000000005,1.4522774090180817,1.6414892805371175
2662,2662,2662,0.43666666666666654,1.4518959334706647,1.6414892805371175
2663,2663,2663,0.43833333333333346,1.4518959334706647,1.641870756084535
2664,2664,2664,0.4400000000000004,1.4522774090180817,1.641870756084535
2665,2665,2665,0.44166666666666643,1.4522774090180817,1.641870756084535
2666,2666,2666,0.44333333333333336,1.4526588845654995,1.6422522316319523
2667,2667,2667,0.4450000000000003,1.4526588845654995,1.6426337071793695
2668,2668,2668,0.4466666666666672,1.4526588845654995,1.6426337071793695
2669,2669,2669,0.44833333333333325,1.4526588845654995,1.6426337071793695
2670,2670,2670,0.4500000000000002,1.4526588845654995,1.6426337071793695
2671,2671,2671,0.4516666666666671,1.4530403601129172,1.6426337071793695
2672,2672,2672,0.45333333333333403,1.4530403601129172,1.6430151827267871
2673,2673,2673,0.45500000000000007,1.4530403601129172,1.6430151827267871
2674,2674,2674,0.456666666666667,1.4534218356603343,1.6430151827267871
2675,2675,2675,0.4583333333333339,1.4534218356603343,1.6430151827267871
2676,2676,2676,0.45999999999999996,1.4538033112077515,1.6433966582742046
2677,2677,2677,0.4616666666666669,1.4538033112077515,1.6433966582742046
2678,2678,2678,0.4633333333333338,1.4541847867551692,1.6437781338216215
2679,2679,2679,0.46499999999999986,1.4538033112077515,1.6437781338216215
2680,2680,2680,0.4666666666666668,1.4541847867551692,1.6437781338216215
2681,2681,2681,0.4683333333333337,1.4545662623025866,1.6441596093690394
2682,2682,2682,0.4700000000000015,1.4545662623025866,1.6441596093690394
2683,2683,2683,0.4716666666666667,1.4545662623025866,1.6441596093690394
2684,2684,2684,0.4733333333333336,1.4545662623025866,1.6445410849164568
2685,2685,2685,0.47500000000000053,1.4545662623025866,1.6445410849164568
2686,2686,2686,0.47666666666666657,1.4549477378500042,1.6445410849164568
2687,2687,2687,0.4783333333333335,1.4549477378500042,1.6445410849164568
2688,2688,2688,0.4800000000000004,1.4549477378500042,1.6449225604638742
2689,2689,2689,0.48166666666666647,1.4553292133974214,1.6449225604638742
2690,2690,2690,0.4833333333333334,1.4553292133974214,1.6449225604638742
2691,2691,2691,0.4850000000000003,1.4553292133974214,1.6453040360112916
2692,2692,2692,0.48666666666666725,1.4557106889448388,1.6456855115587088
2693,2693,2693,0.4883333333333333,1.4553292133974214,1.6456855115587088
2694,2694,2694,0.4900000000000002,1.4557106889448388,1.6456855115587088
2695,2695,2695,0.49166666666666714,1.4557106889448388,1.6456855115587088
2696,2696,2696,0.4933333333333332,1.4557106889448388,1.6460669871061264
2697,2697,2697,0.4950000000000001,1.4560921644922562,1.6460669871061264
2698,2698,2698,0.49666666666666703,1.4560921644922562,1.6460669871061264
2699,2699,2699,0.49833333333333396,1.4564736400396736,1.6464484626535438
2700,2700,2700,0.5,1.4560921644922562,1.6460669871061264
2701,2701,2701,0.5016666666666669,1.4568551155870908,1.6464484626535438
2702,2702,2702,0.5033333333333339,1.4572365911345084,1.6464484626535438
2703,2703,2703,0.5049999999999999,1.4572365911345084,1.6464484626535438
2704,2704,2704,0.5066666666666668,1.4572365911345084,1.6468299382009612
2705,2705,2705,0.5083333333333337,1.4572365911345084,1.6468299382009612
2706,2706,2706,0.5100000000000016,1.4572365911345084,1.6468299382009612
2707,2707,2707,0.5116666666666667,1.4572365911345084,1.6472114137483789
2708,2708,2708,0.5133333333333336,1.4576180666819258,1.6472114137483789
2709,2709,2709,0.5150000000000015,1.4576180666819258,1.6475928892957958
2710,2710,2710,0.5166666666666666,1.4576180666819258,1.6475928892957958
2711,2711,2711,0.5183333333333335,1.4576180666819258,1.6479743648432137
2712,2712,2712,0.5200000000000005,1.4579995422293432,1.6479743648432137
2713,2713,2713,0.5216666666666665,1.4579995422293432,1.6479743648432137
2714,2714,2714,0.5233333333333334,1.4579995422293432,1.6479743648432137
2715,2715,2715,0.5250000000000004,1.4583810177767609,1.6483558403906309
2716,2716,2716,0.5266666666666673,1.4579995422293432,1.6483558403906309
2717,2717,2717,0.5283333333333333,1.4583810177767609,1.6483558403906309
2718,2718,2718,0.5300000000000002,1.4583810177767609,1.6487373159380485
2719,2719,2719,0.5316666666666672,1.4583810177767609,1.6487373159380485
2720,2720,2720,0.5333333333333332,1.4579995422293432,1.6487373159380485
2721,2721,2721,0.5350000000000001,1.458762493324178,1.6491187914854657
2722,2722,2722,0.5366666666666671,1.4591439688715957,1.6491187914854657
2723,2723,2723,0.538333333333334,1.4591439688715957,1.6491187914854657
2724,2724,2724,0.54,1.4595254444190129,1.649500267032883
2725,2725,2725,0.541666666666667,1.4595254444190129,1.6491187914854657
2726,2726,2726,0.5433333333333339,1.4599069199664303,1.6498817425803003
2727,2727,2727,0.5449999999999999,1.4595254444190129,1.6498817425803003
2728,2728,2728,0.5466666666666669,1.4599069199664303,1.6498817425803003
2729,2729,2729,0.5483333333333338,1.4599069199664303,1.6498817425803003
2730,2730,2730,0.5500000000000016,1.4602883955138477,1.649500267032883
2731,2731,2731,0.5516666666666667,1.4602883955138477,1.6498817425803003
2732,2732,2732,0.5533333333333337,1.4602883955138477,1.650263218127718
2733,2733,2733,0.5550000000000015,1.4606698710612651,1.650644693675135
2734,2734,2734,0.5566666666666666,1.4606698710612651,1.650644693675135
2735,2735,2735,0.5583333333333336,1.4606698710612651,1.650263218127718
2736,2736,2736,0.5600000000000005,1.4606698710612651,1.650644693675135
2737,2737,2737,0.5616666666666665,1.4606698710612651,1.650644693675135
2738,2738,2738,0.5633333333333335,1.4606698710612651,1.6510261692225527
2739,2739,2739,0.5650000000000004,1.4610513466086823,1.6510261692225527
2740,2740,2740,0.5666666666666664,1.4610513466086823,1.6510261692225527
2741,2741,2741,0.5683333333333334,1.4614328221561,1.6514076447699702
2742,2742,2742,0.5700000000000003,1.4614328221561,1.6514076447699702
2743,2743,2743,0.5716666666666672,1.4618142977035171,1.6517891203173876
2744,2744,2744,0.5733333333333333,1.4614328221561,1.6517891203173876
2745,2745,2745,0.5750000000000002,1.4618142977035171,1.6517891203173876
2746,2746,2746,0.5766666666666671,1.4621957732509347,1.6517891203173876
2747,2747,2747,0.578333333333334,1.4621957732509347,1.6517891203173876
2748,2748,2748,0.5800000000000001,1.4625772487983522,1.652170595864805
2749,2749,2749,0.581666666666667,1.4625772487983522,1.652170595864805
2750,2750,2750,0.5833333333333339,1.4625772487983522,1.652170595864805
2751,2751,2751,0.585,1.4629587243457696,1.6525520714122224
2752,2752,2752,0.5866666666666669,1.4625772487983522,1.6529335469596398
2753,2753,2753,0.5883333333333338,1.4629587243457696,1.6525520714122224
2754,2754,2754,0.5899999999999999,1.4629587243457696,1.6525520714122224
2755,2755,2755,0.5916666666666668,1.4629587243457696,1.6529335469596398
2756,2756,2756,0.5933333333333337,1.4629587243457696,1.6533150225070572
2757,2757,2757,0.5950000000000015,1.4633401998931868,1.6533150225070572
2758,2758,2758,0.5966666666666667,1.4633401998931868,1.6533150225070572
2759,2759,2759,0.5983333333333336,1.4637216754406044,1.6533150225070572
2760,2760,2760,0.6000000000000005,1.4633401998931868,1.6533150225070572
2761,2761,2761,0.6016666666666666,1.4637216754406044,1.6536964980544746
2762,2762,2762,0.6033333333333335,1.4637216754406044,1.6536964980544746
2763,2763,2763,0.6050000000000004,1.4641031509880218,1.654077973601892
2764,2764,2764,0.6066666666666665,1.4637216754406044,1.654077973601892
2765,2765,2765,0.6083333333333334,1.4641031509880218,1.654077973601892
2766,2766,2766,0.6100000000000003,1.4644846265354392,1.654077973601892
2767,2767,2767,0.6116666666666672,1.4644846265354392,1.654077973601892
2768,2768,2768,0.6133333333333333,1.4644846265354392,1.6544594491493094
2769,2769,2769,0.6150000000000002,1.4648661020828566,1.6544594491493094
2770,2770,2770,0.6166666666666671,1.4648661020828566,1.6544594491493094
2771,2771,2771,0.6183333333333341,1.4648661020828566,1.6548409246967268
2772,2772,2772,0.6200000000000001,1.4652475776302742,1.6548409246967268
2773,2773,2773,0.621666666666667,1.4652475776302742,1.6548409246967268
2774,2774,2774,0.623333333333334,1.4656290531776914,1.6548409246967268
2775,2775,2775,0.625,1.4652475776302742,1.6548409246967268
2776,2776,2776,0.6266666666666669,1.4652475776302742,1.655985351338979
2777,2777,2777,0.6283333333333339,1.4656290531776914,1.6556038757915617
2778,2778,2778,0.6299999999999999,1.4656290531776914,1.6556038757915617
2779,2779,2779,0.6316666666666668,1.4660105287251088,1.6556038757915617
2780,2780,2780,0.6333333333333337,1.4660105287251088,1.6556038757915617
2781,2781,2781,0.6350000000000016,1.4660105287251088,1.655985351338979
2782,2782,2782,0.6366666666666667,1.4660105287251088,1.6563668268863965
2783,2783,2783,0.6383333333333336,1.4660105287251088,1.6563668268863965
2784,2784,2784,0.6400000000000015,1.4663920042725265,1.6563668268863965
2785,2785,2785,0.6416666666666666,1.4663920042725265,1.6563668268863965
2786,2786,2786,0.6433333333333335,1.4663920042725265,1.6563668268863965
2787,2787,2787,0.6450000000000005,1.4663920042725265,1.656748302433814
2788,2788,2788,0.6466666666666665,1.4663920042725265,1.656748302433814
2789,2789,2789,0.6483333333333334,1.4667734798199437,1.656748302433814
2790,2790,2790,0.6500000000000004,1.4663920042725265,1.6563668268863965
2791,2791,2791,0.6516666666666673,1.4667734798199437,1.656748302433814
2792,2792,2792,0.6533333333333333,1.4671549553673606,1.6571297779812313
2793,2793,2793,0.6550000000000002,1.4671549553673606,1.6575112535286487
2794,2794,2794,0.6566666666666672,1.4675364309147785,1.6575112535286487
2795,2795,2795,0.6583333333333332,1.4671549553673606,1.6575112535286487
2796,2796,2796,0.6600000000000001,1.4675364309147785,1.6571297779812313
2797,2797,2797,0.6616666666666671,1.4675364309147785,1.6571297779812313
2798,2798,2798,0.663333333333334,1.4675364309147785,1.657892729076066
2799,2799,2799,0.665,1.4675364309147785,1.657892729076066
2800,2800,2800,0.666666666666667,1.4675364309147785,1.6582742046234835
2801,2801,2801,0.6683333333333339,1.467917906462196,1.658655680170901
2802,2802,2802,0.6699999999999999,1.467917906462196,1.6582742046234835
2803,2803,2803,0.6716666666666669,1.4682993820096133,1.658655680170901
2804,2804,2804,0.6733333333333338,1.4682993820096133,1.658655680170901
2805,2805,2805,0.6750000000000016,1.467917906462196,1.6582742046234835
2806,2806,2806,0.6766666666666667,1.4682993820096133,1.658655680170901
2807,2807,2807,0.6783333333333337,1.4682993820096133,1.6590371557183183
2808,2808,2808,0.6800000000000015,1.4682993820096133,1.6590371557183183
2809,2809,2809,0.6816666666666666,1.4686808575570307,1.6590371557183183
2810,2810,2810,0.6833333333333336,1.4682993820096133,1.6590371557183183
2811,2811,2811,0.6850000000000005,1.4686808575570307,1.6594186312657355
2812,2812,2812,0.6866666666666665,1.4686808575570307,1.6594186312657355
2813,2813,2813,0.6883333333333335,1.4690623331044483,1.6594186312657355
2814,2814,2814,0.6900000000000004,1.4686808575570307,1.6594186312657355
2815,2815,2815,0.6916666666666664,1.4690623331044483,1.6598001068131532
2816,2816,2816,0.6933333333333334,1.4690623331044483,1.6598001068131532
2817,2817,2817,0.6950000000000003,1.4690623331044483,1.6594186312657355
2818,2818,2818,0.6966666666666672,1.4694438086518655,1.6598001068131532
2819,2819,2819,0.6983333333333333,1.4694438086518655,1.6601815823605706
2820,2820,2820,0.7000000000000002,1.4694438086518655,1.6601815823605706
2821,2821,2821,0.7016666666666671,1.4694438086518655,1.6605630579079882
2822,2822,2822,0.703333333333334,1.4698252841992832,1.6605630579079882
2823,2823,2823,0.7050000000000001,1.4698252841992832,1.6605630579079882
2824,2824,2824,0.706666666666667,1.4702067597467003,1.6605630579079882
2825,2825,2825,0.7083333333333339,1.4698252841992832,1.6605630579079882
2826,2826,2826,0.71,1.4702067597467003,1.6609445334554054
2827,2827,2827,0.7116666666666669,1.4705882352941178,1.6609445334554054
2828,2828,2828,0.7133333333333338,1.4705882352941178,1.6613260090028228
2829,2829,2829,0.7150000000000016,1.4705882352941178,1.6609445334554054
2830,2830,2830,0.7166666666666668,1.4705882352941178,1.6613260090028228
2831,2831,2831,0.7183333333333337,1.4705882352941178,1.6613260090028228
2832,2832,2832,0.7200000000000015,1.4705882352941178,1.6613260090028228
2833,2833,2833,0.7216666666666667,1.4709697108415352,1.6613260090028228
2834,2834,2834,0.7233333333333336,1.4709697108415352,1.6613260090028228
2835,2835,2835,0.7250000000000005,1.4709697108415352,1.6613260090028228
2836,2836,2836,0.7266666666666666,1.4713511863889526,1.6617074845502402
2837,2837,2837,0.7283333333333335,1.4713511863889526,1.6617074845502402
2838,2838,2838,0.7300000000000004,1.4713511863889526,1.6620889600976576
2839,2839,2839,0.7316666666666665,1.4713511863889526,1.6620889600976576
2840,2840,2840,0.7333333333333334,1.4713511863889526,1.6617074845502402
2841,2841,2841,0.7350000000000003,1.4717326619363702,1.6620889600976576
2842,2842,2842,0.7366666666666672,1.4717326619363702,1.6620889600976576
2843,2843,2843,0.7383333333333333,1.4721141374837874,1.6624704356450748
2844,2844,2844,0.7400000000000002,1.4717326619363702,1.6624704356450748
2845,2845,2845,0.7416666666666671,1.4721141374837874,1.6624704356450748
2846,2846,2846,0.7433333333333341,1.4721141374837874,1.6628519111924924
2847,2847,2847,0.7450000000000001,1.4724956130312048,1.6624704356450748
2848,2848,2848,0.746666666666667,1.4724956130312048,1.6624704356450748
2849,2849,2849,0.748333333333334,1.4724956130312048,1.6624704356450748
2850,2850,2850,0.75,1.4728770885786222,1.6624704356450748
2851,2851,2851,0.7516666666666669,1.4732585641260396,1.6628519111924924
2852,2852,2852,0.7533333333333339,1.4732585641260396,1.6628519111924924
2853,2853,2853,0.7549999999999999,1.4732585641260396,1.6628519111924924
2854,2854,2854,0.7566666666666668,1.4732585641260396,1.6632333867399098
2855,2855,2855,0.7583333333333337,1.4732585641260396,1.6632333867399098
2856,2856,2856,0.7600000000000016,1.4736400396734568,1.6632333867399098
2857,2857,2857,0.7616666666666667,1.4732585641260396,1.6632333867399098
2858,2858,2858,0.7633333333333336,1.4736400396734568,1.6636148622873272
2859,2859,2859,0.7650000000000015,1.4740215152208744,1.6636148622873272
2860,2860,2860,0.7666666666666666,1.4740215152208744,1.6636148622873272
2861,2861,2861,0.7683333333333335,1.4740215152208744,1.6636148622873272
2862,2862,2862,0.7700000000000005,1.4740215152208744,1.6636148622873272
2863,2863,2863,0.7716666666666665,1.4744029907682918,1.6639963378347449
2864,2864,2864,0.7733333333333334,1.4744029907682918,1.6639963378347449
2865,2865,2865,0.7750000000000004,1.4744029907682918,1.6639963378347449
2866,2866,2866,0.7766666666666673,1.4744029907682918,1.6639963378347449
2867,2867,2867,0.7783333333333333,1.4744029907682918,1.6639963378347449
2868,2868,2868,0.7800000000000002,1.4747844663157093,1.6643778133821618
2869,2869,2869,0.7816666666666672,1.4751659418631269,1.6639963378347449
2870,2870,2870,0.7833333333333332,1.4755474174105438,1.6643778133821618
2871,2871,2871,0.7850000000000001,1.4755474174105438,1.6647592889295797
2872,2872,2872,0.7866666666666671,1.4751659418631269,1.6647592889295797
2873,2873,2873,0.788333333333334,1.4751659418631269,1.6647592889295797
2874,2874,2874,0.79,1.4755474174105438,1.6647592889295797
2875,2875,2875,0.791666666666667,1.4755474174105438,1.6647592889295797
2876,2876,2876,0.7933333333333339,1.4759288929579617,1.6647592889295797
2877,2877,2877,0.7949999999999999,1.4763103685053791,1.6651407644769969
2878,2878,2878,0.7966666666666669,1.4759288929579617,1.6651407644769969
2879,2879,2879,0.7983333333333338,1.4763103685053791,1.6651407644769969
2880,2880,2880,0.8000000000000016,1.4763103685053791,1.6651407644769969
2881,2881,2881,0.8016666666666667,1.4763103685053791,1.6655222400244143
2882,2882,2882,0.8033333333333337,1.4763103685053791,1.6655222400244143
2883,2883,2883,0.8050000000000015,1.4766918440527963,1.6655222400244143
2884,2884,2884,0.8066666666666666,1.4766918440527963,1.6655222400244143
2885,2885,2885,0.8083333333333336,1.4766918440527963,1.6655222400244143
2886,2886,2886,0.8100000000000005,1.4770733196002137,1.6659037155718317
2887,2887,2887,0.8116666666666665,1.4770733196002137,1.6659037155718317
2888,2888,2888,0.8133333333333335,1.4770733196002137,1.666285191119249
2889,2889,2889,0.8150000000000004,1.4774547951476311,1.666285191119249
2890,2890,2890,0.8166666666666664,1.4774547951476311,1.666285191119249
2891,2891,2891,0.8183333333333334,1.4774547951476311,1.6666666666666663
2892,2892,2892,0.8200000000000003,1.4774547951476311,1.6666666666666663
2893,2893,2893,0.8216666666666672,1.4778362706950483,1.6666666666666663
2894,2894,2894,0.8233333333333333,1.4778362706950483,1.6666666666666663
2895,2895,2895,0.8250000000000002,1.4782177462424655,1.6666666666666663
2896,2896,2896,0.8266666666666671,1.4782177462424655,1.6674296177615011
2897,2897,2897,0.828333333333334,1.4785992217898831,1.667048142214084
2898,2898,2898,0.8300000000000001,1.4785992217898831,1.667048142214084
2899,2899,2899,0.831666666666667,1.4785992217898831,1.667048142214084
2900,2900,2900,0.8333333333333339,1.4785992217898831,1.667048142214084
2901,2901,2901,0.835,1.4789806973373008,1.6674296177615011
2902,2902,2902,0.8366666666666669,1.4785992217898831,1.6678110933089187
2903,2903,2903,0.8383333333333338,1.4789806973373008,1.6678110933089187
2904,2904,2904,0.8400000000000016,1.4789806973373008,1.6678110933089187
2905,2905,2905,0.8416666666666668,1.4789806973373008,1.6674296177615011
2906,2906,2906,0.8433333333333337,1.4793621728847182,1.6678110933089187
2907,2907,2907,0.8450000000000015,1.4793621728847182,1.6678110933089187
2908,2908,2908,0.8466666666666667,1.4793621728847182,1.6681925688563362
2909,2909,2909,0.8483333333333336,1.4793621728847182,1.6681925688563362
2910,2910,2910,0.8500000000000005,1.4797436484321356,1.6681925688563362
2911,2911,2911,0.8516666666666666,1.4797436484321356,1.6685740444037536
2912,2912,2912,0.8533333333333335,1.4801251239795532,1.6681925688563362
2913,2913,2913,0.8550000000000004,1.4797436484321356,1.6685740444037536
2914,2914,2914,0.8566666666666665,1.4801251239795532,1.6685740444037536
2915,2915,2915,0.8583333333333334,1.4801251239795532,1.6681925688563362
2916,2916,2916,0.8600000000000003,1.4805065995269704,1.668955519951171
2917,2917,2917,0.8616666666666672,1.4805065995269704,1.6693369954985884
2918,2918,2918,0.8633333333333333,1.4805065995269704,1.6693369954985884
2919,2919,2919,0.8650000000000002,1.4808880750743878,1.6693369954985884
2920,2920,2920,0.8666666666666671,1.4808880750743878,1.668955519951171
2921,2921,2921,0.8683333333333341,1.4812695506218052,1.6693369954985884
2922,2922,2922,0.8700000000000001,1.4812695506218052,1.6693369954985884
2923,2923,2923,0.871666666666667,1.4812695506218052,1.6697184710460058
2924,2924,2924,0.873333333333334,1.4812695506218052,1.6697184710460058
2925,2925,2925,0.875,1.4812695506218052,1.6697184710460058
2926,2926,2926,0.8766666666666669,1.4816510261692226,1.6697184710460058
2927,2927,2927,0.8783333333333339,1.4816510261692226,1.6693369954985884
2928,2928,2928,0.8799999999999999,1.4816510261692226,1.6697184710460058
2929,2929,2929,0.8816666666666668,1.48203250171664,1.6697184710460058
2930,2930,2930,0.8833333333333337,1.48203250171664,1.6697184710460058
2931,2931,2931,0.8850000000000016,1.48203250171664,1.6697184710460058
2932,2932,2932,0.8866666666666667,1.48203250171664,1.6697184710460058
2933,2933,2933,0.8883333333333336,1.48203250171664,1.6697184710460058
2934,2934,2934,0.8900000000000015,1.4824139772640574,1.6697184710460058
2935,2935,2935,0.8916666666666666,1.4824139772640574,1.6697184710460058
2936,2936,2936,0.8933333333333335,1.4824139772640574,1.6697184710460058
2937,2937,2937,0.8950000000000005,1.4827954528114748,1.6697184710460058
2938,2938,2938,0.8966666666666665,1.4824139772640574,1.6697184710460058
2939,2939,2939,0.8983333333333334,1.4827954528114748,1.6697184710460058
2940,2940,2940,0.9000000000000004,1.4831769283588925,1.6693369954985884
2941,2941,2941,0.9016666666666673,1.4831769283588925,1.6693369954985884
2942,2942,2942,0.9033333333333333,1.4835584039063097,1.6697184710460058
2943,2943,2943,0.9050000000000002,1.4835584039063097,1.6693369954985884
2944,2944,2944,0.9066666666666672,1.4835584039063097,1.6697184710460058
2945,2945,2945,0.9083333333333332,1.4835584039063097,1.6693369954985884
2946,2946,2946,0.9100000000000001,1.4839398794537266,1.6693369954985884
2947,2947,2947,0.9116666666666671,1.4839398794537266,1.6693369954985884
2948,2948,2948,0.913333333333334,1.4839398794537266,1.668955519951171
2949,2949,2949,0.915,1.4839398794537266,1.668955519951171
2950,2950,2950,0.916666666666667,1.4839398794537266,1.668955519951171
2951,2951,2951,0.9183333333333339,1.4843213550011445,1.668955519951171
2952,2952,2952,0.9199999999999999,1.4843213550011445,1.668955519951171
2953,2953,2953,0.9216666666666669,1.4843213550011445,1.668955519951171
2954,2954,2954,0.9233333333333338,1.4843213550011445,1.668955519951171
2955,2955,2955,0.9250000000000016,1.484702830548562,1.6685740444037536
2956,2956,2956,0.9266666666666667,1.484702830548562,1.6685740444037536
2957,2957,2957,0.9283333333333337,1.4850843060959793,1.6681925688563362
2958,2958,2958,0.9300000000000015,1.4850843060959793,1.6685740444037536
2959,2959,2959,0.9316666666666666,1.4850843060959793,1.6681925688563362
2960,2960,2960,0.9333333333333336,1.4850843060959793,1.6681925688563362
2961,2961,2961,0.9350000000000005,1.4850843060959793,1.6681925688563362
2962,2962,2962,0.9366666666666665,1.4854657816433967,1.6681925688563362
2963,2963,2963,0.9383333333333335,1.4854657816433967,1.6681925688563362
2964,2964,2964,0.9400000000000004,1.4858472571908141,1.6678110933089187
2965,2965,2965,0.9416666666666664,1.4858472571908141,1.6678110933089187
2966,2966,2966,0.9433333333333334,1.4858472571908141,1.6678110933089187
2967,2967,2967,0.9450000000000003,1.4862287327382315,1.6674296177615011
2968,2968,2968,0.9466666666666672,1.4862287327382315,1.6674296177615011
2969,2969,2969,0.9483333333333333,1.4862287327382315,1.6674296177615011
2970,2970,2970,0.9500000000000002,1.4858472571908141,1.6674296177615011
2971,2971,2971,0.9516666666666671,1.4866102082856492,1.6674296177615011
2972,2972,2972,0.953333333333334,1.4866102082856492,1.667048142214084
2973,2973,2973,0.9550000000000001,1.4866102082856492,1.667048142214084
2974,2974,2974,0.956666666666667,1.4866102082856492,1.6674296177615011
2975,2975,2975,0.9583333333333339,1.4866102082856492,1.6666666666666663
2976,2976,2976,0.96,1.4866102082856492,1.667048142214084
2977,2977,2977,0.9616666666666669,1.4869916838330663,1.667048142214084
2978,2978,2978,0.9633333333333338,1.4869916838330663,1.6666666666666663
2979,2979,2979,0.9650000000000016,1.4873731593804838,1.6666666666666663
2980,2980,2980,0.9666666666666668,1.4873731593804838,1.6666666666666663
2981,2981,2981,0.9683333333333337,1.4873731593804838,1.6666666666666663
2982,2982,2982,0.9700000000000015,1.4869916838330663,1.666285191119249
2983,2983,2983,0.9716666666666667,1.4873731593804838,1.666285191119249
2984,2984,2984,0.9733333333333336,1.4877546349279012,1.666285191119249
2985,2985,2985,0.9750000000000005,1.4877546349279012,1.6655222400244143
2986,2986,2986,0.9766666666666666,1.4881361104753186,1.666285191119249
2987,2987,2987,0.9783333333333335,1.4877546349279012,1.6659037155718317
2988,2988,2988,0.9800000000000004,1.4881361104753186,1.6655222400244143
2989,2989,2989,0.9816666666666665,1.4881361104753186,1.6659037155718317
2990,2990,2990,0.9833333333333334,1.4881361104753186,1.6655222400244143
2991,2991,2991,0.9850000000000003,1.4881361104753186,1.6651407644769969
2992,2992,2992,0.9866666666666672,1.4877546349279012,1.6651407644769969
2993,2993,2993,0.9883333333333333,1.4885175860227358,1.6651407644769969
2994,2994,2994,0.9900000000000002,1.4888990615701534,1.6651407644769969
2995,2995,2995,0.9916666666666671,1.4892805371175708,1.6651407644769969
2996,2996,2996,0.9933333333333341,1.4888990615701534,1.6651407644769969
2997,2997,2997,0.9950000000000001,1.4888990615701534,1.6647592889295797
2998,2998,2998,0.996666666666667,1.4888990615701534,1.6651407644769969
2999,2999,2999,0.998333333333334,1.4888990615701534,1.6647592889295797
3000,3000,3000,1.0,1.4892805371175708,1.6647592889295797
3001,3001,3001,1.001666666666667,1.4892805371175708,1.6647592889295797
3002,3002,3002,1.0033333333333339,1.4892805371175708,1.6643778133821618
3003,3003,3003,1.005,1.4892805371175708,1.6643778133821618
3004,3004,3004,1.0066666666666668,1.4892805371175708,1.6643778133821618
3005,3005,3005,1.0083333333333337,1.4888990615701534,1.6643778133821618
3006,3006,3006,1.0100000000000016,1.4892805371175708,1.6639963378347449
3007,3007,3007,1.0116666666666667,1.4892805371175708,1.6639963378347449
3008,3008,3008,1.0133333333333336,1.4896620126649882,1.6639963378347449
3009,3009,3009,1.0150000000000015,1.4896620126649882,1.6639963378347449
3010,3010,3010,1.0166666666666666,1.4892805371175708,1.6639963378347449
3011,3011,3011,1.0183333333333335,1.4892805371175708,1.6639963378347449
3012,3012,3012,1.0200000000000005,1.4896620126649882,1.6636148622873272
3013,3013,3013,1.0216666666666665,1.4892805371175708,1.6636148622873272
3014,3014,3014,1.0233333333333334,1.4896620126649882,1.6636148622873272
3015,3015,3015,1.0250000000000004,1.4892805371175708,1.6632333867399098
3016,3016,3016,1.0266666666666673,1.4896620126649882,1.6636148622873272
3017,3017,3017,1.0283333333333333,1.4892805371175708,1.6632333867399098
3018,3018,3018,1.0300000000000002,1.4892805371175708,1.6632333867399098
3019,3019,3019,1.0316666666666672,1.4892805371175708,1.6632333867399098
3020,3020,3020,1.0333333333333332,1.4892805371175708,1.6628519111924924
3021,3021,3021,1.0350000000000001,1.4888990615701534,1.6632333867399098
3022,3022,3022,1.036666666666667,1.4892805371175708,1.6628519111924924
3023,3023,3023,1.038333333333334,1.4892805371175708,1.6628519111924924
3024,3024,3024,1.04,1.4888990615701534,1.6628519111924924
3025,3025,3025,1.041666666666667,1.4888990615701534,1.6624704356450748
3026,3026,3026,1.043333333333334,1.4888990615701534,1.6628519111924924
3027,3027,3027,1.045,1.4888990615701534,1.6628519111924924
3028,3028,3028,1.0466666666666669,1.4888990615701534,1.6624704356450748
3029,3029,3029,1.0483333333333338,1.4885175860227358,1.6624704356450748
3030,3030,3030,1.0500000000000016,1.4888990615701534,1.6624704356450748
3031,3031,3031,1.0516666666666667,1.4885175860227358,1.6624704356450748
3032,3032,3032,1.0533333333333337,1.4888990615701534,1.6624704356450748
3033,3033,3033,1.0550000000000015,1.4881361104753186,1.6620889600976576
3034,3034,3034,1.0566666666666666,1.4885175860227358,1.6620889600976576
3035,3035,3035,1.0583333333333336,1.4881361104753186,1.6620889600976576
3036,3036,3036,1.0600000000000005,1.4877546349279012,1.6620889600976576
3037,3037,3037,1.0616666666666665,1.4877546349279012,1.6620889600976576
3038,3038,3038,1.0633333333333335,1.4877546349279012,1.6620889600976576
3039,3039,3039,1.0650000000000004,1.4877546349279012,1.6620889600976576
3040,3040,3040,1.0666666666666664,1.4877546349279012,1.6617074845502402
3041,3041,3041,1.0683333333333334,1.4873731593804838,1.6620889600976576
3042,3042,3042,1.0700000000000003,1.4873731593804838,1.6620889600976576
3043,3043,3043,1.0716666666666672,1.4873731593804838,1.6617074845502402
3044,3044,3044,1.0733333333333333,1.4869916838330663,1.6617074845502402
3045,3045,3045,1.0750000000000002,1.4869916838330663,1.6613260090028228
3046,3046,3046,1.076666666666667,1.4869916838330663,1.6617074845502402
3047,3047,3047,1.078333333333334,1.4869916838330663,1.6617074845502402
3048,3048,3048,1.08,1.4866102082856492,1.6617074845502402
3049,3049,3049,1.081666666666667,1.4866102082856492,1.6617074845502402
3050,3050,3050,1.083333333333334,1.4862287327382315,1.6613260090028228
3051,3051,3051,1.085,1.4866102082856492,1.6617074845502402
3052,3052,3052,1.086666666666667,1.4862287327382315,1.6617074845502402
3053,3053,3053,1.0883333333333338,1.4862287327382315,1.6613260090028228
3054,3054,3054,1.0900000000000016,1.4862287327382315,1.6613260090028228
3055,3055,3055,1.0916666666666668,1.4858472571908141,1.6609445334554054
3056,3056,3056,1.0933333333333337,1.4862287327382315,1.6613260090028228
3057,3057,3057,1.0950000000000015,1.4858472571908141,1.6609445334554054
3058,3058,3058,1.0966666666666667,1.4858472571908141,1.6609445334554054
3059,3059,3059,1.0983333333333336,1.4858472571908141,1.6609445334554054
3060,3060,3060,1.1000000000000005,1.4854657816433967,1.6609445334554054
3061,3061,3061,1.1016666666666666,1.4858472571908141,1.6609445334554054
3062,3062,3062,1.1033333333333335,1.4854657816433967,1.6609445334554054
3063,3063,3063,1.1050000000000004,1.4858472571908141,1.6609445334554054
3064,3064,3064,1.1066666666666665,1.4850843060959793,1.6609445334554054
3065,3065,3065,1.1083333333333334,1.4850843060959793,1.6609445334554054
3066,3066,3066,1.1100000000000003,1.4850843060959793,1.6605630579079882
3067,3067,3067,1.1116666666666672,1.484702830548562,1.6609445334554054
3068,3068,3068,1.1133333333333333,1.484702830548562,1.6605630579079882
3069,3069,3069,1.1150000000000002,1.484702830548562,1.6605630579079882
3070,3070,3070,1.1166666666666671,1.4843213550011445,1.6601815823605706
3071,3071,3071,1.118333333333334,1.484702830548562,1.6601815823605706
3072,3072,3072,1.12,1.4843213550011445,1.6605630579079882
3073,3073,3073,1.121666666666667,1.4843213550011445,1.6601815823605706
3074,3074,3074,1.123333333333334,1.4843213550011445,1.6601815823605706
3075,3075,3075,1.125,1.4839398794537266,1.6598001068131532
3076,3076,3076,1.126666666666667,1.4843213550011445,1.6598001068131532
3077,3077,3077,1.1283333333333339,1.4839398794537266,1.6601815823605706
3078,3078,3078,1.13,1.4843213550011445,1.6601815823605706
3079,3079,3079,1.1316666666666668,1.4839398794537266,1.6601815823605706
3080,3080,3080,1.1333333333333337,1.4835584039063097,1.6598001068131532
3081,3081,3081,1.1350000000000016,1.4835584039063097,1.6601815823605706
3082,3082,3082,1.1366666666666667,1.4839398794537266,1.6598001068131532
3083,3083,3083,1.1383333333333336,1.4835584039063097,1.6598001068131532
3084,3084,3084,1.1400000000000015,1.4835584039063097,1.6598001068131532
3085,3085,3085,1.1416666666666666,1.4831769283588925,1.6594186312657355
3086,3086,3086,1.1433333333333335,1.4831769283588925,1.6594186312657355
3087,3087,3087,1.1450000000000005,1.4835584039063097,1.6594186312657355
3088,3088,3088,1.1466666666666665,1.4827954528114748,1.6598001068131532
3089,3089,3089,1.1483333333333334,1.4827954528114748,1.6598001068131532
3090,3090,3090,1.1500000000000004,1.4827954528114748,1.6594186312657355
3091,3091,3091,1.1516666666666673,1.4827954528114748,1.6594186312657355
3092,3092,3092,1.1533333333333333,1.4827954528114748,1.6594186312657355
3093,3093,3093,1.1550000000000002,1.4824139772640574,1.6594186312657355
3094,3094,3094,1.1566666666666672,1.4824139772640574,1.6594186312657355
3095,3095,3095,1.158333333333334,1.4824139772640574,1.6594186312657355
3096,3096,3096,1.1600000000000001,1.48203250171664,1.6594186312657355
3097,3097,3097,1.161666666666667,1.48203250171664,1.6594186312657355
3098,3098,3098,1.163333333333334,1.48203250171664,1.6594186312657355
3099,3099,3099,1.165,1.48203250171664,1.6594186312657355
3100,3100,3100,1.166666666666667,1.48203250171664,1.6590371557183183
3101,3101,3101,1.168333333333334,1.48203250171664,1.6594186312657355
3102,3102,3102,1.17,1.48203250171664,1.6590371557183183
3103,3103,3103,1.1716666666666669,1.48203250171664,1.6594186312657355
3104,3104,3104,1.1733333333333338,1.4816510261692226,1.6594186312657355
3105,3105,3105,1.1750000000000016,1.4816510261692226,1.6590371557183183
3106,3106,3106,1.1766666666666667,1.4816510261692226,1.6590371557183183
3107,3107,3107,1.1783333333333337,1.4816510261692226,1.6590371557183183
3108,3108,3108,1.1800000000000015,1.4816510261692226,1.6590371557183183
3109,3109,3109,1.1816666666666666,1.4816510261692226,1.6590371557183183
3110,3110,3110,1.1833333333333336,1.4812695506218052,1.658655680170901
3111,3111,3111,1.1850000000000005,1.4812695506218052,1.6590371557183183
3112,3112,3112,1.1866666666666665,1.4812695506218052,1.6590371557183183
3113,3113,3113,1.1883333333333335,1.4812695506218052,1.6590371557183183
3114,3114,3114,1.1900000000000004,1.4812695506218052,1.658655680170901
3115,3115,3115,1.1916666666666664,1.4808880750743878,1.658655680170901
3116,3116,3116,1.1933333333333334,1.4812695506218052,1.6590371557183183
3117,3117,3117,1.1950000000000003,1.4808880750743878,1.658655680170901
3118,3118,3118,1.1966666666666672,1.4808880750743878,1.658655680170901
3119,3119,3119,1.1983333333333333,1.4808880750743878,1.658655680170901
3120,3120,3120,1.2000000000000002,1.4808880750743878,1.658655680170901
3121,3121,3121,1.201666666666667,1.4805065995269704,1.658655680170901
3122,3122,3122,1.203333333333334,1.4805065995269704,1.658655680170901
3123,3123,3123,1.205,1.4805065995269704,1.658655680170901
3124,3124,3124,1.206666666666667,1.4805065995269704,1.658655680170901
3125,3125,3125,1.208333333333334,1.4805065995269704,1.6582742046234835
3126,3126,3126,1.21,1.4805065995269704,1.658655680170901
3127,3127,3127,1.211666666666667,1.4801251239795532,1.6582742046234835
3128,3128,3128,1.2133333333333338,1.4801251239795532,1.6582742046234835
3129,3129,3129,1.2150000000000016,1.4801251239795532,1.6582742046234835
3130,3130,3130,1.2166666666666668,1.4797436484321356,1.6582742046234835
3131,3131,3131,1.2183333333333337,1.4801251239795532,1.6582742046234835
3132,3132,3132,1.2200000000000015,1.4797436484321356,1.6582742046234835
3133,3133,3133,1.2216666666666667,1.4797436484321356,1.657892729076066
3134,3134,3134,1.2233333333333336,1.4797436484321356,1.657892729076066
3135,3135,3135,1.2250000000000005,1.4793621728847182,1.657892729076066
3136,3136,3136,1.2266666666666666,1.4793621728847182,1.6582742046234835
3137,3137,3137,1.2283333333333335,1.4797436484321356,1.6582742046234835
3138,3138,3138,1.2300000000000004,1.4793621728847182,1.6582742046234835
3139,3139,3139,1.2316666666666665,1.4793621728847182,1.6575112535286487
3140,3140,3140,1.2333333333333334,1.4793621728847182,1.6575112535286487
3141,3141,3141,1.2350000000000003,1.4793621728847182,1.6575112535286487
3142,3142,3142,1.2366666666666672,1.4793621728847182,1.6575112535286487
3143,3143,3143,1.2383333333333333,1.4793621728847182,1.657892729076066
3144,3144,3144,1.2400000000000002,1.4793621728847182,1.657892729076066
3145,3145,3145,1.2416666666666671,1.4789806973373008,1.6575112535286487
3146,3146,3146,1.243333333333334,1.4789806973373008,1.6575112535286487
3147,3147,3147,1.245,1.4789806973373008,1.6571297779812313
3148,3148,3148,1.246666666666667,1.4793621728847182,1.657892729076066
3149,3149,3149,1.248333333333334,1.4789806973373008,1.6575112535286487
3150,3150,3150,1.25,1.4789806973373008,1.6575112535286487
3151,3151,3151,1.251666666666667,1.4789806973373008,1.657892729076066
3152,3152,3152,1.2533333333333339,1.4789806973373008,1.6575112535286487
3153,3153,3153,1.255,1.4789806973373008,1.6575112535286487
3154,3154,3154,1.2566666666666668,1.4789806973373008,1.6575112535286487
3155,3155,3155,1.2583333333333337,1.4785992217898831,1.6575112535286487
3156,3156,3156,1.2600000000000016,1.4789806973373008,1.6575112535286487
3157,3157,3157,1.2616666666666667,1.4789806973373008,1.6571297779812313
3158,3158,3158,1.2633333333333336,1.4789806973373008,1.6571297779812313
3159,3159,3159,1.2650000000000015,1.4789806973373008,1.6575112535286487
3160,3160,3160,1.2666666666666666,1.4785992217898831,1.6575112535286487
3161,3161,3161,1.2683333333333335,1.4785992217898831,1.6571297779812313
3162,3162,3162,1.2700000000000005,1.4785992217898831,1.6571297779812313
3163,3163,3163,1.2716666666666665,1.4785992217898831,1.6571297779812313
3164,3164,3164,1.2733333333333334,1.4785992217898831,1.6571297779812313
3165,3165,3165,1.2750000000000004,1.4782177462424655,1.6571297779812313
3166,3166,3166,1.2766666666666673,1.4782177462424655,1.6571297779812313
3167,3167,3167,1.2783333333333333,1.4785992217898831,1.6571297779812313
3168,3168,3168,1.2800000000000002,1.4782177462424655,1.656748302433814
3169,3169,3169,1.2816666666666672,1.4782177462424655,1.6571297779812313
3170,3170,3170,1.283333333333334,1.4782177462424655,1.656748302433814
3171,3171,3171,1.2850000000000001,1.4782177462424655,1.6571297779812313
3172,3172,3172,1.286666666666667,1.4782177462424655,1.656748302433814
3173,3173,3173,1.288333333333334,1.4782177462424655,1.656748302433814
3174,3174,3174,1.29,1.4782177462424655,1.6571297779812313
3175,3175,3175,1.291666666666667,1.4782177462424655,1.656748302433814
3176,3176,3176,1.293333333333334,1.4782177462424655,1.656748302433814
3177,3177,3177,1.295,1.4782177462424655,1.656748302433814
3178,3178,3178,1.2966666666666669,1.4778362706950483,1.656748302433814
3179,3179,3179,1.2983333333333338,1.4778362706950483,1.656748302433814
3180,3180,3180,1.3000000000000016,1.4778362706950483,1.656748302433814
3181,3181,3181,1.3016666666666667,1.4778362706950483,1.656748302433814
3182,3182,3182,1.3033333333333337,1.4778362706950483,1.656748302433814
3183,3183,3183,1.3050000000000015,1.4774547951476311,1.656748302433814
3184,3184,3184,1.3066666666666666,1.4774547951476311,1.656748302433814
3185,3185,3185,1.3083333333333336,1.4774547951476311,1.656748302433814
3186,3186,3186,1.3100000000000005,1.4778362706950483,1.656748302433814
3187,3187,3187,1.3116666666666665,1.4774547951476311,1.656748302433814
3188,3188,3188,1.3133333333333335,1.4778362706950483,1.656748302433814
3189,3189,3189,1.3150000000000004,1.4778362706950483,1.656748302433814
3190,3190,3190,1.3166666666666664,1.4774547951476311,1.656748302433814
3191,3191,3191,1.3183333333333334,1.4770733196002137,1.6563668268863965
3192,3192,3192,1.3200000000000003,1.4774547951476311,1.656748302433814
3193,3193,3193,1.3216666666666672,1.4774547951476311,1.656748302433814
3194,3194,3194,1.3233333333333333,1.4774547951476311,1.656748302433814
3195,3195,3195,1.3250000000000002,1.4770733196002137,1.6563668268863965
3196,3196,3196,1.326666666666667,1.4770733196002137,1.656748302433814
3197,3197,3197,1.328333333333334,1.4770733196002137,1.6563668268863965
3198,3198,3198,1.33,1.4770733196002137,1.6563668268863965
3199,3199,3199,1.331666666666667,1.4770733196002137,1.6563668268863965
3200,3200,3200,1.333333333333334,1.4766918440527963,1.6563668268863965
3201,3201,3201,1.335,1.4770733196002137,1.6563668268863965
3202,3202,3202,1.336666666666667,1.4770733196002137,1.6563668268863965
3203,3203,3203,1.3383333333333338,1.4770733196002137,1.6563668268863965
3204,3204,3204,1.3400000000000016,1.4766918440527963,1.656748302433814
3205,3205,3205,1.3416666666666668,1.4766918440527963,1.656748302433814
3206,3206,3206,1.3433333333333337,1.4766918440527963,1.6563668268863965
3207,3207,3207,1.3450000000000015,1.4766918440527963,1.6563668268863965
3208,3208,3208,1.3466666666666667,1.4770733196002137,1.6563668268863965
3209,3209,3209,1.3483333333333336,1.4770733196002137,1.6563668268863965
3210,3210,3210,1.3500000000000005,1.4763103685053791,1.6563668268863965
3211,3211,3211,1.3516666666666666,1.4766918440527963,1.6563668268863965
3212,3212,3212,1.3533333333333335,1.4766918440527963,1.6563668268863965
3213,3213,3213,1.3550000000000004,1.4766918440527963,1.6563668268863965
3214,3214,3214,1.3566666666666665,1.4766918440527963,1.6563668268863965
3215,3215,3215,1.3583333333333334,1.4763103685053791,1.6563668268863965
3216,3216,3216,1.3600000000000003,1.4763103685053791,1.6563668268863965
3217,3217,3217,1.3616666666666672,1.4766918440527963,1.6563668268863965
3218,3218,3218,1.3633333333333333,1.4763103685053791,1.6563668268863965
3219,3219,3219,1.3650000000000002,1.4766918440527963,1.6563668268863965
3220,3220,3220,1.3666666666666671,1.4763103685053791,1.6563668268863965
3221,3221,3221,1.368333333333334,1.4763103685053791,1.6563668268863965
3222,3222,3222,1.37,1.4766918440527963,1.6563668268863965
3223,3223,3223,1.371666666666667,1.4763103685053791,1.6563668268863965
3224,3224,3224,1.373333333333334,1.4766918440527963,1.6563668268863965
3225,3225,3225,1.375,1.4763103685053791,1.655985351338979
3226,3226,3226,1.3766666666666678,1.4763103685053791,1.6563668268863965
3227,3227,3227,1.3783333333333339,1.4766918440527963,1.6563668268863965
3228,3228,3228,1.3800000000000008,1.4763103685053791,1.6563668268863965
3229,3229,3229,1.3816666666666677,1.4763103685053791,1.6563668268863965
3230,3230,3230,1.3833333333333337,1.4763103685053791,1.6556038757915617
3231,3231,3231,1.3850000000000025,1.4763103685053791,1.655985351338979
3232,3232,3232,1.3866666666666676,1.4763103685053791,1.6563668268863965
3233,3233,3233,1.3883333333333336,1.4763103685053791,1.6563668268863965
3234,3234,3234,1.3900000000000015,1.4759288929579617,1.6563668268863965
3235,3235,3235,1.3916666666666684,1.4759288929579617,1.655985351338979
3236,3236,3236,1.3933333333333335,1.4763103685053791,1.6563668268863965
3237,3237,3237,1.3950000000000005,1.4763103685053791,1.655985351338979
3238,3238,3238,1.3966666666666674,1.4759288929579617,1.655985351338979
3239,3239,3239,1.3983333333333325,1.4759288929579617,1.655985351338979
3240,3240,3240,1.4000000000000004,1.4759288929579617,1.6556038757915617
3241,3241,3241,1.4016666666666673,1.4759288929579617,1.655985351338979
3242,3242,3242,1.4033333333333324,1.4759288929579617,1.655985351338979
3243,3243,3243,1.4050000000000002,1.4759288929579617,1.655985351338979
3244,3244,3244,1.4066666666666672,1.4763103685053791,1.655985351338979
3245,3245,3245,1.408333333333334,1.4759288929579617,1.655985351338979
3246,3246,3246,1.4100000000000001,1.4759288929579617,1.655985351338979
3247,3247,3247,1.411666666666667,1.4759288929579617,1.655985351338979
3248,3248,3248,1.413333333333334,1.4759288929579617,1.655985351338979
3249,3249,3249,1.415,1.4759288929579617,1.655985351338979
3250,3250,3250,1.4166666666666679,1.4759288929579617,1.655985351338979
3251,3251,3251,1.418333333333334,1.4763103685053791,1.655985351338979
3252,3252,3252,1.42,1.4759288929579617,1.655985351338979
3253,3253,3253,1.4216666666666677,1.4759288929579617,1.655985351338979
3254,3254,3254,1.4233333333333338,1.4759288929579617,1.655985351338979
3255,3255,3255,1.4250000000000025,1.4755474174105438,1.6556038757915617
3256,3256,3256,1.4266666666666676,1.4759288929579617,1.655985351338979
3257,3257,3257,1.4283333333333337,1.4759288929579617,1.655985351338979
3258,3258,3258,1.4300000000000015,1.4759288929579617,1.6556038757915617
3259,3259,3259,1.4316666666666684,1.4759288929579617,1.6556038757915617
3260,3260,3260,1.4333333333333336,1.4755474174105438,1.6556038757915617
3261,3261,3261,1.4350000000000005,1.4755474174105438,1.655985351338979
3262,3262,3262,1.4366666666666674,1.4755474174105438,1.655985351338979
3263,3263,3263,1.4383333333333335,1.4759288929579617,1.655985351338979
3264,3264,3264,1.4400000000000004,1.4759288929579617,1.655985351338979
3265,3265,3265,1.4416666666666673,1.4755474174105438,1.6556038757915617
3266,3266,3266,1.4433333333333325,1.4759288929579617,1.6556038757915617
3267,3267,3267,1.4450000000000003,1.4759288929579617,1.655985351338979
3268,3268,3268,1.4466666666666672,1.4759288929579617,1.655985351338979
3269,3269,3269,1.4483333333333324,1.4759288929579617,1.6556038757915617
3270,3270,3270,1.4500000000000002,1.4755474174105438,1.6556038757915617
3271,3271,3271,1.451666666666667,1.4759288929579617,1.6556038757915617
3272,3272,3272,1.453333333333334,1.4759288929579617,1.6556038757915617
3273,3273,3273,1.455,1.4755474174105438,1.655985351338979
3274,3274,3274,1.4566666666666679,1.4755474174105438,1.6556038757915617
3275,3275,3275,1.458333333333334,1.4751659418631269,1.6552224002441442
3276,3276,3276,1.46,1.4755474174105438,1.6556038757915617
3277,3277,3277,1.4616666666666678,1.4755474174105438,1.655985351338979
3278,3278,3278,1.4633333333333338,1.4755474174105438,1.655985351338979
3279,3279,3279,1.4650000000000025,1.4755474174105438,1.6556038757915617
3280,3280,3280,1.4666666666666677,1.4755474174105438,1.6556038757915617
3281,3281,3281,1.4683333333333337,1.4755474174105438,1.6556038757915617
3282,3282,3282,1.4700000000000015,1.4755474174105438,1.6556038757915617
3283,3283,3283,1.4716666666666676,1.4755474174105438,1.6556038757915617
3284,3284,3284,1.4733333333333336,1.4755474174105438,1.6556038757915617
3285,3285,3285,1.4750000000000005,1.4751659418631269,1.6556038757915617
3286,3286,3286,1.4766666666666675,1.4755474174105438,1.6556038757915617
3287,3287,3287,1.4783333333333335,1.4751659418631269,1.6556038757915617
3288,3288,3288,1.4800000000000004,1.4751659418631269,1.6556038757915617
3289,3289,3289,1.4816666666666674,1.4751659418631269,1.6552224002441442
3290,3290,3290,1.4833333333333325,1.4751659418631269,1.6556038757915617
3291,3291,3291,1.4850000000000003,1.4755474174105438,1.6556038757915617
3292,3292,3292,1.4866666666666672,1.4755474174105438,1.6552224002441442
3293,3293,3293,1.4883333333333324,1.4755474174105438,1.6556038757915617
3294,3294,3294,1.4900000000000002,1.4751659418631269,1.6556038757915617
3295,3295,3295,1.4916666666666671,1.4751659418631269,1.6552224002441442
3296,3296,3296,1.493333333333334,1.4755474174105438,1.6556038757915617
3297,3297,3297,1.495,1.4751659418631269,1.6552224002441442
3298,3298,3298,1.496666666666667,1.4751659418631269,1.6552224002441442
3299,3299,3299,1.498333333333334,1.4747844663157093,1.6552224002441442
3300,3300,3300,1.5,1.4747844663157093,1.6552224002441442
3301,3301,3301,1.5016666666666678,1.4751659418631269,1.6552224002441442
3302,3302,3302,1.5033333333333339,1.4751659418631269,1.6552224002441442
3303,3303,3303,1.5050000000000008,1.4751659418631269,1.6552224002441442
3304,3304,3304,1.5066666666666677,1.4751659418631269,1.6552224002441442
3305,3305,3305,1.5083333333333337,1.4751659418631269,1.6552224002441442
3306,3306,3306,1.5100000000000025,1.4747844663157093,1.6552224002441442
3307,3307,3307,1.5116666666666676,1.4747844663157093,1.6552224002441442
3308,3308,3308,1.5133333333333336,1.4751659418631269,1.6552224002441442
3309,3309,3309,1.5150000000000015,1.4747844663157093,1.6556038757915617
3310,3310,3310,1.5166666666666684,1.4751659418631269,1.6552224002441442
3311,3311,3311,1.5183333333333335,1.4751659418631269,1.6556038757915617
3312,3312,3312,1.5200000000000005,1.4747844663157093,1.6552224002441442
3313,3313,3313,1.5216666666666674,1.4747844663157093,1.6556038757915617
3314,3314,3314,1.5233333333333325,1.4751659418631269,1.6552224002441442
3315,3315,3315,1.5250000000000004,1.4747844663157093,1.6552224002441442
3316,3316,3316,1.5266666666666673,1.4747844663157093,1.6552224002441442
3317,3317,3317,1.5283333333333324,1.4751659418631269,1.6552224002441442
3318,3318,3318,1.5300000000000002,1.4747844663157093,1.6552224002441442
3319,3319,3319,1.5316666666666672,1.4751659418631269,1.6556038757915617
3320,3320,3320,1.533333333333334,1.4747844663157093,1.6552224002441442
3321,3321,3321,1.5350000000000001,1.4747844663157093,1.6556038757915617
3322,3322,3322,1.536666666666667,1.4747844663157093,1.6556038757915617
3323,3323,3323,1.538333333333334,1.4747844663157093,1.6552224002441442
3324,3324,3324,1.54,1.4747844663157093,1.6556038757915617
3325,3325,3325,1.5416666666666679,1.4744029907682918,1.6552224002441442
3326,3326,3326,1.543333333333334,1.4744029907682918,1.6552224002441442
3327,3327,3327,1.545,1.4747844663157093,1.6552224002441442
3328,3328,3328,1.5466666666666677,1.4747844663157093,1.6552224002441442
3329,3329,3329,1.5483333333333338,1.4747844663157093,1.6552224002441442
3330,3330,3330,1.5500000000000025,1.4747844663157093,1.6556038757915617
3331,3331,3331,1.5516666666666676,1.4747844663157093,1.6552224002441442
3332,3332,3332,1.5533333333333337,1.4747844663157093,1.6552224002441442
3333,3333,3333,1.5550000000000015,1.4747844663157093,1.6552224002441442
3334,3334,3334,1.5566666666666684,1.4747844663157093,1.6552224002441442
3335,3335,3335,1.5583333333333336,1.4747844663157093,1.6548409246967268
3336,3336,3336,1.5600000000000005,1.4747844663157093,1.6552224002441442
3337,3337,3337,1.5616666666666674,1.4744029907682918,1.6552224002441442
3338,3338,3338,1.5633333333333335,1.4744029907682918,1.6552224002441442
3339,3339,3339,1.5650000000000004,1.4744029907682918,1.6556038757915617
3340,3340,3340,1.5666666666666673,1.4747844663157093,1.6552224002441442
3341,3341,3341,1.5683333333333325,1.4744029907682918,1.6552224002441442
3342,3342,3342,1.5700000000000003,1.4744029907682918,1.6552224002441442
3343,3343,3343,1.5716666666666672,1.4747844663157093,1.6552224002441442
3344,3344,3344,1.5733333333333324,1.4744029907682918,1.6552224002441442
3345,3345,3345,1.5750000000000002,1.4744029907682918,1.6552224002441442
3346,3346,3346,1.576666666666667,1.4744029907682918,1.6552224002441442
3347,3347,3347,1.578333333333334,1.4744029907682918,1.6552224002441442
3348,3348,3348,1.58,1.4744029907682918,1.6552224002441442
3349,3349,3349,1.5816666666666679,1.4747844663157093,1.6552224002441442
3350,3350,3350,1.583333333333334,1.4744029907682918,1.6548409246967268
3351,3351,3351,1.585,1.4744029907682918,1.6552224002441442
3352,3352,3352,1.5866666666666678,1.4744029907682918,1.6552224002441442
3353,3353,3353,1.5883333333333338,1.4744029907682918,1.6552224002441442
3354,3354,3354,1.5900000000000025,1.4747844663157093,1.6556038757915617
3355,3355,3355,1.5916666666666677,1.4744029907682918,1.6548409246967268
3356,3356,3356,1.5933333333333337,1.4744029907682918,1.6548409246967268
3357,3357,3357,1.5950000000000015,1.4744029907682918,1.6552224002441442
3358,3358,3358,1.5966666666666676,1.4744029907682918,1.6552224002441442
3359,3359,3359,1.5983333333333336,1.4744029907682918,1.6552224002441442
3360,3360,3360,1.6000000000000005,1.4744029907682918,1.6552224002441442
3361,3361,3361,1.6016666666666675,1.4744029907682918,1.6552224002441442
3362,3362,3362,1.6033333333333335,1.4740215152208744,1.6548409246967268
3363,3363,3363,1.6050000000000004,1.4740215152208744,1.6552224002441442
3364,3364,3364,1.6066666666666674,1.4740215152208744,1.6552224002441442
3365,3365,3365,1.6083333333333325,1.4740215152208744,1.6548409246967268
3366,3366,3366,1.6100000000000003,1.4744029907682918,1.6552224002441442
3367,3367,3367,1.6116666666666672,1.4744029907682918,1.6548409246967268
3368,3368,3368,1.6133333333333324,1.4744029907682918,1.6548409246967268
3369,3369,3369,1.6150000000000002,1.4744029907682918,1.6552224002441442
3370,3370,3370,1.6166666666666671,1.4740215152208744,1.6548409246967268
3371,3371,3371,1.618333333333334,1.4744029907682918,1.6548409246967268
3372,3372,3372,1.62,1.4740215152208744,1.6552224002441442
3373,3373,3373,1.621666666666667,1.4744029907682918,1.6548409246967268
3374,3374,3374,1.623333333333334,1.4740215152208744,1.6552224002441442
3375,3375,3375,1.625,1.4740215152208744,1.6548409246967268
3376,3376,3376,1.6266666666666678,1.4744029907682918,1.6548409246967268
3377,3377,3377,1.6283333333333339,1.4740215152208744,1.6548409246967268
3378,3378,3378,1.6300000000000008,1.4740215152208744,1.6548409246967268
3379,3379,3379,1.6316666666666677,1.4740215152208744,1.6548409246967268
3380,3380,3380,1.6333333333333337,1.4740215152208744,1.6548409246967268
3381,3381,3381,1.6350000000000025,1.4740215152208744,1.6548409246967268
3382,3382,3382,1.6366666666666676,1.4740215152208744,1.6548409246967268
3383,3383,3383,1.6383333333333336,1.4740215152208744,1.6548409246967268
3384,3384,3384,1.6400000000000015,1.4740215152208744,1.6548409246967268
3385,3385,3385,1.6416666666666684,1.4740215152208744,1.6548409246967268
3386,3386,3386,1.6433333333333335,1.4740215152208744,1.6548409246967268
3387,3387,3387,1.6450000000000005,1.4740215152208744,1.6548409246967268
3388,3388,3388,1.6466666666666674,1.4740215152208744,1.6548409246967268
3389,3389,3389,1.6483333333333325,1.4740215152208744,1.6548409246967268
3390,3390,3390,1.6500000000000004,1.4740215152208744,1.6544594491493094
3391,3391,3391,1.6516666666666673,1.4740215152208744,1.6548409246967268
3392,3392,3392,1.6533333333333324,1.4740215152208744,1.6548409246967268
3393,3393,3393,1.6550000000000002,1.4740215152208744,1.6548409246967268
3394,3394,3394,1.6566666666666672,1.4736400396734568,1.6548409246967268
3395,3395,3395,1.658333333333334,1.4736400396734568,1.6548409246967268
3396,3396,3396,1.6600000000000001,1.4740215152208744,1.6548409246967268
3397,3397,3397,1.661666666666667,1.4736400396734568,1.6548409246967268
3398,3398,3398,1.663333333333334,1.4736400396734568,1.6548409246967268
3399,3399,3399,1.665,1.4736400396734568,1.6548409246967268
3400,3400,3400,1.6666666666666679,1.4736400396734568,1.6544594491493094
3401,3401,3401,1.668333333333334,1.4736400396734568,1.6548409246967268
3402,3402,3402,1.67,1.4740215152208744,1.6548409246967268
3403,3403,3403,1.6716666666666677,1.4740215152208744,1.6548409246967268
3404,3404,3404,1.6733333333333338,1.4736400396734568,1.6548409246967268
3405,3405,3405,1.6750000000000025,1.4736400396734568,1.6548409246967268
3406,3406,3406,1.6766666666666676,1.4736400396734568,1.6548409246967268
3407,3407,3407,1.6783333333333337,1.4740215152208744,1.6544594491493094
3408,3408,3408,1.6800000000000015,1.4736400396734568,1.6548409246967268
3409,3409,3409,1.6816666666666684,1.4736400396734568,1.6548409246967268
3410,3410,3410,1.6833333333333336,1.4736400396734568,1.6544594491493094
3411,3411,3411,1.6850000000000005,1.4736400396734568,1.6548409246967268
3412,3412,3412,1.6866666666666674,1.4736400396734568,1.6548409246967268
3413,3413,3413,1.6883333333333335,1.4736400396734568,1.6544594491493094
3414,3414,3414,1.6900000000000004,1.4736400396734568,1.6548409246967268
3415,3415,3415,1.6916666666666673,1.4732585641260396,1.6548409246967268
3416,3416,3416,1.6933333333333325,1.4736400396734568,1.6548409246967268
3417,3417,3417,1.6950000000000003,1.4736400396734568,1.6544594491493094
3418,3418,3418,1.6966666666666672,1.4736400396734568,1.6544594491493094
3419,3419,3419,1.6983333333333341,1.4736400396734568,1.6548409246967268
3420,3420,3420,1.7000000000000002,1.4736400396734568,1.6544594491493094
3421,3421,3421,1.701666666666667,1.4736400396734568,1.6548409246967268
3422,3422,3422,1.703333333333334,1.4736400396734568,1.6544594491493094
3423,3423,3423,1.705,1.4736400396734568,1.6548409246967268
3424,3424,3424,1.7066666666666679,1.4736400396734568,1.6544594491493094
3425,3425,3425,1.708333333333334,1.4732585641260396,1.6544594491493094
3426,3426,3426,1.71,1.4736400396734568,1.6544594491493094
3427,3427,3427,1.7116666666666678,1.4736400396734568,1.6544594491493094
3428,3428,3428,1.7133333333333338,1.4736400396734568,1.6544594491493094
3429,3429,3429,1.7150000000000025,1.4736400396734568,1.6544594491493094
3430,3430,3430,1.7166666666666677,1.4736400396734568,1.6544594491493094
3431,3431,3431,1.7183333333333337,1.4736400396734568,1.6544594491493094
3432,3432,3432,1.7200000000000015,1.4732585641260396,1.6544594491493094
3433,3433,3433,1.7216666666666676,1.4736400396734568,1.6544594491493094
3434,3434,3434,1.7233333333333336,1.4736400396734568,1.6544594491493094
3435,3435,3435,1.7250000000000005,1.4732585641260396,1.6544594491493094
3436,3436,3436,1.7266666666666675,1.4732585641260396,1.6544594491493094
3437,3437,3437,1.7283333333333335,1.4732585641260396,1.6544594491493094
3438,3438,3438,1.7300000000000004,1.4736400396734568,1.6544594491493094
3439,3439,3439,1.7316666666666674,1.4732585641260396,1.6544594491493094
3440,3440,3440,1.7333333333333325,1.4732585641260396,1.6544594491493094
3441,3441,3441,1.7350000000000003,1.4732585641260396,1.6544594491493094
3442,3442,3442,1.7366666666666672,1.4732585641260396,1.6544594491493094
3443,3443,3443,1.7383333333333324,1.4732585641260396,1.6544594491493094
3444,3444,3444,1.7400000000000002,1.4732585641260396,1.6544594491493094
3445,3445,3445,1.7416666666666671,1.4732585641260396,1.654077973601892
3446,3446,3446,1.743333333333334,1.4732585641260396,1.6544594491493094
3447,3447,3447,1.745,1.4732585641260396,1.6544594491493094
3448,3448,3448,1.746666666666667,1.4732585641260396,1.6544594491493094
3449,3449,3449,1.748333333333334,1.4732585641260396,1.6544594491493094
3450,3450,3450,1.75,1.4732585641260396,1.654077973601892
3451,3451,3451,1.7516666666666678,1.4732585641260396,1.6544594491493094
3452,3452,3452,1.7533333333333339,1.4732585641260396,1.6544594491493094
3453,3453,3453,1.7550000000000008,1.4732585641260396,1.6544594491493094
3454,3454,3454,1.7566666666666677,1.4732585641260396,1.6548409246967268
3455,3455,3455,1.7583333333333337,1.4728770885786222,1.6544594491493094
3456,3456,3456,1.7600000000000025,1.4732585641260396,1.6544594491493094
3457,3457,3457,1.7616666666666676,1.4732585641260396,1.6544594491493094
3458,3458,3458,1.7633333333333336,1.4732585641260396,1.6544594491493094
3459,3459,3459,1.7650000000000015,1.4732585641260396,1.654077973601892
3460,3460,3460,1.7666666666666684,1.4724956130312048,1.6544594491493094
3461,3461,3461,1.7683333333333335,1.4732585641260396,1.6544594491493094
3462,3462,3462,1.7700000000000005,1.4728770885786222,1.6544594491493094
3463,3463,3463,1.7716666666666674,1.4728770885786222,1.6544594491493094
3464,3464,3464,1.7733333333333325,1.4732585641260396,1.6544594491493094
3465,3465,3465,1.7750000000000004,1.4728770885786222,1.6544594491493094
3466,3466,3466,1.7766666666666673,1.4732585641260396,1.6544594491493094
3467,3467,3467,1.7783333333333324,1.4732585641260396,1.6544594491493094
3468,3468,3468,1.7800000000000002,1.4728770885786222,1.6544594491493094
3469,3469,3469,1.7816666666666672,1.4728770885786222,1.654077973601892
3470,3470,3470,1.783333333333334,1.4728770885786222,1.6544594491493094
3471,3471,3471,1.7850000000000001,1.4728770885786222,1.6544594491493094
3472,3472,3472,1.786666666666667,1.4728770885786222,1.6544594491493094
3473,3473,3473,1.788333333333334,1.4732585641260396,1.6544594491493094
3474,3474,3474,1.79,1.4728770885786222,1.6544594491493094
3475,3475,3475,1.7916666666666679,1.4724956130312048,1.654077973601892
3476,3476,3476,1.793333333333334,1.4728770885786222,1.6544594491493094
3477,3477,3477,1.795,1.4728770885786222,1.654077973601892
3478,3478,3478,1.7966666666666677,1.4724956130312048,1.654077973601892
3479,3479,3479,1.7983333333333338,1.4728770885786222,1.654077973601892
3480,3480,3480,1.8000000000000025,1.4728770885786222,1.654077973601892
3481,3481,3481,1.8016666666666676,1.4728770885786222,1.6544594491493094
3482,3482,3482,1.8033333333333337,1.4728770885786222,1.6544594491493094
3483,3483,3483,1.8050000000000015,1.4728770885786222,1.654077973601892
3484,3484,3484,1.8066666666666684,1.4728770885786222,1.654077973601892
3485,3485,3485,1.8083333333333336,1.4724956130312048,1.654077973601892
3486,3486,3486,1.8100000000000005,1.4724956130312048,1.654077973601892
3487,3487,3487,1.8116666666666674,1.4728770885786222,1.654077973601892
3488,3488,3488,1.8133333333333335,1.4721141374837874,1.654077973601892
3489,3489,3489,1.8150000000000004,1.4724956130312048,1.654077973601892
3490,3490,3490,1.8166666666666673,1.4724956130312048,1.654077973601892
3491,3491,3491,1.8183333333333325,1.4728770885786222,1.654077973601892
3492,3492,3492,1.8200000000000003,1.4728770885786222,1.654077973601892
3493,3493,3493,1.8216666666666672,1.4721141374837874,1.654077973601892
3494,3494,3494,1.8233333333333341,1.4724956130312048,1.654077973601892
3495,3495,3495,1.8250000000000002,1.4721141374837874,1.6536964980544746
3496,3496,3496,1.826666666666667,1.4724956130312048,1.654077973601892
3497,3497,3497,1.828333333333334,1.4724956130312048,1.654077973601892
3498,3498,3498,1.83,1.4721141374837874,1.654077973601892
3499,3499,3499,1.8316666666666679,1.4721141374837874,1.654077973601892
3500,3500,3500,1.833333333333334,1.4721141374837874,1.654077973601892
3501,3501,3501,1.835,1.4721141374837874,1.654077973601892
3502,3502,3502,1.8366666666666678,1.4717326619363702,1.654077973601892
3503,3503,3503,1.8383333333333338,1.4717326619363702,1.654077973601892
3504,3504,3504,1.8400000000000025,1.4717326619363702,1.654077973601892
3505,3505,3505,1.8416666666666677,1.4717326619363702,1.6536964980544746
3506,3506,3506,1.8433333333333337,1.4717326619363702,1.654077973601892
3507,3507,3507,1.8450000000000015,1.4717326619363702,1.654077973601892
3508,3508,3508,1.8466666666666676,1.4713511863889526,1.654077973601892
3509,3509,3509,1.8483333333333336,1.4713511863889526,1.654077973601892
3510,3510,3510,1.8500000000000005,1.4713511863889526,1.654077973601892
3511,3511,3511,1.8516666666666675,1.4713511863889526,1.6536964980544746
3512,3512,3512,1.8533333333333335,1.4713511863889526,1.6536964980544746
3513,3513,3513,1.8550000000000004,1.4709697108415352,1.654077973601892
3514,3514,3514,1.8566666666666674,1.4709697108415352,1.6536964980544746
3515,3515,3515,1.8583333333333325,1.4705882352941178,1.6536964980544746
3516,3516,3516,1.8600000000000003,1.4705882352941178,1.654077973601892
3517,3517,3517,1.8616666666666672,1.4705882352941178,1.6536964980544746
3518,3518,3518,1.8633333333333324,1.4702067597467003,1.6536964980544746
3519,3519,3519,1.8650000000000002,1.4705882352941178,1.6536964980544746
3520,3520,3520,1.8666666666666671,1.4698252841992832,1.6536964980544746
3521,3521,3521,1.868333333333334,1.4702067597467003,1.6536964980544746
3522,3522,3522,1.87,1.4698252841992832,1.6536964980544746
3523,3523,3523,1.871666666666667,1.4698252841992832,1.654077973601892
3524,3524,3524,1.873333333333334,1.4694438086518655,1.6536964980544746
3525,3525,3525,1.875,1.4690623331044483,1.6536964980544746
3526,3526,3526,1.8766666666666678,1.4690623331044483,1.6536964980544746
3527,3527,3527,1.8783333333333339,1.4690623331044483,1.6536964980544746
3528,3528,3528,1.8800000000000008,1.4686808575570307,1.6536964980544746
3529,3529,3529,1.8816666666666677,1.4686808575570307,1.6536964980544746
3530,3530,3530,1.8833333333333337,1.4686808575570307,1.6536964980544746
3531,3531,3531,1.8850000000000025,1.4682993820096133,1.6536964980544746
3532,3532,3532,1.8866666666666676,1.4682993820096133,1.6536964980544746
3533,3533,3533,1.8883333333333336,1.467917906462196,1.6536964980544746
3534,3534,3534,1.8900000000000015,1.467917906462196,1.6536964980544746
3535,3535,3535,1.8916666666666684,1.467917906462196,1.6533150225070572
3536,3536,3536,1.8933333333333335,1.467917906462196,1.6536964980544746
3537,3537,3537,1.8950000000000005,1.4675364309147785,1.6536964980544746
3538,3538,3538,1.8966666666666674,1.4671549553673606,1.6536964980544746
3539,3539,3539,1.8983333333333325,1.4667734798199437,1.6536964980544746
3540,3540,3540,1.9000000000000004,1.4667734798199437,1.6533150225070572
3541,3541,3541,1.9016666666666673,1.4663920042725265,1.6533150225070572
3542,3542,3542,1.9033333333333324,1.4663920042725265,1.6533150225070572
3543,3543,3543,1.9050000000000002,1.4660105287251088,1.6533150225070572
3544,3544,3544,1.9066666666666672,1.4660105287251088,1.6536964980544746
3545,3545,3545,1.908333333333334,1.4660105287251088,1.6536964980544746
3546,3546,3546,1.9100000000000001,1.4656290531776914,1.6536964980544746
3547,3547,3547,1.911666666666667,1.4656290531776914,1.6533150225070572
3548,3548,3548,1.913333333333334,1.4652475776302742,1.6533150225070572
3549,3549,3549,1.915,1.4652475776302742,1.6533150225070572
3550,3550,3550,1.9166666666666679,1.4648661020828566,1.6529335469596398
3551,3551,3551,1.918333333333334,1.4648661020828566,1.6533150225070572
3552,3552,3552,1.9200000000000008,1.4644846265354392,1.6533150225070572
3553,3553,3553,1.9216666666666677,1.4641031509880218,1.6533150225070572
3554,3554,3554,1.9233333333333338,1.4641031509880218,1.6529335469596398
3555,3555,3555,1.9250000000000025,1.4637216754406044,1.6529335469596398
3556,3556,3556,1.9266666666666676,1.4633401998931868,1.6529335469596398
3557,3557,3557,1.9283333333333337,1.4637216754406044,1.6529335469596398
3558,3558,3558,1.9300000000000015,1.4633401998931868,1.6529335469596398
3559,3559,3559,1.9316666666666684,1.4633401998931868,1.6525520714122224
3560,3560,3560,1.9333333333333336,1.4629587243457696,1.6525520714122224
3561,3561,3561,1.9350000000000005,1.4629587243457696,1.6525520714122224
3562,3562,3562,1.9366666666666674,1.4629587243457696,1.652170595864805
3563,3563,3563,1.9383333333333335,1.4629587243457696,1.652170595864805
3564,3564,3564,1.9400000000000004,1.4625772487983522,1.652170595864805
3565,3565,3565,1.9416666666666673,1.4621957732509347,1.6517891203173876
3566,3566,3566,1.9433333333333325,1.4621957732509347,1.652170595864805
3567,3567,3567,1.9450000000000003,1.4618142977035171,1.6517891203173876
3568,3568,3568,1.9466666666666672,1.4614328221561,1.6517891203173876
3569,3569,3569,1.9483333333333341,1.4614328221561,1.6514076447699702
3570,3570,3570,1.9500000000000002,1.4610513466086823,1.6514076447699702
3571,3571,3571,1.951666666666667,1.4610513466086823,1.6514076447699702
3572,3572,3572,1.953333333333334,1.4610513466086823,1.6510261692225527
3573,3573,3573,1.955,1.4606698710612651,1.6510261692225527
3574,3574,3574,1.9566666666666679,1.4606698710612651,1.6510261692225527
3575,3575,3575,1.958333333333334,1.4602883955138477,1.650644693675135
3576,3576,3576,1.96,1.4602883955138477,1.650644693675135
3577,3577,3577,1.9616666666666678,1.4599069199664303,1.650644693675135
3578,3578,3578,1.9633333333333338,1.4599069199664303,1.650263218127718
3579,3579,3579,1.9650000000000025,1.4595254444190129,1.6498817425803003
3580,3580,3580,1.9666666666666677,1.4595254444190129,1.6498817425803003
3581,3581,3581,1.9683333333333337,1.4591439688715957,1.649500267032883
3582,3582,3582,1.9700000000000015,1.4591439688715957,1.649500267032883
3583,3583,3583,1.9716666666666676,1.4591439688715957,1.649500267032883
3584,3584,3584,1.9733333333333336,1.458762493324178,1.6491187914854657
3585,3585,3585,1.9750000000000005,1.4579995422293432,1.6491187914854657
3586,3586,3586,1.9766666666666675,1.4583810177767609,1.6487373159380485
3587,3587,3587,1.9783333333333335,1.4583810177767609,1.6487373159380485
3588,3588,3588,1.9800000000000004,1.4579995422293432,1.6483558403906309
3589,3589,3589,1.9816666666666674,1.4579995422293432,1.6483558403906309
3590,3590,3590,1.9833333333333325,1.4576180666819258,1.6479743648432137
3591,3591,3591,1.9850000000000003,1.4576180666819258,1.6479743648432137
3592,3592,3592,1.9866666666666672,1.4572365911345084,1.6479743648432137
3593,3593,3593,1.9883333333333324,1.4572365911345084,1.6475928892957958
3594,3594,3594,1.9900000000000002,1.4572365911345084,1.6475928892957958
3595,3595,3595,1.9916666666666671,1.4568551155870908,1.6468299382009612
3596,3596,3596,1.993333333333334,1.4568551155870908,1.6468299382009612
3597,3597,3597,1.995,1.4564736400396736,1.6464484626535438
3598,3598,3598,1.996666666666667,1.4560921644922562,1.6464484626535438
3599,3599,3599,1.998333333333334,1.4560921644922562,1.6464484626535438
3600,3600,3600,2.0,1.4557106889448388,1.6460669871061264
3601,3601,3601,2.001666666666668,1.4557106889448388,1.6460669871061264
3602,3602,3602,2.003333333333334,1.4553292133974214,1.6456855115587088
3603,3603,3603,2.005000000000001,1.4553292133974214,1.6456855115587088
3604,3604,3604,2.0066666666666677,1.4553292133974214,1.6453040360112916
3605,3605,3605,2.0083333333333337,1.4549477378500042,1.6453040360112916
3606,3606,3606,2.0100000000000025,1.4549477378500042,1.6453040360112916
3607,3607,3607,2.0116666666666676,1.4545662623025866,1.6445410849164568
3608,3608,3608,2.0133333333333336,1.4545662623025866,1.6445410849164568
3609,3609,3609,2.0150000000000015,1.4545662623025866,1.6445410849164568
3610,3610,3610,2.0166666666666675,1.4541847867551692,1.6441596093690394
3611,3611,3611,2.0183333333333335,1.4541847867551692,1.6437781338216215
3612,3612,3612,2.0200000000000005,1.4541847867551692,1.6437781338216215
3613,3613,3613,2.0216666666666674,1.4538033112077515,1.6433966582742046
3614,3614,3614,2.0233333333333325,1.4534218356603343,1.6433966582742046
3615,3615,3615,2.0250000000000004,1.4534218356603343,1.6426337071793695
3616,3616,3616,2.0266666666666673,1.4534218356603343,1.6430151827267871
3617,3617,3617,2.0283333333333324,1.4530403601129172,1.6426337071793695
3618,3618,3618,2.0300000000000002,1.4526588845654995,1.6422522316319523
3619,3619,3619,2.031666666666667,1.4526588845654995,1.6422522316319523
3620,3620,3620,2.033333333333334,1.4526588845654995,1.641870756084535
3621,3621,3621,2.035,1.4526588845654995,1.6414892805371175
3622,3622,3622,2.036666666666667,1.4522774090180817,1.641870756084535
3623,3623,3623,2.038333333333334,1.4518959334706647,1.6414892805371175
3624,3624,3624,2.04,1.4518959334706647,1.6411078049897
3625,3625,3625,2.041666666666668,1.4518959334706647,1.6407263294422827
3626,3626,3626,2.043333333333334,1.4515144579232473,1.6407263294422827
3627,3627,3627,2.045000000000001,1.45113298237583,1.6407263294422827
3628,3628,3628,2.0466666666666677,1.45113298237583,1.639963378347448
3629,3629,3629,2.048333333333334,1.4507515068284125,1.639963378347448
3630,3630,3630,2.0500000000000025,1.4507515068284125,1.639963378347448
3631,3631,3631,2.0516666666666676,1.4507515068284125,1.6395819028000305
3632,3632,3632,2.0533333333333337,1.450370031280995,1.6395819028000305
3633,3633,3633,2.0550000000000015,1.450370031280995,1.639200427252613
3634,3634,3634,2.0566666666666684,1.450370031280995,1.639200427252613
3635,3635,3635,2.0583333333333336,1.4499885557335777,1.6388189517051956
3636,3636,3636,2.0600000000000005,1.4499885557335777,1.6384374761577782
3637,3637,3637,2.0616666666666674,1.4496070801861602,1.6380560006103608
3638,3638,3638,2.0633333333333335,1.4496070801861602,1.6380560006103608
3639,3639,3639,2.0650000000000004,1.4496070801861602,1.6380560006103608
3640,3640,3640,2.0666666666666673,1.4496070801861602,1.6376745250629434
3641,3641,3641,2.0683333333333325,1.4492256046387428,1.637293049515526
3642,3642,3642,2.0700000000000003,1.4488441290913254,1.637293049515526
3643,3643,3643,2.071666666666667,1.4488441290913254,1.6369115739681086
3644,3644,3644,2.073333333333334,1.4484626535439082,1.6369115739681086
3645,3645,3645,2.075,1.4480811779964906,1.6361486228732738
3646,3646,3646,2.076666666666667,1.4484626535439082,1.6365300984206912
3647,3647,3647,2.078333333333334,1.4480811779964906,1.6361486228732738
3648,3648,3648,2.08,1.4480811779964906,1.6361486228732738
3649,3649,3649,2.081666666666668,1.4476997024490732,1.635385671778439
3650,3650,3650,2.083333333333334,1.4473182269016558,1.635385671778439
3651,3651,3651,2.085,1.4476997024490732,1.6350041962310216
3652,3652,3652,2.086666666666668,1.4473182269016558,1.6350041962310216
3653,3653,3653,2.088333333333334,1.4473182269016558,1.6350041962310216
3654,3654,3654,2.0900000000000025,1.4473182269016558,1.634622720683604
3655,3655,3655,2.0916666666666677,1.4469367513542384,1.6342412451361867
3656,3656,3656,2.0933333333333337,1.446555275806821,1.6342412451361867
3657,3657,3657,2.0950000000000015,1.446555275806821,1.6342412451361867
3658,3658,3658,2.0966666666666676,1.4461738002594036,1.633859769588769
3659,3659,3659,2.0983333333333336,1.4461738002594036,1.6334782940413517
3660,3660,3660,2.1000000000000005,1.4457923247119862,1.6330968184939345
3661,3661,3661,2.1016666666666675,1.4457923247119862,1.6330968184939345
3662,3662,3662,2.1033333333333335,1.4457923247119862,1.6327153429465169
3663,3663,3663,2.1050000000000004,1.4454108491645687,1.6327153429465169
3664,3664,3664,2.1066666666666674,1.4454108491645687,1.6327153429465169
3665,3665,3665,2.1083333333333325,1.445029373617151,1.6323338673990997
3666,3666,3666,2.1100000000000003,1.445029373617151,1.6323338673990997
3667,3667,3667,2.1116666666666672,1.445029373617151,1.6319523918516825
3668,3668,3668,2.1133333333333324,1.4446478980697337,1.6319523918516825
3669,3669,3669,2.115,1.4446478980697337,1.6315709163042649
3670,3670,3670,2.116666666666667,1.444266422522316,1.6315709163042649
3671,3671,3671,2.118333333333334,1.4446478980697337,1.6311894407568477
3672,3672,3672,2.12,1.444266422522316,1.6311894407568477
3673,3673,3673,2.121666666666667,1.4438849469748989,1.6311894407568477
3674,3674,3674,2.123333333333334,1.4435034714274813,1.6308079652094298
3675,3675,3675,2.125,1.4435034714274813,1.6304264896620126
3676,3676,3676,2.126666666666668,1.4435034714274813,1.6304264896620126
3677,3677,3677,2.128333333333334,1.4431219958800638,1.6300450141145952
3678,3678,3678,2.130000000000001,1.4431219958800638,1.6296635385671778
3679,3679,3679,2.1316666666666677,1.4431219958800638,1.6296635385671778
3680,3680,3680,2.1333333333333337,1.4427405203326464,1.6296635385671778
3681,3681,3681,2.1350000000000025,1.4427405203326464,1.6292820630197604
3682,3682,3682,2.1366666666666676,1.442359044785229,1.6292820630197604
3683,3683,3683,2.1383333333333336,1.442359044785229,1.6292820630197604
3684,3684,3684,2.1400000000000015,1.442359044785229,1.6292820630197604
3685,3685,3685,2.1416666666666675,1.4419775692378116,1.6289005874723432
3686,3686,3686,2.1433333333333335,1.4419775692378116,1.6289005874723432
3687,3687,3687,2.1450000000000005,1.4419775692378116,1.6285191119249256
3688,3688,3688,2.1466666666666674,1.4415960936903942,1.6285191119249256
3689,3689,3689,2.1483333333333325,1.4415960936903942,1.6281376363775082
3690,3690,3690,2.1500000000000004,1.4412146181429768,1.6281376363775082
3691,3691,3691,2.1516666666666673,1.4408331425955594,1.6281376363775082
3692,3692,3692,2.1533333333333324,1.4408331425955594,1.6277561608300908
3693,3693,3693,2.1550000000000002,1.4408331425955594,1.6277561608300908
3694,3694,3694,2.156666666666667,1.440451667048142,1.6273746852826734
3695,3695,3695,2.158333333333334,1.440451667048142,1.6269932097352555
3696,3696,3696,2.16,1.440451667048142,1.6269932097352555
3697,3697,3697,2.161666666666667,1.4400701915007246,1.6269932097352555
3698,3698,3698,2.163333333333334,1.4396887159533072,1.6269932097352555
3699,3699,3699,2.165,1.4396887159533072,1.6266117341878386
3700,3700,3700,2.166666666666668,1.4396887159533072,1.6262302586404211
3701,3701,3701,2.168333333333334,1.4396887159533072,1.6262302586404211
3702,3702,3702,2.170000000000001,1.4393072404058898,1.6262302586404211
3703,3703,3703,2.1716666666666677,1.4389257648584723,1.6258487830930035
3704,3704,3704,2.173333333333334,1.4389257648584723,1.6262302586404211
3705,3705,3705,2.1750000000000025,1.438544289311055,1.6258487830930035
3706,3706,3706,2.1766666666666676,1.4389257648584723,1.6254673075455863
3707,3707,3707,2.1783333333333337,1.438544289311055,1.625085831998169
3708,3708,3708,2.1800000000000015,1.4381628137636375,1.625085831998169
3709,3709,3709,2.1816666666666684,1.43778133821622,1.625085831998169
3710,3710,3710,2.1833333333333336,1.4373998626688027,1.6247043564507515
3711,3711,3711,2.1850000000000005,1.43778133821622,1.6247043564507515
3712,3712,3712,2.1866666666666674,1.4373998626688027,1.624322880903334
3713,3713,3713,2.1883333333333335,1.4373998626688027,1.624322880903334
3714,3714,3714,2.1900000000000004,1.4370183871213853,1.624322880903334
3715,3715,3715,2.1916666666666673,1.4370183871213853,1.6239414053559167
3716,3716,3716,2.1933333333333325,1.4370183871213853,1.6235599298084993
3717,3717,3717,2.1950000000000003,1.436636911573968,1.6239414053559167
3718,3718,3718,2.196666666666667,1.436636911573968,1.6235599298084993
3719,3719,3719,2.198333333333334,1.4362554360265505,1.6235599298084993
3720,3720,3720,2.2,1.4362554360265505,1.6231784542610819
3721,3721,3721,2.201666666666667,1.435873960479133,1.6231784542610819
3722,3722,3722,2.203333333333334,1.435873960479133,1.6231784542610819
3723,3723,3723,2.205,1.4354924849317157,1.6227969787136645
3724,3724,3724,2.206666666666668,1.4354924849317157,1.6224155031662466
3725,3725,3725,2.208333333333334,1.4351110093842985,1.6227969787136645
3726,3726,3726,2.21,1.4347295338368808,1.6224155031662466
3727,3727,3727,2.211666666666668,1.4351110093842985,1.6224155031662466
3728,3728,3728,2.213333333333334,1.4347295338368808,1.6220340276188296
3729,3729,3729,2.2150000000000025,1.4343480582894634,1.6216525520714122
3730,3730,3730,2.2166666666666677,1.4343480582894634,1.6216525520714122
3731,3731,3731,2.2183333333333337,1.4339665827420458,1.6216525520714122
3732,3732,3732,2.2200000000000015,1.4339665827420458,1.6216525520714122
3733,3733,3733,2.2216666666666676,1.4339665827420458,1.6212710765239948
3734,3734,3734,2.2233333333333336,1.4339665827420458,1.6212710765239948
3735,3735,3735,2.2250000000000005,1.4335851071946286,1.6212710765239948
3736,3736,3736,2.2266666666666675,1.4335851071946286,1.6208896009765774
3737,3737,3737,2.2283333333333335,1.4332036316472112,1.6208896009765774
3738,3738,3738,2.2300000000000004,1.4328221560997938,1.62050812542916
3739,3739,3739,2.2316666666666674,1.4328221560997938,1.62050812542916
3740,3740,3740,2.2333333333333325,1.4328221560997938,1.6201266498817426
3741,3741,3741,2.2350000000000003,1.4324406805523764,1.6201266498817426
3742,3742,3742,2.2366666666666672,1.4324406805523764,1.6201266498817426
3743,3743,3743,2.238333333333334,1.4320592050049592,1.6197451743343252
3744,3744,3744,2.24,1.4320592050049592,1.6197451743343252
3745,3745,3745,2.241666666666667,1.4320592050049592,1.6197451743343252
3746,3746,3746,2.243333333333334,1.4316777294575416,1.6193636987869078
3747,3747,3747,2.245,1.4316777294575416,1.6193636987869078
3748,3748,3748,2.246666666666667,1.4316777294575416,1.6193636987869078
3749,3749,3749,2.248333333333334,1.4316777294575416,1.6189822232394904
3750,3750,3750,2.25,1.4312962539101242,1.6186007476920732
3751,3751,3751,2.251666666666668,1.4312962539101242,1.6186007476920732
3752,3752,3752,2.253333333333334,1.4309147783627068,1.6186007476920732
3753,3753,3753,2.255000000000001,1.4309147783627068,1.6182192721446556
3754,3754,3754,2.2566666666666677,1.4309147783627068,1.6182192721446556
3755,3755,3755,2.2583333333333337,1.4305333028152891,1.6178377965972381
3756,3756,3756,2.2600000000000025,1.4301518272678715,1.6182192721446556
3757,3757,3757,2.2616666666666676,1.4305333028152891,1.6178377965972381
3758,3758,3758,2.2633333333333336,1.4301518272678715,1.6178377965972381
3759,3759,3759,2.2650000000000015,1.4301518272678715,1.6174563210498207
3760,3760,3760,2.2666666666666675,1.4293888761730371,1.617074845502403
3761,3761,3761,2.2683333333333335,1.4297703517204543,1.6174563210498207
3762,3762,3762,2.2700000000000005,1.4293888761730371,1.617074845502403
3763,3763,3763,2.2716666666666674,1.4293888761730371,1.617074845502403
3764,3764,3764,2.2733333333333325,1.4293888761730371,1.616693369954986
3765,3765,3765,2.2750000000000004,1.4290074006256197,1.6163118944075685
3766,3766,3766,2.2766666666666673,1.4290074006256197,1.616693369954986
3767,3767,3767,2.2783333333333324,1.4290074006256197,1.6163118944075685
3768,3768,3768,2.2800000000000002,1.4286259250782023,1.6163118944075685
3769,3769,3769,2.281666666666667,1.4286259250782023,1.6163118944075685
3770,3770,3770,2.283333333333334,1.4282444495307849,1.6159304188601509
3771,3771,3771,2.285,1.4286259250782023,1.6159304188601509
3772,3772,3772,2.286666666666667,1.4282444495307849,1.6155489433127337
3773,3773,3773,2.288333333333334,1.4282444495307849,1.6155489433127337
3774,3774,3774,2.29,1.4278629739833677,1.6155489433127337
3775,3775,3775,2.291666666666668,1.42748149843595,1.6151674677653165
3776,3776,3776,2.293333333333334,1.4278629739833677,1.6151674677653165
3777,3777,3777,2.295000000000001,1.4271000228885329,1.6151674677653165
3778,3778,3778,2.2966666666666677,1.4271000228885329,1.6147859922178989
3779,3779,3779,2.298333333333334,1.4271000228885329,1.6147859922178989
3780,3780,3780,2.3000000000000025,1.4267185473411153,1.6147859922178989
3781,3781,3781,2.3016666666666676,1.4271000228885329,1.6147859922178989
3782,3782,3782,2.3033333333333337,1.4267185473411153,1.6144045166704817
3783,3783,3783,2.3050000000000015,1.4267185473411153,1.6140230411230638
3784,3784,3784,2.3066666666666684,1.4267185473411153,1.6140230411230638
3785,3785,3785,2.3083333333333336,1.4263370717936978,1.6136415655756466
3786,3786,3786,2.3100000000000005,1.4263370717936978,1.6136415655756466
3787,3787,3787,2.3116666666666674,1.4259555962462804,1.6140230411230638
3788,3788,3788,2.3133333333333335,1.4263370717936978,1.6132600900282292
3789,3789,3789,2.3150000000000004,1.4259555962462804,1.6132600900282292
3790,3790,3790,2.3166666666666673,1.4259555962462804,1.6128786144808118
3791,3791,3791,2.3183333333333325,1.425574120698863,1.6132600900282292
3792,3792,3792,2.3200000000000003,1.425574120698863,1.6128786144808118
3793,3793,3793,2.321666666666667,1.425574120698863,1.6128786144808118
3794,3794,3794,2.323333333333334,1.425574120698863,1.6128786144808118
3795,3795,3795,2.325,1.4248111696040282,1.6124971389333944
3796,3796,3796,2.326666666666667,1.4251926451514456,1.6124971389333944
3797,3797,3797,2.328333333333334,1.4248111696040282,1.6121156633859768
3798,3798,3798,2.33,1.4248111696040282,1.6121156633859768
3799,3799,3799,2.331666666666668,1.4244296940566108,1.6121156633859768
3800,3800,3800,2.333333333333334,1.4240482185091934,1.6117341878385596
3801,3801,3801,2.335,1.4240482185091934,1.6121156633859768
3802,3802,3802,2.336666666666668,1.4240482185091934,1.6117341878385596
3803,3803,3803,2.338333333333334,1.4240482185091934,1.6117341878385596
3804,3804,3804,2.3400000000000025,1.423666742961776,1.6117341878385596
3805,3805,3805,2.3416666666666677,1.423666742961776,1.6113527122911422
3806,3806,3806,2.3433333333333337,1.423666742961776,1.6109712367437248
3807,3807,3807,2.3450000000000015,1.4232852674143586,1.6109712367437248
3808,3808,3808,2.3466666666666676,1.4232852674143586,1.6105897611963074
3809,3809,3809,2.3483333333333336,1.4232852674143586,1.6105897611963074
3810,3810,3810,2.3500000000000005,1.4232852674143586,1.6102082856488895
3811,3811,3811,2.3516666666666675,1.4232852674143586,1.6102082856488895
3812,3812,3812,2.3533333333333335,1.4229037918669412,1.6102082856488895
3813,3813,3813,2.3550000000000004,1.4232852674143586,1.6102082856488895
3814,3814,3814,2.3566666666666674,1.4229037918669412,1.6102082856488895
3815,3815,3815,2.3583333333333325,1.4225223163195235,1.6098268101014723
3816,3816,3816,2.3600000000000003,1.4221408407721063,1.6098268101014723
3817,3817,3817,2.3616666666666672,1.4221408407721063,1.6098268101014723
3818,3818,3818,2.363333333333334,1.4221408407721063,1.6098268101014723
3819,3819,3819,2.365,1.4221408407721063,1.6094453345540551
3820,3820,3820,2.366666666666667,1.421759365224689,1.6090638590066375
3821,3821,3821,2.368333333333334,1.421759365224689,1.6094453345540551
3822,3822,3822,2.37,1.4213778896772715,1.6090638590066375
3823,3823,3823,2.371666666666667,1.4213778896772715,1.6090638590066375
3824,3824,3824,2.373333333333334,1.4213778896772715,1.6086823834592203
3825,3825,3825,2.375,1.4213778896772715,1.6086823834592203
3826,3826,3826,2.376666666666668,1.4213778896772715,1.6083009079118031
3827,3827,3827,2.378333333333334,1.4209964141298541,1.6083009079118031
3828,3828,3828,2.380000000000001,1.4209964141298541,1.6079194323643855
3829,3829,3829,2.3816666666666677,1.4209964141298541,1.6079194323643855
3830,3830,3830,2.3833333333333337,1.4209964141298541,1.6079194323643855
3831,3831,3831,2.3850000000000025,1.4206149385824367,1.6079194323643855
3832,3832,3832,2.3866666666666676,1.4206149385824367,1.607537956816968
3833,3833,3833,2.3883333333333336,1.4202334630350193,1.607537956816968
3834,3834,3834,2.3900000000000015,1.4202334630350193,1.607537956816968
3835,3835,3835,2.3916666666666675,1.4202334630350193,1.607156481269551
3836,3836,3836,2.3933333333333335,1.4198519874876019,1.607156481269551
3837,3837,3837,2.3950000000000005,1.4194705119401845,1.607156481269551
3838,3838,3838,2.3966666666666674,1.4194705119401845,1.6067750057221333
3839,3839,3839,2.3983333333333325,1.4194705119401845,1.6067750057221333
3840,3840,3840,2.4000000000000004,1.4190890363927668,1.6067750057221333
3841,3841,3841,2.4016666666666673,1.4190890363927668,1.6067750057221333
3842,3842,3842,2.4033333333333324,1.4190890363927668,1.6063935301747159
3843,3843,3843,2.4050000000000002,1.4190890363927668,1.6063935301747159
3844,3844,3844,2.406666666666667,1.4187075608453497,1.6063935301747159
3845,3845,3845,2.408333333333334,1.4187075608453497,1.6060120546272985
3846,3846,3846,2.41,1.4187075608453497,1.6056305790798806
3847,3847,3847,2.411666666666667,1.4187075608453497,1.6056305790798806
3848,3848,3848,2.413333333333334,1.4187075608453497,1.6052491035324636
3849,3849,3849,2.415,1.4183260852979322,1.6056305790798806
3850,3850,3850,2.416666666666668,1.4183260852979322,1.6052491035324636
3851,3851,3851,2.418333333333334,1.4179446097505148,1.6052491035324636
3852,3852,3852,2.420000000000001,1.4179446097505148,1.6052491035324636
3853,3853,3853,2.4216666666666677,1.4179446097505148,1.6048676279850462
3854,3854,3854,2.423333333333334,1.4179446097505148,1.6052491035324636
3855,3855,3855,2.4250000000000025,1.4175631342030974,1.6048676279850462
3856,3856,3856,2.4266666666666676,1.4175631342030974,1.6048676279850462
3857,3857,3857,2.4283333333333337,1.4175631342030974,1.6044861524376288
3858,3858,3858,2.4300000000000015,1.4171816586556798,1.6044861524376288
3859,3859,3859,2.4316666666666684,1.4171816586556798,1.6041046768902114
3860,3860,3860,2.4333333333333336,1.4168001831082626,1.603723201342794
3861,3861,3861,2.4350000000000005,1.4168001831082626,1.6041046768902114
3862,3862,3862,2.4366666666666674,1.4164187075608452,1.6041046768902114
3863,3863,3863,2.4383333333333335,1.4164187075608452,1.6041046768902114
3864,3864,3864,2.4400000000000004,1.4164187075608452,1.603723201342794
3865,3865,3865,2.4416666666666673,1.4160372320134278,1.6033417257953766
3866,3866,3866,2.4433333333333325,1.4164187075608452,1.6033417257953766
3867,3867,3867,2.4450000000000003,1.4160372320134278,1.6033417257953766
3868,3868,3868,2.446666666666667,1.4156557564660104,1.6029602502479592
3869,3869,3869,2.448333333333334,1.4156557564660104,1.6029602502479592
3870,3870,3870,2.45,1.4156557564660104,1.6029602502479592
3871,3871,3871,2.451666666666667,1.4156557564660104,1.6029602502479592
3872,3872,3872,2.453333333333334,1.4152742809185932,1.6025787747005418
3873,3873,3873,2.455,1.4152742809185932,1.6021972991531244
3874,3874,3874,2.456666666666668,1.4152742809185932,1.6021972991531244
3875,3875,3875,2.458333333333334,1.4152742809185932,1.6021972991531244
3876,3876,3876,2.460000000000001,1.4152742809185932,1.6021972991531244
3877,3877,3877,2.461666666666668,1.4152742809185932,1.6021972991531244
3878,3878,3878,2.463333333333334,1.4148928053711756,1.6018158236057067
3879,3879,3879,2.4650000000000025,1.4148928053711756,1.6018158236057067
3880,3880,3880,2.4666666666666677,1.4145113298237582,1.6014343480582889
3881,3881,3881,2.4683333333333337,1.4141298542763407,1.6018158236057067
3882,3882,3882,2.4700000000000015,1.4141298542763407,1.6014343480582889
3883,3883,3883,2.4716666666666676,1.4141298542763407,1.6014343480582889
3884,3884,3884,2.4733333333333336,1.4137483787289231,1.601052872510872
3885,3885,3885,2.4750000000000005,1.4133669031815057,1.601052872510872
3886,3886,3886,2.4766666666666675,1.4133669031815057,1.601052872510872
3887,3887,3887,2.4783333333333335,1.4133669031815057,1.601052872510872
3888,3888,3888,2.4800000000000004,1.4133669031815057,1.6006713969634545
3889,3889,3889,2.4816666666666674,1.4129854276340883,1.6006713969634545
3890,3890,3890,2.4833333333333325,1.4129854276340883,1.6002899214160369
3891,3891,3891,2.4850000000000003,1.4129854276340883,1.6006713969634545
3892,3892,3892,2.4866666666666672,1.4129854276340883,1.6002899214160369
3893,3893,3893,2.488333333333334,1.4126039520866709,1.5999084458686197
3894,3894,3894,2.49,1.4126039520866709,1.5999084458686197
3895,3895,3895,2.491666666666667,1.4122224765392537,1.5995269703212025
3896,3896,3896,2.493333333333334,1.4126039520866709,1.5995269703212025
3897,3897,3897,2.495,1.4122224765392537,1.5995269703212025
3898,3898,3898,2.496666666666667,1.4126039520866709,1.5995269703212025
3899,3899,3899,2.498333333333334,1.4122224765392537,1.5991454947737849
3900,3900,3900,2.5,1.4118410009918363,1.5991454947737849
3901,3901,3901,2.501666666666668,1.4118410009918363,1.5991454947737849
3902,3902,3902,2.503333333333334,1.4114595254444189,1.5991454947737849
3903,3903,3903,2.505000000000001,1.4118410009918363,1.5991454947737849
3904,3904,3904,2.5066666666666677,1.4114595254444189,1.5991454947737849
3905,3905,3905,2.5083333333333337,1.4110780498970017,1.5987640192263677
3906,3906,3906,2.5100000000000025,1.4110780498970017,1.5987640192263677
3907,3907,3907,2.5116666666666676,1.4110780498970017,1.5987640192263677
3908,3908,3908,2.5133333333333336,1.410696574349584,1.5980010681315326
3909,3909,3909,2.5150000000000015,1.410696574349584,1.5980010681315326
3910,3910,3910,2.5166666666666675,1.410696574349584,1.5980010681315326
3911,3911,3911,2.5183333333333335,1.410696574349584,1.5980010681315326
3912,3912,3912,2.5200000000000005,1.410696574349584,1.5976195925841152
3913,3913,3913,2.5216666666666674,1.4103150988021669,1.5976195925841152
3914,3914,3914,2.5233333333333325,1.4099336232547492,1.5976195925841152
3915,3915,3915,2.5250000000000004,1.4095521477073318,1.5972381170366978
3916,3916,3916,2.5266666666666673,1.4095521477073318,1.5972381170366978
3917,3917,3917,2.5283333333333324,1.4091706721599144,1.5972381170366978
3918,3918,3918,2.5300000000000002,1.408789196612497,1.5968566414892804
3919,3919,3919,2.531666666666667,1.4084077210650796,1.5968566414892804
3920,3920,3920,2.533333333333334,1.4080262455176622,1.5968566414892804
3921,3921,3921,2.535,1.4080262455176622,1.596475165941863
3922,3922,3922,2.536666666666667,1.4076447699702448,1.596475165941863
3923,3923,3923,2.538333333333334,1.4076447699702448,1.596475165941863
3924,3924,3924,2.54,1.4076447699702448,1.596475165941863
3925,3925,3925,2.541666666666668,1.40688181887541,1.5960936903944456
3926,3926,3926,2.543333333333334,1.40688181887541,1.5960936903944456
3927,3927,3927,2.545000000000001,1.40688181887541,1.5960936903944456
3928,3928,3928,2.5466666666666677,1.40688181887541,1.5957122148470282
3929,3929,3929,2.548333333333334,1.4065003433279926,1.5957122148470282
3930,3930,3930,2.5500000000000025,1.4065003433279926,1.5953307392996108
3931,3931,3931,2.5516666666666676,1.4065003433279926,1.5957122148470282
3932,3932,3932,2.5533333333333337,1.4065003433279926,1.5953307392996108
3933,3933,3933,2.5550000000000015,1.4061188677805752,1.5953307392996108
3934,3934,3934,2.5566666666666675,1.4061188677805752,1.5953307392996108
3935,3935,3935,2.5583333333333336,1.4061188677805752,1.5949492637521934
3936,3936,3936,2.5600000000000005,1.4057373922331575,1.5949492637521934
3937,3937,3937,2.5616666666666674,1.4061188677805752,1.5949492637521934
3938,3938,3938,2.5633333333333335,1.4057373922331575,1.5949492637521934
3939,3939,3939,2.5650000000000004,1.4057373922331575,1.5945677882047755
3940,3940,3940,2.5666666666666673,1.4057373922331575,1.5945677882047755
3941,3941,3941,2.5683333333333325,1.4053559166857403,1.5941863126573586
3942,3942,3942,2.5700000000000003,1.4057373922331575,1.5941863126573586
3943,3943,3943,2.571666666666667,1.4053559166857403,1.5938048371099411
3944,3944,3944,2.573333333333334,1.4053559166857403,1.5941863126573586
3945,3945,3945,2.575,1.404974441138323,1.5938048371099411
3946,3946,3946,2.576666666666667,1.404974441138323,1.5938048371099411
3947,3947,3947,2.578333333333334,1.404974441138323,1.5934233615625235
3948,3948,3948,2.58,1.404974441138323,1.5934233615625235
3949,3949,3949,2.581666666666668,1.404974441138323,1.5934233615625235
3950,3950,3950,2.583333333333334,1.4045929655909055,1.5934233615625235
3951,3951,3951,2.585000000000001,1.404974441138323,1.5930418860151063
3952,3952,3952,2.586666666666668,1.4045929655909055,1.5934233615625235
3953,3953,3953,2.588333333333334,1.4045929655909055,1.5930418860151063
3954,3954,3954,2.5900000000000025,1.4045929655909055,1.5930418860151063
3955,3955,3955,2.5916666666666677,1.4038300144960707,1.5926604104676891
3956,3956,3956,2.5933333333333337,1.404211490043488,1.5930418860151063
3957,3957,3957,2.5950000000000015,1.4038300144960707,1.5926604104676891
3958,3958,3958,2.5966666666666676,1.4038300144960707,1.5926604104676891
3959,3959,3959,2.5983333333333336,1.4034485389486533,1.5922789349202715
3960,3960,3960,2.6000000000000005,1.4034485389486533,1.591897459372854
3961,3961,3961,2.6016666666666675,1.4038300144960707,1.591897459372854
3962,3962,3962,2.6033333333333335,1.4034485389486533,1.591897459372854
3963,3963,3963,2.6050000000000004,1.4034485389486533,1.591515983825437
3964,3964,3964,2.6066666666666674,1.4030670634012359,1.591897459372854
3965,3965,3965,2.6083333333333325,1.4030670634012359,1.591515983825437
3966,3966,3966,2.6100000000000003,1.4030670634012359,1.5911345082780193
3967,3967,3967,2.6116666666666672,1.4030670634012359,1.5911345082780193
3968,3968,3968,2.613333333333334,1.4026855878538185,1.5911345082780193
3969,3969,3969,2.615,1.4026855878538185,1.5907530327306016
3970,3970,3970,2.616666666666667,1.4026855878538185,1.5903715571831845
3971,3971,3971,2.618333333333334,1.4026855878538185,1.5903715571831845
3972,3972,3972,2.62,1.4023041123064008,1.5899900816357668
3973,3973,3973,2.621666666666667,1.4023041123064008,1.5892271305409322
3974,3974,3974,2.623333333333334,1.4023041123064008,1.5892271305409322
3975,3975,3975,2.625,1.4023041123064008,1.5888456549935148
3976,3976,3976,2.626666666666668,1.4019226367589837,1.5884641794460974
3977,3977,3977,2.628333333333334,1.4019226367589837,1.5884641794460974
3978,3978,3978,2.630000000000001,1.4019226367589837,1.5884641794460974
3979,3979,3979,2.6316666666666677,1.4019226367589837,1.58808270389868
3980,3980,3980,2.6333333333333337,1.4011596856641488,1.58808270389868
3981,3981,3981,2.6350000000000025,1.4011596856641488,1.58808270389868
3982,3982,3982,2.6366666666666676,1.4011596856641488,1.58808270389868
3983,3983,3983,2.6383333333333336,1.4011596856641488,1.58808270389868
3984,3984,3984,2.6400000000000015,1.4007782101167314,1.5877012283512626
3985,3985,3985,2.6416666666666675,1.4007782101167314,1.5877012283512626
3986,3986,3986,2.6433333333333335,1.4007782101167314,1.5877012283512626
3987,3987,3987,2.6450000000000005,1.4007782101167314,1.5877012283512626
3988,3988,3988,2.6466666666666674,1.4007782101167314,1.5873197528038452
3989,3989,3989,2.6483333333333325,1.4003967345693138,1.5873197528038452
3990,3990,3990,2.6500000000000004,1.4003967345693138,1.5873197528038452
3991,3991,3991,2.6516666666666673,1.4003967345693138,1.5873197528038452
3992,3992,3992,2.6533333333333324,1.4003967345693138,1.5869382772564278
3993,3993,3993,2.6550000000000002,1.4000152590218966,1.5869382772564278
3994,3994,3994,2.656666666666667,1.4000152590218966,1.5869382772564278
3995,3995,3995,2.658333333333334,1.4000152590218966,1.5865568017090104
3996,3996,3996,2.66,1.4000152590218966,1.5865568017090104
3997,3997,3997,2.661666666666667,1.3996337834744792,1.5865568017090104
3998,3998,3998,2.663333333333334,1.3996337834744792,1.5865568017090104
3999,3999,3999,2.665,1.3992523079270618,1.586175326161593
4000,4000,4000,2.666666666666668,1.3996337834744792,1.5857938506141755
4001,4001,4001,2.668333333333334,1.3992523079270618,1.5857938506141755
4002,4002,4002,2.670000000000001,1.3992523079270618,1.5857938506141755
4003,4003,4003,2.6716666666666677,1.3988708323796444,1.5857938506141755
4004,4004,4004,2.673333333333334,1.3988708323796444,1.5857938506141755
4005,4005,4005,2.6750000000000025,1.3984893568322272,1.5857938506141755
4006,4006,4006,2.6766666666666676,1.3984893568322272,1.5857938506141755
4007,4007,4007,2.6783333333333337,1.3984893568322272,1.5854123750667581
4008,4008,4008,2.6800000000000015,1.3981078812848096,1.5854123750667581
4009,4009,4009,2.6816666666666675,1.3981078812848096,1.5854123750667581
4010,4010,4010,2.6833333333333336,1.3981078812848096,1.5850308995193407
4011,4011,4011,2.6850000000000005,1.3981078812848096,1.5850308995193407
4012,4012,4012,2.6866666666666674,1.3977264057373922,1.5850308995193407
4013,4013,4013,2.6883333333333335,1.3977264057373922,1.5850308995193407
4014,4014,4014,2.6900000000000004,1.3977264057373922,1.5850308995193407
4015,4015,4015,2.6916666666666673,1.3977264057373922,1.5850308995193407
4016,4016,4016,2.6933333333333325,1.3973449301899747,1.584649423971923
4017,4017,4017,2.6950000000000003,1.3973449301899747,1.584649423971923
4018,4018,4018,2.696666666666667,1.3973449301899747,1.584267948424506
4019,4019,4019,2.698333333333334,1.3969634546425571,1.584267948424506
4020,4020,4020,2.7,1.3969634546425571,1.5838864728770885
4021,4021,4021,2.701666666666667,1.3969634546425571,1.5838864728770885
4022,4022,4022,2.703333333333334,1.3973449301899747,1.5838864728770885
4023,4023,4023,2.705,1.3969634546425571,1.5838864728770885
4024,4024,4024,2.706666666666668,1.3965819790951397,1.5835049973296709
4025,4025,4025,2.708333333333334,1.3965819790951397,1.5835049973296709
4026,4026,4026,2.710000000000001,1.3965819790951397,1.5831235217822537
4027,4027,4027,2.711666666666668,1.3965819790951397,1.5835049973296709
4028,4028,4028,2.713333333333334,1.3962005035477223,1.5831235217822537
4029,4029,4029,2.7150000000000025,1.395819028000305,1.5831235217822537
4030,4030,4030,2.7166666666666677,1.395819028000305,1.5831235217822537
4031,4031,4031,2.7183333333333337,1.395819028000305,1.5827420462348365
4032,4032,4032,2.7200000000000015,1.395819028000305,1.5827420462348365
4033,4033,4033,2.7216666666666676,1.395819028000305,1.5827420462348365
4034,4034,4034,2.7233333333333336,1.3954375524528877,1.5827420462348365
4035,4035,4035,2.7250000000000005,1.3954375524528877,1.5823605706874189
4036,4036,4036,2.7266666666666675,1.3954375524528877,1.5823605706874189
4037,4037,4037,2.7283333333333335,1.3954375524528877,1.5823605706874189
4038,4038,4038,2.7300000000000004,1.3954375524528877,1.5823605706874189
4039,4039,4039,2.7316666666666674,1.3950560769054705,1.5823605706874189
4040,4040,4040,2.7333333333333325,1.3950560769054705,1.581597619592584
4041,4041,4041,2.7350000000000003,1.3946746013580529,1.581597619592584
4042,4042,4042,2.7366666666666672,1.3946746013580529,1.5819790951400017
4043,4043,4043,2.738333333333334,1.3946746013580529,1.581597619592584
4044,4044,4044,2.74,1.3946746013580529,1.581597619592584
4045,4045,4045,2.741666666666667,1.3942931258106357,1.5812161440451666
4046,4046,4046,2.743333333333334,1.3946746013580529,1.5812161440451666
4047,4047,4047,2.745,1.3942931258106357,1.5812161440451666
4048,4048,4048,2.746666666666667,1.3942931258106357,1.5812161440451666
4049,4049,4049,2.748333333333334,1.393911650263218,1.5812161440451666
4050,4050,4050,2.75,1.393911650263218,1.5808346684977492
4051,4051,4051,2.751666666666668,1.393911650263218,1.5808346684977492
4052,4052,4052,2.753333333333334,1.393911650263218,1.5808346684977492
4053,4053,4053,2.755000000000001,1.3935301747158009,1.5808346684977492
4054,4054,4054,2.7566666666666677,1.3935301747158009,1.5804531929503318
4055,4055,4055,2.7583333333333337,1.3935301747158009,1.5808346684977492
4056,4056,4056,2.7600000000000025,1.3931486991683832,1.5804531929503318
4057,4057,4057,2.7616666666666676,1.3931486991683832,1.5804531929503318
4058,4058,4058,2.7633333333333336,1.3927672236209658,1.5804531929503318
4059,4059,4059,2.7650000000000015,1.3927672236209658,1.5804531929503318
4060,4060,4060,2.7666666666666675,1.3923857480735484,1.5800717174029144
4061,4061,4061,2.7683333333333335,1.3927672236209658,1.5800717174029144
4062,4062,4062,2.7700000000000005,1.3927672236209658,1.5800717174029144
4063,4063,4063,2.7716666666666674,1.3923857480735484,1.5800717174029144
4064,4064,4064,2.7733333333333325,1.3923857480735484,1.5800717174029144
4065,4065,4065,2.7750000000000004,1.3923857480735484,1.5796902418554968
4066,4066,4066,2.7766666666666673,1.392004272526131,1.5796902418554968
4067,4067,4067,2.7783333333333324,1.392004272526131,1.5796902418554968
4068,4068,4068,2.7800000000000002,1.392004272526131,1.5793087663080796
4069,4069,4069,2.781666666666667,1.392004272526131,1.5793087663080796
4070,4070,4070,2.783333333333334,1.3916227969787136,1.5793087663080796
4071,4071,4071,2.785,1.3916227969787136,1.5793087663080796
4072,4072,4072,2.786666666666667,1.3916227969787136,1.5789272907606622
4073,4073,4073,2.788333333333334,1.3916227969787136,1.5789272907606622
4074,4074,4074,2.79,1.3916227969787136,1.5789272907606622
4075,4075,4075,2.791666666666668,1.3912413214312962,1.5785458152132448
4076,4076,4076,2.793333333333334,1.3912413214312962,1.5785458152132448
4077,4077,4077,2.795000000000001,1.3912413214312962,1.5785458152132448
4078,4078,4078,2.7966666666666677,1.3912413214312962,1.5785458152132448
4079,4079,4079,2.798333333333334,1.3908598458838788,1.5785458152132448
4080,4080,4080,2.8000000000000025,1.3904783703364614,1.5781643396658274
4081,4081,4081,2.8016666666666676,1.390096894789044,1.5785458152132448
4082,4082,4082,2.8033333333333337,1.390096894789044,1.5781643396658274
4083,4083,4083,2.8050000000000015,1.390096894789044,1.5781643396658274
4084,4084,4084,2.8066666666666675,1.390096894789044,1.57778286411841
4085,4085,4085,2.8083333333333336,1.3897154192416266,1.57778286411841
4086,4086,4086,2.8100000000000005,1.390096894789044,1.57778286411841
4087,4087,4087,2.8116666666666674,1.390096894789044,1.57778286411841
4088,4088,4088,2.8133333333333335,1.3897154192416266,1.57778286411841
4089,4089,4089,2.8150000000000004,1.3897154192416266,1.57778286411841
4090,4090,4090,2.8166666666666673,1.3897154192416266,1.57778286411841
4091,4091,4091,2.8183333333333325,1.3897154192416266,1.57778286411841
4092,4092,4092,2.8200000000000003,1.3893339436942092,1.5774013885709923
4093,4093,4093,2.821666666666667,1.3893339436942092,1.5774013885709923
4094,4094,4094,2.823333333333334,1.3889524681467915,1.5774013885709923
4095,4095,4095,2.825,1.3889524681467915,1.5774013885709923
4096,4096,4096,2.826666666666667,1.3893339436942092,1.5774013885709923
4097,4097,4097,2.828333333333334,1.3889524681467915,1.5770199130235751
4098,4098,4098,2.83,1.3889524681467915,1.5770199130235751
4099,4099,4099,2.831666666666668,1.3889524681467915,1.5770199130235751
4100,4100,4100,2.833333333333334,1.3885709925993743,1.5766384374761575
4101,4101,4101,2.835000000000001,1.3885709925993743,1.5766384374761575
4102,4102,4102,2.836666666666668,1.388189517051957,1.5766384374761575
4103,4103,4103,2.838333333333334,1.3885709925993743,1.5766384374761575
4104,4104,4104,2.8400000000000025,1.388189517051957,1.5762569619287403
4105,4105,4105,2.8416666666666677,1.387426565957122,1.5766384374761575
4106,4106,4106,2.8433333333333337,1.3878080415045395,1.5762569619287403
4107,4107,4107,2.8450000000000015,1.387426565957122,1.5762569619287403
4108,4108,4108,2.8466666666666676,1.3878080415045395,1.5766384374761575
4109,4109,4109,2.8483333333333336,1.387426565957122,1.5758754863813234
4110,4110,4110,2.8500000000000005,1.3870450904097047,1.5758754863813234
4111,4111,4111,2.8516666666666675,1.387426565957122,1.5758754863813234
4112,4112,4112,2.8533333333333335,1.387426565957122,1.5758754863813234
4113,4113,4113,2.8550000000000004,1.3870450904097047,1.5758754863813234
4114,4114,4114,2.8566666666666674,1.3870450904097047,1.5754940108339055
4115,4115,4115,2.8583333333333325,1.3870450904097047,1.5754940108339055
4116,4116,4116,2.8600000000000003,1.3870450904097047,1.5754940108339055
4117,4117,4117,2.8616666666666672,1.3866636148622873,1.575112535286488
4118,4118,4118,2.863333333333334,1.3866636148622873,1.575112535286488
4119,4119,4119,2.865,1.3866636148622873,1.575112535286488
4120,4120,4120,2.866666666666667,1.3866636148622873,1.5747310597390711
4121,4121,4121,2.868333333333334,1.3866636148622873,1.5747310597390711
4122,4122,4122,2.87,1.3862821393148703,1.5747310597390711
4123,4123,4123,2.871666666666667,1.3862821393148703,1.5747310597390711
4124,4124,4124,2.873333333333334,1.3862821393148703,1.5743495841916533
4125,4125,4125,2.875,1.3862821393148703,1.5743495841916533
4126,4126,4126,2.876666666666668,1.3862821393148703,1.5743495841916533
4127,4127,4127,2.878333333333334,1.3859006637674525,1.5743495841916533
4128,4128,4128,2.880000000000001,1.3862821393148703,1.5743495841916533
4129,4129,4129,2.8816666666666677,1.3859006637674525,1.5739681086442356
4130,4130,4130,2.8833333333333337,1.3859006637674525,1.5739681086442356
4131,4131,4131,2.8850000000000025,1.3859006637674525,1.5735866330968185
4132,4132,4132,2.8866666666666676,1.3859006637674525,1.5735866330968185
4133,4133,4133,2.8883333333333336,1.3859006637674525,1.5735866330968185
4134,4134,4134,2.8900000000000015,1.3855191882200348,1.5735866330968185
4135,4135,4135,2.8916666666666675,1.3855191882200348,1.5732051575494008
4136,4136,4136,2.8933333333333335,1.3851377126726176,1.5732051575494008
4137,4137,4137,2.8950000000000005,1.3851377126726176,1.5732051575494008
4138,4138,4138,2.8966666666666674,1.3851377126726176,1.5732051575494008
4139,4139,4139,2.8983333333333325,1.3851377126726176,1.5732051575494008
4140,4140,4140,2.9000000000000004,1.3851377126726176,1.5728236820019836
4141,4141,4141,2.9016666666666673,1.3847562371252002,1.5728236820019836
4142,4142,4142,2.9033333333333324,1.3851377126726176,1.5728236820019836
4143,4143,4143,2.9050000000000002,1.3851377126726176,1.5724422064545662
4144,4144,4144,2.906666666666667,1.3847562371252002,1.5724422064545662
4145,4145,4145,2.908333333333334,1.3843747615777828,1.5720607309071488
4146,4146,4146,2.91,1.3847562371252002,1.5718819683749496
4147,4147,4147,2.911666666666667,1.3843747615777828,1.5710341355980486
4148,4148,4148,2.913333333333334,1.3839932860303654,1.5701863028211471
4149,4149,4149,2.915,1.3843747615777828,1.5693384700442456
4150,4150,4150,2.916666666666668,1.3839932860303654,1.5681091617199272
4151,4151,4151,2.918333333333334,1.3843747615777828,1.5676428044904436
4152,4152,4152,2.920000000000001,1.3839932860303654,1.566413496166125
4153,4153,4153,2.9216666666666677,1.3839932860303654,1.5651841878418058
4154,4154,4154,2.923333333333334,1.3839932860303654,1.5643363550649043
4155,4155,4155,2.9250000000000025,1.3836118104829482,1.5634885222880028
4156,4156,4156,2.9266666666666676,1.3839932860303654,1.5626406895111022
4157,4157,4157,2.9283333333333337,1.3836118104829482,1.5617928567342008
4158,4158,4158,2.9300000000000015,1.3839932860303654,1.560563548409882
4159,4159,4159,2.9316666666666675,1.3836118104829482,1.5597157156329804
4160,4160,4160,2.9333333333333336,1.3836118104829482,1.5588678828560798
4161,4161,4161,2.9350000000000005,1.3836118104829482,1.5580200500791783
4162,4162,4162,2.9366666666666674,1.3832303349355306,1.5567907417548594
4163,4163,4163,2.9383333333333335,1.3832303349355306,1.5559429089779584
4164,4164,4164,2.9400000000000004,1.3832303349355306,1.5550950762010574
4165,4165,4165,2.9416666666666673,1.3828488593881132,1.5534842923293208
4166,4166,4166,2.9433333333333325,1.3828488593881132,1.5530179350998374
4167,4167,4167,2.9450000000000003,1.3828488593881132,1.552170102322936
4168,4168,4168,2.946666666666667,1.3824673838406958,1.5509407939986168
4169,4169,4169,2.948333333333334,1.3824673838406958,1.5500929612217158
4170,4170,4170,2.95,1.3820859082932784,1.5488636528973976
4171,4171,4171,2.951666666666667,1.3824673838406958,1.5480158201204959
4172,4172,4172,2.953333333333334,1.3820859082932784,1.5471679873435946
4173,4173,4173,2.955,1.3824673838406958,1.5463201545666936
4174,4174,4174,2.956666666666668,1.3820859082932784,1.5454723217897919
4175,4175,4175,2.958333333333334,1.3817044327458607,1.5442430134654732
4176,4176,4176,2.960000000000001,1.3817044327458607,1.5433951806885715
4177,4177,4177,2.961666666666668,1.3817044327458607,1.5425473479116711
4178,4178,4178,2.963333333333334,1.3817044327458607,1.5416995151347697
4179,4179,4179,2.9650000000000025,1.381492867535293,1.5408516823578682
4180,4180,4180,2.9666666666666677,1.3803527468107566,1.5396223740335495
4181,4181,4181,2.9683333333333337,1.3795941016336366,1.5387745412566483
4182,4182,4182,2.9700000000000015,1.3788354564565162,1.5379267084797468
4183,4183,4183,2.9716666666666676,1.377695335731979,1.537078875702846
4184,4184,4184,2.9733333333333336,1.376936690554859,1.5358495673785273
4185,4185,4185,2.9750000000000005,1.3761780453777397,1.5350017346016258
4186,4186,4186,2.9766666666666675,1.375419400200619,1.5341539018247248
4187,4187,4187,2.9783333333333335,1.3742792794760823,1.532924593500406
4188,4188,4188,2.9800000000000004,1.373139158751545,1.5324582362709225
4189,4189,4189,2.9816666666666674,1.3723805135744251,1.5312289279466031
4190,4190,4190,2.9833333333333325,1.3712403928498886,1.5303810951697026
4191,4191,4191,2.9850000000000003,1.3704817476727682,1.529151786845384
4192,4192,4192,2.9866666666666672,1.3701045780430652,1.5283039540684824
4193,4193,4193,2.988333333333334,1.368964457318529,1.5274561212915811
4194,4194,4194,2.99,1.3682058121414082,1.526226812967262
4195,4195,4195,2.991666666666667,1.3670656914168708,1.5253789801903608
4196,4196,4196,2.993333333333334,1.3663070462397509,1.5245311474134595
4197,4197,4197,2.995,1.365548401062631,1.5236833146365585
4198,4198,4198,2.996666666666667,1.3644082803380937,1.5224540063122394
4199,4199,4199,2.998333333333334,1.363649635160974,1.5216061735353383
4200,4200,4200,3.000000000000001,1.3625095144364368,1.5207583407584369
4201,4201,4201,3.001666666666668,1.3617508692593172,1.5199105079815358
4202,4202,4202,3.003333333333334,1.3609922240821968,1.5186811996572172
4203,4203,4203,3.005000000000001,1.3602335789050772,1.5182148424277333
4204,4204,4204,3.0066666666666677,1.3590934581805398,1.5173670096508325
4205,4205,4205,3.0083333333333337,1.3583348130034203,1.5161377013265136
4206,4206,4206,3.0100000000000025,1.3571946922788831,1.5149083930021952
4207,4207,4207,3.0116666666666676,1.356436047101763,1.5140605602252943
4208,4208,4208,3.0133333333333336,1.355677401924643,1.5132127274483929
4209,4209,4209,3.0150000000000015,1.3545372812001062,1.5119834191240735
4210,4210,4210,3.0166666666666675,1.3537786360229862,1.5111355863471725
4211,4211,4211,3.0183333333333335,1.3530199908458662,1.5102877535702717
4212,4212,4212,3.0200000000000005,1.3518798701213286,1.5094399207933702
4213,4213,4213,3.0216666666666674,1.3511212249442088,1.5082106124690515
4214,4214,4214,3.0233333333333325,1.3499811042196717,1.5073627796921498
4215,4215,4215,3.0250000000000004,1.349222459042552,1.5065149469152486
4216,4216,4216,3.0266666666666673,1.3484638138654317,1.50528563859093
4217,4217,4217,3.0283333333333324,1.3477051686883117,1.5044378058140289
4218,4218,4218,3.0300000000000002,1.3465650479637747,1.5035899730371274
4219,4219,4219,3.031666666666667,1.3458064027866552,1.5023606647128085
4220,4220,4220,3.033333333333334,1.3446662820621174,1.5011313563884896
4221,4221,4221,3.035,1.3439076368849978,1.5006649991590064
4222,4222,4222,3.036666666666667,1.3427675161604604,1.4998171663821052
4223,4223,4223,3.038333333333334,1.3420088709833409,1.4985878580577858
4224,4224,4224,3.04,1.3412502258062204,1.4977400252808857
4225,4225,4225,3.041666666666668,1.3401101050816835,1.4965107169565666
4226,4226,4226,3.043333333333334,1.339732935451981,1.495662884179665
4227,4227,4227,3.045000000000001,1.3385928147274428,1.4948150514027636
4228,4228,4228,3.0466666666666677,1.337452694002906,1.4939672186258628
4229,4229,4229,3.048333333333334,1.3363125732783692,1.492737910301544
4230,4230,4230,3.0500000000000025,1.3355539281012492,1.4918900775246426
4231,4231,4231,3.0516666666666676,1.3347952829241296,1.4910422447477416
4232,4232,4232,3.0533333333333337,1.3340366377470092,1.4901944119708406
4233,4233,4233,3.0550000000000015,1.3328965170224722,1.4889651036465217
4234,4234,4234,3.0566666666666675,1.3321378718453525,1.4881172708696202
4235,4235,4235,3.0583333333333336,1.3309977511208153,1.486887962545301
4236,4236,4236,3.0600000000000005,1.3302391059436949,1.4860401297683998
4237,4237,4237,3.0616666666666674,1.329480460766575,1.4851922969914992
4238,4238,4238,3.0633333333333335,1.3287218155894551,1.4839629886671803
4239,4239,4239,3.0650000000000004,1.3275816948649184,1.4831151558902789
4240,4240,4240,3.0666666666666673,1.326823049687798,1.48188584756596
4241,4241,4241,3.0683333333333325,1.3260644045106784,1.4810380147890594
4242,4242,4242,3.0700000000000003,1.3253057593335584,1.4801901820121584
4243,4243,4243,3.071666666666667,1.3241656386090217,1.4793423492352564
4244,4244,4244,3.073333333333334,1.3234069934319008,1.4781130409109375
4245,4245,4245,3.075,1.3222668727073639,1.477265208134037
4246,4246,4246,3.076666666666667,1.321508227530244,1.476035899809718
4247,4247,4247,3.078333333333334,1.3207495823531237,1.4755695425802342
4248,4248,4248,3.08,1.3196094616285865,1.4743402342559155
4249,4249,4249,3.081666666666668,1.3184693409040498,1.4734924014790145
4250,4250,4250,3.083333333333334,1.3177106957269298,1.4722630931546954
4251,4251,4251,3.085000000000001,1.3169520505498091,1.471415260377794
4252,4252,4252,3.086666666666668,1.3158119298252724,1.4705674276008929
4253,4253,4253,3.088333333333334,1.3150532846481529,1.4697195948239914
4254,4254,4254,3.0900000000000025,1.3142946394710329,1.4684902864996732
4255,4255,4255,3.0916666666666677,1.313154518746496,1.467260978175354
4256,4256,4256,3.0933333333333337,1.3123958735693757,1.4667946209458702
4257,4257,4257,3.0950000000000015,1.3116372283922555,1.4655653126215515
4258,4258,4258,3.0966666666666676,1.310878583215136,1.4647174798446505
4259,4259,4259,3.0983333333333336,1.3097384624905988,1.4634881715203318
4260,4260,4260,3.1000000000000005,1.3089798173134783,1.4622588631960127
4261,4261,4261,3.1016666666666675,1.3082211721363584,1.4614110304191112
4262,4262,4262,3.1033333333333335,1.3074625269592388,1.4605631976422109
4263,4263,4263,3.1050000000000004,1.306322406234702,1.4597153648653092
4264,4264,4264,3.1066666666666674,1.3055637610575817,1.4584860565409905
4265,4265,4265,3.1083333333333325,1.3044236403330447,1.4572567482166718
4266,4266,4266,3.1100000000000003,1.3036649951559247,1.4567903909871882
4267,4267,4267,3.1116666666666672,1.3029063499788047,1.455561082662869
4268,4268,4268,3.113333333333334,1.3017662292542682,1.4547132498859678
4269,4269,4269,3.115,1.301007584077148,1.4538654171090668
4270,4270,4270,3.116666666666667,1.2998674633526104,1.4526361087847484
4271,4271,4271,3.118333333333334,1.2991088181754904,1.451788276007847
4272,4272,4272,3.12,1.2983501729983709,1.4505589676835289
4273,4273,4273,3.121666666666667,1.2972100522738332,1.4497111349066272
4274,4274,4274,3.123333333333334,1.2964514070967132,1.4488633021297257
4275,4275,4275,3.125000000000001,1.2953112863721759,1.4476339938054077
4276,4276,4276,3.126666666666668,1.2949341167424735,1.4471676365759232
4277,4277,4277,3.128333333333334,1.2941754715653533,1.445938328251605
4278,4278,4278,3.130000000000001,1.2930353508408166,1.4447090199272858
4279,4279,4279,3.1316666666666677,1.292276705663697,1.4438611871503844
4280,4280,4280,3.1333333333333337,1.2915180604865772,1.4426318788260657
4281,4281,4281,3.1350000000000025,1.2903779397620392,1.4414025705017468
4282,4282,4282,3.1366666666666676,1.2896192945849196,1.440554737724846
4283,4283,4283,3.1383333333333336,1.2888606494078,1.4397069049479445
4284,4284,4284,3.1400000000000015,1.2881020042306799,1.4388590721710437
4285,4285,4285,3.1416666666666675,1.2869618835061425,1.4380112393941418
4286,4286,4286,3.1433333333333335,1.2862032383290227,1.4367819310698235
4287,4287,4287,3.1450000000000005,1.2854445931519027,1.4359340982929218
4288,4288,4288,3.1466666666666674,1.2843044724273658,1.4347047899686036
4289,4289,4289,3.1483333333333325,1.2831643517028286,1.4338569571917026
4290,4290,4290,3.1500000000000004,1.2824057065257082,1.433009124414801
4291,4291,4291,3.1516666666666673,1.2816470613485882,1.4317798160904822
4292,4292,4292,3.1533333333333324,1.2808884161714686,1.4309319833135807
4293,4293,4293,3.1550000000000002,1.280129770994349,1.43008415053668
4294,4294,4294,3.156666666666667,1.2789896502698113,1.4292363177597789
4295,4295,4295,3.158333333333334,1.2782310050926913,1.42800700943546
4296,4296,4296,3.16,1.2770908843681543,1.4271591766585583
4297,4297,4297,3.161666666666667,1.2763322391910341,1.4263113438816584
4298,4298,4298,3.163333333333334,1.2755735940139143,1.4250820355573388
4299,4299,4299,3.165,1.2748149488367948,1.424234202780437
4300,4300,4300,3.166666666666668,1.2736748281122574,1.4230048944561184
4301,4301,4301,3.168333333333334,1.2732976584825544,1.4217755861318002
4302,4302,4302,3.170000000000001,1.2721575377580174,1.4209277533548983
4303,4303,4303,3.1716666666666677,1.271398892580898,1.4200799205779977
4304,4304,4304,3.173333333333334,1.2706402474037781,1.4192320878010958
4305,4305,4305,3.1750000000000025,1.2695001266792398,1.4180027794767767
4306,4306,4306,3.1766666666666676,1.2687414815021203,1.4171549466998763
4307,4307,4307,3.1783333333333337,1.2679828363250003,1.416307113922975
4308,4308,4308,3.1800000000000015,1.2672241911478808,1.4154592811460736
4309,4309,4309,3.1816666666666675,1.2660840704233431,1.4142299728217549
4310,4310,4310,3.1833333333333336,1.2653254252462236,1.413382140044854
4311,4311,4311,3.1850000000000005,1.264185304521686,1.4125343072679526
4312,4312,4312,3.1866666666666674,1.2634266593445664,1.4113049989436337
4313,4313,4313,3.1883333333333335,1.2626680141674471,1.4104571661667331
4314,4314,4314,3.1900000000000004,1.2619093689903265,1.4096093333898316
4315,4315,4315,3.1916666666666673,1.2603877727183717,1.4087615006129302
4316,4316,4316,3.1933333333333325,1.2600106030886695,1.407532192288611
4317,4317,4317,3.1950000000000003,1.2592519579115498,1.4063028839642933
4318,4318,4318,3.196666666666667,1.258111837187012,1.405836526734809
4319,4319,4319,3.198333333333334,1.2569717164624747,1.4046072184104903
4320,4320,4320,3.2,1.2565945468327726,1.4037593856335888
4321,4321,4321,3.201666666666667,1.2554544261082352,1.4025300773092697
4322,4322,4322,3.203333333333334,1.2546957809311152,1.4016822445323682
4323,4323,4323,3.205,1.2539371357539957,1.400452936208051
4324,4324,4324,3.206666666666668,1.2531784905768757,1.3996051034311492
4325,4325,4325,3.208333333333334,1.2520383698523383,1.3987572706542477
4326,4326,4326,3.210000000000001,1.251279724675218,1.3979094378773462
4327,4327,4327,3.211666666666668,1.2505210794980983,1.3970616051004456
4328,4328,4328,3.213333333333334,1.2493809587735618,1.3962137723235442
4329,4329,4329,3.2150000000000025,1.2486223135964418,1.3949844639992253
4330,4330,4330,3.2166666666666677,1.2474821928719046,1.393755155674907
4331,4331,4331,3.2183333333333337,1.2467235476947842,1.393288798445423
4332,4332,4332,3.2200000000000015,1.2463463780650823,1.392059490121104
4333,4333,4333,3.2216666666666676,1.245206257340545,1.3912116573442026
4334,4334,4334,3.2233333333333336,1.244066136616008,1.3903638245673018
4335,4335,4335,3.2249999999999996,1.2433074914388875,1.3891345162429831
4336,4336,4336,3.2266666666666675,1.2417858951669325,1.3882866834660816
4337,4337,4337,3.2283333333333326,1.24140872553723,1.3874388506891806
4338,4338,4338,3.2300000000000004,1.2406500803601106,1.3862095423648624
4339,4339,4339,3.2316666666666674,1.2398914351829902,1.385361709587961
4340,4340,4340,3.2333333333333316,1.2387513144584534,1.3841324012636418
4341,4341,4341,3.2350000000000003,1.2379926692813334,1.383666044034158
4342,4342,4342,3.2366666666666672,1.2372340241042141,1.3828182112572565
4343,4343,4343,3.238333333333334,1.236093903379676,1.3815889029329371
4344,4344,4344,3.24,1.2353352582025563,1.3803595946086191
4345,4345,4345,3.241666666666667,1.2345766130254363,1.379511761831718
4346,4346,4346,3.243333333333334,1.2338179678483159,1.3786639290548164
4347,4347,4347,3.245,1.2326778471237791,1.3774346207304982
4348,4348,4348,3.246666666666667,1.232300677494077,1.376586787953597
4349,4349,4349,3.248333333333334,1.2311605567695396,1.3757389551766952
4350,4350,4350,3.250000000000001,1.2304019115924192,1.3745096468523763
4351,4351,4351,3.251666666666668,1.2292617908678822,1.374043289622893
4352,4352,4352,3.253333333333334,1.228503145690763,1.3728139812985745
4353,4353,4353,3.255000000000001,1.227363024966225,1.3719661485216728
4354,4354,4354,3.2566666666666677,1.2269858553365232,1.371118315744772
4355,4355,4355,3.2583333333333337,1.225845734611985,1.3698890074204528
4356,4356,4356,3.2600000000000025,1.2250870894348649,1.369041174643552
4357,4357,4357,3.2616666666666676,1.2243284442577456,1.368193341866651
4358,4358,4358,3.2633333333333336,1.2231883235332088,1.3673455090897495
4359,4359,4359,3.2650000000000015,1.2224296783560884,1.3661162007654306
4360,4360,4360,3.2666666666666675,1.2209080820841336,1.3652683679885296
4361,4361,4361,3.2683333333333326,1.2205309124544317,1.3644205352116279
4362,4362,4362,3.2699999999999996,1.2193907917298945,1.3635727024347266
4363,4363,4363,3.2716666666666674,1.2190136221001917,1.3623433941104075
4364,4364,4364,3.2733333333333308,1.2178735013756543,1.361495561333507
4365,4365,4365,3.2750000000000004,1.2171148561985343,1.3606477285566057
4366,4366,4366,3.2766666666666673,1.2163562110214146,1.3597998957797042
4367,4367,4367,3.2783333333333324,1.2152160902968772,1.358570587455385
4368,4368,4368,3.2800000000000002,1.2144574451197576,1.3577227546784842
4369,4369,4369,3.281666666666667,1.2136987999426376,1.3564934463541658
4370,4370,4370,3.283333333333334,1.2125586792181002,1.3556456135772643
4371,4371,4371,3.285,1.2118000340409802,1.3547977808003633
4372,4372,4372,3.286666666666667,1.2106599133164433,1.3539499480234618
4373,4373,4373,3.288333333333334,1.2102827436867407,1.3531021152465608
4374,4374,4374,3.29,1.2095240985096212,1.3518728069222423
4375,4375,4375,3.291666666666668,1.208383977785083,1.3510249741453408
4376,4376,4376,3.293333333333334,1.2076253326079631,1.3497956658210222
4377,4377,4377,3.295000000000001,1.2064852118834264,1.3489478330441205
4378,4378,4378,3.2966666666666677,1.2057265667063068,1.34810000026722
4379,4379,4379,3.298333333333334,1.2045864459817692,1.3472521674903184
4380,4380,4380,3.3000000000000025,1.2038278008046488,1.3460228591659995
4381,4381,4381,3.3016666666666676,1.202687680080112,1.3451750263890978
4382,4382,4382,3.3033333333333337,1.2023105104504097,1.344327193612197
4383,4383,4383,3.3050000000000015,1.2015518652732895,1.3434793608352955
4384,4384,4384,3.3066666666666675,1.200411744548752,1.3426315280583938
4385,4385,4385,3.3083333333333336,1.1992716238242154,1.341402219734076
4386,4386,4386,3.3099999999999996,1.1988944541945126,1.340554386957175
4387,4387,4387,3.3116666666666674,1.198135809017393,1.3397065541802735
4388,4388,4388,3.3133333333333326,1.196995688292856,1.3388587214033725
4389,4389,4389,3.3150000000000004,1.196237043115736,1.338010888626471
4390,4390,4390,3.3166666666666673,1.1950969223911982,1.3367815803021514
4391,4391,4391,3.3183333333333325,1.1943382772140787,1.3359337475252504
4392,4392,4392,3.3200000000000003,1.1935796320369592,1.3347044392009322
4393,4393,4393,3.321666666666667,1.192439511312421,1.3338566064240307
4394,4394,4394,3.323333333333334,1.1920623416827187,1.3326272980997116
4395,4395,4395,3.325,1.1909222209581818,1.331779465322811
4396,4396,4396,3.326666666666667,1.1901635757810614,1.3309316325459095
4397,4397,4397,3.328333333333334,1.1890234550565244,1.330083799769008
4398,4398,4398,3.33,1.1882648098794049,1.3292359669921074
4399,4399,4399,3.331666666666668,1.1875061647022849,1.3280066586677888
4400,4400,4400,3.333333333333334,1.186366043977747,1.3271588258908873
4401,4401,4401,3.335000000000001,1.1856073988006277,1.3259295175665682
4402,4402,4402,3.336666666666668,1.1848487536235082,1.3250816847896667
4403,4403,4403,3.338333333333334,1.1837086328989708,1.3242338520127652
4404,4404,4404,3.3400000000000025,1.1829499877218503,1.3233860192358642
4405,4405,4405,3.3416666666666677,1.1818098669973132,1.322156710911546
4406,4406,4406,3.3433333333333337,1.1810512218201932,1.3216903536820617
4407,4407,4407,3.3450000000000015,1.1802925766430736,1.320461045357743
4408,4408,4408,3.3466666666666676,1.1795339314659532,1.3196132125808422
4409,4409,4409,3.3483333333333336,1.1787752862888337,1.3183839042565233
4410,4410,4410,3.3499999999999996,1.1776351655642965,1.3175360714796218
4411,4411,4411,3.3516666666666675,1.1768765203871767,1.3166882387027203
4412,4412,4412,3.3533333333333326,1.1761178752100572,1.3158404059258195
4413,4413,4413,3.3550000000000004,1.1753592300329367,1.3149925731489185
4414,4414,4414,3.3566666666666674,1.1742191093083991,1.3141447403720168
4415,4415,4415,3.3583333333333316,1.1734604641312798,1.3129154320476992
4416,4416,4416,3.3600000000000003,1.1727018189541594,1.3120675992707975
4417,4417,4417,3.3616666666666672,1.1719431737770398,1.3112197664938965
4418,4418,4418,3.363333333333334,1.1711845285999198,1.3099904581695772
4419,4419,4419,3.365,1.1700444078753829,1.3091426253926766
4420,4420,4420,3.366666666666667,1.1692857626982625,1.307913317068358
4421,4421,4421,3.368333333333334,1.1685271175211431,1.3074469598388736
4422,4422,4422,3.37,1.1677684723440234,1.306217651514555
4423,4423,4423,3.371666666666667,1.1666283516194857,1.3053698187376537
4424,4424,4424,3.373333333333334,1.165488230894948,1.304521985960752
4425,4425,4425,3.375000000000001,1.164729585717828,1.3032926776364333
4426,4426,4426,3.376666666666668,1.1639709405407086,1.3024448448595325
4427,4427,4427,3.378333333333334,1.1628308198161716,1.3012155365352134
4428,4428,4428,3.380000000000001,1.1620721746390517,1.2999862282108945
4429,4429,4429,3.3816666666666677,1.1613135294619317,1.2991383954339941
4430,4430,4430,3.3833333333333337,1.1601734087373945,1.2982905626570924
4431,4431,4431,3.3850000000000025,1.1594147635602747,1.2978242054276083
4432,4432,4432,3.3866666666666676,1.1586561183831552,1.2965948971032903
4433,4433,4433,3.3883333333333336,1.1578974732060348,1.2957470643263889
4434,4434,4434,3.3900000000000015,1.1571388280289148,1.2948992315494874
4435,4435,4435,3.3916666666666675,1.1559987073043774,1.2936699232251685
4436,4436,4436,3.3933333333333326,1.1552400621272578,1.2928220904482681
4437,4437,4437,3.3949999999999996,1.1548628924975552,1.2919742576713664
4438,4438,4438,3.3966666666666674,1.153722771773018,1.2911264248944652
4439,4439,4439,3.3983333333333308,1.1529641265958983,1.290278592117564
4440,4440,4440,3.4000000000000004,1.151824005871361,1.289049283793245
4441,4441,4441,3.4016666666666673,1.1510653606942414,1.2878199754689266
4442,4442,4442,3.4033333333333324,1.1503067155171207,1.2869721426920249
4443,4443,4443,3.4050000000000002,1.1495480703400014,1.2861243099151236
4444,4444,4444,3.406666666666667,1.148407949615464,1.285276477138222
4445,4445,4445,3.408333333333334,1.1476493044383436,1.2840471688139032
4446,4446,4446,3.41,1.146890659261224,1.2831993360370026
4447,4447,4447,3.411666666666667,1.1461320140841045,1.2823515032601012
4448,4448,4448,3.413333333333334,1.1453733689069845,1.2811221949357825
4449,4449,4449,3.415,1.144614723729865,1.2802743621588817
4450,4450,4450,3.416666666666668,1.1434746030053269,1.2794265293819802
4451,4451,4451,3.418333333333334,1.1427159578282071,1.278197221057661
4452,4452,4452,3.420000000000001,1.1415758371036702,1.2773493882807598
4453,4453,4453,3.4216666666666677,1.140435716379133,1.2765015555038588
4454,4454,4454,3.423333333333334,1.1396770712020126,1.2752722471795404
4455,4455,4455,3.4250000000000025,1.1389184260248926,1.2744244144026389
4456,4456,4456,3.4266666666666676,1.138159780847773,1.2735765816257378
4457,4457,4457,3.4283333333333337,1.1374011356706537,1.2727287488488364
4458,4458,4458,3.4300000000000015,1.136642490493533,1.271880916071935
4459,4459,4459,3.4316666666666675,1.135502369768996,1.2706516077476164
4460,4460,4460,3.4333333333333336,1.1343622490444587,1.2698037749707154
4461,4461,4461,3.4349999999999996,1.1339850794147568,1.268955942193814
4462,4462,4462,3.4366666666666674,1.1328449586902187,1.2677266338694957
4463,4463,4463,3.4383333333333326,1.1320863135130992,1.2668788010925942
4464,4464,4464,3.4400000000000004,1.1313276683359792,1.2660309683156927
4465,4465,4465,3.4416666666666673,1.1305690231588588,1.2651831355387912
4466,4466,4466,3.4433333333333325,1.1298103779817392,1.2643353027618898
4467,4467,4467,3.4450000000000003,1.1286702572572025,1.2631059944375715
4468,4468,4468,3.446666666666667,1.1279116120800825,1.2622581616606698
4469,4469,4469,3.448333333333334,1.1267714913555449,1.2610288533363507
4470,4470,4470,3.45,1.1263943217258423,1.2605624961068675
4471,4471,4471,3.451666666666667,1.1256356765487228,1.2593331877825489
4472,4472,4472,3.453333333333334,1.1244955558241856,1.2584853550056474
4473,4473,4473,3.455,1.123736910647066,1.2572560466813292
4474,4474,4474,3.456666666666668,1.1229782654699456,1.2564082139044277
4475,4475,4475,3.458333333333334,1.121838144745408,1.2551789055801092
4476,4476,4476,3.460000000000001,1.121460975115706,1.2543310728032078
4477,4477,4477,3.461666666666668,1.1199393788437515,1.253864715573724
4478,4478,4478,3.463333333333334,1.1191807336666313,1.2526354072494053
4479,4479,4479,3.4650000000000025,1.1184220884895113,1.2517875744725038
4480,4480,4480,3.4666666666666677,1.1172819677649746,1.250558266148186
4481,4481,4481,3.4683333333333337,1.1169047981352722,1.2497104333712843
4482,4482,4482,3.4700000000000015,1.1157646774107346,1.248862600594383
4483,4483,4483,3.4716666666666676,1.1150060322336146,1.2480147678174816
4484,4484,4484,3.4733333333333336,1.1138659115090774,1.2471669350405803
4485,4485,4485,3.4749999999999996,1.1131072663319574,1.2459376267162614
4486,4486,4486,3.4766666666666675,1.1123486211548377,1.2450897939393601
4487,4487,4487,3.4783333333333326,1.1115899759777181,1.2438604856150417
4488,4488,4488,3.4800000000000004,1.110831330800598,1.2430126528381409
4489,4489,4489,3.4816666666666674,1.1096912100760608,1.2421648200612392
4490,4490,4490,3.4833333333333316,1.1089325648989412,1.2409355117369203
4491,4491,4491,3.4850000000000003,1.1081739197218212,1.2404691545074369
4492,4492,4492,3.4866666666666672,1.1074152745447012,1.2392398461831176
4493,4493,4493,3.488333333333334,1.1062751538201638,1.2383920134062163
4494,4494,4494,3.49,1.1055165086430443,1.2371627050818983
4495,4495,4495,3.491666666666667,1.104757863465924,1.2363148723049968
4496,4496,4496,3.493333333333334,1.1039992182888043,1.2350855639806777
4497,4497,4497,3.495,1.1032405731116848,1.2346192067511947
4498,4498,4498,3.496666666666667,1.1021004523871472,1.2333898984268756
4499,4499,4499,3.498333333333334,1.1013418072100267,1.2329235411973918
4500,4500,4500,3.500000000000001,1.1005831620329072,1.231694232873073
4501,4501,4501,3.501666666666668,1.0994430413083702,1.230846400096172
4502,4502,4502,3.503333333333334,1.0990658716786676,1.2296170917718532
4503,4503,4503,3.505000000000001,1.0979257509541298,1.2287692589949517
4504,4504,4504,3.5066666666666677,1.0967856302295929,1.2279214262180502
4505,4505,4505,3.5083333333333337,1.0952640339576378,1.2270735934411487
4506,4506,4506,3.5100000000000025,1.0945053887805185,1.22584428511683
4507,4507,4507,3.5116666666666676,1.0945096946982338,1.2249964523399288
4508,4508,4508,3.5133333333333336,1.0937510495211131,1.2241486195630276
4509,4509,4509,3.5150000000000015,1.092610928796576,1.223300786786126
4510,4510,4510,3.5166666666666675,1.0914708080720388,1.222071478461808
4511,4511,4511,3.5183333333333326,1.0907121628949192,1.2212236456849068
4512,4512,4512,3.5199999999999996,1.0899535177177988,1.2203758129080051
4513,4513,4513,3.5216666666666674,1.0891948725406788,1.219527980131104
4514,4514,4514,3.5233333333333308,1.088054751816142,1.2186801473542033
4515,4515,4515,3.5250000000000004,1.0876775821864388,1.2174508390298844
4516,4516,4516,3.5266666666666673,1.0865374614619019,1.216603006252983
4517,4517,4517,3.5283333333333324,1.085778816284782,1.2157551734760814
4518,4518,4518,3.5300000000000002,1.0846386955602452,1.2149073406991808
4519,4519,4519,3.531666666666667,1.0838800503831247,1.2136780323748622
4520,4520,4520,3.533333333333334,1.0827399296585878,1.212448724050543
4521,4521,4521,3.535,1.0823627600288857,1.2116008912736425
4522,4522,4522,3.536666666666667,1.0816041148517657,1.210753058496741
4523,4523,4523,3.538333333333334,1.0804639941272278,1.2099052257198395
4524,4524,4524,3.540000000000001,1.0797053489501078,1.209057392942938
4525,4525,4525,3.541666666666668,1.0785652282255709,1.2078280846186191
4526,4526,4526,3.543333333333334,1.0778065830484511,1.2069802518417176
4527,4527,4527,3.545000000000001,1.077047937871331,1.2057509435173992
4528,4528,4528,3.5466666666666677,1.0762892926942114,1.2049031107404982
4529,4529,4529,3.548333333333334,1.0755306475170914,1.204055277963597
4530,4530,4530,3.5500000000000025,1.0743905267925544,1.2032074451866952
4531,4531,4531,3.5516666666666676,1.0736318816154349,1.2023596124097946
4532,4532,4532,3.5533333333333337,1.0728732364383144,1.2011303040854755
4533,4533,4533,3.5550000000000015,1.071733115713777,1.2002824713085742
4534,4534,4534,3.5566666666666675,1.0705929949892397,1.1994346385316728
4535,4535,4535,3.5583333333333336,1.0698343498121197,1.1985868057547722
4536,4536,4536,3.5599999999999996,1.0694571801824175,1.1973574974304533
4537,4537,4537,3.5616666666666674,1.06831705945788,1.1965096646535518
4538,4538,4538,3.5633333333333326,1.0675584142807606,1.1952803563292334
4539,4539,4539,3.5650000000000004,1.0667997691036402,1.1948139990997495
4540,4540,4540,3.5666666666666673,1.065659648379103,1.1935846907754308
4541,4541,4541,3.5683333333333325,1.064901003201983,1.1927368579985294
4542,4542,4542,3.5700000000000003,1.0641423580248637,1.1918890252216283
4543,4543,4543,3.571666666666667,1.0633837128477437,1.1910411924447273
4544,4544,4544,3.573333333333334,1.0622435921232058,1.1901933596678258
4545,4545,4545,3.575,1.0618664224935035,1.1889640513435067
4546,4546,4546,3.576666666666667,1.0607263017689668,1.1881162185666052
4547,4547,4547,3.578333333333334,1.0599676565918468,1.1872683857897035
4548,4548,4548,3.58,1.0592090114147268,1.1860390774653855
4549,4549,4549,3.581666666666668,1.0580688906901894,1.1851912446884842
4550,4550,4550,3.583333333333334,1.0573102455130698,1.1839619363641656
4551,4551,4551,3.585000000000001,1.05655160033595,1.183114103587264
4552,4552,4552,3.586666666666668,1.0557929551588303,1.1826477463577807
4553,4553,4553,3.588333333333334,1.05503430998171,1.1814184380334618
4554,4554,4554,3.5900000000000025,1.05427566480459,1.1801891297091431
4555,4555,4555,3.5916666666666677,1.052754068532635,1.179341296932242
4556,4556,4556,3.5933333333333337,1.0519954233555158,1.1784934641553408
4557,4557,4557,3.5950000000000015,1.0512367781783951,1.1776456313784394
4558,4558,4558,3.5966666666666676,1.0500966574538584,1.1764163230541207
4559,4559,4559,3.5983333333333336,1.0493380122767388,1.1755684902772197
4560,4560,4560,3.5999999999999996,1.0485793670996193,1.1743391819529014
4561,4561,4561,3.6016666666666675,1.0478207219224989,1.173491349176
4562,4562,4562,3.6033333333333326,1.0466806011979617,1.1726435163990991
4563,4563,4563,3.6050000000000004,1.0459219560208417,1.1717956836221974
4564,4564,4564,3.6066666666666674,1.0451633108437213,1.170947850845296
4565,4565,4565,3.6083333333333316,1.0444046656666015,1.1697185425209775
4566,4566,4566,3.6100000000000003,1.0436460204894822,1.168870709744076
4567,4567,4567,3.6116666666666672,1.042505899764945,1.1680228769671746
4568,4568,4568,3.613333333333334,1.0417472545878246,1.1667935686428552
4569,4569,4569,3.615,1.040988609410705,1.1659457358659546
4570,4570,4570,3.616666666666667,1.039848488686168,1.1650979030890531
4571,4571,4571,3.618333333333334,1.039089843509048,1.1642500703121517
4572,4572,4572,3.62,1.0383311983319283,1.1634022375352506
4573,4573,4573,3.621666666666667,1.037572553154808,1.1625544047583496
4574,4574,4574,3.623333333333334,1.0368139079776884,1.1613250964340311
4575,4575,4575,3.625000000000001,1.0360552628005684,1.1600957881097118
4576,4576,4576,3.626666666666668,1.0349151420760312,1.159247955332811
4577,4577,4577,3.628333333333334,1.0341564968989108,1.1584001225559095
4578,4578,4578,3.630000000000001,1.0333978517217908,1.157933765326426
4579,4579,4579,3.6316666666666677,1.0326392065446712,1.1563229814546905
4580,4580,4580,3.6333333333333337,1.0314990858201345,1.1554751486777888
4581,4581,4581,3.6350000000000025,1.030740440643014,1.1546273159008873
4582,4582,4582,3.6366666666666676,1.0299817954658943,1.1537794831239867
4583,4583,4583,3.6383333333333336,1.0288416747413571,1.1529316503470852
4584,4584,4584,3.6400000000000015,1.0277015540168202,1.151702342022766
4585,4585,4585,3.6416666666666675,1.0269429088396995,1.1508545092458644
4586,4586,4586,3.6433333333333326,1.0261842636625802,1.1500066764689634
4587,4587,4587,3.6449999999999996,1.0254256184854602,1.1487773681446445
4588,4588,4588,3.6466666666666674,1.0242854977609224,1.147929535367743
4589,4589,4589,3.6483333333333308,1.0239083281312202,1.1470817025908422
4590,4590,4590,3.6500000000000004,1.0227682074066833,1.145852394266523
4591,4591,4591,3.6516666666666673,1.0220095622295633,1.1453860370370397
4592,4592,4592,3.6533333333333324,1.0212509170524433,1.1441567287127206
4593,4593,4593,3.6550000000000002,1.020110796327906,1.1433088959358195
4594,4594,4594,3.656666666666667,1.0193521511507864,1.142461063158918
4595,4595,4595,3.658333333333334,1.0185935059736664,1.1412317548345998
4596,4596,4596,3.66,1.0178348607965468,1.140765397605116
4597,4597,4597,3.661666666666667,1.0170762156194264,1.1395360892807973
4598,4598,4598,3.663333333333334,1.015936094894889,1.1386882565038958
4599,4599,4599,3.665000000000001,1.0151774497177697,1.1378404237269948
4600,4600,4600,3.666666666666668,1.01441880454065,1.136611115402676
4601,4601,4601,3.668333333333334,1.0136601593635295,1.1357632826257746
4602,4602,4602,3.670000000000001,1.0129015141864095,1.1349154498488732
4603,4603,4603,3.6716666666666677,1.0117613934618723,1.1340676170719726
4604,4604,4604,3.673333333333334,1.011002748284753,1.1328383087476537
4605,4605,4605,3.6750000000000025,1.0098626275602156,1.1319904759707522
4606,4606,4606,3.6766666666666676,1.0091039823830956,1.1311426431938507
4607,4607,4607,3.6783333333333337,1.0083453372059756,1.1299133348695318
4608,4608,4608,3.6800000000000015,1.0075866920288556,1.1290655020926308
4609,4609,4609,3.6816666666666675,1.0064465713043187,1.1282176693157293
4610,4610,4610,3.6833333333333336,1.0056879261271987,1.1273698365388285
4611,4611,4611,3.6849999999999996,1.0049292809500787,1.1261405282145094
4612,4612,4612,3.6866666666666674,1.0041706357729587,1.1252926954376083
4613,4613,4613,3.6883333333333326,1.0030305150484218,1.124444862660707
4614,4614,4614,3.6900000000000004,1.0022718698713022,1.1235970298838058
4615,4615,4615,3.6916666666666673,1.0011317491467644,1.1223677215594867
4616,4616,4616,3.6933333333333325,1.0003731039696444,1.1215198887825852
4617,4617,4617,3.6950000000000003,0.9996144587925248,1.1206720560056846
4618,4618,4618,3.696666666666667,0.9988558136154044,1.119442747681366
4619,4619,4619,3.698333333333334,0.9980971684382848,1.1185949149044645
4620,4620,4620,3.7,0.9969570477137476,1.117747082127564
4621,4621,4621,3.701666666666667,0.9961984025366276,1.1168992493506624
4622,4622,4622,3.703333333333334,0.9954397573595072,1.116051416573761
4623,4623,4623,3.705,0.9946811121823876,1.1148221082494425
4624,4624,4624,3.706666666666668,0.9939224670052682,1.1139742754725412
4625,4625,4625,3.708333333333334,0.9927823462807309,1.1131264426956398
4626,4626,4626,3.710000000000001,0.9924051766510278,1.1122786099187385
4627,4627,4627,3.711666666666668,0.9912650559264912,1.1114307771418368
4628,4628,4628,3.713333333333334,0.9905064107493712,1.110201468817518
4629,4629,4629,3.7150000000000025,0.9897477655722516,1.1093536360406169
4630,4630,4630,3.7166666666666677,0.9886076448477144,1.1085058032637158
4631,4631,4631,3.7183333333333337,0.9874675241231768,1.1076579704868146
4632,4632,4632,3.7200000000000015,0.9867088789460569,1.1064286621624957
4633,4633,4633,3.7216666666666676,0.9863317093163544,1.1055808293855942
4634,4634,4634,3.7233333333333336,0.9851915885918175,1.1047329966086936
4635,4635,4635,3.7249999999999996,0.9844329434146972,1.1035036882843747
4636,4636,4636,3.7266666666666675,0.9836742982375772,1.1026558555074732
4637,4637,4637,3.7283333333333326,0.9825341775130404,1.1018080227305729
4638,4638,4638,3.7300000000000004,0.9813940567885024,1.1005787144062538
4639,4639,4639,3.7316666666666674,0.9806354116113828,1.0997308816293525
4640,4640,4640,3.7333333333333316,0.9798767664342634,1.0988830488524512
4641,4641,4641,3.7350000000000003,0.9791181212571434,1.0980352160755502
4642,4642,4642,3.7366666666666672,0.9783594760800228,1.096805907751231
4643,4643,4643,3.738333333333334,0.9776008309029034,1.0959580749743298
4644,4644,4644,3.74,0.976842185725784,1.0951102421974288
4645,4645,4645,3.741666666666667,0.9757020650012465,1.0942624094205278
4646,4646,4646,3.743333333333334,0.9753248953715434,1.0930331010962089
4647,4647,4647,3.745,0.9741847746470064,1.0921852683193074
4648,4648,4648,3.746666666666667,0.9734261294698864,1.091718911089823
4649,4649,4649,3.748333333333334,0.9726674842927671,1.0904896027655044
4650,4650,4650,3.750000000000001,0.9719088391156464,1.089641769988603
4651,4651,4651,3.751666666666668,0.9707687183911098,1.0887939372117024
4652,4652,4652,3.753333333333334,0.970391548761407,1.0875646288873837
4653,4653,4653,3.755000000000001,0.9692514280368704,1.0867167961104822
4654,4654,4654,3.7566666666666677,0.9684927828597508,1.0858689633335816
4655,4655,4655,3.7583333333333337,0.9677341376826304,1.0846396550092623
4656,4656,4656,3.7600000000000025,0.9669754925055104,1.0841732977797789
4657,4657,4657,3.7616666666666676,0.9662168473283904,1.0829439894554596
4658,4658,4658,3.7633333333333336,0.9650767266038532,1.082096156678559
4659,4659,4659,3.7650000000000015,0.9643180814267333,1.08086684835424
4660,4660,4660,3.7666666666666675,0.9635594362496132,1.0796375400299207
4661,4661,4661,3.7683333333333326,0.9628007910724936,1.0791711828004376
4662,4662,4662,3.7699999999999996,0.9620421458953736,1.0783233500235359
4663,4663,4663,3.7716666666666674,0.961283500718254,1.077475517246635
4664,4664,4664,3.7733333333333308,0.9601433799937168,1.076627684469734
4665,4665,4665,3.7750000000000004,0.9590032592691792,1.0750169005979977
4666,4666,4666,3.7766666666666673,0.9586260896394768,1.0741690678210962
4667,4667,4667,3.7783333333333324,0.9574859689149386,1.0733212350441952
4668,4668,4668,3.7800000000000002,0.9567273237378192,1.0724734022672937
4669,4669,4669,3.781666666666667,0.9559686785606996,1.0716255694903922
4670,4670,4670,3.783333333333334,0.9548285578361624,1.0703962611660731
4671,4671,4671,3.785,0.9540699126590428,1.0699299039365902
4672,4672,4672,3.786666666666667,0.9533112674819224,1.0687005956122713
4673,4673,4673,3.788333333333334,0.9525526223048028,1.0678527628353698
4674,4674,4674,3.790000000000001,0.9517939771276828,1.0670049300584683
4675,4675,4675,3.791666666666668,0.950653856403146,1.06577562173415
4676,4676,4676,3.793333333333334,0.9498952112260256,1.0653092645046662
4677,4677,4677,3.795000000000001,0.9495180415963228,1.0644614317277648
4678,4678,4678,3.7966666666666677,0.9483779208717859,1.0632321234034463
4679,4679,4679,3.798333333333334,0.9476192756946664,1.0623842906265448
4680,4680,4680,3.8000000000000025,0.9464791549701286,1.0611549823022264
4681,4681,4681,3.8016666666666676,0.945720509793009,1.0603071495253251
4682,4682,4682,3.8033333333333337,0.944961864615889,1.0598407922958413
4683,4683,4683,3.8050000000000015,0.9442032194387696,1.0586114839715224
4684,4684,4684,3.8066666666666675,0.9430630987142316,1.0577636511946211
4685,4685,4685,3.8083333333333336,0.942304453537112,1.0569158184177203
4686,4686,4686,3.8099999999999996,0.9419272839074097,1.0556865100934014
4687,4687,4687,3.8116666666666674,0.9407871631828716,1.0548386773165
4688,4688,4688,3.8133333333333326,0.9400285180057522,1.0539908445395985
4689,4689,4689,3.8150000000000004,0.9392698728286326,1.0531430117626974
4690,4690,4690,3.8166666666666673,0.9381297521040952,1.0519137034383783
4691,4691,4691,3.8183333333333325,0.9373711069269748,1.051447346208895
4692,4692,4692,3.8200000000000003,0.9366124617498552,1.0502180378845758
4693,4693,4693,3.821666666666667,0.9358538165727356,1.049370205107675
4694,4694,4694,3.823333333333334,0.9350951713956156,1.0485223723307735
4695,4695,4695,3.825,0.9339550506710788,1.047293064006455
4696,4696,4696,3.826666666666667,0.9331964054939584,1.0464452312295536
4697,4697,4697,3.828333333333334,0.9328192358642556,1.0455973984526523
4698,4698,4698,3.83,0.9316791151397188,1.0447495656757515
4699,4699,4699,3.831666666666668,0.9309204699625993,1.0435202573514326
4700,4700,4700,3.833333333333334,0.9297803492380614,1.0426724245745311
4701,4701,4701,3.835000000000001,0.9290217040609414,1.042206067345047
4702,4702,4702,3.836666666666668,0.9278815833364044,1.040976759020729
4703,4703,4703,3.838333333333334,0.9271229381592848,1.0401289262438276
4704,4704,4704,3.8400000000000025,0.926745768529582,1.0392810934669259
4705,4705,4705,3.8416666666666677,0.9256056478050451,1.0380517851426079
4706,4706,4706,3.8433333333333337,0.9244655270805076,1.0372039523657066
4707,4707,4707,3.8450000000000015,0.9237068819033876,1.0363561195888051
4708,4708,4708,3.8466666666666676,0.9229482367262676,1.0351268112644865
4709,4709,4709,3.8483333333333336,0.9221895915491479,1.0346604540350022
4710,4710,4710,3.8499999999999996,0.921430946372028,1.0338126212581011
4711,4711,4711,3.8516666666666675,0.9202908256474908,1.032583312933783
4712,4712,4712,3.8533333333333326,0.9195321804703708,1.0317354801568814
4713,4713,4713,3.8550000000000004,0.9187735352932512,1.03088764737998
4714,4714,4714,3.8566666666666674,0.9180148901161312,1.0300398146030785
4715,4715,4715,3.8583333333333325,0.9168747693915936,1.0288105062787596
4716,4716,4716,3.8600000000000003,0.9161161242144741,1.0283441490492764
4717,4717,4717,3.8616666666666672,0.9153574790373536,1.027114840724957
4718,4718,4718,3.863333333333334,0.914598833860234,1.0262670079480558
4719,4719,4719,3.865,0.9138401886831145,1.025419175171155
4720,4720,4720,3.866666666666667,0.9127000679585772,1.024571342394254
4721,4721,4721,3.868333333333334,0.9119414227814568,1.023723509617352
4722,4722,4722,3.87,0.9111827776043372,1.022875676840451
4723,4723,4723,3.871666666666667,0.9104241324272178,1.0216463685161328
4724,4724,4724,3.873333333333334,0.90928401170268,1.0207985357392309
4725,4725,4725,3.875000000000001,0.9085253665255596,1.0199507029623298
4726,4726,4726,3.876666666666668,0.9081481968958578,1.0191028701854288
4727,4727,4727,3.878333333333334,0.9070080761713202,1.01787356186111
4728,4728,4728,3.880000000000001,0.9062494309942006,1.0170257290842082
4729,4729,4729,3.8816666666666677,0.905109310269664,1.0161778963073071
4730,4730,4730,3.8833333333333337,0.9043506650925436,1.014948587982989
4731,4731,4731,3.8850000000000025,0.9035920199154236,1.0144822307535049
4732,4732,4732,3.8866666666666676,0.9024518991908868,1.0136343979766032
4733,4733,4733,3.8883333333333336,0.9020747295611844,1.012786565199702
4734,4734,4734,3.8900000000000015,0.9009346088366468,1.0111757813279665
4735,4735,4735,3.8916666666666675,0.8997944881121092,1.010709424098482
4736,4736,4736,3.8933333333333326,0.8990358429349896,1.009861591321581
4737,4737,4737,3.8949999999999996,0.8982771977578692,1.0086322829972625
4738,4738,4738,3.8966666666666674,0.8975185525807496,1.0077844502203614
4739,4739,4739,3.8983333333333308,0.8967599074036301,1.0069366174434604
4740,4740,4740,3.9000000000000004,0.8960012622265101,1.0057073091191413
4741,4741,4741,3.9016666666666673,0.8952426170493897,1.0052409518896577
4742,4742,4742,3.9033333333333324,0.8941024963248525,1.0040116435653392
4743,4743,4743,3.9050000000000002,0.8933438511477328,1.0031638107884382
4744,4744,4744,3.906666666666667,0.8925852059706129,1.0023159780115365
4745,4745,4745,3.908333333333334,0.8918265607934925,1.0014681452346352
4746,4746,4746,3.91,0.8906864400689559,1.0006203124577342
4747,4747,4747,3.911666666666667,0.8899277948918359,0.9997724796808332
4748,4748,4748,3.913333333333334,0.8891691497147165,0.9985431713565134
4749,4749,4749,3.915000000000001,0.8880290289901784,0.9976953385796123
4750,4750,4750,3.916666666666668,0.8872703838130589,0.9964660302552936
4751,4751,4751,3.918333333333334,0.8865117386359389,0.9959996730258104
4752,4752,4752,3.920000000000001,0.8857530934588194,0.9951518402489083
4753,4753,4753,3.9216666666666677,0.8849944482816998,0.9943040074720072
4754,4754,4754,3.923333333333334,0.8838543275571622,0.9934561746951054
4755,4755,4755,3.9250000000000025,0.8827142068326246,0.9922268663707874
4756,4756,4756,3.9266666666666676,0.881955561655505,0.9913790335938863
4757,4757,4757,3.9283333333333337,0.8815783920258022,0.9905312008169852
4758,4758,4758,3.9300000000000015,0.8808197468486827,0.9893018924926658
4759,4759,4759,3.9316666666666675,0.8792981505767277,0.9884540597157648
4760,4760,4760,3.9333333333333336,0.8785395053996081,0.9876062269388636
4761,4761,4761,3.9349999999999996,0.8777808602224877,0.9867583941619626
4762,4762,4762,3.9366666666666674,0.8770222150453681,0.9859105613850608
4763,4763,4763,3.9383333333333326,0.8762635698682486,0.9850627286081606
4764,4764,4764,3.9400000000000004,0.8755049246911286,0.9838334202838416
4765,4765,4765,3.9416666666666673,0.8743648039665912,0.9829855875069404
4766,4766,4766,3.9433333333333325,0.8736061587894708,0.9821377547300384
4767,4767,4767,3.9450000000000003,0.8728475136123512,0.9812899219531384
4768,4768,4768,3.946666666666667,0.8717073928878143,0.9800606136288188
4769,4769,4769,3.948333333333334,0.8713302232581117,0.9792127808519178
4770,4770,4770,3.95,0.8701901025335743,0.9783649480750158
4771,4771,4771,3.951666666666667,0.8694314573564543,0.977135639750698
4772,4772,4772,3.953333333333334,0.8686728121793348,0.9766692825212138
4773,4773,4773,3.955,0.8675326914547978,0.9754399741968952
4774,4774,4774,3.956666666666668,0.8667740462776774,0.9745921414199932
4775,4775,4775,3.958333333333334,0.8660154011005574,0.973744308643092
4776,4776,4776,3.960000000000001,0.8652567559234374,0.9728964758661902
4777,4777,4777,3.961666666666668,0.8641166351989005,0.9716671675418728
4778,4778,4778,3.963333333333334,0.8633579900217809,0.971200810312388
4779,4779,4779,3.9650000000000025,0.8625993448446605,0.9703529775354872
4780,4780,4780,3.9666666666666677,0.861840699667541,0.9691236692111688
4781,4781,4781,3.9683333333333337,0.8607005789430036,0.9682758364342678
4782,4782,4782,3.9700000000000015,0.8603234093133014,0.967428003657366
4783,4783,4783,3.9716666666666676,0.8591832885887636,0.9665801708804648
4784,4784,4784,3.9733333333333336,0.8588061189590614,0.9657323381035638
4785,4785,4785,3.9749999999999996,0.8576659982345239,0.9648845053266628
4786,4786,4786,3.9766666666666675,0.8565258775099862,0.9640366725497608
4787,4787,4787,3.9783333333333326,0.8557672323328667,0.96318883977286
4788,4788,4788,3.9800000000000004,0.8550085871557471,0.9623410069959588
4789,4789,4789,3.9816666666666674,0.8542499419786271,0.9611116986716404
4790,4790,4790,3.9833333333333325,0.8531098212540893,0.9602638658947384
4791,4791,4791,3.9850000000000003,0.8523511760769698,0.9597975086652548
4792,4792,4792,3.9866666666666672,0.8515925308998502,0.9589496758883538
4793,4793,4793,3.988333333333334,0.8504524101753128,0.9577203675640352
4794,4794,4794,3.99,0.8496937649981933,0.9568725347871334
4795,4795,4795,3.991666666666667,0.8489351198210728,0.9564061775576498
4796,4796,4796,3.993333333333334,0.8477949990965354,0.955558344780748
4797,4797,4797,3.995,0.8470363539194159,0.9543290364564304
4798,4798,4798,3.996666666666667,0.8462777087422964,0.9534812036795284
4799,4799,4799,3.998333333333334,0.8455190635651759,0.9526333709026272
4800,4800,4800,4.0,0.8443789428406392,0.9517855381257264
4801,4801,4801,4.001666666666667,0.8440017732109364,0.9509377053488252
4802,4802,4802,4.003333333333334,0.8428616524863997,0.9500898725719232
4803,4803,4803,4.005000000000001,0.8421030073092792,0.9492420397950224
4804,4804,4804,4.006666666666668,0.8413443621321592,0.9487756825655378
4805,4805,4805,4.008333333333335,0.8402042414076216,0.9475463742412192
4806,4806,4806,4.01,0.8398270717779202,0.9466985414643192
4807,4807,4807,4.011666666666667,0.8386869510533821,0.9458507086874172
4808,4808,4808,4.013333333333334,0.8379283058762625,0.9450028759105162
4809,4809,4809,4.015000000000001,0.8371696606991426,0.9441550431336144
4810,4810,4810,4.0166666666666675,0.8360295399746045,0.9433072103567132
4811,4811,4811,4.018333333333334,0.8352708947974851,0.9428408531272296
4812,4812,4812,4.020000000000001,0.8345122496203651,0.9416115448029104
4813,4813,4813,4.021666666666668,0.8337536044432459,0.9407637120260092
4814,4814,4814,4.023333333333332,0.8329949592661259,0.9402973547965257
4815,4815,4815,4.025,0.8318548385415883,0.9394495220196246
4816,4816,4816,4.026666666666667,0.8314776689118855,0.9386016892427228
4817,4817,4817,4.028333333333334,0.8303375481873487,0.9377538564658215
4818,4818,4818,4.030000000000001,0.8291974274628111,0.9369060236889196
4819,4819,4819,4.031666666666668,0.8284387822856907,0.9360581909120188
4820,4820,4820,4.033333333333333,0.8276801371085716,0.9352103581351184
4821,4821,4821,4.035,0.8269214919314516,0.9343625253582166
4822,4822,4822,4.036666666666667,0.8257813712069149,0.9335146925813156
4823,4823,4823,4.038333333333334,0.8254042015772116,0.9326668598044144
4824,4824,4824,4.040000000000001,0.8246455564000916,0.9318190270275126
4825,4825,4825,4.041666666666668,0.823123960128137,0.9309711942506116
4826,4826,4826,4.043333333333333,0.8227467904984354,0.9301233614737114
4827,4827,4827,4.045,0.8219881453213154,0.9296570042442268
4828,4828,4828,4.046666666666667,0.8212295001441954,0.9284276959199084
4829,4829,4829,4.048333333333334,0.8200893794196579,0.9275798631430066
4830,4830,4830,4.050000000000001,0.8193307342425379,0.9267320303661056
4831,4831,4831,4.051666666666668,0.8185720890654185,0.9258841975892044
4832,4832,4832,4.053333333333335,0.817813443888298,0.9254178403597196
4833,4833,4833,4.055,0.8166733231637615,0.9245700075828188
4834,4834,4834,4.056666666666667,0.8159146779866415,0.9237221748059176
4835,4835,4835,4.058333333333334,0.8147745572621041,0.9228743420290156
4836,4836,4836,4.0600000000000005,0.8143973876324011,0.9220265092521148
4837,4837,4837,4.061666666666667,0.8136387424552816,0.9211786764752136
4838,4838,4838,4.063333333333334,0.8128800972781616,0.9203308436983118
4839,4839,4839,4.065000000000001,0.8117399765536237,0.9198644864688283
4840,4840,4840,4.066666666666666,0.8109813313765051,0.9186351781445106
4841,4841,4841,4.068333333333333,0.8102226861993846,0.9181688209150264
4842,4842,4842,4.07,0.8094640410222651,0.9173209881381252
4843,4843,4843,4.071666666666667,0.8083239202977279,0.9160916798138056
4844,4844,4844,4.073333333333334,0.8075652751206075,0.9156253225843224
4845,4845,4845,4.075000000000001,0.8064251543960699,0.9143960142600036
4846,4846,4846,4.076666666666668,0.806047984766368,0.9139296570305192
4847,4847,4847,4.078333333333333,0.8052893395892484,0.9130818242536192
4848,4848,4848,4.08,0.8041492188647112,0.9126154670241358
4849,4849,4849,4.081666666666667,0.8033905736875908,0.9117676342472338
4850,4850,4850,4.083333333333334,0.8022504529630536,0.9105383259229152
4851,4851,4851,4.085000000000001,0.8014918077859341,0.9096904931460132
4852,4852,4852,4.086666666666668,0.8011146381562309,0.9088426603691122
4853,4853,4853,4.088333333333335,0.8003559929791109,0.9083763031396288
4854,4854,4854,4.09,0.7992158722545746,0.9075284703627278
4855,4855,4855,4.091666666666667,0.7984572270774546,0.9066806375858258
4856,4856,4856,4.093333333333334,0.7976985819003342,0.906214280356342
4857,4857,4857,4.095000000000001,0.7969399367232146,0.9049849720320238
4858,4858,4858,4.096666666666668,0.7961812915460946,0.9041371392551218
4859,4859,4859,4.0983333333333345,0.7950411708215563,0.9036707820256379
4860,4860,4860,4.1,0.7942825256444377,0.9024414737013208
4861,4861,4861,4.101666666666668,0.7935238804673173,0.901975116471836
4862,4862,4862,4.103333333333332,0.7927652352901977,0.9011272836949348
4863,4863,4863,4.105,0.7920065901130777,0.900279450918033
4864,4864,4864,4.106666666666667,0.7912479449359573,0.8994316181411319
4865,4865,4865,4.108333333333334,0.7901078242114201,0.89858378536423
4866,4866,4866,4.110000000000001,0.7893491790343006,0.8977359525873292
4867,4867,4867,4.111666666666666,0.7889720094045982,0.8972695953578465
4868,4868,4868,4.113333333333333,0.7882133642274787,0.8960402870335278
4869,4869,4869,4.115,0.7870732435029411,0.8951924542566259
4870,4870,4870,4.116666666666667,0.7863145983258211,0.8943446214797248
4871,4871,4871,4.118333333333334,0.7859374286961187,0.8938782642502405
4872,4872,4872,4.120000000000001,0.7851787835189983,0.8930304314733395
4873,4873,4873,4.121666666666668,0.7844201383418783,0.8921825986964376
4874,4874,4874,4.123333333333333,0.783280017617342,0.8913347659195374
4875,4875,4875,4.125,0.782521372440222,0.8904869331426355
4876,4876,4876,4.126666666666667,0.7817627272631016,0.8900205759131514
4877,4877,4877,4.128333333333334,0.7813855576333992,0.8887912675888325
4878,4878,4878,4.130000000000001,0.7806269124562792,0.8879434348119315
4879,4879,4879,4.131666666666668,0.7798682672791593,0.8870956020350305
4880,4880,4880,4.133333333333335,0.7787281465546225,0.8866292448055455
4881,4881,4881,4.135,0.7783509769249197,0.8857814120286454
4882,4882,4882,4.136666666666667,0.777210856200383,0.8849335792517443
4883,4883,4883,4.138333333333334,0.7768336865706802,0.8840857464748424
4884,4884,4884,4.140000000000001,0.7760750413935602,0.8832379136979414
4885,4885,4885,4.1416666666666675,0.7749349206690226,0.8823900809210394
4886,4886,4886,4.143333333333334,0.7745577510393202,0.8815422481441384
4887,4887,4887,4.145000000000001,0.7737991058622002,0.8806944153672365
4888,4888,4888,4.146666666666668,0.7726589851376641,0.8798465825903363
4889,4889,4889,4.148333333333332,0.7722818155079612,0.8789987498134353
4890,4890,4890,4.15,0.7711416947834235,0.8781509170365343
4891,4891,4891,4.151666666666667,0.770383049606304,0.8776845598070502
4892,4892,4892,4.153333333333334,0.7700058799766012,0.8768367270301491
4893,4893,4893,4.155000000000001,0.7692472347994808,0.8759888942532472
4894,4894,4894,4.156666666666668,0.7684885896223612,0.8747595859289283
4895,4895,4895,4.158333333333333,0.7677299444452417,0.8739117531520273
4896,4896,4896,4.16,0.7673527748155395,0.8734453959225441
4897,4897,4897,4.161666666666667,0.7662126540910021,0.8725975631456422
4898,4898,4898,4.163333333333334,0.7654540089138817,0.8717497303687411
4899,4899,4899,4.165000000000001,0.7646953637367617,0.8709018975918392
4900,4900,4900,4.166666666666668,0.7639367185596422,0.8696725892675203
4901,4901,4901,4.168333333333333,0.7631780733825226,0.8692062320380379
4902,4902,4902,4.17,0.7624194282054031,0.8683583992611361
4903,4903,4903,4.171666666666667,0.7620422585757005,0.8678920420316523
4904,4904,4904,4.173333333333334,0.7612836133985805,0.8670442092547512
4905,4905,4905,4.175000000000001,0.7605249682214601,0.8658149009304321
4906,4906,4906,4.176666666666668,0.7597663230443406,0.8653485437009483
4907,4907,4907,4.178333333333335,0.7586262023198027,0.8645007109240463
4908,4908,4908,4.18,0.7582490326901015,0.8636528781471462
4909,4909,4909,4.181666666666667,0.7574903875129815,0.8628050453702452
4910,4910,4910,4.183333333333334,0.7571132178832782,0.8615757370459258
4911,4911,4911,4.1850000000000005,0.7563545727061587,0.8611093798164422
4912,4912,4912,4.186666666666667,0.7555959275290387,0.8602615470395412
4913,4913,4913,4.188333333333334,0.7544558068045011,0.8597951898100566
4914,4914,4914,4.190000000000001,0.7540786371747987,0.8589473570331556
4915,4915,4915,4.191666666666666,0.7525570409028441,0.8577180487088372
4916,4916,4916,4.193333333333333,0.7525613468205592,0.8572516914793535
4917,4917,4917,4.195,0.7521841771908573,0.8560223831550342
4918,4918,4918,4.196666666666667,0.7510440564663192,0.8555560259255506
4919,4919,4919,4.198333333333334,0.7502854112891992,0.8547081931486487
4920,4920,4920,4.200000000000001,0.7495267661120797,0.8538603603717476
4921,4921,4921,4.201666666666668,0.7487681209349593,0.8530125275948457
4922,4922,4922,4.203333333333333,0.7483909513052582,0.8525461703653627
4923,4923,4923,4.205,0.7476323061281378,0.8516983375884617
4924,4924,4924,4.206666666666667,0.7468736609510178,0.8504690292641426
4925,4925,4925,4.208333333333334,0.7461150157738974,0.8492397209398241
4926,4926,4926,4.210000000000001,0.7453563705967778,0.8491548392577577
4927,4927,4927,4.211666666666668,0.7445977254196579,0.8483070064808558
4928,4928,4928,4.213333333333335,0.7442205557899549,0.8474591737039547
4929,4929,4929,4.215,0.7430804350654188,0.8466113409270546
4930,4930,4930,4.216666666666667,0.7423217898882983,0.8457635081501527
4931,4931,4931,4.218333333333334,0.741944620258596,0.8449156753732516
4932,4932,4932,4.220000000000001,0.741185975081476,0.8440678425963497
4933,4933,4933,4.221666666666668,0.740427329904356,0.8436014853668663
4934,4934,4934,4.2233333333333345,0.739668684727236,0.8427536525899653
4935,4935,4935,4.225,0.7389100395501165,0.8415243442656466
4936,4936,4936,4.226666666666668,0.7381513943729965,0.8410579870361623
4937,4937,4937,4.228333333333332,0.7373927491958769,0.8398286787118436
4938,4938,4938,4.23,0.7370155795661744,0.8389808459349426
4939,4939,4939,4.231666666666667,0.7362569343890539,0.8385144887054583
4940,4940,4940,4.233333333333334,0.7354982892119344,0.8372851803811396
4941,4941,4941,4.235000000000001,0.7347396440348144,0.8368188231516553
4942,4942,4942,4.236666666666666,0.7339809988576953,0.8359709903747552
4943,4943,4943,4.238333333333333,0.7332223536805749,0.8351231575978542
4944,4944,4944,4.24,0.7324637085034549,0.8346568003683694
4945,4945,4945,4.241666666666667,0.7317050633263349,0.8334274920440512
4946,4946,4946,4.243333333333334,0.7309464181492153,0.8329611348145673
4947,4947,4947,4.245000000000001,0.7301877729720949,0.8321133020376654
4948,4948,4948,4.246666666666668,0.7294291277949749,0.8312654692607644
4949,4949,4949,4.248333333333333,0.7290519581652732,0.8304176364838642
4950,4950,4950,4.25,0.7279118374407358,0.8291883281595451
4951,4951,4951,4.251666666666667,0.7275346678110337,0.8287219709300613
4952,4952,4952,4.253333333333334,0.7267760226339133,0.8278741381531594
4953,4953,4953,4.255000000000001,0.7260173774567933,0.8270263053762583
4954,4954,4954,4.256666666666668,0.7252587322796737,0.8261784725993564
4955,4955,4955,4.258333333333335,0.7241186115551359,0.8253306398224554
4956,4956,4956,4.26,0.7237414419254338,0.8244828070455543
4957,4957,4957,4.261666666666667,0.7229827967483142,0.8236349742686533
4958,4958,4958,4.263333333333334,0.7222241515711942,0.8227871414917514
4959,4959,4959,4.265000000000001,0.7214655063940738,0.8219393087148503
4960,4960,4960,4.2666666666666675,0.7207068612169543,0.8210914759379493
4961,4961,4961,4.268333333333334,0.7199482160398343,0.8202436431610474
4962,4962,4962,4.270000000000001,0.7195710464101313,0.8193958103841463
4963,4963,4963,4.271666666666668,0.7188124012330126,0.8185479776072462
4964,4964,4964,4.273333333333332,0.7180537560558922,0.8177001448303443
4965,4965,4965,4.275,0.7172951108787726,0.8168523120534432
4966,4966,4966,4.276666666666667,0.7165364657016526,0.8160044792765413
4967,4967,4967,4.278333333333334,0.7161592960719494,0.8151566464996403
4968,4968,4968,4.280000000000001,0.7150191753474122,0.8146902892701571
4969,4969,4969,4.281666666666668,0.7146420057177099,0.8138424564932552
4970,4970,4970,4.283333333333333,0.7135018849931731,0.8126131481689371
4971,4971,4971,4.285,0.7127432398160536,0.8121467909394542
4972,4972,4972,4.286666666666667,0.7123660701863503,0.8112989581625519
4973,4973,4973,4.288333333333334,0.7116074250092304,0.8104511253856509
4974,4974,4974,4.290000000000001,0.7108487798321108,0.8096032926087491
4975,4975,4975,4.291666666666668,0.7100901346549904,0.808755459831848
4976,4976,4976,4.293333333333333,0.7097129650252885,0.807907627054947
4977,4977,4977,4.295,0.7089543198481689,0.8074412698254632
4978,4978,4978,4.296666666666667,0.7078141991236313,0.806211961501144
4979,4979,4979,4.298333333333334,0.7070555539465109,0.8053641287242429
4980,4980,4980,4.300000000000001,0.7066783843168091,0.8045162959473411
4981,4981,4981,4.301666666666668,0.7063012146871062,0.8040499387178572
4982,4982,4982,4.303333333333335,0.7055425695099862,0.8032021059409562
4983,4983,4983,4.305,0.7047839243328671,0.8023542731640552
4984,4984,4984,4.306666666666667,0.7036438036083295,0.8011249648397369
4985,4985,4985,4.308333333333334,0.7028851584312099,0.8002771320628359
4986,4986,4986,4.3100000000000005,0.7025079888015071,0.7998107748333512
4987,4987,4987,4.311666666666667,0.7017493436243867,0.7989629420564501
4988,4988,4988,4.313333333333334,0.7009906984472667,0.7981151092795482
4989,4989,4989,4.315000000000001,0.7002320532701471,0.7972672765026472
4990,4990,4990,4.316666666666666,0.6994734080930276,0.796419443725747
4991,4991,4991,4.318333333333333,0.6987147629159081,0.7955716109488451
4992,4992,4992,4.32,0.6983375932862053,0.7947237781719441
4993,4993,4993,4.321666666666667,0.6971974725616676,0.7938759453950429
4994,4994,4994,4.323333333333334,0.6968203029319657,0.7930281126181411
4995,4995,4995,4.325000000000001,0.6960616577548457,0.7921802798412401
4996,4996,4996,4.326666666666668,0.6953030125777253,0.7913324470643381
4997,4997,4997,4.328333333333333,0.6945443674006062,0.790484614287438
4998,4998,4998,4.33,0.6937857222234862,0.7896367815105361
4999,4999,4999,4.331666666666667,0.6930270770463662,0.7887889487336349
5000,5000,5000,4.333333333333334,0.6922684318692467,0.7879411159567331
5001,5001,5001,4.335000000000001,0.6915097866921263,0.7874747587272495
5002,5002,5002,4.336666666666668,0.6907511415150063,0.7866269259503476
5003,5003,5003,4.338333333333335,0.6899924963378867,0.7857790931734465
5004,5004,5004,4.34,0.6896153267081848,0.7849312603965464
5005,5005,5005,4.341666666666667,0.6888566815310648,0.7840834276196453
5006,5006,5006,4.343333333333334,0.6880980363539448,0.7832355948427434
5007,5007,5007,4.345000000000001,0.6869579156294072,0.7823877620658424
5008,5008,5008,4.346666666666668,0.6861992704522868,0.7811584537415229
5009,5009,5009,4.3483333333333345,0.6858221008225849,0.7806920965120394
5010,5010,5010,4.350000000000001,0.6846819800980473,0.7798442637351375
5011,5011,5011,4.351666666666668,0.6843048104683458,0.7789964309582373
5012,5012,5012,4.353333333333332,0.6835461652912258,0.7785300737287537
5013,5013,5013,4.355,0.6827875201141054,0.7773007654044344
5014,5014,5014,4.356666666666667,0.6824103504844029,0.7768344081749508
5015,5015,5015,4.358333333333334,0.6812702297598658,0.7759865753980497
5016,5016,5016,4.360000000000001,0.6805115845827454,0.7747572670737304
5017,5017,5017,4.361666666666666,0.6797529394056268,0.7742909098442468
5018,5018,5018,4.363333333333333,0.6789942942285063,0.7734430770673457
5019,5019,5019,4.365,0.6786171245988035,0.7725952442904447
5020,5020,5020,4.366666666666667,0.677858479421684,0.7717474115135428
5021,5021,5021,4.368333333333334,0.6770998342445635,0.7708995787366417
5022,5022,5022,4.370000000000001,0.6759597135200264,0.7700517459597398
5023,5023,5023,4.371666666666668,0.6752010683429068,0.7692039131828388
5024,5024,5024,4.373333333333333,0.6748238987132045,0.7683560804059386
5025,5025,5025,4.375,0.6740652535360849,0.7675082476290367
5026,5026,5026,4.376666666666667,0.6733066083589645,0.7666604148521357
5027,5027,5027,4.378333333333334,0.6725479631818445,0.7661940576226519
5028,5028,5028,4.380000000000001,0.6717893180047241,0.7649647492983327
5029,5029,5029,4.381666666666668,0.6714121483750219,0.7641169165214317
5030,5030,5030,4.383333333333335,0.6702720276504845,0.7632690837445297
5031,5031,5031,4.385,0.6695133824733654,0.762802726515047
5032,5032,5032,4.386666666666667,0.6691362128436629,0.7615734181907285
5033,5033,5033,4.388333333333334,0.6683775676665424,0.7611070609612439
5034,5034,5034,4.390000000000001,0.6676189224894229,0.760259228184343
5035,5035,5035,4.3916666666666675,0.6668602773123029,0.7594113954074411
5036,5036,5036,4.393333333333334,0.6661016321351825,0.75856356263054
5037,5037,5037,4.395000000000001,0.6653429869580625,0.7580972054010564
5038,5038,5038,4.396666666666668,0.6645843417809434,0.7572493726241554
5039,5039,5039,4.398333333333332,0.6638256966038234,0.756020064299836
5040,5040,5040,4.4,0.6630670514267039,0.755172231522935
5041,5041,5041,4.401666666666667,0.6623084062495834,0.7547058742934514
5042,5042,5042,4.403333333333334,0.6615497610724634,0.753476565969132
5043,5043,5043,4.405000000000001,0.6607911158953439,0.7526287331922309
5044,5044,5044,4.406666666666668,0.6600324707182239,0.7517809004153291
5045,5045,5045,4.408333333333333,0.6592738255411048,0.7509330676384289
5046,5046,5046,4.41,0.6585151803639844,0.7504667104089453
5047,5047,5047,4.411666666666667,0.6577565351868644,0.7496188776320434
5048,5048,5048,4.413333333333334,0.6573793655571618,0.7487710448551423
5049,5049,5049,4.415000000000001,0.6566207203800418,0.7479232120782413
5050,5050,5050,4.416666666666668,0.6558620752029218,0.746693903753922
5051,5051,5051,4.418333333333333,0.6551034300258027,0.7462275465244392
5052,5052,5052,4.42,0.6543447848486827,0.7449982382001208
5053,5053,5053,4.421666666666667,0.6535861396715628,0.7445318809706363
5054,5054,5054,4.423333333333334,0.6528274944944428,0.7436840481937352
5055,5055,5055,4.425000000000001,0.6520688493173228,0.7428362154168333
5056,5056,5056,4.426666666666668,0.6513102041402028,0.7419883826399323
5057,5057,5057,4.428333333333335,0.6509330345104998,0.7411405498630312
5058,5058,5058,4.43,0.6501743893333807,0.7406741926335476
5059,5059,5059,4.431666666666667,0.6494157441562607,0.7398263598566457
5060,5060,5060,4.433333333333334,0.6482756234317237,0.7385970515323272
5061,5061,5061,4.4350000000000005,0.6478984538020212,0.7381306943028427
5062,5062,5062,4.436666666666667,0.6471398086249007,0.7369013859785243
5063,5063,5063,4.438333333333334,0.6463811634477812,0.7364350287490407
5064,5064,5064,4.440000000000001,0.6452410427232438,0.7355871959721387
5065,5065,5065,4.441666666666666,0.6448638730935421,0.7343578876478212
5066,5066,5066,4.443333333333333,0.6441052279164221,0.7338915304183375
5067,5067,5067,4.445,0.6433465827393017,0.7330436976414356
5068,5068,5068,4.446666666666667,0.6429694131095991,0.7321958648645346
5069,5069,5069,4.448333333333334,0.6422107679324796,0.7313480320876327
5070,5070,5070,4.450000000000001,0.6410706472079417,0.7301187237633142
5071,5071,5071,4.451666666666668,0.6403120020308217,0.7296523665338306
5072,5072,5072,4.453333333333333,0.63993483240112,0.7288045337569296
5073,5073,5073,4.455,0.639176187224,0.7279567009800285
5074,5074,5074,4.456666666666667,0.6384175420468805,0.7271088682031275
5075,5075,5075,4.458333333333334,0.6376588968697601,0.7262610354262256
5076,5076,5076,4.460000000000001,0.6369002516926401,0.7254132026493245
5077,5077,5077,4.461666666666668,0.6361416065155197,0.7249468454198399
5078,5078,5078,4.463333333333335,0.6353829613384001,0.7237175370955216
5079,5079,5079,4.465,0.6346243161612806,0.7228697043186205
5080,5080,5080,4.466666666666667,0.6334841954367436,0.7216403959943021
5081,5081,5081,4.468333333333334,0.633107025807041,0.7211740387648176
5082,5082,5082,4.470000000000001,0.6323483806299206,0.7203262059879165
5083,5083,5083,4.471666666666668,0.6319712110002185,0.7198598487584329
5084,5084,5084,4.4733333333333345,0.6308310902756811,0.7186305404341136
5085,5085,5085,4.475000000000001,0.6300724450985606,0.7177827076572125
5086,5086,5086,4.476666666666668,0.6293137999214421,0.7169348748803124
5087,5087,5087,4.478333333333332,0.6289366302917391,0.7160870421034105
5088,5088,5088,4.48,0.628177985114619,0.7156206848739268
5089,5089,5089,4.481666666666667,0.6274193399374994,0.7147728520970249
5090,5090,5090,4.483333333333334,0.626660694760379,0.7139250193201239
5091,5091,5091,4.485000000000001,0.625902049583259,0.7130771865432219
5092,5092,5092,4.486666666666666,0.6251434044061399,0.7118478782189044
5093,5093,5093,4.488333333333333,0.6243847592290199,0.7113815209894208
5094,5094,5094,4.49,0.6236261140519004,0.7101522126651014
5095,5095,5095,4.491666666666667,0.6228674688747801,0.7093043798882004
5096,5096,5096,4.493333333333334,0.6221088236976601,0.7088380226587168
5097,5097,5097,4.495000000000001,0.6213501785205401,0.7079901898818148
5098,5098,5098,4.496666666666668,0.6209730088908374,0.7071423571049138
5099,5099,5099,4.498333333333333,0.6198328881663004,0.7062945243280128
5100,5100,5100,4.5,0.6190742429891809,0.7054466915511117
5101,5101,5101,4.501666666666667,0.6183155978120609,0.7045988587742098
5102,5102,5102,4.503333333333334,0.6179384281823583,0.7037510259973088
5103,5103,5103,4.505000000000001,0.6167983074578209,0.7029031932204068
5104,5104,5104,4.506666666666668,0.6160396622807011,0.7016738848960884
5105,5105,5105,4.508333333333335,0.6152810171035811,0.7012075276666048
5106,5106,5106,4.51,0.6145223719264619,0.7003596948897037
5107,5107,5107,4.511666666666667,0.6141452022967588,0.6995118621128027
5108,5108,5108,4.513333333333334,0.6133865571196389,0.6986640293359017
5109,5109,5109,4.515000000000001,0.6126279119425193,0.6978161965589997
5110,5110,5110,4.5166666666666675,0.6118692667653993,0.6969683637820987
5111,5111,5111,4.518333333333334,0.6111106215882789,0.6961205310051968
5112,5112,5112,4.520000000000001,0.6103519764111593,0.6952726982282957
5113,5113,5113,4.521666666666668,0.6095933312340398,0.6944248654513956
5114,5114,5114,4.523333333333332,0.6088346860569203,0.6935770326744937
5115,5115,5115,4.525,0.6080760408798003,0.6927291998975926
5116,5116,5116,4.526666666666667,0.6073173957026798,0.6922628426681089
5117,5117,5117,4.528333333333334,0.6065587505255599,0.6914150098912071
5118,5118,5118,4.530000000000001,0.6058001053484403,0.690567177114306
5119,5119,5119,4.531666666666668,0.6050414601713199,0.6897193443374041
5120,5120,5120,4.533333333333333,0.6042828149942008,0.6884900360130857
5121,5121,5121,4.535,0.6035241698170808,0.6880236787836022
5122,5122,5122,4.536666666666667,0.6031470001873782,0.687175846006701
5123,5123,5123,4.538333333333334,0.6020068794628413,0.6859465376823817
5124,5124,5124,4.540000000000001,0.6012482342857208,0.685480180452898
5125,5125,5125,4.541666666666668,0.6004895891086008,0.6842508721285796
5126,5126,5126,4.543333333333333,0.5997309439314817,0.6834030393516786
5127,5127,5127,4.545,0.5989722987543618,0.6829366821221949
5128,5128,5128,4.546666666666667,0.5985951291246587,0.6820888493452929
5129,5129,5129,4.548333333333334,0.5974550084001218,0.6812410165683921
5130,5130,5130,4.550000000000001,0.5966963632230018,0.6803931837914909
5131,5131,5131,4.551666666666668,0.5963191935932988,0.6795453510145889
5132,5132,5132,4.553333333333335,0.5955605484161792,0.678697518237688
5133,5133,5133,4.555,0.5944204276916423,0.6774682099133704
5134,5134,5134,4.556666666666667,0.5940432580619401,0.6770018526838859
5135,5135,5135,4.558333333333334,0.5929031373374027,0.6761540199069849
5136,5136,5136,4.5600000000000005,0.5925259677076997,0.675306187130083
5137,5137,5137,4.561666666666667,0.5917673225305797,0.6744583543531819
5138,5138,5138,4.563333333333334,0.5910086773534602,0.6736105215762809
5139,5139,5139,4.565000000000001,0.5902500321763398,0.6727626887993791
5140,5140,5140,4.566666666666666,0.5891099114518037,0.6719148560224779
5141,5141,5141,4.568333333333333,0.5887327418221007,0.6710670232455769
5142,5142,5142,4.57,0.5879740966449807,0.6702191904686758
5143,5143,5143,4.571666666666667,0.5868339759204437,0.6697528332391913
5144,5144,5144,4.573333333333334,0.5864568062907407,0.6689050004622903
5145,5145,5145,4.575000000000001,0.5853166855662033,0.6676756921379718
5146,5146,5146,4.576666666666668,0.5849395159365007,0.6668278593610699
5147,5147,5147,4.578333333333333,0.5845623463067989,0.6659800265841698
5148,5148,5148,4.58,0.5834222255822612,0.6655136693546853
5149,5149,5149,4.581666666666667,0.5826635804051417,0.6642843610303668
5150,5150,5150,4.583333333333334,0.5819049352280217,0.6634365282534649
5151,5151,5151,4.585000000000001,0.5811462900509012,0.6625886954765638
5152,5152,5152,4.586666666666668,0.5803876448737817,0.6621223382470802
5153,5153,5153,4.588333333333335,0.5796289996966617,0.6612745054701783
5154,5154,5154,4.59,0.5792518300669599,0.6600451971458607
5155,5155,5155,4.591666666666667,0.5781117093424226,0.6591973643689597
5156,5156,5156,4.593333333333334,0.5777345397127196,0.6587310071394752
5157,5157,5157,4.595000000000001,0.5765944189881822,0.6578831743625742
5158,5158,5158,4.596666666666668,0.5758357738110627,0.6570353415856722
5159,5159,5159,4.5983333333333345,0.5754586041813601,0.6558060332613538
5160,5160,5160,4.600000000000001,0.5743184834568222,0.6553396760318702
5161,5161,5161,4.601666666666668,0.5739413138271205,0.6544918432549691
5162,5162,5162,4.603333333333332,0.5731826686500006,0.6532625349306498
5163,5163,5163,4.605,0.5724240234728809,0.6524147021537487
5164,5164,5164,4.606666666666667,0.571665378295761,0.6519483449242651
5165,5165,5165,4.608333333333334,0.5705252575712232,0.6511005121473641
5166,5166,5166,4.610000000000001,0.5701480879415206,0.6502526793704622
5167,5167,5167,4.611666666666666,0.5693894427644015,0.649404846593562
5168,5168,5168,4.613333333333333,0.5686307975872815,0.6485570138166601
5169,5169,5169,4.615,0.5678721524101615,0.647709181039759
5170,5170,5170,4.616666666666667,0.5667320316856241,0.6464798727154397
5171,5171,5171,4.618333333333334,0.5663548620559216,0.6460135154859561
5172,5172,5172,4.620000000000001,0.565596216878802,0.6451656827090542
5173,5173,5173,4.621666666666668,0.5648375717016816,0.6443178499321531
5174,5174,5174,4.623333333333333,0.5640789265245625,0.6434700171552529
5175,5175,5175,4.625,0.5633202813474425,0.6426221843783521
5176,5176,5176,4.626666666666667,0.5625616361703225,0.6417743516014499
5177,5177,5177,4.628333333333334,0.5618029909932021,0.640926518824549
5178,5178,5178,4.630000000000001,0.5610443458160825,0.6400786860476471
5179,5179,5179,4.631666666666668,0.5602857006389625,0.6392308532707459
5180,5180,5180,4.633333333333335,0.5595270554618421,0.6380015449464267
5181,5181,5181,4.635,0.5587684102847235,0.637535187716944
5182,5182,5182,4.636666666666667,0.5583912406550204,0.636687354940042
5183,5183,5183,4.638333333333334,0.5576325954779009,0.635839522163141
5184,5184,5184,4.640000000000001,0.5568739503007809,0.635373164933656
5185,5185,5185,4.6416666666666675,0.5557338295762431,0.6341438566093389
5186,5186,5186,4.643333333333334,0.5553566599465405,0.633677499379854
5187,5187,5187,4.645000000000001,0.5545980147694209,0.6328296666029529
5188,5188,5188,4.646666666666668,0.5538393695923014,0.6319818338260519
5189,5189,5189,4.648333333333332,0.5530807244151819,0.6311340010491509
5190,5190,5190,4.65,0.551940603690644,0.6302861682722489
5191,5191,5191,4.651666666666667,0.5515634340609414,0.6298198110427657
5192,5192,5192,4.653333333333334,0.5504233133364045,0.6293534538132812
5193,5193,5193,4.655000000000001,0.5500461437067015,0.6281241454889628
5194,5194,5194,4.656666666666668,0.5492874985295815,0.6276577882594792
5195,5195,5195,4.658333333333333,0.5485288533524624,0.6264284799351607
5196,5196,5196,4.66,0.5477702081753424,0.6259621227056771
5197,5197,5197,4.661666666666667,0.5473930385456394,0.625114289928776
5198,5198,5198,4.663333333333334,0.5462529178211024,0.6242664571518741
5199,5199,5199,4.665000000000001,0.5454942726439824,0.6234186243749731
5200,5200,5200,4.666666666666668,0.5447356274668621,0.6225707915980712
5201,5201,5201,4.668333333333333,0.5439769822897433,0.621722958821171
5202,5202,5202,4.67,0.5432183371126229,0.6208751260442691
5203,5203,5203,4.671666666666667,0.5424596919355034,0.6200272932673679
5204,5204,5204,4.673333333333334,0.5420825223058008,0.6195609360378838
5205,5205,5205,4.675000000000001,0.5413238771286804,0.6183316277135651
5206,5206,5206,4.676666666666668,0.5405652319515604,0.6178652704840817
5207,5207,5207,4.678333333333335,0.5394251112270234,0.6170174377071806
5208,5208,5208,4.68,0.5386664660499039,0.6157881293828621
5209,5209,5209,4.681666666666667,0.5382892964202017,0.6153217721533777
5210,5210,5210,4.683333333333334,0.5371491756956639,0.6140924638290589
5211,5211,5211,4.6850000000000005,0.5367720060659613,0.6136261065995756
5212,5212,5212,4.686666666666667,0.5356318853414244,0.6127782738226737
5213,5213,5213,4.688333333333334,0.5352547157117218,0.6119304410457727
5214,5214,5214,4.690000000000001,0.5344960705346014,0.6110826082688707
5215,5215,5215,4.691666666666666,0.5333559498100648,0.609853299944553
5216,5216,5216,4.693333333333333,0.5333602557277799,0.6093869427150695
5217,5217,5217,4.695,0.5326016105506599,0.6085391099381676
5218,5218,5218,4.696666666666667,0.5314614898261223,0.6076912771612666
5219,5219,5219,4.698333333333334,0.5310843201964199,0.6068434443843655
5220,5220,5220,4.700000000000001,0.5299441994718823,0.605614136060046
5221,5221,5221,4.701666666666668,0.5295670298421804,0.6051477788305626
5222,5222,5222,4.703333333333333,0.5284269091176428,0.6042999460536616
5223,5223,5223,4.705,0.5280497394879409,0.6034521132767605
5224,5224,5224,4.706666666666667,0.5272910943108209,0.6026042804998586
5225,5225,5225,4.708333333333334,0.5265324491337009,0.6013749721755399
5226,5226,5226,4.710000000000001,0.5257738039565805,0.6009086149460565
5227,5227,5227,4.711666666666668,0.5250151587794609,0.6000607821691555
5228,5228,5228,4.713333333333335,0.5242565136023409,0.5992129493922536
5229,5229,5229,4.715,0.5234978684252218,0.5983651166153525
5230,5230,5230,4.716666666666667,0.5227392232481018,0.5975172838384515
5231,5231,5231,4.718333333333334,0.5219805780709814,0.5966694510615496
5232,5232,5232,4.720000000000001,0.5216034084412791,0.5958216182846485
5233,5233,5233,4.721666666666668,0.5204632877167419,0.5949737855077475
5234,5234,5234,4.7233333333333345,0.5200861180870386,0.5937444771834279
5235,5235,5235,4.725000000000001,0.5189459973625015,0.5932781199539445
5236,5236,5236,4.726666666666668,0.5181873521853824,0.5924302871770444
5237,5237,5237,4.728333333333332,0.5178101825556796,0.5915824544001425
5238,5238,5238,4.73,0.5166700618311428,0.5907346216232414
5239,5239,5239,4.731666666666667,0.5159114166540224,0.5898867888463395
5240,5240,5240,4.733333333333334,0.5151527714769024,0.5890389560694385
5241,5241,5241,4.735000000000001,0.5143941262997829,0.5881911232925374
5242,5242,5242,4.736666666666666,0.5140169566700805,0.5873432905156364
5243,5243,5243,4.738333333333333,0.513258311492961,0.5864954577387345
5244,5244,5244,4.74,0.5121181907684234,0.5856476249618334
5245,5245,5245,4.741666666666667,0.5113595455913034,0.5844183166375148
5246,5246,5246,4.743333333333334,0.5109823759616001,0.5839519594080314
5247,5247,5247,4.745000000000001,0.5098422552370634,0.5834856021785466
5248,5248,5248,4.746666666666668,0.5094650856073606,0.5822562938542284
5249,5249,5249,4.748333333333333,0.5087064404302415,0.5817899366247445
5250,5250,5250,4.75,0.5075663197057043,0.5805606283004263
5251,5251,5251,4.751666666666667,0.5071891500760011,0.5800942710709416
5252,5252,5252,4.753333333333334,0.5064305048988815,0.5792464382940405
5253,5253,5253,4.755000000000001,0.5056718597217615,0.5783986055171395
5254,5254,5254,4.756666666666668,0.5049132145446411,0.5771692971928204
5255,5255,5255,4.758333333333335,0.5041545693675211,0.5763214644159194
5256,5256,5256,4.76,0.503395924190402,0.5758551071864364
5257,5257,5257,4.761666666666667,0.502637279013282,0.5750072744095345
5258,5258,5258,4.763333333333334,0.5018786338361625,0.5737779660852163
5259,5259,5259,4.765000000000001,0.5011199886590421,0.5729301333083143
5260,5260,5260,4.7666666666666675,0.5003613434819221,0.5724637760788305
5261,5261,5261,4.768333333333334,0.4996026983048025,0.5716159433019286
5262,5262,5262,4.770000000000001,0.4992255286750997,0.5707681105250275
5263,5263,5263,4.771666666666668,0.4984668834979811,0.5695388022007093
5264,5264,5264,4.773333333333332,0.4977082383208606,0.5690724449712254
5265,5265,5265,4.775,0.4969495931437407,0.5682246121943244
5266,5266,5266,4.776666666666667,0.4961909479666207,0.5673767794174234
5267,5267,5267,4.778333333333334,0.4954323027895007,0.5665289466405214
5268,5268,5268,4.780000000000001,0.4950551331597977,0.5656811138636204
5269,5269,5269,4.781666666666668,0.4942964879826777,0.5644518055393013
5270,5270,5270,4.783333333333333,0.4931563672581416,0.5636039727624012
5271,5271,5271,4.785,0.4927791976284381,0.5631376155329164
5272,5272,5272,4.786666666666667,0.4924020279987362,0.5622897827560154
5273,5273,5273,4.788333333333334,0.4912619072741986,0.5614419499791135
5274,5274,5274,4.790000000000001,0.4905032620970786,0.5605941172022124
5275,5275,5275,4.791666666666668,0.4897446169199586,0.5597462844253114
5276,5276,5276,4.793333333333335,0.4893674472902563,0.5585169761009923
5277,5277,5277,4.795,0.4886088021131372,0.5580506188715093
5278,5278,5278,4.796666666666667,0.4878501569360172,0.5572027860946083
5279,5279,5279,4.798333333333334,0.4870915117588972,0.5563549533177063
5280,5280,5280,4.800000000000001,0.4859513910343596,0.5555071205408053
5281,5281,5281,4.801666666666668,0.4855742214046572,0.5546592877639034
5282,5282,5282,4.803333333333336,0.4848155762275373,0.5538114549870023
5283,5283,5283,4.805,0.4840569310504181,0.5529636222101013
5284,5284,5284,4.806666666666667,0.4832982858732982,0.5521157894332003
5285,5285,5285,4.808333333333334,0.4825396406961782,0.5512679566562992
5286,5286,5286,4.8100000000000005,0.4817809955190573,0.5500386483319809
5287,5287,5287,4.811666666666667,0.4810223503419382,0.5495722911024963
5288,5288,5288,4.813333333333334,0.4802637051648182,0.5487244583255952
5289,5289,5289,4.815000000000003,0.479886535535115,0.5478766255486933
5290,5290,5290,4.816666666666666,0.4787464148105791,0.5470287927717923
5291,5291,5291,4.818333333333333,0.4783692451808759,0.5461809599948912
5292,5292,5292,4.82,0.4772291244563392,0.5453331272179902
5293,5293,5293,4.821666666666667,0.4768519548266368,0.5444852944410883
5294,5294,5294,4.823333333333334,0.4757118341020983,0.5436374616641872
5295,5295,5295,4.825000000000003,0.4749531889249792,0.5427896288872853
5296,5296,5296,4.826666666666668,0.4741945437478592,0.5419417961103843
5297,5297,5297,4.828333333333333,0.4738173741181568,0.5410939633334841
5298,5298,5298,4.83,0.4726772533936201,0.5402461305565822
5299,5299,5299,4.831666666666667,0.4723000837639169,0.5393982977796812
5300,5300,5300,4.833333333333334,0.4711599630393792,0.5385504650027801
5301,5301,5301,4.835000000000001,0.4707827934096778,0.5377026322258782
5302,5302,5302,4.836666666666668,0.4700241482325569,0.5368547994489772
5303,5303,5303,4.8383333333333365,0.4692655030554369,0.5360069666720753
5304,5304,5304,4.84,0.4685068578783178,0.5351591338951751
5305,5305,5305,4.841666666666667,0.4677482127011978,0.5343113011182741
5306,5306,5306,4.843333333333334,0.4669895675240778,0.5334634683413721
5307,5307,5307,4.845000000000001,0.4662309223469578,0.5326156355644711
5308,5308,5308,4.846666666666668,0.4650908016224202,0.5317678027875701
5309,5309,5309,4.8483333333333345,0.4647136319927178,0.5313014455580856
5310,5310,5310,4.850000000000003,0.4639549868155979,0.5300721372337671
5311,5311,5311,4.851666666666668,0.4628148660910612,0.5296057800042835
5312,5312,5312,4.853333333333332,0.4624376964613588,0.528376471679965
5313,5313,5313,4.855,0.4616790512842388,0.5275286389030631
5314,5314,5314,4.856666666666667,0.461301881654536,0.5270622816735795
5315,5315,5315,4.858333333333334,0.4601617609299988,0.5258329733492602
5316,5316,5316,4.860000000000003,0.4594031157528789,0.5253666161197765
5317,5317,5317,4.861666666666666,0.4586444705757597,0.5245187833428764
5318,5318,5318,4.863333333333333,0.4578858253986398,0.5236709505659745
5319,5319,5319,4.865,0.4571271802215198,0.5228231177890734
5320,5320,5320,4.866666666666667,0.4563685350443998,0.5215938094647541
5321,5321,5321,4.868333333333334,0.4556098898672798,0.5211274522352705
5322,5322,5322,4.870000000000003,0.4548512446901598,0.5202796194583694
5323,5323,5323,4.871666666666668,0.45447407506045706,0.5194317866814675
5324,5324,5324,4.873333333333333,0.4533339543359207,0.5185839539045674
5325,5325,5325,4.875,0.4525753091588007,0.5173546455802489
5326,5326,5326,4.876666666666667,0.4521981395290979,0.5168882883507644
5327,5327,5327,4.878333333333334,0.4510580188045608,0.5160404555738634
5328,5328,5328,4.880000000000001,0.450680849174858,0.5151926227969614
5329,5329,5329,4.881666666666668,0.449922203997738,0.5143447900200604
5330,5330,5330,4.883333333333336,0.4491635588206179,0.5131154816957421
5331,5331,5331,4.885,0.448404913643498,0.5126491244662583
5332,5332,5332,4.886666666666667,0.4476462684663789,0.5118012916893564
5333,5333,5333,4.888333333333334,0.4472690988366761,0.5109534589124554
5334,5334,5334,4.890000000000001,0.4461289781121389,0.5101056261355543
5335,5335,5335,4.8916666666666675,0.4453703329350189,0.5092577933586524
5336,5336,5336,4.893333333333334,0.4446116877578989,0.5084099605817514
5337,5337,5337,4.895000000000003,0.44385304258077896,0.5075621278048494
5338,5338,5338,4.896666666666668,0.44347587295107693,0.5067142950279493
5339,5339,5339,4.898333333333332,0.44271722777395706,0.5058664622510483
5340,5340,5340,4.9,0.4419585825968362,0.5050186294741463
5341,5341,5341,4.901666666666667,0.4411999374197171,0.5041707966972453
5342,5342,5342,4.903333333333334,0.4404412922425971,0.5033229639203434
5343,5343,5343,4.905000000000003,0.43930117151805903,0.5024751311434423
5344,5344,5344,4.906666666666668,0.4389240018883571,0.5016272983665413
5345,5345,5345,4.908333333333333,0.4381653567112371,0.5007794655896411
5346,5346,5346,4.91,0.4370252359867008,0.4999316328127392
5347,5347,5347,4.911666666666667,0.4366480663569981,0.4990838000358382
5348,5348,5348,4.913333333333334,0.4358894211798772,0.4986174428063537
5349,5349,5349,4.915000000000003,0.4355122515501748,0.4973881344820352
5350,5350,5350,4.916666666666668,0.4347536063730557,0.4965403017051333
5351,5351,5351,4.9183333333333366,0.4339949611959349,0.4956924689282322
5352,5352,5352,4.92,0.432854840471399,0.4952261116987486
5353,5353,5353,4.921666666666667,0.4320961952942781,0.4939968033744302
5354,5354,5354,4.923333333333334,0.43171902566457576,0.4935304461449457
5355,5355,5355,4.925000000000001,0.4309603804874567,0.4919196622732098
5356,5356,5356,4.926666666666668,0.42982025976291816,0.4914533050437262
5357,5357,5357,4.928333333333336,0.4294430901332158,0.4906054722668242
5358,5358,5358,4.93,0.4286844449560967,0.4901391150373415
5359,5359,5359,4.931666666666667,0.4279257997789767,0.4892912822604405
5360,5360,5360,4.933333333333334,0.4271671546018567,0.4884434494835386
5361,5361,5361,4.9350000000000005,0.4264085094247368,0.4875956167066376
5362,5362,5362,4.936666666666667,0.4256498642476168,0.4867477839297356
5363,5363,5363,4.938333333333334,0.425272694617914,0.4858999511528346
5364,5364,5364,4.940000000000003,0.424514049440794,0.4850521183759336
5365,5365,5365,4.941666666666666,0.4237554042636749,0.4838228100516151
5366,5366,5366,4.943333333333333,0.4229967590865549,0.4833564528221314
5367,5367,5367,4.945,0.4226195894568525,0.4825086200452304
5368,5368,5368,4.946666666666667,0.4218609442797325,0.4812793117209111
5369,5369,5369,4.948333333333334,0.4211022991026125,0.4804314789440101
5370,5370,5370,4.950000000000003,0.42034365392549256,0.4799651217145256
5371,5371,5371,4.951666666666668,0.41958500874837257,0.4791172889376245
5372,5372,5372,4.953333333333333,0.4188263635712535,0.4786509317081409
5373,5373,5373,4.955,0.4180677183941335,0.4774216233838224
5374,5374,5374,4.956666666666667,0.4176905487644309,0.4765737906069205
5375,5375,5375,4.958333333333334,0.4169319035873109,0.4753444822826021
5376,5376,5376,4.960000000000001,0.4161732584101909,0.4748781250531176
5377,5377,5377,4.961666666666668,0.4157960887804884,0.4740302922762165
5378,5378,5378,4.9633333333333365,0.4150374436033684,0.4731824594993155
5379,5379,5379,4.965,0.4142787984262493,0.4723346267224144
5380,5380,5380,4.966666666666667,0.4135201532491284,0.4714867939455134
5381,5381,5381,4.968333333333334,0.4127615080720093,0.4710204367160298
5382,5382,5382,4.970000000000001,0.4120028628948893,0.4697911283917104
5383,5383,5383,4.971666666666668,0.4116256932651867,0.4689432956148094
5384,5384,5384,4.9733333333333345,0.4108670480880667,0.4680954628379075
5385,5385,5385,4.975000000000003,0.41048987845836415,0.4672476300610065
5386,5386,5386,4.976666666666668,0.40973123328124506,0.4667812728315237
5387,5387,5387,4.978333333333332,0.40897258810412507,0.4655519645072044
5388,5388,5388,4.98,0.4085954184744225,0.4647041317303034
5389,5389,5389,4.981666666666667,0.4078367732973016,0.4642377745008197
5390,5390,5390,4.983333333333334,0.4066966525727651,0.4633899417239178
5391,5391,5391,4.985000000000003,0.4063194829430625,0.4625421089470168
5392,5392,5392,4.986666666666666,0.4059423133133608,0.4616942761701157
5393,5393,5393,4.988333333333333,0.40518366813624,0.4604649678457973
5394,5394,5394,4.99,0.40442502295912,0.4596171350688954
5395,5395,5395,4.991666666666667,0.40328490223458346,0.4591507778394117
5396,5396,5396,4.993333333333334,0.4029077326048809,0.4583029450625098
5397,5397,5397,4.995000000000003,0.40214908742776,0.4574551122856088
5398,5398,5398,4.996666666666668,0.40177191779805743,0.4569887550561242
5399,5399,5399,4.998333333333333,0.4010132726209383,0.4557594467318067
5400,5400,5400,5.0,0.4002546274438184,0.4549116139549057
5401,5401,5401,5.001666666666667,0.3994959822666993,0.4544452567254221
5402,5402,5402,5.003333333333334,0.3991188126369958,0.4532159484011027
5403,5403,5403,5.005000000000001,0.3983601674598758,0.4523681156242017
5404,5404,5404,5.006666666666668,0.3976015222827567,0.4519017583947171
5405,5405,5405,5.008333333333336,0.3968428771056358,0.4506724500703987
5406,5406,5406,5.01,0.3960842319285167,0.450206092840916
5407,5407,5407,5.011666666666667,0.3957070622988141,0.4489767845165966
5408,5408,5408,5.013333333333334,0.39494841712169415,0.4481289517396956
5409,5409,5409,5.015000000000001,0.39457124749199135,0.4472811189627937
5410,5410,5410,5.0166666666666675,0.39381260231487136,0.44681476173331
5411,5411,5411,5.018333333333334,0.3934354326851692,0.44596692895640905
5412,5412,5412,5.02,0.3926767875080493,0.4451190961795071
5413,5413,5413,5.021666666666668,0.3919181423309301,0.444271263402606
5414,5414,5414,5.023333333333332,0.39154097270122734,0.44342343062570505
5415,5415,5415,5.025,0.39078232752410735,0.442575597848804
5416,5416,5416,5.026666666666667,0.39040515789440505,0.44210924061931933
5417,5417,5417,5.028333333333334,0.3892650371698674,0.44087993229500105
5418,5418,5418,5.029999999999999,0.38888786754016497,0.4404135750655165
5419,5419,5419,5.031666666666668,0.3881292223630449,0.43956574228861545
5420,5420,5420,5.033333333333333,0.3877520527333431,0.4383364339642979
5421,5421,5421,5.035,0.3869934075562231,0.4378700767348134
5422,5422,5422,5.036666666666667,0.3862347623791032,0.4374037195053295
5423,5423,5423,5.038333333333334,0.3854761172019832,0.4365558867284285
5424,5424,5424,5.039999999999999,0.3850989475722806,0.43570805395152656
5425,5425,5425,5.041666666666668,0.3843403023951606,0.4348602211746255
5426,5426,5426,5.0433333333333366,0.3835816572180406,0.4343938639451412
5427,5427,5427,5.045,0.3832044875883389,0.4335460311682411
5428,5428,5428,5.046666666666667,0.3824458424112189,0.4323167228439224
5429,5429,5429,5.048333333333334,0.3816871972340981,0.4314688900670205
5430,5430,5430,5.050000000000001,0.38092855205697895,0.4310025328375371
5431,5431,5431,5.051666666666668,0.3805513824272764,0.4301547000606352
5432,5432,5432,5.053333333333336,0.3797927372501564,0.4296883428311513
5433,5433,5433,5.055,0.3794155676204545,0.4288405100542503
5434,5434,5434,5.056666666666667,0.3790383979907512,0.4279926772773493
5435,5435,5435,5.058333333333334,0.3782797528136321,0.4271448445004473
5436,5436,5436,5.0600000000000005,0.37752110763651214,0.4266784872709639
5437,5437,5437,5.061666666666667,0.3767624624593913,0.4258306544940629
5438,5438,5438,5.063333333333334,0.3763852928296885,0.4246013461697433
5439,5439,5439,5.0649999999999995,0.37562664765256937,0.4241349889402599
5440,5440,5440,5.066666666666666,0.3748680024754494,0.42328715616335977
5441,5441,5441,5.068333333333333,0.3741093572983303,0.42243932338645773
5442,5442,5442,5.07,0.37373218766862704,0.4219729661569742
5443,5443,5443,5.071666666666667,0.3729735424915071,0.4211251333800723
5444,5444,5444,5.073333333333334,0.372214897314388,0.4202773006031713
5445,5445,5445,5.074999999999999,0.3710747765898503,0.4198109433736876
5446,5446,5446,5.076666666666668,0.3706976069601471,0.4189631105967857
5447,5447,5447,5.078333333333333,0.3703204373304454,0.41849675336730296
5448,5448,5448,5.08,0.3695617921533254,0.4176489205904019
5449,5449,5449,5.081666666666667,0.3691846225236228,0.4168010878135
5450,5450,5450,5.083333333333334,0.3684259773465037,0.41595325503659897
5451,5451,5451,5.085000000000001,0.3676673321693829,0.4154868978071147
5452,5452,5452,5.086666666666668,0.3672901625396803,0.4146390650302136
5453,5453,5453,5.0883333333333365,0.36615004181514377,0.4137912322533126
5454,5454,5454,5.09,0.3657728721854412,0.4133248750238288
5455,5455,5455,5.091666666666667,0.3650142270083212,0.4124770422469268
5456,5456,5456,5.093333333333334,0.365018532926036,0.4116292094700258
5457,5457,5457,5.095000000000001,0.364259887748916,0.4107813766931239
5458,5458,5458,5.096666666666668,0.3635012425717961,0.4099335439162228
5459,5459,5459,5.0983333333333345,0.3627425973946761,0.4094671866867392
5460,5460,5460,5.1,0.3623654277649735,0.4086193539098373
5461,5461,5461,5.101666666666668,0.3616067825878544,0.4077715211329371
5462,5462,5462,5.103333333333332,0.3608481374107344,0.4073051639034535
5463,5463,5463,5.105,0.3600894922336144,0.4064573311265516
5464,5464,5464,5.106666666666667,0.35971232260391184,0.4059909738970684
5465,5465,5465,5.108333333333334,0.35857220187937444,0.4051431411201665
5466,5466,5466,5.109999999999999,0.35819503224967186,0.40429530834326544
5467,5467,5467,5.111666666666668,0.3578178626199693,0.4038289511137816
5468,5468,5468,5.113333333333333,0.3570592174428502,0.4033625938842982
5469,5469,5469,5.115,0.3566820478131476,0.4025147611073972
5470,5470,5470,5.116666666666667,0.3555419270886102,0.4012854527830785
5471,5471,5471,5.118333333333334,0.35516475745890763,0.4008190955535942
5472,5472,5472,5.119999999999999,0.35478758782920505,0.4003527383241101
5473,5473,5473,5.121666666666668,0.3540289426520851,0.3995049055472082
5474,5474,5474,5.123333333333333,0.35365177302238315,0.398657072770308
5475,5475,5475,5.125,0.352511652297846,0.3978092399934061
5476,5476,5476,5.126666666666667,0.3521344826681432,0.3973428827639229
5477,5477,5477,5.128333333333334,0.3513758374910232,0.396495049987021
5478,5478,5478,5.130000000000001,0.3506171923139023,0.3960286927575374
5479,5479,5479,5.131666666666668,0.35024002268420085,0.39518085998063546
5480,5480,5480,5.133333333333336,0.3494813775070809,0.3943330272037344
5481,5481,5481,5.135,0.34872273232996176,0.39386666997425146
5482,5482,5482,5.136666666666667,0.3479640871528418,0.3934003127447676
5483,5483,5483,5.138333333333334,0.3475869175231385,0.3925524799678657
5484,5484,5484,5.140000000000001,0.34682827234601943,0.3917046471909647
5485,5485,5485,5.1416666666666675,0.34606962716889944,0.3908568144140627
5486,5486,5486,5.143333333333334,0.3456924575391957,0.3903904571845793
5487,5487,5487,5.145,0.34493381236207576,0.3895426244076774
5488,5488,5488,5.146666666666668,0.3441751671849567,0.3890762671781944
5489,5489,5489,5.148333333333332,0.3437979975552543,0.3882284344012934
5490,5490,5490,5.15,0.3426578768307176,0.3873806016243915
5491,5491,5491,5.151666666666667,0.3418992316535967,0.3869142443949079
5492,5492,5492,5.153333333333334,0.34152206202389435,0.3864478871654245
5493,5493,5493,5.154999999999999,0.34076341684677525,0.3856000543885225
5494,5494,5494,5.156666666666668,0.3400047716696553,0.3847522216116215
5495,5495,5495,5.158333333333333,0.3396276020399531,0.3839043888347205
5496,5496,5496,5.16,0.33886895686283225,0.3834380316052368
5497,5497,5497,5.161666666666667,0.33811031168571226,0.3825901988283349
5498,5498,5498,5.163333333333334,0.3373516665085923,0.3821238415988513
5499,5499,5499,5.164999999999999,0.3373559724263082,0.3812760088219493
5500,5500,5500,5.166666666666668,0.3365973272491873,0.3804281760450483
5501,5501,5501,5.1683333333333366,0.3358386820720673,0.3799618188155647
5502,5502,5502,5.17,0.3354615124423657,0.37873251049124623
5503,5503,5503,5.171666666666667,0.3347028672652457,0.3782661532617626
5504,5504,5504,5.173333333333334,0.3339442220881257,0.3774183204848616
5505,5505,5505,5.175000000000001,0.3331855769110057,0.37695196325537705
5506,5506,5506,5.176666666666668,0.3324269317338857,0.37610413047847596
5507,5507,5507,5.178333333333336,0.3320497621041829,0.3752562977015741
5508,5508,5508,5.18,0.3312911169270638,0.37478994047209135
5509,5509,5509,5.181666666666667,0.3305324717499438,0.3743235832426077
5510,5510,5510,5.183333333333334,0.32977382657282384,0.3734757504657058
5511,5511,5511,5.1850000000000005,0.3293966569431215,0.3726279176888048
5512,5512,5512,5.186666666666667,0.3286380117660015,0.3721615604593211
5513,5513,5513,5.188333333333334,0.3282608421362989,0.3713137276824192
5514,5514,5514,5.1899999999999995,0.3275021969591789,0.3708473704529356
5515,5515,5515,5.191666666666666,0.3267435517820598,0.36999953767603455
5516,5516,5516,5.193333333333333,0.32636638215235725,0.3695331804465498
5517,5517,5517,5.195,0.32522626142781985,0.3686853476696488
5518,5518,5518,5.196666666666667,0.3252305673455347,0.3678375148927477
5519,5519,5519,5.198333333333334,0.3244719221684147,0.36737115766326345
5520,5520,5520,5.199999999999999,0.3237132769912947,0.3661418493389448
5521,5521,5521,5.201666666666668,0.3233361073615921,0.3656754921094605
5522,5522,5522,5.203333333333333,0.32257746218447303,0.36520913487997775
5523,5523,5523,5.205,0.32181881700735304,0.3643613021030767
5524,5524,5524,5.206666666666667,0.3214416473776505,0.3638949448735924
5525,5525,5525,5.208333333333334,0.3206830022005305,0.3630471120966914
5526,5526,5526,5.210000000000001,0.3199243570234105,0.3621992793197904
5527,5527,5527,5.211666666666668,0.31954718739370697,0.3617329220903056
5528,5528,5528,5.2133333333333365,0.3187885422165879,0.3608850893134046
5529,5529,5529,5.215,0.31802989703946793,0.3600372565365044
5530,5530,5530,5.216666666666667,0.31727125186234884,0.3595708993070201
5531,5531,5531,5.218333333333334,0.31689408223264603,0.3591045420775363
5532,5532,5532,5.220000000000001,0.3161354370555252,0.3578752337532172
5533,5533,5533,5.221666666666668,0.3153767918784061,0.3574088765237333
5534,5534,5534,5.2233333333333345,0.3149996222487037,0.3565610437468323
5535,5535,5535,5.225,0.3142409770715828,0.3557132109699304
5536,5536,5536,5.226666666666668,0.3134823318944646,0.3548653781930293
5537,5537,5537,5.228333333333332,0.31310516226476115,0.3543990209635459
5538,5538,5538,5.23,0.31272799263505857,0.3539326637340621
5539,5539,5539,5.231666666666667,0.3119693474579395,0.3530848309571601
5540,5540,5540,5.233333333333334,0.3112107022808186,0.3522369981802591
5541,5541,5541,5.234999999999999,0.310833532651116,0.3517706409507746
5542,5542,5542,5.236666666666668,0.3104563630214145,0.3509228081738736
5543,5543,5543,5.238333333333333,0.3093162422968769,0.3500749753969734
5544,5544,5544,5.24,0.30893907266717546,0.3496086181674887
5545,5545,5545,5.241666666666667,0.30779895194263696,0.34837930984317045
5546,5546,5546,5.243333333333334,0.3074217823129346,0.3479129526136857
5547,5547,5547,5.244999999999999,0.30704461268323197,0.3474465953842023
5548,5548,5548,5.246666666666668,0.30628596750611203,0.3469802381547189
5549,5549,5549,5.248333333333333,0.3055273223289929,0.34613240537781786
5550,5550,5550,5.25,0.3047686771518729,0.3449030970534992
5551,5551,5551,5.251666666666667,0.30401003197475296,0.3444367398240158
5552,5552,5552,5.253333333333334,0.30363286234505016,0.3435889070471139
5553,5553,5553,5.255000000000001,0.30287421716793017,0.34312254981762996
5554,5554,5554,5.256666666666668,0.3024970475382278,0.3422747170407281
5555,5555,5555,5.258333333333336,0.3017384023611078,0.3418083598112445
5556,5556,5556,5.26,0.3013612327314059,0.34096052703434343
5557,5557,5557,5.261666666666667,0.3006025875542859,0.3401126942574424
5558,5558,5558,5.263333333333334,0.3002254179245831,0.3392648614805405
5559,5559,5559,5.265000000000001,0.29946677274746314,0.33879850425105684
5560,5560,5560,5.2666666666666675,0.29870812757034315,0.3379506714741558
5561,5561,5561,5.268333333333334,0.2979494823932232,0.3371028386972539
5562,5562,5562,5.27,0.2975723127635208,0.33663648146777025
5563,5563,5563,5.271666666666668,0.2968136675864017,0.3357886486908701
5564,5564,5564,5.273333333333332,0.29643649795669913,0.3353222914613856
5565,5565,5565,5.275,0.29567785277957914,0.3344744586844845
5566,5566,5566,5.276666666666667,0.29491920760245915,0.33400810145500004
5567,5567,5567,5.278333333333334,0.2941605624253392,0.333160268678099
5568,5568,5568,5.279999999999999,0.2937833927956364,0.3323124359011971
5569,5569,5569,5.281666666666668,0.2930247476185164,0.33184607867171345
5570,5570,5570,5.283333333333333,0.2926475779888149,0.3306167703473959
5571,5571,5571,5.285,0.2918889328116949,0.3305318886653297
5572,5572,5572,5.286666666666667,0.2915117631819921,0.3296840558884277
5573,5573,5573,5.288333333333334,0.2907531180048721,0.3292176986589441
5574,5574,5574,5.289999999999999,0.2899944728277521,0.3279883903346248
5575,5575,5575,5.291666666666668,0.28923582765063216,0.3271405575577237
5576,5576,5576,5.2933333333333366,0.2888586580209289,0.32705567587565665
5577,5577,5577,5.295,0.2884814883912279,0.3262078430987565
5578,5578,5578,5.296666666666667,0.287722843214107,0.3249785347744372
5579,5579,5579,5.298333333333334,0.2869641980369879,0.3241307019975361
5580,5580,5580,5.300000000000001,0.28620555285986793,0.3236643447680516
5581,5581,5581,5.301666666666668,0.2858283832301647,0.323197987538568
5582,5582,5582,5.303333333333336,0.2850697380530456,0.3223501547616669
5583,5583,5583,5.305,0.284692568423343,0.3215023219847659
5584,5584,5584,5.306666666666667,0.2839339232462239,0.3210359647552825
5585,5585,5585,5.308333333333334,0.2827938025216865,0.3201881319783815
5586,5586,5586,5.3100000000000005,0.28279810843940045,0.31934029920147955
5587,5587,5587,5.311666666666667,0.2820394632622805,0.3188739419719957
5588,5588,5588,5.313333333333334,0.28128081808516137,0.3180261091950938
5589,5589,5589,5.3149999999999995,0.2809036484554579,0.3175597519656104
5590,5590,5590,5.316666666666666,0.2797635277309223,0.3167119191887102
5591,5591,5591,5.318333333333333,0.2793863581012188,0.3158640864118083
5592,5592,5592,5.32,0.27900918847151623,0.3150162536349073
5593,5593,5593,5.321666666666667,0.27825054329439713,0.3145498964054232
5594,5594,5594,5.323333333333334,0.2778733736646937,0.3137020636285213
5595,5595,5595,5.324999999999999,0.2767332529401563,0.31285423085162023
5596,5596,5596,5.326666666666668,0.2763560833104537,0.31238787362213594
5597,5597,5597,5.328333333333333,0.2755974381333346,0.3115400408452358
5598,5598,5598,5.33,0.275220268503632,0.31069220806833386
5599,5599,5599,5.331666666666667,0.27446162332651197,0.31022585083885
5600,5600,5600,5.333333333333334,0.27408445369680945,0.3093780180619481
5601,5601,5601,5.335000000000001,0.27332580851968946,0.30853018528504705
5602,5602,5602,5.336666666666668,0.2729486388899869,0.3080638280555628
5603,5603,5603,5.3383333333333365,0.2718085181654495,0.3068345197312441
5604,5604,5604,5.34,0.2714313485357478,0.3063681625017616
5605,5605,5605,5.341666666666667,0.2710541789060452,0.30552032972485965
5606,5606,5606,5.343333333333334,0.27029553372892523,0.3046724969479586
5607,5607,5607,5.345000000000001,0.26953688855180524,0.3042061397184748
5608,5608,5608,5.346666666666668,0.2687782433746853,0.30335830694157284
5609,5609,5609,5.3483333333333345,0.2684010737449827,0.30289194971208944
5610,5610,5610,5.35,0.2672609530204453,0.3016626413877699
5611,5611,5611,5.351666666666668,0.2665023078433262,0.3015777597057045
5612,5612,5612,5.353333333333332,0.2661251382136236,0.3007299269288035
5613,5613,5613,5.355,0.2653664930365036,0.2998820941519016
5614,5614,5614,5.356666666666667,0.2649893234068013,0.2990342613750005
5615,5615,5615,5.358333333333334,0.2642306782296813,0.2981864285980995
5616,5616,5616,5.359999999999999,0.2638535085999785,0.2977200713686157
5617,5617,5617,5.361666666666668,0.2634763389702759,0.29687223859171463
5618,5618,5618,5.363333333333333,0.2627176937931568,0.2960244058148136
5619,5619,5619,5.365,0.2619590486160368,0.2955580485853295
5620,5620,5620,5.366666666666667,0.2612004034389168,0.2947102158084276
5621,5621,5621,5.368333333333334,0.26044175826179683,0.294243858578944
5622,5622,5622,5.369999999999999,0.25968311308467684,0.29301455025462464
5623,5623,5623,5.371666666666668,0.25930594345497426,0.292548193025141
5624,5624,5624,5.373333333333333,0.2589287738252726,0.2917003602482409
5625,5625,5625,5.375,0.2581701286481526,0.2908525274713389
5626,5626,5626,5.376666666666667,0.2574114834710326,0.2903861702418553
5627,5627,5627,5.378333333333334,0.2566528382939117,0.2895383374649534
5628,5628,5628,5.380000000000001,0.25627566866421025,0.28869050468805235
5629,5629,5629,5.381666666666668,0.2555170234870903,0.2878426719111513
5630,5630,5630,5.383333333333336,0.2547583783099694,0.2869948391342494
5631,5631,5631,5.385,0.2539997331328512,0.28652848190476665
5632,5632,5632,5.386666666666667,0.2536225635031475,0.2860621246752828
5633,5633,5633,5.388333333333334,0.2528639183260284,0.2852142918983809
5634,5634,5634,5.390000000000001,0.2521052731489084,0.28436645912147984
5635,5635,5635,5.3916666666666675,0.25134662797178753,0.2835186263445779
5636,5636,5636,5.393333333333334,0.25058798279466754,0.2830522691150945
5637,5637,5637,5.395,0.25021081316496563,0.2822044363381935
5638,5638,5638,5.396666666666668,0.24945216798784564,0.28135660356129244
5639,5639,5639,5.398333333333332,0.24907499835814415,0.2808902463318079
5640,5640,5640,5.4,0.2483163531810233,0.2796609380074895
5641,5641,5641,5.401666666666667,0.2479391835513207,0.2795760563254233
5642,5642,5642,5.403333333333334,0.2471805383742016,0.2787282235485213
5643,5643,5643,5.404999999999999,0.24642189319708074,0.2778803907716203
5644,5644,5644,5.406666666666668,0.24604472356737814,0.2770325579947184
5645,5645,5645,5.408333333333333,0.2449046028428417,0.27656620076523564
5646,5646,5646,5.41,0.2441459576657217,0.2757183679883346
5647,5647,5647,5.411666666666667,0.2437687880360191,0.27525201075884986
5648,5648,5648,5.413333333333334,0.2433916184063165,0.27402270243453164
5649,5649,5649,5.414999999999999,0.2426329732291965,0.2735563452050478
5650,5650,5650,5.416666666666668,0.2418743280520765,0.2727085124281459
5651,5651,5651,5.4183333333333366,0.2411156828749565,0.27186067965124483
5652,5652,5652,5.42,0.2407385132452549,0.2710128468743447
5653,5653,5653,5.421666666666667,0.2399798680681349,0.2701650140974428
5654,5654,5654,5.423333333333334,0.2392212228910149,0.2700801324153768
5655,5655,5655,5.425000000000001,0.2384625777138949,0.26923229963847484
5656,5656,5656,5.426666666666668,0.2380854080841923,0.26876594240899143
5657,5657,5657,5.428333333333336,0.23732676290707236,0.2679181096320895
5658,5658,5658,5.43,0.23656811772995234,0.2670702768551885
5659,5659,5659,5.431666666666667,0.23580947255283324,0.26622244407828743
5660,5660,5660,5.433333333333334,0.2354323029231307,0.2653746113013864
5661,5661,5661,5.4350000000000005,0.23505513329342784,0.2649082540719017
5662,5662,5662,5.436666666666667,0.2339150125688907,0.2640604212950006
5663,5663,5663,5.438333333333334,0.2339193184866055,0.263594064065517
5664,5664,5664,5.4399999999999995,0.23316067330948556,0.2627462312886151
5665,5665,5665,5.441666666666666,0.23240202813236646,0.2615169229642975
5666,5666,5666,5.443333333333333,0.23202485850266386,0.2610505657348139
5667,5667,5667,5.445,0.2308847377781265,0.260202732957912
5668,5668,5668,5.446666666666667,0.2305075681484239,0.25973637572842834
5669,5669,5669,5.448333333333334,0.2301303985187213,0.2588885429515264
5670,5670,5670,5.449999999999999,0.2289902777941839,0.2580407101746254
5671,5671,5671,5.451666666666668,0.2286131081644813,0.25719287739772434
5672,5672,5672,5.453333333333333,0.2278544629873613,0.2567265201682409
5673,5673,5673,5.455,0.22709581781024224,0.2558786873913399
5674,5674,5674,5.456666666666667,0.22633717263312225,0.2550308546144389
5675,5675,5675,5.458333333333334,0.22557852745600224,0.2545644973849539
5676,5676,5676,5.460000000000001,0.2252013578262997,0.2537166646080529
5677,5677,5677,5.461666666666668,0.2244427126491797,0.2532503073785686
5678,5678,5678,5.4633333333333365,0.2236840674720597,0.25240247460166754
5679,5679,5679,5.465,0.2233068978423578,0.2515546418247665
5680,5680,5680,5.466666666666667,0.2225482526652378,0.25070680904786546
5681,5681,5681,5.468333333333334,0.22178960748811694,0.2502404518183807
5682,5682,5682,5.470000000000001,0.22103096231099786,0.2493926190414797
5683,5683,5683,5.471666666666668,0.2206537926812957,0.24854478626457774
5684,5684,5684,5.4733333333333345,0.22027662305159196,0.24769695348767676
5685,5685,5685,5.475,0.2195179778744729,0.2472305962581933
5686,5686,5686,5.476666666666668,0.2183778571499357,0.2463827634812923
5687,5687,5687,5.478333333333332,0.21800068752023294,0.24591640625180866
5688,5688,5688,5.48,0.21724204234311384,0.24468709792749024
5689,5689,5689,5.481666666666667,0.2168648727134106,0.2442207406980057
5690,5690,5690,5.483333333333334,0.2161062275362906,0.24337290792110464
5691,5691,5691,5.484999999999999,0.2153475823591715,0.2429065506916201
5692,5692,5692,5.486666666666668,0.21497041272946785,0.2420587179147191
5693,5693,5693,5.488333333333333,0.2142117675523496,0.2415923606852364
5694,5694,5694,5.49,0.21345312237522876,0.24074452790833445
5695,5695,5695,5.491666666666667,0.21269447719810874,0.23951521958401603
5696,5696,5696,5.493333333333334,0.21231730756840686,0.2390488623545324
5697,5697,5697,5.494999999999999,0.211558662391286,0.23820102957763045
5698,5698,5698,5.496666666666668,0.21118149276158335,0.23735319680072944
5699,5699,5699,5.498333333333333,0.21004137203704687,0.2368868395712458
5700,5700,5700,5.5,0.20928272685992688,0.23603900679434475
5701,5701,5701,5.501666666666667,0.2089055572302243,0.23519117401744286
5702,5702,5702,5.503333333333334,0.20814691205310432,0.2347248167879592
5703,5703,5703,5.505000000000001,0.20738826687598436,0.2342584595584749
5704,5704,5704,5.506666666666668,0.207011097246282,0.23302915123415624
5705,5705,5705,5.508333333333336,0.206252452069162,0.2321813184572543
5706,5706,5706,5.51,0.20549380689204289,0.2317149612277718
5707,5707,5707,5.511666666666667,0.20511663726234008,0.23124860399828795
5708,5708,5708,5.513333333333334,0.20473946763263773,0.2300192956739697
5709,5709,5709,5.515000000000001,0.2039808224555177,0.2291714628970678
5710,5710,5710,5.5166666666666675,0.20284070173098007,0.22870510566758395
5711,5711,5711,5.518333333333334,0.20246353210127774,0.22823874843809944
5712,5712,5712,5.52,0.20208636247157494,0.2273909156611984
5713,5713,5713,5.521666666666668,0.20132771729445587,0.22654308288429825
5714,5714,5714,5.523333333333332,0.20056907211733588,0.22569525010739636
5715,5715,5715,5.525,0.1998104269402159,0.2248474173304953
5716,5716,5716,5.526666666666667,0.19943325731051356,0.2243810601010108
5717,5717,5717,5.528333333333334,0.19867461213339355,0.2235332273241097
5718,5718,5718,5.529999999999999,0.19829744250369094,0.2226853945472087
5719,5719,5719,5.531666666666668,0.19753879732657095,0.2222190373177242
5720,5720,5720,5.533333333333333,0.19678015214945188,0.22137120454082315
5721,5721,5721,5.535,0.19602150697233103,0.2209048473113393
5722,5722,5722,5.536666666666667,0.1952628617952119,0.22005701453443827
5723,5723,5723,5.538333333333334,0.19488569216550933,0.21920918175753634
5724,5724,5724,5.539999999999999,0.1941270469883893,0.2183613489806353
5725,5725,5725,5.541666666666668,0.19336840181126932,0.21751351620373335
5726,5726,5726,5.5433333333333366,0.19260975663414934,0.21704715897425
5727,5727,5727,5.545,0.19185111145702935,0.21619932619734986
5728,5728,5728,5.546666666666667,0.19109246627991028,0.21573296896786556
5729,5729,5729,5.548333333333334,0.1903338211027903,0.2148851361909645
5730,5730,5730,5.550000000000001,0.1899566514730868,0.21403730341406346
5731,5731,5731,5.551666666666668,0.1899609573908028,0.21318947063716154
5732,5732,5732,5.553333333333336,0.1892023122136828,0.2123416378602605
5733,5733,5733,5.555,0.1884436670365619,0.21187528063077574
5734,5734,5734,5.556666666666667,0.1876850218594428,0.2110274478538756
5735,5735,5735,5.558333333333334,0.1869263766823228,0.21017961507697455
5736,5736,5736,5.5600000000000005,0.1861677315052037,0.2097132578474903
5737,5737,5737,5.561666666666667,0.18579056187550114,0.20886542507058925
5738,5738,5738,5.563333333333334,0.18503191669838026,0.2083990678411043
5739,5739,5739,5.5649999999999995,0.18427327152126027,0.2071697595167863
5740,5740,5740,5.566666666666666,0.1835146263441412,0.20632192673988525
5741,5741,5741,5.568333333333333,0.1831374567144386,0.2058555695104012
5742,5742,5742,5.57,0.1823788115373195,0.20500773673349929
5743,5743,5743,5.571666666666667,0.18162016636019865,0.20454137950401585
5744,5744,5744,5.573333333333334,0.18086152118307866,0.2036935467271148
5745,5745,5745,5.574999999999999,0.18048435155337672,0.2028457139502129
5746,5746,5746,5.576666666666668,0.17972570637625584,0.20199788117331186
5747,5747,5747,5.578333333333333,0.17896706119913766,0.2011500483964117
5748,5748,5748,5.58,0.17820841602201676,0.20068369116692694
5749,5749,5749,5.581666666666667,0.1778312463923144,0.19983585839002596
5750,5750,5750,5.583333333333334,0.1770726012151944,0.198988025613124
5751,5751,5751,5.585000000000001,0.17631395603807445,0.1985216683836406
5752,5752,5752,5.586666666666668,0.17593678640837207,0.19729236005932194
5753,5753,5753,5.5883333333333365,0.17517814123125208,0.19682600282983764
5754,5754,5754,5.59,0.17441949605413298,0.1959781700529375
5755,5755,5755,5.591666666666667,0.173660850877013,0.1951303372760365
5756,5756,5756,5.593333333333334,0.1732836812473102,0.19466398004655167
5757,5757,5757,5.595000000000001,0.17290651161760762,0.19381614726965068
5758,5758,5758,5.596666666666668,0.17176639089307022,0.1933497900401664
5759,5759,5759,5.5983333333333345,0.17138922126336764,0.19212048171584767
5760,5760,5760,5.6,0.17063057608624765,0.19165412448636432
5761,5761,5761,5.601666666666668,0.17025340645654574,0.19080629170946328
5762,5762,5762,5.603333333333332,0.1698762368268434,0.19033993447997852
5763,5763,5763,5.605,0.1691175916497234,0.1894921017030775
5764,5764,5764,5.606666666666667,0.1683589464726034,0.1886442689261756
5765,5765,5765,5.608333333333334,0.16760030129548342,0.18741496060185736
5766,5766,5766,5.609999999999999,0.16722313166578084,0.1869486033723735
5767,5767,5767,5.611666666666668,0.16646448648866086,0.1861007705954716
5768,5768,5768,5.613333333333333,0.16608731685895914,0.18563441336598907
5769,5769,5769,5.615,0.16494719613442174,0.18516805613650544
5770,5770,5770,5.616666666666667,0.1645700265047183,0.1839387478121861
5771,5771,5771,5.618333333333334,0.1641928568750164,0.18347239058270248
5772,5772,5772,5.619999999999999,0.16305273615047922,0.18262455780580056
5773,5773,5773,5.621666666666668,0.16267556652077642,0.18177672502889952
5774,5774,5774,5.623333333333333,0.16191692134365732,0.18092889225199935
5775,5775,5775,5.625,0.16153975171395407,0.18046253502251489
5776,5776,5776,5.626666666666667,0.16078110653683494,0.17961470224561382
5777,5777,5777,5.628333333333334,0.1604039369071324,0.1791483450161302
5778,5778,5778,5.630000000000001,0.1596452917300124,0.17830051223922827
5779,5779,5779,5.631666666666668,0.15888664655289153,0.17745267946232726
5780,5780,5780,5.633333333333336,0.15850947692318984,0.1766048466854253
5781,5781,5781,5.635,0.15736935619865244,0.17613848945594254
5782,5782,5782,5.636666666666667,0.15699218656895075,0.17490918113162324
5783,5783,5783,5.638333333333334,0.15623354139182988,0.1744428239021396
5784,5784,5784,5.640000000000001,0.1558563717621273,0.17359499112523769
5785,5785,5785,5.6416666666666675,0.1550977265850082,0.17274715834833665
5786,5786,5786,5.643333333333334,0.1543390814078882,0.1722808011188528
5787,5787,5787,5.645,0.15358043623076734,0.17143296834195088
5788,5788,5788,5.646666666666668,0.15320326660106565,0.17058513556505073
5789,5789,5789,5.648333333333332,0.15244462142394566,0.1697373027881497
5790,5790,5790,5.65,0.15130450069940826,0.1692709455586654
5791,5791,5791,5.651666666666667,0.15092733106970654,0.16842311278176436
5792,5792,5792,5.653333333333334,0.1501686858925857,0.16795675555227985
5793,5793,5793,5.654999999999999,0.14979151626288312,0.1671089227753788
5794,5794,5794,5.656666666666668,0.14903287108576402,0.16626108999847689
5795,5795,5795,5.658333333333333,0.14827422590864406,0.16541325722157674
5796,5796,5796,5.66,0.14751558073152404,0.1649468999920931
5797,5797,5797,5.661666666666667,0.14713841110182144,0.16371759166777464
5798,5798,5798,5.663333333333334,0.14637976592470148,0.16325123443829015
5799,5799,5799,5.664999999999999,0.1456211207475815,0.1624034016613891
5800,5800,5800,5.666666666666668,0.1448624755704615,0.1615555688844872
5801,5801,5801,5.6683333333333366,0.14448530594075892,0.16108921165500356
5802,5802,5802,5.67,0.14372666076363982,0.16062285442551993
5803,5803,5803,5.671666666666667,0.14334949113393725,0.1593935461012015
5804,5804,5804,5.673333333333334,0.14259084595681726,0.15854571332429954
5805,5805,5805,5.675000000000001,0.14145072523227986,0.15769788054739853
5806,5806,5806,5.676666666666668,0.14107355560257728,0.157231523317914
5807,5807,5807,5.678333333333336,0.1406963859728747,0.15638369054101298
5808,5808,5808,5.68,0.13993774079575472,0.15591733331152954
5809,5809,5809,5.681666666666667,0.13956057116605305,0.15506950053462853
5810,5810,5810,5.683333333333334,0.13880192598893304,0.1542216677577275
5811,5811,5811,5.6850000000000005,0.13804328081181305,0.15375531052824365
5812,5812,5812,5.686666666666667,0.13766611118211047,0.15290747775134172
5813,5813,5813,5.688333333333334,0.13690746600499049,0.1520596449744407
5814,5814,5814,5.6899999999999995,0.1357673452804531,0.15121181219753874
5815,5815,5815,5.691666666666666,0.1353901756507514,0.15036397942063862
5816,5816,5816,5.693333333333333,0.1346315304736314,0.1502790977385724
5817,5817,5817,5.695,0.13387288529651142,0.14981274050908766
5818,5818,5818,5.696666666666667,0.13311424011939146,0.14896490773218662
5819,5819,5819,5.698333333333334,0.13273707048968794,0.1481170749552856
5820,5820,5820,5.699999999999999,0.13197842531256887,0.14688776663096648
5821,5821,5821,5.701666666666668,0.1316012556828665,0.14642140940148266
5822,5822,5822,5.703333333333333,0.1308426105057474,0.1455735766245816
5823,5823,5823,5.705,0.13008396532862745,0.14472574384767967
5824,5824,5824,5.706666666666667,0.12932532015150655,0.14425938661819626
5825,5825,5825,5.708333333333334,0.12856667497438745,0.14341155384129525
5826,5826,5826,5.710000000000001,0.12780802979726744,0.1429451966118107
5827,5827,5827,5.711666666666668,0.12743086016756466,0.14209736383490967
5828,5828,5828,5.7133333333333365,0.12705369053786142,0.14163100660542494
5829,5829,5829,5.715,0.12629504536074232,0.1407831738285248
5830,5830,5830,5.716666666666667,0.12553640018362233,0.13955386550420654
5831,5831,5831,5.718333333333334,0.12477775500650325,0.13946898382213946
5832,5832,5832,5.720000000000001,0.12440058537679954,0.1382396754978208
5833,5833,5833,5.721666666666668,0.12364194019967956,0.1377733182683374
5834,5834,5834,5.7233333333333345,0.12288329502256044,0.13692548549143546
5835,5835,5835,5.725,0.12212464984544047,0.1364591282619516
5836,5836,5836,5.726666666666668,0.12174748021573878,0.1359927710324691
5837,5837,5837,5.728333333333332,0.1209888350386179,0.13514493825556714
5838,5838,5838,5.73,0.12023018986149793,0.13429710547866613
5839,5839,5839,5.731666666666667,0.11947154468437793,0.1334492727017642
5840,5840,5840,5.733333333333334,0.11871289950725886,0.13221996437744554
5841,5841,5841,5.734999999999999,0.11833572987755515,0.13175360714796214
5842,5842,5842,5.736666666666668,0.11719560915301795,0.13128724991847762
5843,5843,5843,5.738333333333333,0.11681843952331605,0.1304394171415766
5844,5844,5844,5.74,0.11605979434619608,0.12959158436467555
5845,5845,5845,5.741666666666667,0.11530114916907608,0.1287437515877745
5846,5846,5846,5.743333333333334,0.11492397953937394,0.12827739435829
5847,5847,5847,5.744999999999999,0.11416533436225396,0.12742956158138896
5848,5848,5848,5.746666666666668,0.11340668918513395,0.12658172880448704
5849,5849,5849,5.748333333333333,0.11302951955543185,0.1261153715750043
5850,5850,5850,5.75,0.11227087437831183,0.12526753879810326
5851,5851,5851,5.751666666666667,0.11151222920119186,0.12441970602120135
5852,5852,5852,5.753333333333334,0.11075358402407187,0.12395334879171772
5853,5853,5853,5.755000000000001,0.1107578899417867,0.1231055160148158
5854,5854,5854,5.756666666666668,0.10999924476466673,0.12225768323791475
5855,5855,5855,5.758333333333336,0.10885912404012954,0.12140985046101373
5856,5856,5856,5.76,0.10848195441042764,0.12056201768411355
5857,5857,5857,5.761666666666667,0.10810478478072527,0.12047713600204644
5858,5858,5858,5.763333333333334,0.10696466405618764,0.119247827677728
5859,5859,5859,5.765000000000001,0.1065874944264853,0.1187814704482435
5860,5860,5860,5.7666666666666675,0.10582884924936532,0.11793363767134245
5861,5861,5861,5.768333333333334,0.10507020407224532,0.11708580489444055
5862,5862,5862,5.77,0.10469303444254252,0.11661944766495692
5863,5863,5863,5.771666666666668,0.10393438926542342,0.11539013934063845
5864,5864,5864,5.773333333333332,0.10317574408830343,0.11492378211115485
5865,5865,5865,5.775,0.10203562336376626,0.11407594933425293
5866,5866,5866,5.776666666666667,0.10165845373406346,0.11322811655735188
5867,5867,5867,5.778333333333334,0.10089980855694347,0.11238028378045084
5868,5868,5868,5.779999999999999,0.10052263892724024,0.11153245100354893
5869,5869,5869,5.781666666666668,0.10014546929753854,0.11106609377406527
5870,5870,5870,5.783333333333333,0.09900534857300114,0.10983678544974773
5871,5871,5871,5.785,0.09824670339588204,0.10937042822026323
5872,5872,5872,5.786666666666667,0.09786953376617946,0.10852259544336218
5873,5873,5873,5.788333333333334,0.0971108885890586,0.10805623821387766
5874,5874,5874,5.789999999999999,0.09635224341193947,0.10682692988955922
5875,5875,5875,5.791666666666668,0.0955935982348195,0.1063605726600747
5876,5876,5876,5.7933333333333366,0.09483495305769953,0.10589421543059108
5877,5877,5877,5.795,0.09483925897541524,0.10466490710627352
5878,5878,5878,5.796666666666667,0.09408061379829437,0.10419854987678988
5879,5879,5879,5.798333333333334,0.09332196862117437,0.10373219264730517
5880,5880,5880,5.800000000000001,0.0929447989914729,0.10288435987040412
5881,5881,5881,5.801666666666668,0.0918046782669344,0.1020365270935022
5882,5882,5882,5.803333333333336,0.09142750863723204,0.10118869431660116
5883,5883,5883,5.805,0.09066886346011294,0.10072233708711686
5884,5884,5884,5.806666666666667,0.08991021828299295,0.09987450431021673
5885,5885,5885,5.808333333333334,0.08915157310587385,0.0990266715333148
5886,5886,5886,5.8100000000000005,0.08877440347617016,0.09817883875641377
5887,5887,5887,5.811666666666667,0.08801575829905017,0.09771248152692946
5888,5888,5888,5.813333333333334,0.08725711312193019,0.09686464875002844
5889,5889,5889,5.8149999999999995,0.08649846794481109,0.0960168159731274
5890,5890,5890,5.816666666666666,0.08535834722027391,0.09516898319622637
5891,5891,5891,5.818333333333333,0.08498117759057111,0.0947026259667425
5892,5892,5892,5.82,0.08460400796086852,0.09385479318984148
5893,5893,5893,5.821666666666667,0.08384536278374853,0.09300696041293954
5894,5894,5894,5.823333333333334,0.08346819315404598,0.09254060318345614
5895,5895,5895,5.824999999999999,0.08270954797692598,0.09131129485913657
5896,5896,5896,5.826666666666668,0.08195090279980599,0.09046346208223556
5897,5897,5897,5.828333333333333,0.08119225762268689,0.08999710485275303
5898,5898,5898,5.83,0.0804336124455669,0.0891492720758511
5899,5899,5899,5.831666666666667,0.07967496726844693,0.08868291484636702
5900,5900,5900,5.833333333333334,0.07891632209132693,0.08745360652204902
5901,5901,5901,5.835000000000001,0.07853915246162435,0.08698724929256407
5902,5902,5902,5.836666666666668,0.07816198283192155,0.08613941651566304
5903,5903,5903,5.8383333333333365,0.07740333765480156,0.08529158373876111
5904,5904,5904,5.84,0.0770261680251001,0.08444375096186096
5905,5905,5905,5.841666666666667,0.07588604730056248,0.08359591818495904
5906,5906,5906,5.843333333333334,0.07512740212344249,0.08312956095547562
5907,5907,5907,5.845000000000001,0.07475023249374013,0.08228172817857371
5908,5908,5908,5.846666666666668,0.07399158731662014,0.08181537094909053
5909,5909,5909,5.8483333333333345,0.07361441768691779,0.0809675381721886
5910,5910,5910,5.85,0.07247429696238017,0.08011970539528758
5911,5911,5911,5.851666666666668,0.07171565178526107,0.07927187261838743
5912,5912,5912,5.853333333333332,0.07133848215555871,0.0784240398414855
5913,5913,5913,5.855,0.07057983697843873,0.07795768261200142
5914,5914,5914,5.856666666666667,0.07020266734873593,0.07710984983510039
5915,5915,5915,5.858333333333334,0.06944402217161594,0.07626201705819846
5916,5916,5916,5.859999999999999,0.06868537699449595,0.07579565982871461
5917,5917,5917,5.861666666666668,0.06792673181737507,0.07494782705181269
5918,5918,5918,5.863333333333333,0.06754956218767427,0.07409999427491254
5919,5919,5919,5.865,0.0667909170105534,0.0732521614980115
5920,5920,5920,5.866666666666667,0.06565079628601689,0.07240432872110958
5921,5921,5921,5.868333333333334,0.06527362665631431,0.07155649594420854
5922,5922,5922,5.869999999999999,0.06489645702661084,0.0707086631673075
5923,5923,5923,5.871666666666668,0.06413781184949174,0.07024230593782321
5924,5924,5924,5.873333333333337,0.06337916667237176,0.06939447316092218
5925,5925,5925,5.875,0.06262052149525266,0.06854664038402114
5926,5926,5926,5.876666666666667,0.06224335186555008,0.0676988076071201
5927,5927,5927,5.878333333333334,0.0614847066884292,0.06723245037763538
5928,5928,5928,5.880000000000001,0.060726061511309215,0.06600314205331714
5929,5929,5929,5.881666666666668,0.05996741633419012,0.0655367848238324
5930,5930,5930,5.883333333333336,0.05920877115706924,0.06468895204693137
5931,5931,5931,5.885,0.05845012597995102,0.06384111927003122
5932,5932,5932,5.886666666666667,0.05807295635024756,0.0629932864931293
5933,5933,5933,5.888333333333334,0.057314311173127575,0.06214545371622826
5934,5934,5934,5.890000000000001,0.056555665996008475,0.06167909648674485
5935,5935,5935,5.8916666666666675,0.0557970208188876,0.060831263709842924
5936,5936,5936,5.893333333333334,0.05541985118918502,0.0603649064803593
5937,5937,5937,5.895,0.05466120601206503,0.05951707370345737
5938,5938,5938,5.896666666666668,0.05428403638236312,0.05828776537913982
5939,5939,5939,5.898333333333332,0.05352539120524314,0.0578214081496562
5940,5940,5940,5.9,0.052385270480705966,0.05697357537275428
5941,5941,5941,5.901666666666667,0.052008100851003165,0.05574426704843583
5942,5942,5942,5.903333333333334,0.0516309312213008,0.05565938536636872
5943,5943,5943,5.904999999999999,0.05087228604418082,0.05481155258946768
5944,5944,5944,5.906666666666668,0.050113640867060834,0.05396371981256665
5945,5945,5945,5.908333333333333,0.049354995689941734,0.05311588703566561
5946,5946,5946,5.91,0.04859635051282174,0.052268054258763685
5947,5947,5947,5.911666666666667,0.04821918088311916,0.051801697029280065
5948,5948,5948,5.913333333333334,0.04746053570599917,0.05095386425237902
5949,5949,5949,5.914999999999999,0.04670189052887919,0.0501060314754771
5950,5950,5950,5.916666666666668,0.0459432453517592,0.04925819869857606
5951,5951,5951,5.9183333333333366,0.04556607572205662,0.04841036592167414
5952,5952,5952,5.92,0.04480743054493752,0.0479440086921914
5953,5953,5953,5.921666666666667,0.04404878536781753,0.04709617591529036
5954,5954,5954,5.923333333333334,0.043290140190697546,0.04624834313838844
5955,5955,5955,5.925000000000001,0.04291297056099497,0.0454005103614874
5956,5956,5956,5.926666666666668,0.04215432538387498,0.04493415313200355
5957,5957,5957,5.928333333333336,0.041395680206754985,0.044086320355101634
5958,5958,5958,5.93,0.040637035029635005,0.04323848757820059
5959,5959,5959,5.931666666666667,0.03987838985251591,0.04277213034871808
5960,5960,5960,5.933333333333334,0.039501220222813334,0.04154282202439852
5961,5961,5961,5.9350000000000005,0.03874257504569334,0.04107646479491511
5962,5962,5962,5.936666666666667,0.03836540541599076,0.04022863201801319
5963,5963,5963,5.938333333333334,0.037606760238870766,0.03938079924111215
5964,5964,5964,5.9399999999999995,0.03684811506175079,0.038532966464210235
5965,5965,5965,5.941666666666666,0.036089469884631686,0.03768513368731008
5966,5966,5966,5.943333333333333,0.0353308247075117,0.03721877645782557
5967,5967,5967,5.945,0.03495365507780912,0.03637094368092453
5968,5968,5968,5.946666666666667,0.034195009900688245,0.0355231109040226
5969,5969,5969,5.948333333333334,0.033436364723569145,0.035056753674538976
5970,5970,5970,5.949999999999999,0.032677719546449165,0.03382744535022053
5971,5971,5971,5.951666666666668,0.032300549916745684,0.033361088120736015
5972,5972,5972,5.953333333333333,0.03154190473962748,0.03251325534383587
5973,5973,5973,5.955,0.030783259562506608,0.03166542256693483
5974,5974,5974,5.956666666666667,0.030024614385387505,0.030817589790032907
5975,5975,5975,5.958333333333334,0.029265969208267517,0.02996975701313187
5976,5976,5976,5.960000000000001,0.028507324031146638,0.029503399783647355
5977,5977,5977,5.961666666666668,0.028130154401444063,0.02865556700674632
5978,5978,5978,5.9633333333333365,0.027371509224324964,0.027807734229845282
5979,5979,5979,5.965,0.026612864047204976,0.026959901452944246
5980,5980,5980,5.966666666666667,0.02585421887008588,0.02611206867604321
5981,5981,5981,5.968333333333334,0.02547704924038241,0.025645711446559586
5982,5982,5982,5.970000000000001,0.024336928515845013,0.024797878669657655
5983,5983,5983,5.971666666666668,0.023578283338725917,0.023950045892756625
5984,5984,5984,5.9733333333333345,0.023201113709022447,0.023102213115854697
5985,5985,5985,5.975,0.02244246853190246,0.02225438033895366
5986,5986,5986,5.976666666666668,0.02168382335478336,0.021788023109470256
5987,5987,5987,5.978333333333332,0.020925178177663373,0.02094019033256922
5988,5988,5988,5.98,0.020166533000543385,0.02009235755566729
5989,5989,5989,5.981666666666667,0.01978936337084081,0.01924452477876626
5990,5990,5990,5.983333333333334,0.01903071819372082,0.01839669200186433
5991,5991,5991,5.984999999999999,0.01827207301660083,0.017930334772380485
5992,5992,5992,5.986666666666668,0.017513427839480844,0.01708250199547945
5993,5993,5993,5.988333333333333,0.016754782662361745,0.016616144765996932
5994,5994,5994,5.99,0.016377613032659392,0.015386836441677374
5995,5995,5995,5.991666666666667,0.0156189678555394,0.014920479212193971
5996,5996,5996,5.993333333333334,0.014860322678419413,0.014072646435292048
5997,5997,5997,5.994999999999999,0.014483153048716613,0.013224813658391009
5998,5998,5998,5.996666666666668,0.013724507871596623,0.012758456428906271
5999,5999,5999,5.998333333333337,0.012965862694476638,0.011910623652005237
