,Unnamed: 0,time,discharge_pressure,suction_pressure
2400,2400,0.0,1.7467765316243231,1.6929884794384682
2401,2401,0.0016666666666669272,1.7467765316243231,1.6937514305333032
2402,2402,0.0033333333333338544,1.7467765316243231,1.6933699549858856
2403,2403,0.004999999999999893,1.7471580071717403,1.6933699549858856
2404,2404,0.006666666666666821,1.7475394827191577,1.6933699549858856
2405,2405,0.008333333333333748,1.7471580071717403,1.6929884794384682
2406,2406,0.010000000000001563,1.7479209582665751,1.6933699549858856
2407,2407,0.011666666666666714,1.7483024338139923,1.6937514305333032
2408,2408,0.013333333333333641,1.7475394827191577,1.6937514305333032
2409,2409,0.015000000000001457,1.7475394827191577,1.6945143816281378
2410,2410,0.016666666666666607,1.7475394827191577,1.6945143816281378
2411,2411,0.018333333333333535,1.7479209582665751,1.6952773327229729
2412,2412,0.020000000000000462,1.7475394827191577,1.6952773327229729
2413,2413,0.0216666666666665,1.7471580071717403,1.6952773327229729
2414,2414,0.023333333333333428,1.7471580071717403,1.69565880827039
2415,2415,0.025000000000000355,1.7475394827191577,1.6960402838178077
2416,2416,0.026666666666667282,1.7479209582665751,1.6964217593652249
2417,2417,0.02833333333333332,1.7479209582665751,1.6964217593652249
2418,2418,0.03000000000000025,1.7490653849088271,1.6960402838178077
2419,2419,0.031666666666667176,1.7490653849088271,1.6964217593652249
2420,2420,0.033333333333333215,1.74868390936141,1.6964217593652249
2421,2421,0.03500000000000014,1.74868390936141,1.6968032349126425
2422,2422,0.03666666666666707,1.7483024338139923,1.6968032349126425
2423,2423,0.038333333333333997,1.74868390936141,1.6968032349126425
2424,2424,0.040000000000000036,1.7490653849088271,1.6964217593652249
2425,2425,0.04166666666666696,1.7494468604562448,1.6971847104600597
2426,2426,0.04333333333333389,1.7505912870984968,1.6979476615548943
2427,2427,0.04499999999999993,1.7505912870984968,1.6975661860074767
2428,2428,0.046666666666666856,1.7505912870984968,1.6975661860074767
2429,2429,0.04833333333333378,1.7517357137407492,1.6987106126497291
2430,2430,0.04999999999999982,1.7521171892881666,1.7025253681239034
2431,2431,0.05166666666666675,1.7517357137407492,1.706721599145495
2432,2432,0.05333333333333368,1.7521171892881666,1.7101548790722516
2433,2433,0.05500000000000149,1.7521171892881666,1.7132066834515909
2434,2434,0.05666666666666664,1.7517357137407492,1.7166399633783476
2435,2435,0.05833333333333357,1.7517357137407492,1.7200732433051042
2436,2436,0.0600000000000005,1.7524986648355838,1.7223620965896087
2437,2437,0.061666666666666536,1.7521171892881666,1.7231250476844435
2438,2438,0.06333333333333346,1.7528801403830014,1.7238879987792783
2439,2439,0.06500000000000039,1.7532616159304188,1.7242694743266958
2440,2440,0.06666666666666643,1.7521171892881666,1.7238879987792783
2441,2441,0.06833333333333336,1.7513542381933318,1.7238879987792783
2442,2442,0.07000000000000028,1.7521171892881666,1.7246509498741132
2443,2443,0.07166666666666721,1.7524986648355838,1.7254139009689482
2444,2444,0.07333333333333325,1.7524986648355838,1.7257953765163654
2445,2445,0.07500000000000018,1.7521171892881666,1.7257953765163654
2446,2446,0.0766666666666671,1.7528801403830014,1.7257953765163654
2447,2447,0.07833333333333403,1.7528801403830014,1.7265583276112002
2448,2448,0.08000000000000007,1.7524986648355838,1.7265583276112002
2449,2449,0.081666666666667,1.7524986648355838,1.7265583276112002
2450,2450,0.08333333333333393,1.7528801403830014,1.7261768520637828
2451,2451,0.08499999999999996,1.7536430914778365,1.7261768520637828
2452,2452,0.08666666666666689,1.7532616159304188,1.7269398031586176
2453,2453,0.08833333333333382,1.7524986648355838,1.727321278706035
2454,2454,0.08999999999999986,1.7524986648355838,1.7280842298008698
2455,2455,0.09166666666666679,1.7524986648355838,1.7280842298008698
2456,2456,0.09333333333333371,1.7528801403830014,1.7280842298008698
2457,2457,0.09500000000000153,1.7524986648355838,1.7277027542534524
2458,2458,0.09666666666666668,1.7524986648355838,1.7277027542534524
2459,2459,0.0983333333333336,1.7528801403830014,1.7288471808957049
2460,2460,0.10000000000000053,1.7521171892881666,1.7292286564431216
2461,2461,0.10166666666666657,1.7513542381933318,1.7292286564431216
2462,2462,0.1033333333333335,1.7521171892881666,1.7292286564431216
2463,2463,0.10500000000000043,1.7524986648355838,1.7296101319905397
2464,2464,0.10666666666666647,1.7528801403830014,1.7296101319905397
2465,2465,0.10833333333333339,1.7532616159304188,1.7292286564431216
2466,2466,0.11000000000000032,1.7540245670252537,1.7296101319905397
2467,2467,0.11166666666666725,1.7536430914778365,1.7299916075379569
2468,2468,0.11333333333333329,1.7521171892881666,1.7303730830853743
2469,2469,0.11500000000000021,1.7513542381933318,1.7303730830853743
2470,2470,0.11666666666666714,1.7517357137407492,1.7307545586327917
2471,2471,0.11833333333333318,1.7517357137407492,1.7311360341802091
2472,2472,0.1200000000000001,1.7513542381933318,1.7303730830853743
2473,2473,0.12166666666666703,1.7517357137407492,1.7303730830853743
2474,2474,0.12333333333333396,1.7521171892881666,1.7307545586327917
2475,2475,0.125,1.7513542381933318,1.7311360341802091
2476,2476,0.12666666666666693,1.7505912870984968,1.7303730830853743
2477,2477,0.12833333333333385,1.7509727626459144,1.7299916075379569
2478,2478,0.1299999999999999,1.7513542381933318,1.7311360341802091
2479,2479,0.13166666666666682,1.7517357137407492,1.7315175097276263
2480,2480,0.13333333333333375,1.7513542381933318,1.7311360341802091
2481,2481,0.13500000000000156,1.7513542381933318,1.731898985275044
2482,2482,0.13666666666666671,1.7517357137407492,1.7326619363698788
2483,2483,0.13833333333333364,1.7517357137407492,1.7326619363698788
2484,2484,0.14000000000000146,1.7509727626459144,1.731898985275044
2485,2485,0.1416666666666666,1.7505912870984968,1.731898985275044
2486,2486,0.14333333333333353,1.7494468604562448,1.731898985275044
2487,2487,0.14500000000000046,1.7494468604562448,1.7322804608224611
2488,2488,0.1466666666666665,1.7505912870984968,1.7322804608224611
2489,2489,0.14833333333333343,1.7502098115510796,1.7334248874647136
2490,2490,0.15000000000000036,1.7498283360036622,1.7334248874647136
2491,2491,0.15166666666666728,1.7502098115510796,1.7334248874647136
2492,2492,0.15333333333333332,1.7494468604562448,1.7338063630121308
2493,2493,0.15500000000000025,1.7494468604562448,1.7345693141069658
2494,2494,0.15666666666666718,1.7502098115510796,1.7345693141069658
2495,2495,0.15833333333333321,1.7509727626459144,1.7341878385595484
2496,2496,0.16000000000000014,1.7502098115510796,1.7345693141069658
2497,2497,0.16166666666666707,1.7498283360036622,1.7345693141069658
2498,2498,0.163333333333334,1.7498283360036622,1.7341878385595484
2499,2499,0.16500000000000004,1.7494468604562448,1.7345693141069658
2500,2500,0.16666666666666696,1.7490653849088271,1.7341878385595484
2501,2501,0.1683333333333339,1.7490653849088271,1.7345693141069658
2502,2502,0.16999999999999993,1.7490653849088271,1.7353322652018006
2503,2503,0.17166666666666686,1.7498283360036622,1.7353322652018006
2504,2504,0.17333333333333378,1.7498283360036622,1.7341878385595484
2505,2505,0.1750000000000016,1.7498283360036622,1.7338063630121308
2506,2506,0.17666666666666675,1.7502098115510796,1.7345693141069658
2507,2507,0.17833333333333368,1.7498283360036622,1.7349507896543832
2508,2508,0.1800000000000015,1.7494468604562448,1.7349507896543832
2509,2509,0.18166666666666664,1.7494468604562448,1.7345693141069658
2510,2510,0.18333333333333357,1.74868390936141,1.7349507896543832
2511,2511,0.1850000000000005,1.7483024338139923,1.7349507896543832
2512,2512,0.18666666666666654,1.7479209582665751,1.7345693141069658
2513,2513,0.18833333333333346,1.7483024338139923,1.7349507896543832
2514,2514,0.1900000000000004,1.7494468604562448,1.7357137407492182
2515,2515,0.19166666666666643,1.7505912870984968,1.7360952162966354
2516,2516,0.19333333333333336,1.7502098115510796,1.7353322652018006
2517,2517,0.19500000000000028,1.7494468604562448,1.7353322652018006
2518,2518,0.1966666666666672,1.7498283360036622,1.7349507896543832
2519,2519,0.19833333333333325,1.7498283360036622,1.7349507896543832
2520,2520,0.20000000000000018,1.7494468604562448,1.7349507896543832
2521,2521,0.2016666666666671,1.7494468604562448,1.7349507896543832
2522,2522,0.20333333333333403,1.7498283360036622,1.7349507896543832
2523,2523,0.20500000000000007,1.7498283360036622,1.7349507896543832
2524,2524,0.206666666666667,1.7494468604562448,1.7345693141069658
2525,2525,0.20833333333333393,1.7498283360036622,1.7341878385595484
2526,2526,0.20999999999999996,1.7505912870984968,1.7345693141069658
2527,2527,0.2116666666666669,1.7509727626459144,1.7349507896543832
2528,2528,0.21333333333333382,1.7509727626459144,1.7353322652018006
2529,2529,0.21499999999999986,1.7509727626459144,1.7360952162966354
2530,2530,0.21666666666666679,1.7505912870984968,1.7364766918440528
2531,2531,0.2183333333333337,1.7505912870984968,1.7353322652018006
2532,2532,0.22000000000000153,1.7502098115510796,1.7341878385595484
2533,2533,0.22166666666666668,1.7509727626459144,1.7338063630121308
2534,2534,0.2233333333333336,1.7509727626459144,1.7341878385595484
2535,2535,0.22500000000000053,1.7505912870984968,1.7341878385595484
2536,2536,0.22666666666666657,1.7498283360036622,1.7341878385595484
2537,2537,0.2283333333333335,1.7494468604562448,1.7341878385595484
2538,2538,0.23000000000000043,1.7498283360036622,1.7345693141069658
2539,2539,0.23166666666666647,1.7505912870984968,1.7334248874647136
2540,2540,0.2333333333333334,1.7513542381933318,1.7330434119172962
2541,2541,0.23500000000000032,1.7509727626459144,1.7338063630121308
2542,2542,0.23666666666666725,1.7509727626459144,1.7338063630121308
2543,2543,0.23833333333333329,1.7509727626459144,1.7341878385595484
2544,2544,0.2400000000000002,1.7502098115510796,1.7338063630121308
2545,2545,0.24166666666666714,1.7498283360036622,1.7341878385595484
2546,2546,0.24333333333333318,1.7498283360036622,1.7345693141069658
2547,2547,0.2450000000000001,1.7502098115510796,1.7341878385595484
2548,2548,0.24666666666666703,1.7505912870984968,1.7338063630121308
2549,2549,0.24833333333333396,1.7509727626459144,1.7330434119172962
2550,2550,0.25,1.7513542381933318,1.7322804608224611
2551,2551,0.2516666666666669,1.7509727626459144,1.7326619363698788
2552,2552,0.25333333333333385,1.7505912870984968,1.7341878385595484
2553,2553,0.2549999999999999,1.7505912870984968,1.7338063630121308
2554,2554,0.2566666666666668,1.7513542381933318,1.7334248874647136
2555,2555,0.25833333333333375,1.7521171892881666,1.7330434119172962
2556,2556,0.26000000000000156,1.7536430914778365,1.7326619363698788
2557,2557,0.2616666666666667,1.756313420309758,1.7330434119172962
2558,2558,0.26333333333333364,1.7582207980468454,1.7341878385595484
2559,2559,0.26500000000000146,1.7601281757839324,1.7341878385595484
2560,2560,0.2666666666666666,1.7624170290684367,1.7334248874647136
2561,2561,0.26833333333333353,1.7639429312581063,1.7326619363698788
2562,2562,0.27000000000000046,1.7643244068055242,1.7326619363698788
2563,2563,0.2716666666666665,1.7643244068055242,1.7330434119172962
2564,2564,0.27333333333333343,1.7647058823529411,1.7326619363698788
2565,2565,0.27500000000000036,1.7654688334477762,1.7322804608224611
2566,2566,0.2766666666666673,1.766231784542611,1.7326619363698788
2567,2567,0.2783333333333333,1.766231784542611,1.7334248874647136
2568,2568,0.28000000000000025,1.7647058823529411,1.7330434119172962
2569,2569,0.2816666666666672,1.7643244068055242,1.7338063630121308
2570,2570,0.2833333333333332,1.7654688334477762,1.7338063630121308
2571,2571,0.28500000000000014,1.7666132600900284,1.7330434119172962
2572,2572,0.28666666666666707,1.7658503089951936,1.7326619363698788
2573,2573,0.288333333333334,1.7654688334477762,1.7326619363698788
2574,2574,0.29000000000000004,1.7650873579003588,1.7322804608224611
2575,2575,0.29166666666666696,1.7654688334477762,1.7315175097276263
2576,2576,0.2933333333333339,1.7654688334477762,1.731898985275044
2577,2577,0.29499999999999993,1.7658503089951936,1.7322804608224611
2578,2578,0.29666666666666686,1.7666132600900284,1.7334248874647136
2579,2579,0.2983333333333338,1.766231784542611,1.7341878385595484
2580,2580,0.3000000000000016,1.7639429312581063,1.7338063630121308
2581,2581,0.30166666666666675,1.7639429312581063,1.7330434119172962
2582,2582,0.3033333333333337,1.7647058823529411,1.7330434119172962
2583,2583,0.3050000000000015,1.7647058823529411,1.7334248874647136
2584,2584,0.30666666666666664,1.7647058823529411,1.7330434119172962
2585,2585,0.30833333333333357,1.7647058823529411,1.7326619363698788
2586,2586,0.3100000000000005,1.7650873579003588,1.7334248874647136
2587,2587,0.31166666666666654,1.7643244068055242,1.7334248874647136
2588,2588,0.31333333333333346,1.7643244068055242,1.7330434119172962
2589,2589,0.3150000000000004,1.7647058823529411,1.7338063630121308
2590,2590,0.31666666666666643,1.7647058823529411,1.7345693141069658
2591,2591,0.31833333333333336,1.7647058823529411,1.7349507896543832
2592,2592,0.3200000000000003,1.7647058823529411,1.7345693141069658
2593,2593,0.3216666666666672,1.7647058823529411,1.7345693141069658
2594,2594,0.32333333333333325,1.7650873579003588,1.7341878385595484
2595,2595,0.3250000000000002,1.7643244068055242,1.7341878385595484
2596,2596,0.3266666666666671,1.7643244068055242,1.7341878385595484
2597,2597,0.32833333333333403,1.7647058823529411,1.7345693141069658
2598,2598,0.33000000000000007,1.7654688334477762,1.7345693141069658
2599,2599,0.331666666666667,1.7647058823529411,1.7341878385595484
2600,2600,0.3333333333333339,1.7639429312581063,1.7334248874647136
2601,2601,0.33499999999999996,1.7639429312581063,1.7330434119172962
2602,2602,0.3366666666666669,1.7650873579003588,1.7334248874647136
2603,2603,0.3383333333333338,1.7654688334477762,1.7345693141069658
2604,2604,0.33999999999999986,1.7654688334477762,1.7349507896543832
2605,2605,0.3416666666666668,1.766231784542611,1.7345693141069658
2606,2606,0.3433333333333337,1.7666132600900284,1.7349507896543832
2607,2607,0.3450000000000015,1.766231784542611,1.7345693141069658
2608,2608,0.3466666666666667,1.7654688334477762,1.7338063630121308
2609,2609,0.3483333333333336,1.7643244068055242,1.7334248874647136
2610,2610,0.35000000000000053,1.7647058823529411,1.7338063630121308
2611,2611,0.35166666666666657,1.7658503089951936,1.7341878385595484
2612,2612,0.3533333333333335,1.766231784542611,1.7345693141069658
2613,2613,0.3550000000000004,1.766231784542611,1.7349507896543832
2614,2614,0.35666666666666647,1.7658503089951936,1.7349507896543832
2615,2615,0.3583333333333334,1.7658503089951936,1.7341878385595484
2616,2616,0.3600000000000003,1.7658503089951936,1.7345693141069658
2617,2617,0.36166666666666725,1.766231784542611,1.7345693141069658
2618,2618,0.3633333333333333,1.7666132600900284,1.7353322652018006
2619,2619,0.3650000000000002,1.7666132600900284,1.7360952162966354
2620,2620,0.36666666666666714,1.766231784542611,1.7380025940337225
2621,2621,0.3683333333333332,1.7669947356374458,1.7402914473182267
2622,2622,0.3700000000000001,1.7677576867322806,1.7425803006027314
2623,2623,0.37166666666666703,1.7677576867322806,1.7444876783398184
2624,2624,0.37333333333333396,1.7673762111848632,1.7467765316243231
2625,2625,0.375,1.7673762111848632,1.7475394827191577
2626,2626,0.3766666666666669,1.7673762111848632,1.7479209582665751
2627,2627,0.37833333333333385,1.766231784542611,1.7479209582665751
2628,2628,0.3799999999999999,1.766231784542611,1.7483024338139923
2629,2629,0.3816666666666668,1.7666132600900284,1.7490653849088271
2630,2630,0.38333333333333375,1.7673762111848632,1.7494468604562448
2631,2631,0.38500000000000156,1.7677576867322806,1.7490653849088271
2632,2632,0.3866666666666667,1.7666132600900284,1.7479209582665751
2633,2633,0.38833333333333364,1.7666132600900284,1.7479209582665751
2634,2634,0.39000000000000146,1.7681391622796983,1.7494468604562448
2635,2635,0.3916666666666666,1.7689021133745328,1.7498283360036622
2636,2636,0.39333333333333353,1.7685206378271154,1.7494468604562448
2637,2637,0.39500000000000046,1.7681391622796983,1.74868390936141
2638,2638,0.3966666666666665,1.7681391622796983,1.74868390936141
2639,2639,0.39833333333333343,1.7669947356374458,1.7490653849088271
2640,2640,0.40000000000000036,1.7673762111848632,1.7490653849088271
2641,2641,0.4016666666666673,1.7681391622796983,1.7494468604562448
2642,2642,0.4033333333333333,1.7685206378271154,1.7502098115510796
2643,2643,0.40500000000000025,1.7673762111848632,1.7490653849088271
2644,2644,0.4066666666666672,1.7669947356374458,1.7479209582665751
2645,2645,0.4083333333333332,1.7669947356374458,1.7479209582665751
2646,2646,0.41000000000000014,1.7669947356374458,1.74868390936141
2647,2647,0.41166666666666707,1.7669947356374458,1.74868390936141
2648,2648,0.413333333333334,1.7681391622796983,1.7483024338139923
2649,2649,0.41500000000000004,1.7685206378271154,1.7483024338139923
2650,2650,0.41666666666666696,1.7685206378271154,1.74868390936141
2651,2651,0.4183333333333339,1.7685206378271154,1.7483024338139923
2652,2652,0.41999999999999993,1.7669947356374458,1.7479209582665751
2653,2653,0.42166666666666686,1.7669947356374458,1.7483024338139923
2654,2654,0.4233333333333338,1.7677576867322806,1.7483024338139923
2655,2655,0.4250000000000016,1.7685206378271154,1.7479209582665751
2656,2656,0.42666666666666675,1.7689021133745328,1.7479209582665751
2657,2657,0.4283333333333337,1.7689021133745328,1.7483024338139923
2658,2658,0.4300000000000015,1.7677576867322806,1.7483024338139923
2659,2659,0.43166666666666664,1.7673762111848632,1.7479209582665751
2660,2660,0.43333333333333357,1.7677576867322806,1.7479209582665751
2661,2661,0.4350000000000005,1.7673762111848632,1.7483024338139923
2662,2662,0.43666666666666654,1.7669947356374458,1.74868390936141
2663,2663,0.43833333333333346,1.7669947356374458,1.7479209582665751
2664,2664,0.4400000000000004,1.7669947356374458,1.7475394827191577
2665,2665,0.44166666666666643,1.7666132600900284,1.7479209582665751
2666,2666,0.44333333333333336,1.7677576867322806,1.7490653849088271
2667,2667,0.4450000000000003,1.7681391622796983,1.74868390936141
2668,2668,0.4466666666666672,1.7685206378271154,1.7494468604562448
2669,2669,0.44833333333333325,1.7677576867322806,1.7498283360036622
2670,2670,0.4500000000000002,1.7677576867322806,1.7502098115510796
2671,2671,0.4516666666666671,1.7673762111848632,1.7494468604562448
2672,2672,0.45333333333333403,1.7669947356374458,1.7483024338139923
2673,2673,0.45500000000000007,1.7666132600900284,1.7483024338139923
2674,2674,0.456666666666667,1.7669947356374458,1.74868390936141
2675,2675,0.4583333333333339,1.7666132600900284,1.7490653849088271
2676,2676,0.45999999999999996,1.766231784542611,1.7494468604562448
2677,2677,0.4616666666666669,1.766231784542611,1.7494468604562448
2678,2678,0.4633333333333338,1.7658503089951936,1.7494468604562448
2679,2679,0.46499999999999986,1.7658503089951936,1.7490653849088271
2680,2680,0.4666666666666668,1.7666132600900284,1.7490653849088271
2681,2681,0.4683333333333337,1.766231784542611,1.7498283360036622
2682,2682,0.4700000000000015,1.766231784542611,1.7502098115510796
2683,2683,0.4716666666666667,1.7666132600900284,1.7494468604562448
2684,2684,0.4733333333333336,1.7658503089951936,1.7494468604562448
2685,2685,0.47500000000000053,1.766231784542611,1.7498283360036622
2686,2686,0.47666666666666657,1.7673762111848632,1.7509727626459144
2687,2687,0.4783333333333335,1.7666132600900284,1.7505912870984968
2688,2688,0.4800000000000004,1.7658503089951936,1.7502098115510796
2689,2689,0.48166666666666647,1.7654688334477762,1.7505912870984968
2690,2690,0.4833333333333334,1.766231784542611,1.7498283360036622
2691,2691,0.4850000000000003,1.7673762111848632,1.7490653849088271
2692,2692,0.48666666666666725,1.7673762111848632,1.7490653849088271
2693,2693,0.4883333333333333,1.7673762111848632,1.7502098115510796
2694,2694,0.4900000000000002,1.766231784542611,1.7505912870984968
2695,2695,0.49166666666666714,1.7654688334477762,1.7502098115510796
2696,2696,0.4933333333333332,1.7666132600900284,1.7494468604562448
2697,2697,0.4950000000000001,1.7669947356374458,1.7498283360036622
2698,2698,0.49666666666666703,1.7666132600900284,1.7509727626459144
2699,2699,0.49833333333333396,1.7669947356374458,1.7513542381933318
2700,2700,0.5,1.7673762111848632,1.7509727626459144
2701,2701,0.5016666666666669,1.7666132600900284,1.7509727626459144
2702,2702,0.5033333333333339,1.766231784542611,1.7505912870984968
2703,2703,0.5049999999999999,1.766231784542611,1.7502098115510796
2704,2704,0.5066666666666668,1.7658503089951936,1.7505912870984968
2705,2705,0.5083333333333337,1.7658503089951936,1.7509727626459144
2706,2706,0.5100000000000016,1.7658503089951936,1.7509727626459144
2707,2707,0.5116666666666667,1.7647058823529411,1.7502098115510796
2708,2708,0.5133333333333336,1.7654688334477762,1.7502098115510796
2709,2709,0.5150000000000015,1.7666132600900284,1.7505912870984968
2710,2710,0.5166666666666666,1.7673762111848632,1.7502098115510796
2711,2711,0.5183333333333335,1.7669947356374458,1.7502098115510796
2712,2712,0.5200000000000005,1.766231784542611,1.7513542381933318
2713,2713,0.5216666666666665,1.7658503089951936,1.7517357137407492
2714,2714,0.5233333333333334,1.766231784542611,1.7513542381933318
2715,2715,0.5250000000000004,1.7673762111848632,1.7505912870984968
2716,2716,0.5266666666666673,1.7673762111848632,1.7498283360036622
2717,2717,0.5283333333333333,1.766231784542611,1.7502098115510796
2718,2718,0.5300000000000002,1.766231784542611,1.7505912870984968
2719,2719,0.5316666666666672,1.7669947356374458,1.7517357137407492
2720,2720,0.5333333333333332,1.7673762111848632,1.7517357137407492
2721,2721,0.5350000000000001,1.7673762111848632,1.7513542381933318
2722,2722,0.5366666666666671,1.766231784542611,1.7505912870984968
2723,2723,0.538333333333334,1.7658503089951936,1.7505912870984968
2724,2724,0.54,1.7658503089951936,1.7505912870984968
2725,2725,0.541666666666667,1.7658503089951936,1.7502098115510796
2726,2726,0.5433333333333339,1.766231784542611,1.7502098115510796
2727,2727,0.5449999999999999,1.766231784542611,1.7498283360036622
2728,2728,0.5466666666666669,1.766231784542611,1.7502098115510796
2729,2729,0.5483333333333338,1.7666132600900284,1.7502098115510796
2730,2730,0.5500000000000016,1.7673762111848632,1.7505912870984968
2731,2731,0.5516666666666667,1.7666132600900284,1.7509727626459144
2732,2732,0.5533333333333337,1.7666132600900284,1.7513542381933318
2733,2733,0.5550000000000015,1.7666132600900284,1.7505912870984968
2734,2734,0.5566666666666666,1.7673762111848632,1.7505912870984968
2735,2735,0.5583333333333336,1.7681391622796983,1.7502098115510796
2736,2736,0.5600000000000005,1.7673762111848632,1.7498283360036622
2737,2737,0.5616666666666665,1.7669947356374458,1.7498283360036622
2738,2738,0.5633333333333335,1.766231784542611,1.7502098115510796
2739,2739,0.5650000000000004,1.7658503089951936,1.7498283360036622
2740,2740,0.5666666666666664,1.7658503089951936,1.7494468604562448
2741,2741,0.5683333333333334,1.7669947356374458,1.7490653849088271
2742,2742,0.5700000000000003,1.7677576867322806,1.7490653849088271
2743,2743,0.5716666666666672,1.7669947356374458,1.7498283360036622
2744,2744,0.5733333333333333,1.7669947356374458,1.7498283360036622
2745,2745,0.5750000000000002,1.7677576867322806,1.7494468604562448
2746,2746,0.5766666666666671,1.7669947356374458,1.7498283360036622
2747,2747,0.578333333333334,1.766231784542611,1.7498283360036622
2748,2748,0.5800000000000001,1.7673762111848632,1.7494468604562448
2749,2749,0.581666666666667,1.7681391622796983,1.7502098115510796
2750,2750,0.5833333333333339,1.7673762111848632,1.7505912870984968
2751,2751,0.585,1.7666132600900284,1.7498283360036622
2752,2752,0.5866666666666669,1.766231784542611,1.7490653849088271
2753,2753,0.5883333333333338,1.7666132600900284,1.7490653849088271
2754,2754,0.5899999999999999,1.7673762111848632,1.7502098115510796
2755,2755,0.5916666666666668,1.7666132600900284,1.7509727626459144
2756,2756,0.5933333333333337,1.766231784542611,1.7509727626459144
2757,2757,0.5950000000000015,1.7669947356374458,1.7502098115510796
2758,2758,0.5966666666666667,1.7681391622796983,1.7490653849088271
2759,2759,0.5983333333333336,1.7669947356374458,1.7490653849088271
2760,2760,0.6000000000000005,1.7666132600900284,1.7498283360036622
2761,2761,0.6016666666666666,1.7669947356374458,1.7502098115510796
2762,2762,0.6033333333333335,1.7669947356374458,1.7502098115510796
2763,2763,0.6050000000000004,1.7681391622796983,1.7505912870984968
2764,2764,0.6066666666666665,1.7685206378271154,1.7505912870984968
2765,2765,0.6083333333333334,1.7673762111848632,1.7498283360036622
2766,2766,0.6100000000000003,1.7666132600900284,1.7494468604562448
2767,2767,0.6116666666666672,1.7666132600900284,1.7490653849088271
2768,2768,0.6133333333333333,1.766231784542611,1.7490653849088271
2769,2769,0.6150000000000002,1.7669947356374458,1.7490653849088271
2770,2770,0.6166666666666671,1.7669947356374458,1.74868390936141
2771,2771,0.6183333333333341,1.7666132600900284,1.7483024338139923
2772,2772,0.6200000000000001,1.7666132600900284,1.74868390936141
2773,2773,0.621666666666667,1.7673762111848632,1.7498283360036622
2774,2774,0.623333333333334,1.7681391622796983,1.7509727626459144
2775,2775,0.625,1.7673762111848632,1.7502098115510796
2776,2776,0.6266666666666669,1.766231784542611,1.7490653849088271
2777,2777,0.6283333333333339,1.7666132600900284,1.74868390936141
2778,2778,0.6299999999999999,1.7673762111848632,1.7494468604562448
2779,2779,0.6316666666666668,1.7673762111848632,1.7505912870984968
2780,2780,0.6333333333333337,1.7666132600900284,1.7502098115510796
2781,2781,0.6350000000000016,1.766231784542611,1.7494468604562448
2782,2782,0.6366666666666667,1.7654688334477762,1.7498283360036622
2783,2783,0.6383333333333336,1.7658503089951936,1.7502098115510796
2784,2784,0.6400000000000015,1.7669947356374458,1.7509727626459144
2785,2785,0.6416666666666666,1.7681391622796983,1.7502098115510796
2786,2786,0.6433333333333335,1.7685206378271154,1.7494468604562448
2787,2787,0.6450000000000005,1.771953917753872,1.7490653849088271
2788,2788,0.6466666666666665,1.7761501487754636,1.7490653849088271
2789,2789,0.6483333333333334,1.7799649042496375,1.7490653849088271
2790,2790,0.6500000000000004,1.7845426108186466,1.7490653849088271
2791,2791,0.6516666666666673,1.7902647440299078,1.7490653849088271
2792,2792,0.6533333333333333,1.795986877241169,1.7490653849088271
2793,2793,0.6550000000000002,1.797894254978256,1.7502098115510796
2794,2794,0.6566666666666672,1.7986572060730908,1.7509727626459144
2795,2795,0.6583333333333332,1.797894254978256,1.7498283360036622
2796,2796,0.6600000000000001,1.7967498283360035,1.7490653849088271
2797,2797,0.6616666666666671,1.7971313038834211,1.7498283360036622
2798,2798,0.663333333333334,1.7971313038834211,1.7505912870984968
2799,2799,0.665,1.7971313038834211,1.7513542381933318
2800,2800,0.666666666666667,1.7982757305256734,1.7505912870984968
2801,2801,0.6683333333333339,1.7967498283360035,1.7498283360036622
2802,2802,0.6699999999999999,1.7967498283360035,1.7490653849088271
2803,2803,0.6716666666666669,1.7967498283360035,1.74868390936141
2804,2804,0.6733333333333338,1.7963683527885863,1.7490653849088271
2805,2805,0.6750000000000016,1.7963683527885863,1.7502098115510796
2806,2806,0.6766666666666667,1.7975127794308383,1.7509727626459144
2807,2807,0.6783333333333337,1.797894254978256,1.7505912870984968
2808,2808,0.6800000000000015,1.7982757305256734,1.7505912870984968
2809,2809,0.6816666666666666,1.797894254978256,1.7505912870984968
2810,2810,0.6833333333333336,1.7967498283360035,1.7502098115510796
2811,2811,0.6850000000000005,1.7963683527885863,1.7498283360036622
2812,2812,0.6866666666666665,1.7975127794308383,1.7505912870984968
2813,2813,0.6883333333333335,1.7963683527885863,1.7509727626459144
2814,2814,0.6900000000000004,1.795223926146334,1.7505912870984968
2815,2815,0.6916666666666664,1.7956054016937515,1.7494468604562448
2816,2816,0.6933333333333334,1.7975127794308383,1.7494468604562448
2817,2817,0.6950000000000003,1.7982757305256734,1.7502098115510796
2818,2818,0.6966666666666672,1.7982757305256734,1.7509727626459144
2819,2819,0.6983333333333333,1.7967498283360035,1.7502098115510796
2820,2820,0.7000000000000002,1.7956054016937515,1.7498283360036622
2821,2821,0.7016666666666671,1.7971313038834211,1.7505912870984968
2822,2822,0.703333333333334,1.7994201571679256,1.7505912870984968
2823,2823,0.7050000000000001,1.8005645838101778,1.7502098115510796
2824,2824,0.706666666666667,1.8001831082627604,1.7498283360036622
2825,2825,0.7083333333333339,1.7986572060730908,1.7498283360036622
2826,2826,0.71,1.7982757305256734,1.7505912870984968
2827,2827,0.7116666666666669,1.7975127794308383,1.7513542381933318
2828,2828,0.7133333333333338,1.797894254978256,1.7513542381933318
2829,2829,0.7150000000000016,1.7982757305256734,1.7505912870984968
2830,2830,0.7166666666666668,1.797894254978256,1.7498283360036622
2831,2831,0.7183333333333337,1.7975127794308383,1.7498283360036622
2832,2832,0.7200000000000015,1.7982757305256734,1.7494468604562448
2833,2833,0.7216666666666667,1.7986572060730908,1.7502098115510796
2834,2834,0.7233333333333336,1.7982757305256734,1.7502098115510796
2835,2835,0.7250000000000005,1.797894254978256,1.7498283360036622
2836,2836,0.7266666666666666,1.7982757305256734,1.7498283360036622
2837,2837,0.7283333333333335,1.7986572060730908,1.7509727626459144
2838,2838,0.7300000000000004,1.7975127794308383,1.7513542381933318
2839,2839,0.7316666666666665,1.7967498283360035,1.7502098115510796
2840,2840,0.7333333333333334,1.7975127794308383,1.7490653849088271
2841,2841,0.7350000000000003,1.7982757305256734,1.7498283360036622
2842,2842,0.7366666666666672,1.7990386816205082,1.7505912870984968
2843,2843,0.7383333333333333,1.8009460593575952,1.7502098115510796
2844,2844,0.7400000000000002,1.80170901045243,1.7498283360036622
2845,2845,0.7416666666666671,1.80170901045243,1.7490653849088271
2846,2846,0.7433333333333341,1.8028534370946825,1.74868390936141
2847,2847,0.7450000000000001,1.8036163881895169,1.7494468604562448
2848,2848,0.746666666666667,1.8039978637369345,1.7505912870984968
2849,2849,0.748333333333334,1.8036163881895169,1.7513542381933318
2850,2850,0.75,1.8036163881895169,1.7521171892881666
2851,2851,0.7516666666666669,1.8032349126421,1.7555504692149233
2852,2852,0.7533333333333339,1.8036163881895169,1.7597467002365148
2853,2853,0.7549999999999999,1.8039978637369345,1.7639429312581063
2854,2854,0.7566666666666668,1.8043793392843517,1.7681391622796983
2855,2855,0.7583333333333337,1.8043793392843517,1.7734798199435418
2856,2856,0.7600000000000016,1.8039978637369345,1.7788204776073857
2857,2857,0.7616666666666667,1.804760814831769,1.7807278553444723
2858,2858,0.7633333333333336,1.8051422903791867,1.7807278553444723
2859,2859,0.7650000000000015,1.8036163881895169,1.7792019531548031
2860,2860,0.7666666666666666,1.8032349126421,1.7792019531548031
2861,2861,0.7683333333333335,1.8036163881895169,1.7795834287022203
2862,2862,0.7700000000000005,1.8036163881895169,1.7795834287022203
2863,2863,0.7716666666666665,1.8039978637369345,1.7799649042496375
2864,2864,0.7733333333333334,1.8043793392843517,1.7799649042496375
2865,2865,0.7750000000000004,1.8039978637369345,1.7792019531548031
2866,2866,0.7766666666666673,1.8032349126421,1.7792019531548031
2867,2867,0.7783333333333333,1.8036163881895169,1.7792019531548031
2868,2868,0.7800000000000002,1.8028534370946825,1.7792019531548031
2869,2869,0.7816666666666672,1.8032349126421,1.7795834287022203
2870,2870,0.7833333333333332,1.8039978637369345,1.7795834287022203
2871,2871,0.7850000000000001,1.804760814831769,1.7803463797970551
2872,2872,0.7866666666666671,1.8051422903791867,1.7807278553444723
2873,2873,0.788333333333334,1.805523765926604,1.7799649042496375
2874,2874,0.79,1.805523765926604,1.7788204776073857
2875,2875,0.791666666666667,1.8051422903791867,1.7792019531548031
2876,2876,0.7933333333333339,1.8051422903791867,1.7795834287022203
2877,2877,0.7949999999999999,1.8051422903791867,1.7788204776073857
2878,2878,0.7966666666666669,1.804760814831769,1.7776760509651333
2879,2879,0.7983333333333338,1.8051422903791867,1.7788204776073857
2880,2880,0.8000000000000016,1.805523765926604,1.7799649042496375
2881,2881,0.8016666666666667,1.804760814831769,1.7807278553444723
2882,2882,0.8033333333333337,1.8039978637369345,1.7803463797970551
2883,2883,0.8050000000000015,1.804760814831769,1.778439002059968
2884,2884,0.8066666666666666,1.805523765926604,1.7772945754177158
2885,2885,0.8083333333333336,1.805523765926604,1.7795834287022203
2886,2886,0.8100000000000005,1.805905241474021,1.7814908064393074
2887,2887,0.8116666666666665,1.8062867170214392,1.7822537575341422
2888,2888,0.8133333333333335,1.805905241474021,1.7818722819867248
2889,2889,0.8150000000000004,1.8039978637369345,1.7803463797970551
2890,2890,0.8166666666666664,1.8032349126421,1.7795834287022203
2891,2891,0.8183333333333334,1.804760814831769,1.7795834287022203
2892,2892,0.8200000000000003,1.805523765926604,1.7795834287022203
2893,2893,0.8216666666666672,1.8043793392843517,1.7799649042496375
2894,2894,0.8233333333333333,1.8020904859998477,1.7799649042496375
2895,2895,0.8250000000000002,1.8024719615472649,1.7792019531548031
2896,2896,0.8266666666666671,1.8039978637369345,1.7807278553444723
2897,2897,0.828333333333334,1.8036163881895169,1.7814908064393074
2898,2898,0.8300000000000001,1.8036163881895169,1.78110933089189
2899,2899,0.831666666666667,1.8039978637369345,1.7807278553444723
2900,2900,0.8333333333333339,1.8039978637369345,1.7807278553444723
2901,2901,0.835,1.805905241474021,1.7807278553444723
2902,2902,0.8366666666666669,1.8074311436636912,1.7799649042496375
2903,2903,0.8383333333333338,1.8112458991378653,1.7795834287022203
2904,2904,0.8400000000000016,1.8150606546120396,1.7799649042496375
2905,2905,0.8416666666666668,1.8169680323491264,1.78110933089189
2906,2906,0.8433333333333337,1.8181124589913784,1.7818722819867248
2907,2907,0.8450000000000015,1.8192568856336309,1.7833981841763944
2908,2908,0.8466666666666667,1.8196383611810485,1.7841611352712292
2909,2909,0.8483333333333336,1.8196383611810485,1.7841611352712292
2910,2910,0.8500000000000005,1.8188754100862132,1.784924086366064
2911,2911,0.8516666666666666,1.817349507896544,1.7860685130083165
2912,2912,0.8533333333333335,1.8169680323491264,1.7860685130083165
2913,2913,0.8550000000000004,1.8181124589913784,1.7853055619134814
2914,2914,0.8566666666666665,1.8200198367284657,1.7845426108186466
2915,2915,0.8583333333333334,1.8200198367284657,1.7845426108186466
2916,2916,0.8600000000000003,1.817349507896544,1.784924086366064
2917,2917,0.8616666666666672,1.816205081254292,1.784924086366064
2918,2918,0.8633333333333333,1.8169680323491264,1.7856870374608989
2919,2919,0.8650000000000002,1.8177309834439608,1.7853055619134814
2920,2920,0.8666666666666671,1.8181124589913784,1.7853055619134814
2921,2921,0.8683333333333341,1.8181124589913784,1.7860685130083165
2922,2922,0.8700000000000001,1.8177309834439608,1.7864499885557337
2923,2923,0.871666666666667,1.8169680323491264,1.7853055619134814
2924,2924,0.873333333333334,1.8169680323491264,1.7845426108186466
2925,2925,0.875,1.8181124589913784,1.784924086366064
2926,2926,0.8766666666666669,1.8188754100862132,1.7853055619134814
2927,2927,0.8783333333333339,1.817349507896544,1.7856870374608989
2928,2928,0.8799999999999999,1.8169680323491264,1.7853055619134814
2929,2929,0.8816666666666668,1.8181124589913784,1.784924086366064
2930,2930,0.8833333333333337,1.8177309834439608,1.7845426108186466
2931,2931,0.8850000000000016,1.817349507896544,1.7845426108186466
2932,2932,0.8866666666666667,1.8181124589913784,1.7841611352712292
2933,2933,0.8883333333333336,1.8192568856336309,1.7845426108186466
2934,2934,0.8900000000000015,1.8200198367284657,1.7853055619134814
2935,2935,0.8916666666666666,1.8200198367284657,1.7853055619134814
2936,2936,0.8933333333333335,1.8192568856336309,1.7860685130083165
2937,2937,0.8950000000000005,1.817349507896544,1.7856870374608989
2938,2938,0.8966666666666665,1.8177309834439608,1.7856870374608989
2939,2939,0.8983333333333334,1.8192568856336309,1.7853055619134814
2940,2940,0.9000000000000004,1.8200198367284657,1.784924086366064
2941,2941,0.9016666666666673,1.8200198367284657,1.784924086366064
2942,2942,0.9033333333333333,1.8196383611810485,1.7845426108186466
2943,2943,0.9050000000000002,1.8200198367284657,1.784924086366064
2944,2944,0.9066666666666672,1.8196383611810485,1.7845426108186466
2945,2945,0.9083333333333332,1.8192568856336309,1.7837796597238118
2946,2946,0.9100000000000001,1.8204013122758829,1.7833981841763944
2947,2947,0.9116666666666671,1.8204013122758829,1.7837796597238118
2948,2948,0.913333333333334,1.8192568856336309,1.7845426108186466
2949,2949,0.915,1.8196383611810485,1.7845426108186466
2950,2950,0.916666666666667,1.8200198367284657,1.7845426108186466
2951,2951,0.9183333333333339,1.8204013122758829,1.784924086366064
2952,2952,0.9199999999999999,1.8200198367284657,1.784924086366064
2953,2953,0.9216666666666669,1.8200198367284657,1.783016708628977
2954,2954,0.9233333333333338,1.8200198367284657,1.7826352330815596
2955,2955,0.9250000000000016,1.8200198367284657,1.7837796597238118
2956,2956,0.9266666666666667,1.8207827878233005,1.7845426108186466
2957,2957,0.9283333333333337,1.8204013122758829,1.783016708628977
2958,2958,0.9300000000000015,1.8215457389181355,1.78110933089189
2959,2959,0.9316666666666666,1.8234531166552224,1.7814908064393074
2960,2960,0.9333333333333336,1.82383459220264,1.783016708628977
2961,2961,0.9350000000000005,1.8226901655603875,1.7833981841763944
2962,2962,0.9366666666666665,1.8226901655603875,1.783016708628977
2963,2963,0.9383333333333335,1.8230716411078052,1.783016708628977
2964,2964,0.9400000000000004,1.82383459220264,1.7837796597238118
2965,2965,0.9416666666666664,1.8234531166552224,1.784924086366064
2966,2966,0.9433333333333334,1.82383459220264,1.7868314641031509
2967,2967,0.9450000000000003,1.8234531166552224,1.7910276951247426
2968,2968,0.9466666666666672,1.8230716411078052,1.7944609750514993
2969,2969,0.9483333333333333,1.8242160677500567,1.7967498283360035
2970,2970,0.9500000000000002,1.8249790188448918,1.797894254978256
2971,2971,0.9516666666666671,1.8245975432974744,1.7986572060730908
2972,2972,0.953333333333334,1.8230716411078052,1.7994201571679256
2973,2973,0.9550000000000001,1.82383459220264,1.799801632715343
2974,2974,0.956666666666667,1.8249790188448918,1.7986572060730908
2975,2975,0.9583333333333339,1.8253604943923092,1.797894254978256
2976,2976,0.96,1.8249790188448918,1.7975127794308383
2977,2977,0.9616666666666669,1.8245975432974744,1.7986572060730908
2978,2978,0.9633333333333338,1.8242160677500567,1.8005645838101778
2979,2979,0.9650000000000016,1.8242160677500567,1.8001831082627604
2980,2980,0.9666666666666668,1.8249790188448918,1.797894254978256
2981,2981,0.9683333333333337,1.8257419699397268,1.7963683527885863
2982,2982,0.9700000000000015,1.8249790188448918,1.7971313038834211
2983,2983,0.9716666666666667,1.8245975432974744,1.7986572060730908
2984,2984,0.9733333333333336,1.8249790188448918,1.7990386816205082
2985,2985,0.9750000000000005,1.8245975432974744,1.7986572060730908
2986,2986,0.9766666666666666,1.8245975432974744,1.7982757305256734
2987,2987,0.9783333333333335,1.8234531166552224,1.7982757305256734
2988,2988,0.9800000000000004,1.8226901655603875,1.7982757305256734
2989,2989,0.9816666666666665,1.82383459220264,1.7994201571679256
2990,2990,0.9833333333333334,1.8245975432974744,1.799801632715343
2991,2991,0.9850000000000003,1.8234531166552224,1.7986572060730908
2992,2992,0.9866666666666672,1.8234531166552224,1.7982757305256734
2993,2993,0.9883333333333333,1.8245975432974744,1.7990386816205082
2994,2994,0.9900000000000002,1.8245975432974744,1.7986572060730908
2995,2995,0.9916666666666671,1.8242160677500567,1.7982757305256734
2996,2996,0.9933333333333341,1.82383459220264,1.7990386816205082
2997,2997,0.9950000000000001,1.82230869001297,1.8001831082627604
2998,2998,0.996666666666667,1.8215457389181355,1.8009460593575952
2999,2999,0.998333333333334,1.8219272144655527,1.8009460593575952
3000,3000,1.0,1.82230869001297,1.7994201571679256
3001,3001,1.001666666666667,1.8226901655603875,1.7982757305256734
3002,3002,1.0033333333333339,1.8226901655603875,1.7986572060730908
3003,3003,1.005,1.82230869001297,1.8001831082627604
3004,3004,1.0066666666666668,1.8219272144655527,1.8013275349050126
3005,3005,1.0083333333333337,1.8219272144655527,1.8009460593575952
3006,3006,1.0100000000000016,1.8219272144655527,1.8009460593575952
3007,3007,1.0116666666666667,1.8226901655603875,1.8009460593575952
3008,3008,1.0133333333333336,1.82230869001297,1.8005645838101778
3009,3009,1.0150000000000015,1.82230869001297,1.8005645838101778
3010,3010,1.0166666666666666,1.8230716411078052,1.8013275349050126
3011,3011,1.0183333333333335,1.82230869001297,1.8013275349050126
3012,3012,1.0200000000000005,1.8207827878233005,1.8005645838101778
3013,3013,1.0216666666666665,1.8200198367284657,1.8009460593575952
3014,3014,1.0233333333333334,1.8204013122758829,1.8013275349050126
3015,3015,1.0250000000000004,1.8207827878233005,1.8013275349050126
3016,3016,1.0266666666666673,1.8226901655603875,1.8013275349050126
3017,3017,1.0283333333333333,1.8234531166552224,1.8013275349050126
3018,3018,1.0300000000000002,1.8226901655603875,1.8013275349050126
3019,3019,1.0316666666666672,1.82230869001297,1.80170901045243
3020,3020,1.0333333333333332,1.82230869001297,1.80170901045243
3021,3021,1.0350000000000001,1.82230869001297,1.80170901045243
3022,3022,1.036666666666667,1.8219272144655527,1.8032349126421
3023,3023,1.038333333333334,1.8215457389181355,1.804760814831769
3024,3024,1.04,1.82230869001297,1.8051422903791867
3025,3025,1.041666666666667,1.8219272144655527,1.8039978637369345
3026,3026,1.043333333333334,1.8219272144655527,1.8036163881895169
3027,3027,1.045,1.82230869001297,1.8039978637369345
3028,3028,1.0466666666666669,1.8219272144655527,1.804760814831769
3029,3029,1.0483333333333338,1.82230869001297,1.804760814831769
3030,3030,1.0500000000000016,1.8226901655603875,1.8043793392843517
3031,3031,1.0516666666666667,1.82230869001297,1.8039978637369345
3032,3032,1.0533333333333337,1.8207827878233005,1.8043793392843517
3033,3033,1.0550000000000015,1.8200198367284657,1.805523765926604
3034,3034,1.0566666666666666,1.8219272144655527,1.8062867170214392
3035,3035,1.0583333333333336,1.8226901655603875,1.8051422903791867
3036,3036,1.0600000000000005,1.8230716411078052,1.8039978637369345
3037,3037,1.0616666666666665,1.8226901655603875,1.8051422903791867
3038,3038,1.0633333333333335,1.8230716411078052,1.8062867170214392
3039,3039,1.0650000000000004,1.82230869001297,1.8066681925688564
3040,3040,1.0666666666666664,1.8211642633707181,1.805905241474021
3041,3041,1.0683333333333334,1.8215457389181355,1.805523765926604
3042,3042,1.0700000000000003,1.8219272144655527,1.8051422903791867
3043,3043,1.0716666666666672,1.82230869001297,1.805523765926604
3044,3044,1.0733333333333333,1.8230716411078052,1.8062867170214392
3045,3045,1.0750000000000002,1.8226901655603875,1.8066681925688564
3046,3046,1.076666666666667,1.8215457389181355,1.805905241474021
3047,3047,1.078333333333334,1.8219272144655527,1.805905241474021
3048,3048,1.08,1.8230716411078052,1.805905241474021
3049,3049,1.081666666666667,1.8226901655603875,1.8062867170214392
3050,3050,1.083333333333334,1.8226901655603875,1.805523765926604
3051,3051,1.085,1.82383459220264,1.8043793392843517
3052,3052,1.086666666666667,1.8230716411078052,1.8043793392843517
3053,3053,1.0883333333333338,1.82230869001297,1.805905241474021
3054,3054,1.0900000000000016,1.8234531166552224,1.8062867170214392
3055,3055,1.0916666666666668,1.8242160677500567,1.805905241474021
3056,3056,1.0933333333333337,1.8234531166552224,1.805905241474021
3057,3057,1.0950000000000015,1.8219272144655527,1.8066681925688564
3058,3058,1.0966666666666667,1.8226901655603875,1.8070496681162735
3059,3059,1.0983333333333336,1.8245975432974744,1.8066681925688564
3060,3060,1.1000000000000005,1.8249790188448918,1.805905241474021
3061,3061,1.1016666666666666,1.8249790188448918,1.804760814831769
3062,3062,1.1033333333333335,1.8253604943923092,1.8039978637369345
3063,3063,1.1050000000000004,1.8242160677500567,1.804760814831769
3064,3064,1.1066666666666665,1.8219272144655527,1.805905241474021
3065,3065,1.1083333333333334,1.82230869001297,1.8062867170214392
3066,3066,1.1100000000000003,1.8242160677500567,1.805905241474021
3067,3067,1.1116666666666672,1.8245975432974744,1.8051422903791867
3068,3068,1.1133333333333333,1.826123445487144,1.8051422903791867
3069,3069,1.1150000000000002,1.826886396581979,1.8051422903791867
3070,3070,1.1166666666666671,1.8245975432974744,1.8051422903791867
3071,3071,1.118333333333334,1.8234531166552224,1.805523765926604
3072,3072,1.12,1.8234531166552224,1.8051422903791867
3073,3073,1.121666666666667,1.8230716411078052,1.805523765926604
3074,3074,1.123333333333334,1.82383459220264,1.8062867170214392
3075,3075,1.125,1.8249790188448918,1.8051422903791867
3076,3076,1.126666666666667,1.8253604943923092,1.8036163881895169
3077,3077,1.1283333333333339,1.8253604943923092,1.8032349126421
3078,3078,1.13,1.8257419699397268,1.8032349126421
3079,3079,1.1316666666666668,1.8257419699397268,1.8036163881895169
3080,3080,1.1333333333333337,1.8242160677500567,1.805523765926604
3081,3081,1.1350000000000016,1.8242160677500567,1.8062867170214392
3082,3082,1.1366666666666667,1.8245975432974744,1.805905241474021
3083,3083,1.1383333333333336,1.8242160677500567,1.8051422903791867
3084,3084,1.1400000000000015,1.8242160677500567,1.805523765926604
3085,3085,1.1416666666666666,1.8245975432974744,1.805523765926604
3086,3086,1.1433333333333335,1.8242160677500567,1.8043793392843517
3087,3087,1.1450000000000005,1.82383459220264,1.8039978637369345
3088,3088,1.1466666666666665,1.826123445487144,1.804760814831769
3089,3089,1.1483333333333334,1.8272678721293965,1.8051422903791867
3090,3090,1.1500000000000004,1.8272678721293965,1.804760814831769
3091,3091,1.1516666666666673,1.826123445487144,1.804760814831769
3092,3092,1.1533333333333333,1.8253604943923092,1.804760814831769
3093,3093,1.1550000000000002,1.8249790188448918,1.804760814831769
3094,3094,1.1566666666666672,1.8242160677500567,1.805523765926604
3095,3095,1.158333333333334,1.8245975432974744,1.8043793392843517
3096,3096,1.1600000000000001,1.8253604943923092,1.8028534370946825
3097,3097,1.161666666666667,1.8253604943923092,1.8028534370946825
3098,3098,1.163333333333334,1.8253604943923092,1.8043793392843517
3099,3099,1.165,1.8265049210345616,1.8051422903791867
3100,3100,1.166666666666667,1.8253604943923092,1.805523765926604
3101,3101,1.168333333333334,1.8253604943923092,1.805523765926604
3102,3102,1.17,1.8253604943923092,1.8051422903791867
3103,3103,1.1716666666666669,1.8257419699397268,1.804760814831769
3104,3104,1.1733333333333338,1.8257419699397268,1.8036163881895169
3105,3105,1.1750000000000016,1.826123445487144,1.8032349126421
3106,3106,1.1766666666666667,1.826123445487144,1.8039978637369345
3107,3107,1.1783333333333337,1.8245975432974744,1.804760814831769
3108,3108,1.1800000000000015,1.8230716411078052,1.8051422903791867
3109,3109,1.1816666666666666,1.8230716411078052,1.804760814831769
3110,3110,1.1833333333333336,1.8249790188448918,1.8036163881895169
3111,3111,1.1850000000000005,1.826123445487144,1.8039978637369345
3112,3112,1.1866666666666665,1.826123445487144,1.8051422903791867
3113,3113,1.1883333333333335,1.8253604943923092,1.8051422903791867
3114,3114,1.1900000000000004,1.8253604943923092,1.8051422903791867
3115,3115,1.1916666666666664,1.8249790188448918,1.805905241474021
3116,3116,1.1933333333333334,1.8245975432974744,1.8051422903791867
3117,3117,1.1950000000000003,1.8249790188448918,1.804760814831769
3118,3118,1.1966666666666672,1.8257419699397268,1.805523765926604
3119,3119,1.1983333333333333,1.826123445487144,1.8062867170214392
3120,3120,1.2000000000000002,1.826123445487144,1.805523765926604
3121,3121,1.201666666666667,1.8257419699397268,1.8039978637369345
3122,3122,1.203333333333334,1.8245975432974744,1.8043793392843517
3123,3123,1.205,1.8249790188448918,1.8066681925688564
3124,3124,1.206666666666667,1.8276493476768136,1.8070496681162735
3125,3125,1.208333333333334,1.8299382009613183,1.8066681925688564
3126,3126,1.21,1.830319676508736,1.8066681925688564
3127,3127,1.211666666666667,1.8329900053406576,1.805523765926604
3128,3128,1.2133333333333338,1.835278858625162,1.8039978637369345
3129,3129,1.2150000000000016,1.837949187457084,1.8039978637369345
3130,3130,1.2166666666666668,1.8410009918364236,1.805523765926604
3131,3131,1.2183333333333337,1.842145418478676,1.8066681925688564
3132,3132,1.2200000000000015,1.8410009918364236,1.8081940947585258
3133,3133,1.2216666666666667,1.8410009918364236,1.8081940947585258
3134,3134,1.2233333333333336,1.8413824673838408,1.8066681925688564
3135,3135,1.2250000000000005,1.8410009918364236,1.805905241474021
3136,3136,1.2266666666666666,1.8402380407415888,1.805523765926604
3137,3137,1.2283333333333335,1.8402380407415888,1.805523765926604
3138,3138,1.2300000000000004,1.8406195162890058,1.8062867170214392
3139,3139,1.2316666666666665,1.8402380407415888,1.8070496681162735
3140,3140,1.2333333333333334,1.8402380407415888,1.8074311436636912
3141,3141,1.2350000000000003,1.8410009918364236,1.8074311436636912
3142,3142,1.2366666666666672,1.8410009918364236,1.8078126192111088
3143,3143,1.2383333333333333,1.8410009918364236,1.8070496681162735
3144,3144,1.2400000000000002,1.8413824673838408,1.8062867170214392
3145,3145,1.2416666666666671,1.8410009918364236,1.8062867170214392
3146,3146,1.243333333333334,1.8398565651941712,1.8066681925688564
3147,3147,1.245,1.8394750896467535,1.8066681925688564
3148,3148,1.246666666666667,1.8390936140993364,1.8062867170214392
3149,3149,1.248333333333334,1.8390936140993364,1.8066681925688564
3150,3150,1.25,1.8390936140993364,1.8062867170214392
3151,3151,1.251666666666667,1.838712138551919,1.8066681925688564
3152,3152,1.2533333333333339,1.8390936140993364,1.8081940947585258
3153,3153,1.255,1.8390936140993364,1.8093385214007784
3154,3154,1.2566666666666668,1.8402380407415888,1.8093385214007784
3155,3155,1.2583333333333337,1.8410009918364236,1.8078126192111088
3156,3156,1.2600000000000016,1.8417639429312584,1.8074311436636912
3157,3157,1.2616666666666667,1.8429083695735105,1.8070496681162735
3158,3158,1.2633333333333336,1.8413824673838408,1.8062867170214392
3159,3159,1.2650000000000015,1.8402380407415888,1.8066681925688564
3160,3160,1.2666666666666666,1.8406195162890058,1.8070496681162735
3161,3161,1.2683333333333335,1.8417639429312584,1.8074311436636912
3162,3162,1.2700000000000005,1.8425268940260928,1.8078126192111088
3163,3163,1.2716666666666665,1.8413824673838408,1.8081940947585258
3164,3164,1.2733333333333334,1.8410009918364236,1.8074311436636912
3165,3165,1.2750000000000004,1.8406195162890058,1.8074311436636912
3166,3166,1.2766666666666673,1.8406195162890058,1.8074311436636912
3167,3167,1.2783333333333333,1.8406195162890058,1.8078126192111088
3168,3168,1.2800000000000002,1.8413824673838408,1.8078126192111088
3169,3169,1.2816666666666672,1.8406195162890058,1.8078126192111088
3170,3170,1.283333333333334,1.8398565651941712,1.8081940947585258
3171,3171,1.2850000000000001,1.8402380407415888,1.8066681925688564
3172,3172,1.286666666666667,1.8410009918364236,1.804760814831769
3173,3173,1.288333333333334,1.8410009918364236,1.8051422903791867
3174,3174,1.29,1.8417639429312584,1.8074311436636912
3175,3175,1.291666666666667,1.8417639429312584,1.8081940947585258
3176,3176,1.293333333333334,1.8413824673838408,1.8085755703059436
3177,3177,1.295,1.8413824673838408,1.8078126192111088
3178,3178,1.2966666666666669,1.842145418478676,1.8078126192111088
3179,3179,1.2983333333333338,1.8417639429312584,1.8070496681162735
3180,3180,1.3000000000000016,1.8413824673838408,1.8062867170214392
3181,3181,1.3016666666666667,1.8417639429312584,1.8070496681162735
3182,3182,1.3033333333333337,1.8425268940260928,1.8078126192111088
3183,3183,1.3050000000000015,1.8429083695735105,1.8081940947585258
3184,3184,1.3066666666666666,1.8429083695735105,1.8078126192111088
3185,3185,1.3083333333333336,1.843289845120928,1.8074311436636912
3186,3186,1.3100000000000005,1.844052796215763,1.8066681925688564
3187,3187,1.3116666666666665,1.8436713206683453,1.8074311436636912
3188,3188,1.3133333333333335,1.843289845120928,1.810101472495613
3189,3189,1.3150000000000004,1.8448157473105973,1.811627374685283
3190,3190,1.3166666666666664,1.8463416495002671,1.8123903257801173
3191,3191,1.3183333333333334,1.8467231250476843,1.814679179064622
3192,3192,1.3200000000000003,1.8467231250476843,1.816586556801709
3193,3193,1.3216666666666672,1.8471046005951017,1.8200198367284657
3194,3194,1.3233333333333333,1.8455786984054323,1.8226901655603875
3195,3195,1.3250000000000002,1.8444342717631799,1.8230716411078052
3196,3196,1.326666666666667,1.8444342717631799,1.8230716411078052
3197,3197,1.328333333333334,1.8444342717631799,1.8226901655603875
3198,3198,1.33,1.8455786984054323,1.8226901655603875
3199,3199,1.331666666666667,1.8463416495002671,1.82230869001297
3200,3200,1.333333333333334,1.8455786984054323,1.8219272144655527
3201,3201,1.335,1.8444342717631799,1.8211642633707181
3202,3202,1.336666666666667,1.8459601739528495,1.82230869001297
3203,3203,1.3383333333333338,1.8459601739528495,1.82230869001297
3204,3204,1.3400000000000016,1.8455786984054323,1.8215457389181355
3205,3205,1.3416666666666668,1.8448157473105973,1.82230869001297
3206,3206,1.3433333333333337,1.8455786984054323,1.8230716411078052
3207,3207,1.3450000000000015,1.8459601739528495,1.8234531166552224
3208,3208,1.3466666666666667,1.8455786984054323,1.8226901655603875
3209,3209,1.3483333333333336,1.8455786984054323,1.8226901655603875
3210,3210,1.3500000000000005,1.8459601739528495,1.8211642633707181
3211,3211,1.3516666666666666,1.845197222858015,1.8207827878233005
3212,3212,1.3533333333333335,1.8444342717631799,1.8207827878233005
3213,3213,1.3550000000000004,1.8448157473105973,1.8207827878233005
3214,3214,1.3566666666666665,1.845197222858015,1.8204013122758829
3215,3215,1.3583333333333334,1.8459601739528495,1.8200198367284657
3216,3216,1.3600000000000003,1.8459601739528495,1.8207827878233005
3217,3217,1.3616666666666672,1.8459601739528495,1.8207827878233005
3218,3218,1.3633333333333333,1.845197222858015,1.8211642633707181
3219,3219,1.3650000000000002,1.8455786984054323,1.82230869001297
3220,3220,1.3666666666666671,1.8459601739528495,1.8234531166552224
3221,3221,1.368333333333334,1.8459601739528495,1.82383459220264
3222,3222,1.37,1.8467231250476843,1.8230716411078052
3223,3223,1.371666666666667,1.8471046005951017,1.8215457389181355
3224,3224,1.373333333333334,1.8471046005951017,1.8215457389181355
3225,3225,1.375,1.8463416495002671,1.8226901655603875
3226,3226,1.3766666666666678,1.8459601739528495,1.82383459220264
3227,3227,1.3783333333333339,1.8463416495002671,1.8226901655603875
3228,3228,1.3800000000000008,1.8467231250476843,1.8219272144655527
3229,3229,1.3816666666666677,1.8471046005951017,1.8219272144655527
3230,3230,1.3833333333333337,1.8455786984054323,1.8215457389181355
3231,3231,1.3850000000000016,1.8448157473105973,1.82230869001297
3232,3232,1.3866666666666676,1.8455786984054323,1.8230716411078052
3233,3233,1.3883333333333336,1.8455786984054323,1.82230869001297
3234,3234,1.3900000000000015,1.8448157473105973,1.8211642633707181
3235,3235,1.3916666666666675,1.8459601739528495,1.8211642633707181
3236,3236,1.3933333333333335,1.8463416495002671,1.82230869001297
3237,3237,1.3950000000000005,1.8463416495002671,1.8230716411078052
3238,3238,1.3966666666666674,1.8444342717631799,1.82383459220264
3239,3239,1.3983333333333325,1.843289845120928,1.8234531166552224
3240,3240,1.4000000000000004,1.844052796215763,1.8230716411078052
3241,3241,1.4016666666666673,1.845197222858015,1.8230716411078052
3242,3242,1.4033333333333324,1.8459601739528495,1.82383459220264
3243,3243,1.4050000000000002,1.8459601739528495,1.8234531166552224
3244,3244,1.4066666666666672,1.8455786984054323,1.8226901655603875
3245,3245,1.408333333333334,1.8444342717631799,1.8230716411078052
3246,3246,1.4100000000000001,1.844052796215763,1.8242160677500567
3247,3247,1.411666666666667,1.8444342717631799,1.8245975432974744
3248,3248,1.413333333333334,1.8436713206683453,1.8242160677500567
3249,3249,1.415,1.844052796215763,1.8242160677500567
3250,3250,1.4166666666666679,1.8444342717631799,1.8249790188448918
3251,3251,1.418333333333334,1.8448157473105973,1.8245975432974744
3252,3252,1.42,1.8459601739528495,1.8242160677500567
3253,3253,1.4216666666666677,1.8467231250476843,1.8257419699397268
3254,3254,1.4233333333333338,1.8463416495002671,1.8272678721293965
3255,3255,1.4250000000000016,1.8448157473105973,1.8276493476768136
3256,3256,1.4266666666666676,1.8444342717631799,1.8276493476768136
3257,3257,1.4283333333333337,1.845197222858015,1.8276493476768136
3258,3258,1.4300000000000015,1.8448157473105973,1.8265049210345616
3259,3259,1.4316666666666675,1.8444342717631799,1.826123445487144
3260,3260,1.4333333333333336,1.844052796215763,1.8253604943923092
3261,3261,1.4350000000000005,1.8448157473105973,1.8257419699397268
3262,3262,1.4366666666666674,1.8455786984054323,1.8265049210345616
3263,3263,1.4383333333333335,1.8448157473105973,1.8272678721293965
3264,3264,1.4400000000000004,1.8448157473105973,1.8265049210345616
3265,3265,1.4416666666666673,1.8463416495002671,1.826123445487144
3266,3266,1.4433333333333325,1.8463416495002671,1.8265049210345616
3267,3267,1.4450000000000003,1.8444342717631799,1.826886396581979
3268,3268,1.4466666666666672,1.8436713206683453,1.826886396581979
3269,3269,1.4483333333333324,1.8455786984054323,1.826123445487144
3270,3270,1.4500000000000002,1.8463416495002671,1.826123445487144
3271,3271,1.451666666666667,1.8459601739528495,1.826886396581979
3272,3272,1.453333333333334,1.8455786984054323,1.8265049210345616
3273,3273,1.455,1.8463416495002671,1.8265049210345616
3274,3274,1.4566666666666679,1.8467231250476843,1.8265049210345616
3275,3275,1.458333333333334,1.8463416495002671,1.8265049210345616
3276,3276,1.46,1.8463416495002671,1.826123445487144
3277,3277,1.4616666666666678,1.8471046005951017,1.8257419699397268
3278,3278,1.4633333333333338,1.8467231250476843,1.826123445487144
3279,3279,1.4650000000000016,1.8448157473105973,1.826886396581979
3280,3280,1.4666666666666677,1.8448157473105973,1.8265049210345616
3281,3281,1.4683333333333337,1.8448157473105973,1.826886396581979
3282,3282,1.4700000000000015,1.8448157473105973,1.8265049210345616
3283,3283,1.4716666666666676,1.8455786984054323,1.8265049210345616
3284,3284,1.4733333333333336,1.8463416495002671,1.8265049210345616
3285,3285,1.4750000000000005,1.8467231250476843,1.8265049210345616
3286,3286,1.4766666666666683,1.8463416495002671,1.8276493476768136
3287,3287,1.4783333333333335,1.8455786984054323,1.8280308232242315
3288,3288,1.4800000000000004,1.8455786984054323,1.828412298771649
3289,3289,1.4816666666666674,1.845197222858015,1.8272678721293965
3290,3290,1.4833333333333325,1.8455786984054323,1.826886396581979
3291,3291,1.4850000000000003,1.8474860761425196,1.8265049210345616
3292,3292,1.4866666666666672,1.8482490272373544,1.8276493476768136
3293,3293,1.4883333333333324,1.8463416495002671,1.8276493476768136
3294,3294,1.4900000000000002,1.8444342717631799,1.8265049210345616
3295,3295,1.4916666666666671,1.8448157473105973,1.8257419699397268
3296,3296,1.493333333333334,1.8467231250476843,1.8265049210345616
3297,3297,1.495,1.8459601739528495,1.8265049210345616
3298,3298,1.496666666666667,1.8448157473105973,1.826123445487144
3299,3299,1.498333333333334,1.8459601739528495,1.8265049210345616
3300,3300,1.5,1.8455786984054323,1.826886396581979
3301,3301,1.5016666666666678,1.8455786984054323,1.826886396581979
3302,3302,1.5033333333333339,1.8463416495002671,1.8253604943923092
3303,3303,1.5050000000000008,1.8459601739528495,1.82383459220264
3304,3304,1.5066666666666677,1.8448157473105973,1.8249790188448918
3305,3305,1.5083333333333337,1.8463416495002671,1.826123445487144
3306,3306,1.5100000000000016,1.8478675516899368,1.826886396581979
3307,3307,1.5116666666666676,1.8474860761425196,1.8272678721293965
3308,3308,1.5133333333333336,1.8474860761425196,1.826886396581979
3309,3309,1.5150000000000015,1.8474860761425196,1.826123445487144
3310,3310,1.5166666666666675,1.8471046005951017,1.8257419699397268
3311,3311,1.5183333333333335,1.8467231250476843,1.8257419699397268
3312,3312,1.5200000000000005,1.8471046005951017,1.8253604943923092
3313,3313,1.5216666666666674,1.849011978332189,1.8257419699397268
3314,3314,1.5233333333333325,1.849011978332189,1.826123445487144
3315,3315,1.5250000000000004,1.8482490272373544,1.826123445487144
3316,3316,1.5266666666666673,1.8474860761425196,1.826886396581979
3317,3317,1.5283333333333324,1.8478675516899368,1.8276493476768136
3318,3318,1.5300000000000002,1.8471046005951017,1.8276493476768136
3319,3319,1.5316666666666672,1.8467231250476843,1.826123445487144
3320,3320,1.533333333333334,1.8467231250476843,1.8257419699397268
3321,3321,1.5350000000000001,1.8471046005951017,1.826123445487144
3322,3322,1.536666666666667,1.8467231250476843,1.826123445487144
3323,3323,1.538333333333334,1.8467231250476843,1.826123445487144
3324,3324,1.54,1.8471046005951017,1.8257419699397268
3325,3325,1.5416666666666679,1.8482490272373544,1.826123445487144
3326,3326,1.543333333333334,1.8482490272373544,1.826886396581979
3327,3327,1.545,1.8463416495002671,1.826123445487144
3328,3328,1.5466666666666677,1.8467231250476843,1.826123445487144
3329,3329,1.5483333333333338,1.8471046005951017,1.8272678721293965
3330,3330,1.5500000000000016,1.8463416495002671,1.8272678721293965
3331,3331,1.5516666666666676,1.8463416495002671,1.826123445487144
3332,3332,1.5533333333333337,1.8474860761425196,1.8253604943923092
3333,3333,1.5550000000000015,1.8482490272373544,1.826886396581979
3334,3334,1.5566666666666675,1.8478675516899368,1.8280308232242315
3335,3335,1.5583333333333336,1.8482490272373544,1.8272678721293965
3336,3336,1.5600000000000005,1.8493934538796064,1.826886396581979
3337,3337,1.5616666666666674,1.849011978332189,1.8276493476768136
3338,3338,1.5633333333333335,1.848630502784772,1.828412298771649
3339,3339,1.5650000000000004,1.848630502784772,1.8280308232242315
3340,3340,1.5666666666666673,1.849011978332189,1.8276493476768136
3341,3341,1.5683333333333325,1.848630502784772,1.828412298771649
3342,3342,1.5700000000000003,1.8478675516899368,1.8280308232242315
3343,3343,1.5716666666666672,1.8467231250476843,1.8272678721293965
3344,3344,1.5733333333333324,1.8471046005951017,1.8265049210345616
3345,3345,1.5750000000000002,1.8467231250476843,1.8265049210345616
3346,3346,1.576666666666667,1.8474860761425196,1.8265049210345616
3347,3347,1.578333333333334,1.8493934538796064,1.8272678721293965
3348,3348,1.58,1.8478675516899368,1.8280308232242315
3349,3349,1.5816666666666679,1.8463416495002671,1.828412298771649
3350,3350,1.583333333333334,1.8474860761425196,1.8276493476768136
3351,3351,1.585,1.848630502784772,1.826886396581979
3352,3352,1.5866666666666678,1.8482490272373544,1.8265049210345616
3353,3353,1.5883333333333338,1.8467231250476843,1.8265049210345616
3354,3354,1.5900000000000016,1.8474860761425196,1.8272678721293965
3355,3355,1.5916666666666677,1.8478675516899368,1.8287937743190659
3356,3356,1.5933333333333337,1.8467231250476843,1.8291752498664835
3357,3357,1.5950000000000015,1.8467231250476843,1.8280308232242315
3358,3358,1.5966666666666676,1.8478675516899368,1.826123445487144
3359,3359,1.5983333333333336,1.8467231250476843,1.826123445487144
3360,3360,1.6000000000000005,1.8467231250476843,1.8280308232242315
3361,3361,1.6016666666666683,1.8471046005951017,1.8276493476768136
3362,3362,1.6033333333333335,1.8467231250476843,1.8265049210345616
3363,3363,1.6050000000000004,1.8459601739528495,1.826886396581979
3364,3364,1.6066666666666674,1.8471046005951017,1.8272678721293965
3365,3365,1.6083333333333325,1.849011978332189,1.826886396581979
3366,3366,1.6100000000000003,1.8493934538796064,1.8272678721293965
3367,3367,1.6116666666666672,1.8493934538796064,1.8272678721293965
3368,3368,1.6133333333333324,1.8501564049744408,1.826886396581979
3369,3369,1.6150000000000002,1.8493934538796064,1.8280308232242315
3370,3370,1.6166666666666671,1.8471046005951017,1.8291752498664835
3371,3371,1.618333333333334,1.8478675516899368,1.8291752498664835
3372,3372,1.62,1.849011978332189,1.8291752498664835
3373,3373,1.621666666666667,1.849011978332189,1.8291752498664835
3374,3374,1.623333333333334,1.848630502784772,1.8291752498664835
3375,3375,1.625,1.848630502784772,1.828412298771649
3376,3376,1.6266666666666678,1.848630502784772,1.8287937743190659
3377,3377,1.6283333333333339,1.849011978332189,1.8299382009613183
3378,3378,1.6300000000000008,1.8493934538796064,1.8310826276035703
3379,3379,1.6316666666666677,1.848630502784772,1.8299382009613183
3380,3380,1.6333333333333337,1.8471046005951017,1.8291752498664835
3381,3381,1.6350000000000016,1.8474860761425196,1.8291752498664835
3382,3382,1.6366666666666676,1.848630502784772,1.8287937743190659
3383,3383,1.6383333333333336,1.8493934538796064,1.828412298771649
3384,3384,1.6400000000000015,1.848630502784772,1.828412298771649
3385,3385,1.6416666666666675,1.849011978332189,1.8287937743190659
3386,3386,1.6433333333333335,1.8493934538796064,1.828412298771649
3387,3387,1.6450000000000005,1.8493934538796064,1.828412298771649
3388,3388,1.6466666666666674,1.849774929427024,1.8287937743190659
3389,3389,1.6483333333333325,1.849011978332189,1.8299382009613183
3390,3390,1.6500000000000004,1.8482490272373544,1.829556725413901
3391,3391,1.6516666666666673,1.8493934538796064,1.828412298771649
3392,3392,1.6533333333333324,1.8493934538796064,1.8280308232242315
3393,3393,1.6550000000000002,1.8493934538796064,1.8287937743190659
3394,3394,1.6566666666666672,1.8493934538796064,1.8280308232242315
3395,3395,1.658333333333334,1.849774929427024,1.8280308232242315
3396,3396,1.6600000000000001,1.8493934538796064,1.8287937743190659
3397,3397,1.661666666666667,1.849011978332189,1.829556725413901
3398,3398,1.663333333333334,1.848630502784772,1.829556725413901
3399,3399,1.665,1.8482490272373544,1.829556725413901
3400,3400,1.6666666666666679,1.8493934538796064,1.8307011520561527
3401,3401,1.668333333333334,1.8493934538796064,1.8310826276035703
3402,3402,1.67,1.849011978332189,1.830319676508736
3403,3403,1.6716666666666677,1.8493934538796064,1.8299382009613183
3404,3404,1.6733333333333338,1.8505378805218584,1.8307011520561527
3405,3405,1.6750000000000016,1.8509193560692758,1.830319676508736
3406,3406,1.6766666666666676,1.8501564049744408,1.8291752498664835
3407,3407,1.6783333333333337,1.8482490272373544,1.8287937743190659
3408,3408,1.6800000000000015,1.8478675516899368,1.828412298771649
3409,3409,1.6816666666666675,1.849011978332189,1.828412298771649
3410,3410,1.6833333333333336,1.8493934538796064,1.8291752498664835
3411,3411,1.6850000000000005,1.849774929427024,1.8307011520561527
3412,3412,1.6866666666666674,1.849774929427024,1.829556725413901
3413,3413,1.6883333333333335,1.8509193560692758,1.828412298771649
3414,3414,1.6900000000000004,1.8513008316166932,1.8287937743190659
3415,3415,1.6916666666666673,1.849774929427024,1.829556725413901
3416,3416,1.6933333333333325,1.8478675516899368,1.8299382009613183
3417,3417,1.6950000000000003,1.848630502784772,1.8291752498664835
3418,3418,1.6966666666666672,1.8493934538796064,1.8291752498664835
3419,3419,1.6983333333333341,1.849774929427024,1.829556725413901
3420,3420,1.7000000000000002,1.849774929427024,1.828412298771649
3421,3421,1.701666666666667,1.8493934538796064,1.828412298771649
3422,3422,1.703333333333334,1.8501564049744408,1.8291752498664835
3423,3423,1.705,1.8509193560692758,1.8287937743190659
3424,3424,1.7066666666666679,1.8505378805218584,1.8287937743190659
3425,3425,1.708333333333334,1.849774929427024,1.8287937743190659
3426,3426,1.71,1.849774929427024,1.828412298771649
3427,3427,1.7116666666666678,1.8509193560692758,1.8280308232242315
3428,3428,1.7133333333333338,1.8509193560692758,1.8287937743190659
3429,3429,1.7150000000000016,1.8509193560692758,1.830319676508736
3430,3430,1.7166666666666677,1.8513008316166932,1.8310826276035703
3431,3431,1.7183333333333337,1.8513008316166932,1.831464103150988
3432,3432,1.7200000000000015,1.8509193560692758,1.831464103150988
3433,3433,1.7216666666666676,1.8520637827115285,1.8310826276035703
3434,3434,1.7233333333333336,1.852826733806363,1.8291752498664835
3435,3435,1.7250000000000005,1.8505378805218584,1.8287937743190659
3436,3436,1.7266666666666683,1.8493934538796064,1.830319676508736
3437,3437,1.7283333333333335,1.8493934538796064,1.830319676508736
3438,3438,1.7300000000000004,1.8509193560692758,1.8299382009613183
3439,3439,1.7316666666666674,1.8516823071641109,1.829556725413901
3440,3440,1.7333333333333325,1.8513008316166932,1.8299382009613183
3441,3441,1.7350000000000003,1.8509193560692758,1.8307011520561527
3442,3442,1.7366666666666672,1.8505378805218584,1.8310826276035703
3443,3443,1.7383333333333324,1.8501564049744408,1.830319676508736
3444,3444,1.7400000000000002,1.8501564049744408,1.8291752498664835
3445,3445,1.7416666666666671,1.8513008316166932,1.8287937743190659
3446,3446,1.743333333333334,1.8516823071641109,1.8299382009613183
3447,3447,1.745,1.8501564049744408,1.8310826276035703
3448,3448,1.746666666666667,1.849011978332189,1.8299382009613183
3449,3449,1.748333333333334,1.8505378805218584,1.8299382009613183
3450,3450,1.75,1.8520637827115285,1.8310826276035703
3451,3451,1.7516666666666678,1.8509193560692758,1.8310826276035703
3452,3452,1.7533333333333339,1.8509193560692758,1.8310826276035703
3453,3453,1.7550000000000008,1.8520637827115285,1.8307011520561527
3454,3454,1.7566666666666677,1.8516823071641109,1.8299382009613183
3455,3455,1.7583333333333337,1.8509193560692758,1.8307011520561527
3456,3456,1.7600000000000016,1.8513008316166932,1.8310826276035703
3457,3457,1.7616666666666676,1.8520637827115285,1.8310826276035703
3458,3458,1.7633333333333336,1.8520637827115285,1.8310826276035703
3459,3459,1.7650000000000015,1.8516823071641109,1.8310826276035703
3460,3460,1.7666666666666675,1.8509193560692758,1.8307011520561527
3461,3461,1.7683333333333335,1.849011978332189,1.8299382009613183
3462,3462,1.7700000000000005,1.8493934538796064,1.8291752498664835
3463,3463,1.7716666666666674,1.8513008316166932,1.829556725413901
3464,3464,1.7733333333333325,1.8524452582589457,1.8307011520561527
3465,3465,1.7750000000000004,1.8524452582589457,1.8310826276035703
3466,3466,1.7766666666666673,1.8513008316166932,1.8307011520561527
3467,3467,1.7783333333333324,1.8513008316166932,1.8307011520561527
3468,3468,1.7800000000000002,1.8501564049744408,1.831464103150988
3469,3469,1.7816666666666672,1.849774929427024,1.8322270542458228
3470,3470,1.783333333333334,1.849774929427024,1.831464103150988
3471,3471,1.7850000000000001,1.8505378805218584,1.8299382009613183
3472,3472,1.786666666666667,1.8513008316166932,1.8299382009613183
3473,3473,1.788333333333334,1.8513008316166932,1.8307011520561527
3474,3474,1.79,1.8509193560692758,1.831464103150988
3475,3475,1.7916666666666679,1.8513008316166932,1.8310826276035703
3476,3476,1.793333333333334,1.8524452582589457,1.8318455786984051
3477,3477,1.795,1.8524452582589457,1.8322270542458228
3478,3478,1.7966666666666677,1.8524452582589457,1.83260852979324
3479,3479,1.7983333333333338,1.8520637827115285,1.8318455786984051
3480,3480,1.8000000000000016,1.8513008316166932,1.8299382009613183
3481,3481,1.8016666666666676,1.8516823071641109,1.8299382009613183
3482,3482,1.8033333333333337,1.8520637827115285,1.8310826276035703
3483,3483,1.8050000000000015,1.8520637827115285,1.831464103150988
3484,3484,1.8066666666666675,1.852826733806363,1.831464103150988
3485,3485,1.8083333333333336,1.8539711604486155,1.8310826276035703
3486,3486,1.8100000000000005,1.8539711604486155,1.8318455786984051
3487,3487,1.8116666666666674,1.8524452582589457,1.83260852979324
3488,3488,1.8133333333333335,1.8513008316166932,1.8318455786984051
3489,3489,1.8150000000000004,1.8516823071641109,1.831464103150988
3490,3490,1.8166666666666673,1.8516823071641109,1.831464103150988
3491,3491,1.8183333333333325,1.8513008316166932,1.8318455786984051
3492,3492,1.8200000000000003,1.8516823071641109,1.8322270542458228
3493,3493,1.8216666666666672,1.8513008316166932,1.8322270542458228
3494,3494,1.8233333333333341,1.8509193560692758,1.83260852979324
3495,3495,1.8250000000000002,1.8524452582589457,1.8322270542458228
3496,3496,1.826666666666667,1.8520637827115285,1.83260852979324
3497,3497,1.828333333333334,1.8516823071641109,1.833371480888075
3498,3498,1.83,1.8535896849011981,1.8337529564354924
3499,3499,1.8316666666666679,1.8543526359960327,1.8329900053406576
3500,3500,1.833333333333334,1.8574044403753718,1.8310826276035703
3501,3501,1.835,1.863889524681468,1.8307011520561527
3502,3502,1.8366666666666678,1.8699931334401465,1.8322270542458228
3503,3503,1.8383333333333338,1.8738078889143208,1.8329900053406576
3504,3504,1.8400000000000016,1.8802929732204168,1.83260852979324
3505,3505,1.8416666666666677,1.8902113374532687,1.8322270542458228
3506,3506,1.8433333333333337,1.8944075684748607,1.83260852979324
3507,3507,1.8450000000000015,1.8932631418326085,1.8318455786984051
3508,3508,1.8466666666666676,1.8932631418326085,1.8318455786984051
3509,3509,1.8483333333333336,1.8932631418326085,1.83260852979324
3510,3510,1.8500000000000005,1.8917372396429388,1.8329900053406576
3511,3511,1.8516666666666683,1.8886854352636,1.8318455786984051
3512,3512,1.8533333333333335,1.888303959716182,1.8310826276035703
3513,3513,1.8550000000000004,1.8886854352636,1.8322270542458228
3514,3514,1.8566666666666674,1.889066910811017,1.8337529564354924
3515,3515,1.8583333333333325,1.8894483863584344,1.83260852979324
3516,3516,1.8600000000000003,1.888303959716182,1.83260852979324
3517,3517,1.8616666666666672,1.8886854352636,1.833371480888075
3518,3518,1.8633333333333324,1.889829861905852,1.833371480888075
3519,3519,1.8650000000000002,1.8894483863584344,1.833371480888075
3520,3520,1.8666666666666671,1.889066910811017,1.8329900053406576
3521,3521,1.868333333333334,1.8886854352636,1.833371480888075
3522,3522,1.87,1.8886854352636,1.8341344319829096
3523,3523,1.871666666666667,1.889066910811017,1.8337529564354924
3524,3524,1.873333333333334,1.889066910811017,1.83260852979324
3525,3525,1.875,1.8894483863584344,1.831464103150988
3526,3526,1.8766666666666678,1.889829861905852,1.831464103150988
3527,3527,1.8783333333333339,1.889829861905852,1.83260852979324
3528,3528,1.8800000000000008,1.8902113374532687,1.8341344319829096
3529,3529,1.8816666666666677,1.8905928130006864,1.8345159075303272
3530,3530,1.8833333333333337,1.8917372396429388,1.8329900053406576
3531,3531,1.8850000000000016,1.8932631418326085,1.833371480888075
3532,3532,1.8866666666666676,1.8932631418326085,1.83260852979324
3533,3533,1.8883333333333336,1.8917372396429388,1.8318455786984051
3534,3534,1.8900000000000015,1.8913557640955212,1.8318455786984051
3535,3535,1.8916666666666675,1.8925001907377736,1.8322270542458228
3536,3536,1.8933333333333335,1.8925001907377736,1.8329900053406576
3537,3537,1.8950000000000005,1.8925001907377736,1.83260852979324
3538,3538,1.8966666666666674,1.8932631418326085,1.83260852979324
3539,3539,1.8983333333333325,1.8932631418326085,1.8329900053406576
3540,3540,1.9000000000000004,1.8928816662851908,1.8345159075303272
3541,3541,1.9016666666666673,1.8925001907377736,1.8345159075303272
3542,3542,1.9033333333333324,1.8917372396429388,1.8345159075303272
3543,3543,1.9050000000000002,1.8917372396429388,1.8341344319829096
3544,3544,1.9066666666666672,1.892118715190356,1.833371480888075
3545,3545,1.908333333333334,1.8917372396429388,1.8337529564354924
3546,3546,1.9100000000000001,1.8925001907377736,1.8341344319829096
3547,3547,1.911666666666667,1.8940260929274435,1.8345159075303272
3548,3548,1.913333333333334,1.8940260929274435,1.8348973830777449
3549,3549,1.915,1.8932631418326085,1.8356603341725797
3550,3550,1.9166666666666679,1.8944075684748607,1.8356603341725797
3551,3551,1.918333333333334,1.895551995117113,1.8348973830777449
3552,3552,1.9200000000000008,1.894789044022278,1.8337529564354924
3553,3553,1.9216666666666677,1.895551995117113,1.8337529564354924
3554,3554,1.9233333333333338,1.8966964217593647,1.8341344319829096
3555,3555,1.9250000000000016,1.896314946211948,1.8337529564354924
3556,3556,1.9266666666666676,1.8966964217593647,1.8337529564354924
3557,3557,1.9283333333333337,1.8989852750438696,1.8337529564354924
3558,3558,1.9300000000000015,1.9005111772335392,1.8329900053406576
3559,3559,1.9316666666666675,1.9008926527809569,1.8345159075303272
3560,3560,1.9333333333333336,1.9008926527809569,1.8348973830777449
3561,3561,1.9350000000000005,1.901274128328374,1.8345159075303272
3562,3562,1.9366666666666674,1.9024185549706265,1.835278858625162
3563,3563,1.9383333333333335,1.903181506065461,1.8360418097199966
3564,3564,1.9400000000000004,1.9035629816128783,1.8394750896467535
3565,3565,1.9416666666666673,1.9035629816128783,1.8448157473105973
3566,3566,1.9433333333333325,1.903181506065461,1.8509193560692758
3567,3567,1.9450000000000003,1.9035629816128783,1.855497062638285
3568,3568,1.9466666666666672,1.9035629816128783,1.860837720302129
3569,3569,1.9483333333333341,1.903944457160296,1.869611657892729
3570,3570,1.9500000000000002,1.9054703593499656,1.8749523155565728
3571,3571,1.951666666666667,1.9047074082551307,1.8753337911039905
3572,3572,1.953333333333334,1.904325932707713,1.8741893644617382
3573,3573,1.955,1.9066147859922176,1.8738078889143208
3574,3574,1.9566666666666679,1.9073777370870528,1.8734264133669032
3575,3575,1.958333333333334,1.9054703593499656,1.870374608987564
3576,3576,1.96,1.9069962615396352,1.869230182345312
3577,3577,1.9616666666666678,1.9085221637293048,1.869611657892729
3578,3578,1.9633333333333338,1.9058518348973832,1.870756084534981
3579,3579,1.9650000000000016,1.9047074082551307,1.870756084534981
3580,3580,1.9666666666666677,1.9054703593499656,1.8699931334401465
3581,3581,1.9683333333333337,1.9058518348973832,1.870374608987564
3582,3582,1.9700000000000015,1.9073777370870528,1.8711375600823987
3583,3583,1.9716666666666676,1.9077592126344698,1.870756084534981
3584,3584,1.9733333333333336,1.9069962615396352,1.870756084534981
3585,3585,1.9750000000000005,1.9066147859922176,1.870374608987564
3586,3586,1.9766666666666683,1.9062333104448004,1.8699931334401465
3587,3587,1.9783333333333335,1.9058518348973832,1.870374608987564
3588,3588,1.9800000000000004,1.9062333104448004,1.870374608987564
3589,3589,1.9816666666666674,1.9077592126344698,1.870756084534981
3590,3590,1.9833333333333325,1.9089036392767225,1.8711375600823987
3591,3591,1.9850000000000003,1.9081406881818876,1.871519035629816
3592,3592,1.9866666666666672,1.9062333104448004,1.871519035629816
3593,3593,1.9883333333333324,1.9058518348973832,1.871519035629816
3594,3594,1.9900000000000002,1.9069962615396352,1.8730449378194856
3595,3595,1.9916666666666671,1.9081406881818876,1.8741893644617382
3596,3596,1.993333333333334,1.9077592126344698,1.8741893644617382
3597,3597,1.995,1.9077592126344698,1.8726634622720684
3598,3598,1.996666666666667,1.9073777370870528,1.872281986724651
3599,3599,1.998333333333334,1.9081406881818876,1.8730449378194856
3600,3600,2.0,1.9085221637293048,1.8730449378194856
3601,3601,2.001666666666668,1.9081406881818876,1.8730449378194856
3602,3602,2.003333333333334,1.9073777370870528,1.8734264133669032
3603,3603,2.005000000000001,1.9066147859922176,1.8741893644617382
3604,3604,2.0066666666666677,1.9047074082551307,1.8741893644617382
3605,3605,2.0083333333333337,1.9035629816128783,1.8730449378194856
3606,3606,2.0100000000000016,1.903944457160296,1.8730449378194856
3607,3607,2.0116666666666676,1.905088883802548,1.8730449378194856
3608,3608,2.0133333333333336,1.9066147859922176,1.8734264133669032
3609,3609,2.0150000000000015,1.9073777370870528,1.8730449378194856
3610,3610,2.0166666666666684,1.9058518348973832,1.8738078889143208
3611,3611,2.0183333333333335,1.905088883802548,1.8753337911039905
3612,3612,2.0200000000000005,1.904325932707713,1.8753337911039905
3613,3613,2.0216666666666674,1.9047074082551307,1.8753337911039905
3614,3614,2.0233333333333325,1.9047074082551307,1.8760967421988248
3615,3615,2.0250000000000004,1.9058518348973832,1.8764782177462425
3616,3616,2.0266666666666673,1.9058518348973832,1.8764782177462425
3617,3617,2.0283333333333324,1.9035629816128783,1.877622644388495
3618,3618,2.0300000000000002,1.9047074082551307,1.877622644388495
3619,3619,2.031666666666667,1.905088883802548,1.8780041199359119
3620,3620,2.033333333333334,1.903181506065461,1.8783855954833293
3621,3621,2.035,1.904325932707713,1.8802929732204168
3622,3622,2.036666666666667,1.904325932707713,1.8814373998626688
3623,3623,2.038333333333334,1.903181506065461,1.882200350957504
3624,3624,2.04,1.903944457160296,1.8818188754100864
3625,3625,2.041666666666668,1.9047074082551307,1.8818188754100864
3626,3626,2.043333333333334,1.903944457160296,1.8829633020523384
3627,3627,2.045000000000001,1.904325932707713,1.8837262531471728
3628,3628,2.0466666666666677,1.904325932707713,1.883344777599756
3629,3629,2.048333333333334,1.903944457160296,1.8829633020523384
3630,3630,2.0500000000000016,1.9035629816128783,1.8829633020523384
3631,3631,2.0516666666666676,1.9047074082551307,1.8829633020523384
3632,3632,2.0533333333333337,1.9047074082551307,1.8837262531471728
3633,3633,2.0550000000000015,1.903181506065461,1.8841077286945904
3634,3634,2.0566666666666675,1.902800030518044,1.8848706797894252
3635,3635,2.0583333333333336,1.9035629816128783,1.8848706797894252
3636,3636,2.0600000000000005,1.903181506065461,1.884489204242008
3637,3637,2.0616666666666674,1.9024185549706265,1.8860151064316777
3638,3638,2.0633333333333335,1.902800030518044,1.8867780575265125
3639,3639,2.0650000000000004,1.903944457160296,1.8860151064316777
3640,3640,2.0666666666666673,1.9047074082551307,1.8867780575265125
3641,3641,2.0683333333333325,1.903181506065461,1.8875410086213475
3642,3642,2.0700000000000003,1.902800030518044,1.8860151064316777
3643,3643,2.071666666666667,1.902800030518044,1.884489204242008
3644,3644,2.073333333333334,1.902800030518044,1.884489204242008
3645,3645,2.075,1.902800030518044,1.8856336308842605
3646,3646,2.076666666666667,1.903944457160296,1.88715953307393
3647,3647,2.078333333333334,1.903944457160296,1.8867780575265125
3648,3648,2.08,1.9054703593499656,1.886396581979095
3649,3649,2.081666666666668,1.9073777370870528,1.886396581979095
3650,3650,2.083333333333334,1.9062333104448004,1.8852521553368429
3651,3651,2.085,1.904325932707713,1.8848706797894252
3652,3652,2.086666666666668,1.903944457160296,1.8856336308842605
3653,3653,2.088333333333334,1.9047074082551307,1.886396581979095
3654,3654,2.0900000000000016,1.905088883802548,1.8875410086213475
3655,3655,2.0916666666666677,1.904325932707713,1.8875410086213475
3656,3656,2.0933333333333337,1.903944457160296,1.8860151064316777
3657,3657,2.0950000000000015,1.903944457160296,1.884489204242008
3658,3658,2.0966666666666676,1.905088883802548,1.8856336308842605
3659,3659,2.0983333333333336,1.903944457160296,1.88715953307393
3660,3660,2.1000000000000005,1.903944457160296,1.8867780575265125
3661,3661,2.1016666666666683,1.9054703593499656,1.886396581979095
3662,3662,2.1033333333333335,1.905088883802548,1.886396581979095
3663,3663,2.1050000000000004,1.9062333104448004,1.8867780575265125
3664,3664,2.1066666666666674,1.9077592126344698,1.8875410086213475
3665,3665,2.1083333333333325,1.9058518348973832,1.88715953307393
3666,3666,2.1100000000000003,1.9035629816128783,1.886396581979095
3667,3667,2.1116666666666672,1.905088883802548,1.8852521553368429
3668,3668,2.1133333333333324,1.9069962615396352,1.8837262531471728
3669,3669,2.115,1.9066147859922176,1.882581826504921
3670,3670,2.116666666666667,1.9062333104448004,1.882581826504921
3671,3671,2.118333333333334,1.9066147859922176,1.8837262531471728
3672,3672,2.12,1.9066147859922176,1.8852521553368429
3673,3673,2.121666666666667,1.9077592126344698,1.886396581979095
3674,3674,2.123333333333334,1.9066147859922176,1.8848706797894252
3675,3675,2.125,1.9062333104448004,1.883344777599756
3676,3676,2.126666666666668,1.9073777370870528,1.8837262531471728
3677,3677,2.128333333333334,1.9066147859922176,1.8829633020523384
3678,3678,2.130000000000001,1.9066147859922176,1.8837262531471728
3679,3679,2.1316666666666677,1.9069962615396352,1.884489204242008
3680,3680,2.1333333333333337,1.9066147859922176,1.884489204242008
3681,3681,2.1350000000000016,1.9069962615396352,1.8829633020523384
3682,3682,2.1366666666666676,1.9077592126344698,1.8837262531471728
3683,3683,2.1383333333333336,1.9062333104448004,1.8841077286945904
3684,3684,2.1400000000000015,1.9054703593499656,1.8837262531471728
3685,3685,2.1416666666666684,1.9073777370870528,1.8837262531471728
3686,3686,2.1433333333333335,1.9081406881818876,1.8837262531471728
3687,3687,2.1450000000000005,1.9062333104448004,1.8837262531471728
3688,3688,2.1466666666666674,1.9058518348973832,1.8841077286945904
3689,3689,2.1483333333333325,1.9062333104448004,1.884489204242008
3690,3690,2.1500000000000004,1.9062333104448004,1.884489204242008
3691,3691,2.1516666666666673,1.9073777370870528,1.884489204242008
3692,3692,2.1533333333333324,1.9069962615396352,1.8841077286945904
3693,3693,2.1550000000000002,1.9062333104448004,1.8841077286945904
3694,3694,2.156666666666667,1.9066147859922176,1.8837262531471728
3695,3695,2.158333333333334,1.9066147859922176,1.8841077286945904
3696,3696,2.16,1.9066147859922176,1.884489204242008
3697,3697,2.161666666666667,1.9073777370870528,1.883344777599756
3698,3698,2.163333333333334,1.9077592126344698,1.8829633020523384
3699,3699,2.165,1.9073777370870528,1.8829633020523384
3700,3700,2.166666666666668,1.9066147859922176,1.883344777599756
3701,3701,2.168333333333334,1.9073777370870528,1.882581826504921
3702,3702,2.170000000000001,1.9073777370870528,1.882581826504921
3703,3703,2.1716666666666677,1.9073777370870528,1.8841077286945904
3704,3704,2.173333333333334,1.9081406881818876,1.8848706797894252
3705,3705,2.1750000000000016,1.9069962615396352,1.8837262531471728
3706,3706,2.1766666666666676,1.9058518348973832,1.8829633020523384
3707,3707,2.1783333333333337,1.9066147859922176,1.882581826504921
3708,3708,2.1800000000000015,1.9073777370870528,1.8829633020523384
3709,3709,2.1816666666666675,1.9077592126344698,1.883344777599756
3710,3710,2.1833333333333336,1.9077592126344698,1.8841077286945904
3711,3711,2.1850000000000005,1.9073777370870528,1.8841077286945904
3712,3712,2.1866666666666674,1.9085221637293048,1.8852521553368429
3713,3713,2.1883333333333335,1.9089036392767225,1.88715953307393
3714,3714,2.1900000000000004,1.9069962615396352,1.8867780575265125
3715,3715,2.1916666666666673,1.9058518348973832,1.8848706797894252
3716,3716,2.1933333333333325,1.9058518348973832,1.884489204242008
3717,3717,2.1950000000000003,1.9058518348973832,1.884489204242008
3718,3718,2.196666666666667,1.9066147859922176,1.8856336308842605
3719,3719,2.198333333333334,1.9077592126344698,1.8848706797894252
3720,3720,2.2,1.9081406881818876,1.884489204242008
3721,3721,2.201666666666667,1.9085221637293048,1.884489204242008
3722,3722,2.203333333333334,1.9077592126344698,1.8848706797894252
3723,3723,2.205,1.9077592126344698,1.884489204242008
3724,3724,2.206666666666668,1.9081406881818876,1.8841077286945904
3725,3725,2.208333333333334,1.9069962615396352,1.8852521553368429
3726,3726,2.21,1.9069962615396352,1.8856336308842605
3727,3727,2.211666666666668,1.9085221637293048,1.886396581979095
3728,3728,2.213333333333334,1.9085221637293048,1.88715953307393
3729,3729,2.2150000000000016,1.9081406881818876,1.886396581979095
3730,3730,2.2166666666666677,1.9085221637293048,1.884489204242008
3731,3731,2.2183333333333337,1.9081406881818876,1.8848706797894252
3732,3732,2.2200000000000015,1.9077592126344698,1.8867780575265125
3733,3733,2.2216666666666676,1.9089036392767225,1.8875410086213475
3734,3734,2.2233333333333336,1.9096665903715568,1.8867780575265125
3735,3735,2.2250000000000005,1.9081406881818876,1.8867780575265125
3736,3736,2.2266666666666683,1.9069962615396352,1.88715953307393
3737,3737,2.2283333333333335,1.9073777370870528,1.8879224841687647
3738,3738,2.2300000000000004,1.9077592126344698,1.88715953307393
3739,3739,2.2316666666666674,1.9081406881818876,1.8867780575265125
3740,3740,2.2333333333333325,1.9142442969405664,1.8879224841687647
3741,3741,2.2350000000000003,1.922255283436332,1.8875410086213475
3742,3742,2.2366666666666672,1.9275959411001755,1.88715953307393
3743,3743,2.238333333333334,1.933699549858854,1.8875410086213475
3744,3744,2.24,1.9405661097123676,1.88715953307393
3745,3745,2.241666666666667,1.9439993896391239,1.88715953307393
3746,3746,2.243333333333334,1.9447623407339591,1.888303959716182
3747,3747,2.245,1.9455252918287935,1.8875410086213475
3748,3748,2.246666666666667,1.9443808651865413,1.8860151064316777
3749,3749,2.248333333333334,1.9436179140917067,1.8879224841687647
3750,3750,2.25,1.942092011902037,1.889066910811017
3751,3751,2.251666666666668,1.9398031586175328,1.8879224841687647
3752,3752,2.253333333333334,1.94018463416495,1.8867780575265125
3753,3753,2.255000000000001,1.9413290608072025,1.886396581979095
3754,3754,2.2566666666666677,1.9409475852597848,1.88715953307393
3755,3755,2.2583333333333337,1.9405661097123676,1.8875410086213475
3756,3756,2.2600000000000016,1.9405661097123676,1.88715953307393
3757,3757,2.2616666666666676,1.94171053635462,1.88715953307393
3758,3758,2.2633333333333336,1.94171053635462,1.8875410086213475
3759,3759,2.2650000000000015,1.94018463416495,1.88715953307393
3760,3760,2.2666666666666684,1.9409475852597848,1.88715953307393
3761,3761,2.2683333333333335,1.9413290608072025,1.8879224841687647
3762,3762,2.2700000000000005,1.94018463416495,1.888303959716182
3763,3763,2.2716666666666674,1.9413290608072025,1.8879224841687647
3764,3764,2.2733333333333325,1.942854962996872,1.8875410086213475
3765,3765,2.2750000000000004,1.94171053635462,1.8875410086213475
3766,3766,2.2766666666666673,1.9405661097123676,1.888303959716182
3767,3767,2.2783333333333324,1.9413290608072025,1.888303959716182
3768,3768,2.2800000000000002,1.9409475852597848,1.889066910811017
3769,3769,2.281666666666667,1.9405661097123676,1.888303959716182
3770,3770,2.283333333333334,1.9424734874494545,1.88715953307393
3771,3771,2.285,1.9432364385442893,1.8875410086213475
3772,3772,2.286666666666667,1.9436179140917067,1.888303959716182
3773,3773,2.288333333333334,1.9432364385442893,1.889066910811017
3774,3774,2.29,1.9436179140917067,1.889066910811017
3775,3775,2.291666666666668,1.9443808651865413,1.888303959716182
3776,3776,2.293333333333334,1.9447623407339591,1.8894483863584344
3777,3777,2.295000000000001,1.9443808651865413,1.8902113374532687
3778,3778,2.2966666666666677,1.9451438162813763,1.889066910811017
3779,3779,2.298333333333334,1.9451438162813763,1.8875410086213475
3780,3780,2.3000000000000016,1.9432364385442893,1.88715953307393
3781,3781,2.3016666666666676,1.9439993896391239,1.8875410086213475
3782,3782,2.3033333333333337,1.9451438162813763,1.8879224841687647
3783,3783,2.3050000000000015,1.9451438162813763,1.889066910811017
3784,3784,2.3066666666666675,1.9447623407339591,1.889829861905852
3785,3785,2.3083333333333336,1.9443808651865413,1.889829861905852
3786,3786,2.3100000000000005,1.9451438162813763,1.8894483863584344
3787,3787,2.3116666666666674,1.9455252918287935,1.8894483863584344
3788,3788,2.3133333333333335,1.9459067673762112,1.8894483863584344
3789,3789,2.3150000000000004,1.9455252918287935,1.889066910811017
3790,3790,2.3166666666666673,1.9447623407339591,1.8886854352636
3791,3791,2.3183333333333325,1.9462882429236288,1.8894483863584344
3792,3792,2.3200000000000003,1.9478141451132984,1.8902113374532687
3793,3793,2.321666666666667,1.948577096208133,1.889829861905852
3794,3794,2.323333333333334,1.9489585717555504,1.8902113374532687
3795,3795,2.325,1.9501029983978029,1.889829861905852
3796,3796,2.326666666666667,1.9512474250400549,1.889829861905852
3797,3797,2.328333333333334,1.9520103761348897,1.8909742885481038
3798,3798,2.33,1.953154802777142,1.8913557640955212
3799,3799,2.331666666666668,1.955062180514229,1.8909742885481038
3800,3800,2.333333333333334,1.954680704966812,1.889066910811017
3801,3801,2.335,1.9539177538719767,1.8886854352636
3802,3802,2.336666666666668,1.9542992294193944,1.889066910811017
3803,3803,2.338333333333334,1.954680704966812,1.889829861905852
3804,3804,2.3400000000000016,1.955062180514229,1.8936446173800257
3805,3805,2.3416666666666677,1.955825131609064,1.9008926527809569
3806,3806,2.3433333333333337,1.956969558251316,1.9077592126344698
3807,3807,2.3450000000000015,1.9565880827038984,1.9134813458457312
3808,3808,2.3466666666666676,1.955825131609064,1.91958495460441
3809,3809,2.3483333333333336,1.9565880827038984,1.924544136720836
3810,3810,2.3500000000000005,1.955825131609064,1.925307087815671
3811,3811,2.3516666666666683,1.9554436560616464,1.9256885633630885
3812,3812,2.3533333333333335,1.9577325093461508,1.9249256122682536
3813,3813,2.3550000000000004,1.9577325093461508,1.9249256122682536
3814,3814,2.3566666666666674,1.955825131609064,1.9230182345311664
3815,3815,2.3583333333333325,1.954680704966812,1.920729381246662
3816,3816,2.3600000000000003,1.955825131609064,1.920729381246662
3817,3817,2.3616666666666672,1.9577325093461508,1.9218738078889144
3818,3818,2.363333333333334,1.9573510337987332,1.9218738078889144
3819,3819,2.365,1.9573510337987332,1.921492332341497
3820,3820,2.366666666666667,1.958113984893568,1.92111085679408
3821,3821,2.368333333333334,1.9584954604409857,1.922255283436332
3822,3822,2.37,1.9573510337987332,1.9226367589837488
3823,3823,2.371666666666667,1.9565880827038984,1.921492332341497
3824,3824,2.373333333333334,1.956969558251316,1.921492332341497
3825,3825,2.375,1.958876935988403,1.921492332341497
3826,3826,2.376666666666668,1.958876935988403,1.92111085679408
3827,3827,2.378333333333334,1.958876935988403,1.9218738078889144
3828,3828,2.380000000000001,1.958876935988403,1.9230182345311664
3829,3829,2.3816666666666677,1.9584954604409857,1.9226367589837488
3830,3830,2.3833333333333337,1.958876935988403,1.921492332341497
3831,3831,2.3850000000000016,1.958876935988403,1.921492332341497
3832,3832,2.3866666666666676,1.9592584115358205,1.9218738078889144
3833,3833,2.3883333333333336,1.9604028381780727,1.9218738078889144
3834,3834,2.3900000000000015,1.9600213626306555,1.9226367589837488
3835,3835,2.3916666666666684,1.958876935988403,1.923399710078584
3836,3836,2.3933333333333335,1.9604028381780727,1.9237811856260012
3837,3837,2.3950000000000005,1.9592584115358205,1.9230182345311664
3838,3838,2.3966666666666674,1.9584954604409857,1.9230182345311664
3839,3839,2.3983333333333325,1.9596398870832377,1.9241626611734188
3840,3840,2.4000000000000004,1.9592584115358205,1.9249256122682536
3841,3841,2.4016666666666673,1.9596398870832377,1.9237811856260012
3842,3842,2.4033333333333324,1.9615472648203252,1.9249256122682536
3843,3843,2.4050000000000002,1.96078431372549,1.925307087815671
3844,3844,2.406666666666667,1.9600213626306555,1.9237811856260012
3845,3845,2.408333333333334,1.958113984893568,1.9241626611734188
3846,3846,2.41,1.956969558251316,1.924544136720836
3847,3847,2.411666666666667,1.958113984893568,1.925307087815671
3848,3848,2.413333333333334,1.9592584115358205,1.925307087815671
3849,3849,2.415,1.9584954604409857,1.925307087815671
3850,3850,2.416666666666668,1.956969558251316,1.925307087815671
3851,3851,2.418333333333334,1.9573510337987332,1.9260700389105057
3852,3852,2.420000000000001,1.9577325093461508,1.9264515144579235
3853,3853,2.4216666666666677,1.9577325093461508,1.9260700389105057
3854,3854,2.423333333333334,1.9584954604409857,1.9256885633630885
3855,3855,2.4250000000000016,1.956969558251316,1.9264515144579235
3856,3856,2.4266666666666676,1.9562066071564808,1.9279774166475931
3857,3857,2.4283333333333337,1.956969558251316,1.928740367742428
3858,3858,2.4300000000000015,1.955825131609064,1.9291218432898447
3859,3859,2.4316666666666675,1.9562066071564808,1.9298847943846797
3860,3860,2.4333333333333336,1.9565880827038984,1.931029221026932
3861,3861,2.4350000000000005,1.9562066071564808,1.9317921721217668
3862,3862,2.4366666666666674,1.9577325093461508,1.9333180743114369
3863,3863,2.4383333333333335,1.9584954604409857,1.9340810254062717
3864,3864,2.4400000000000004,1.956969558251316,1.9344625009536889
3865,3865,2.4416666666666673,1.955825131609064,1.9333180743114369
3866,3866,2.4433333333333325,1.955825131609064,1.933699549858854
3867,3867,2.4450000000000003,1.956969558251316,1.933699549858854
3868,3868,2.446666666666667,1.9577325093461508,1.9340810254062717
3869,3869,2.448333333333334,1.958113984893568,1.9344625009536889
3870,3870,2.45,1.9584954604409857,1.9356069275959409
3871,3871,2.451666666666667,1.958113984893568,1.9356069275959409
3872,3872,2.453333333333334,1.958113984893568,1.9348439765011065
3873,3873,2.455,1.9577325093461508,1.935225452048524
3874,3874,2.456666666666668,1.9554436560616464,1.9348439765011065
3875,3875,2.458333333333334,1.9554436560616464,1.9348439765011065
3876,3876,2.460000000000001,1.958113984893568,1.9356069275959409
3877,3877,2.461666666666668,1.9573510337987332,1.936369878690776
3878,3878,2.463333333333334,1.9573510337987332,1.9356069275959409
3879,3879,2.4650000000000016,1.9584954604409857,1.9340810254062717
3880,3880,2.4666666666666677,1.958113984893568,1.933699549858854
3881,3881,2.4683333333333337,1.9577325093461508,1.9359884031433583
3882,3882,2.4700000000000015,1.9573510337987332,1.936369878690776
3883,3883,2.4716666666666676,1.958113984893568,1.9359884031433583
3884,3884,2.4733333333333336,1.964599069199664,1.936369878690776
3885,3885,2.4750000000000005,1.968795300221256,1.9371328297856107
3886,3886,2.4766666666666683,1.9722285801480124,1.9367513542381931
3887,3887,2.4783333333333335,1.977569237811856,1.9356069275959409
3888,3888,2.4800000000000004,1.9829098954757,1.9359884031433583
3889,3889,2.4816666666666674,1.9863431754024563,1.9371328297856107
3890,3890,2.4833333333333325,1.986724650949874,1.937514305333028
3891,3891,2.4850000000000003,1.9871061264972916,1.937514305333028
3892,3892,2.4866666666666672,1.9855802243076217,1.937514305333028
3893,3893,2.488333333333334,1.9855802243076217,1.9371328297856107
3894,3894,2.49,1.984817273212787,1.9371328297856107
3895,3895,2.491666666666667,1.9836728465705349,1.937514305333028
3896,3896,2.493333333333334,1.9844357976653693,1.937514305333028
3897,3897,2.495,1.9851987487602043,1.938277256427863
3898,3898,2.496666666666667,1.9851987487602043,1.9386587319752804
3899,3899,2.498333333333334,1.9863431754024563,1.937514305333028
3900,3900,2.5,1.9871061264972916,1.938277256427863
3901,3901,2.501666666666668,1.9855802243076217,1.937514305333028
3902,3902,2.503333333333334,1.9859616998550391,1.9371328297856107
3903,3903,2.505000000000001,1.9863431754024563,1.937514305333028
3904,3904,2.5066666666666677,1.9855802243076217,1.937514305333028
3905,3905,2.5083333333333337,1.9859616998550391,1.9378957808804456
3906,3906,2.5100000000000016,1.9863431754024563,1.9394216830701152
3907,3907,2.5116666666666676,1.986724650949874,1.9394216830701152
3908,3908,2.5133333333333336,1.9871061264972916,1.9386587319752804
3909,3909,2.5150000000000015,1.9863431754024563,1.9371328297856107
3910,3910,2.5166666666666684,1.9859616998550391,1.935225452048524
3911,3911,2.5183333333333335,1.9871061264972916,1.9356069275959409
3912,3912,2.5200000000000005,1.988250553139544,1.9371328297856107
3913,3913,2.5216666666666674,1.9874876020447088,1.9367513542381931
3914,3914,2.5233333333333325,1.9871061264972916,1.9356069275959409
3915,3915,2.5250000000000004,1.9878690775921264,1.9348439765011065
3916,3916,2.5266666666666673,1.9878690775921264,1.9356069275959409
3917,3917,2.5283333333333324,1.988250553139544,1.9356069275959409
3918,3918,2.5300000000000002,1.9890135042343784,1.9359884031433583
3919,3919,2.531666666666667,1.9890135042343784,1.935225452048524
3920,3920,2.533333333333334,1.9871061264972916,1.9344625009536889
3921,3921,2.535,1.9878690775921264,1.9348439765011065
3922,3922,2.536666666666667,1.988632028686961,1.9340810254062717
3923,3923,2.538333333333334,1.9874876020447088,1.9344625009536889
3924,3924,2.54,1.9859616998550391,1.935225452048524
3925,3925,2.541666666666668,1.9863431754024563,1.9348439765011065
3926,3926,2.543333333333334,1.988250553139544,1.9359884031433583
3927,3927,2.545000000000001,1.988250553139544,1.9367513542381931
3928,3928,2.5466666666666677,1.988632028686961,1.936369878690776
3929,3929,2.548333333333334,1.989394979781796,1.9348439765011065
3930,3930,2.5500000000000016,1.989394979781796,1.9340810254062717
3931,3931,2.5516666666666676,1.9901579308766304,1.9348439765011065
3932,3932,2.5533333333333337,1.9913023575188828,1.936369878690776
3933,3933,2.5550000000000015,1.9920653086137177,1.9367513542381931
3934,3934,2.5566666666666684,1.9897764553292128,1.936369878690776
3935,3935,2.5583333333333336,1.990539406424048,1.936369878690776
3936,3936,2.5600000000000005,1.9920653086137177,1.9367513542381931
3937,3937,2.5616666666666674,1.99320973525597,1.936369878690776
3938,3938,2.5633333333333335,1.9935912108033875,1.9344625009536889
3939,3939,2.5650000000000004,1.9924467841611355,1.9340810254062717
3940,3940,2.5666666666666673,1.9943541618982223,1.9359884031433583
3941,3941,2.5683333333333325,1.9966430151827268,1.936369878690776
3942,3942,2.5700000000000003,1.9962615396353092,1.9359884031433583
3943,3943,2.571666666666667,1.9962615396353092,1.936369878690776
3944,3944,2.573333333333334,1.9974059662775616,1.9367513542381931
3945,3945,2.575,1.9989318684672317,1.936369878690776
3946,3946,2.576666666666667,1.9989318684672317,1.936369878690776
3947,3947,2.578333333333334,1.9993133440146489,1.936369878690776
3948,3948,2.58,1.9996948195620659,1.9409475852597848
3949,3949,2.581666666666668,2.000457770656901,1.9459067673762112
3950,3950,2.583333333333334,2.0000762951094835,1.949340047302968
3951,3951,2.585000000000001,2.0000762951094835,1.9542992294193944
3952,3952,2.586666666666668,1.9996948195620659,1.9592584115358205
3953,3953,2.588333333333334,1.9993133440146489,1.9634546425574118
3954,3954,2.5900000000000016,2.0008392462043183,1.964599069199664
3955,3955,2.5916666666666677,2.000457770656901,1.964599069199664
3956,3956,2.5933333333333337,1.9993133440146489,1.9634546425574118
3957,3957,2.5950000000000015,1.9996948195620659,1.9630731670099943
3958,3958,2.5966666666666676,2.000457770656901,1.9619287403677423
3959,3959,2.5983333333333336,2.001220721751736,1.9611657892729075
3960,3960,2.6000000000000005,2.0008392462043183,1.9615472648203252
3961,3961,2.6016666666666683,2.0008392462043183,1.96231021591516
3962,3962,2.6033333333333335,2.001602197299153,1.9626916914625767
3963,3963,2.6050000000000004,2.001602197299153,1.9638361181048292
3964,3964,2.6066666666666674,2.001220721751736,1.964599069199664
3965,3965,2.6083333333333325,2.0008392462043183,1.9638361181048292
3966,3966,2.6100000000000003,2.0008392462043183,1.9634546425574118
3967,3967,2.6116666666666672,2.0019836728465705,1.9638361181048292
3968,3968,2.613333333333334,2.002365148393988,1.9634546425574118
3969,3969,2.615,2.001602197299153,1.9638361181048292
3970,3970,2.616666666666667,2.001220721751736,1.9642175936522468
3971,3971,2.618333333333334,2.0019836728465705,1.9642175936522468
3972,3972,2.62,2.001602197299153,1.9649805447470816
3973,3973,2.621666666666667,2.0019836728465705,1.964599069199664
3974,3974,2.623333333333334,2.0019836728465705,1.9642175936522468
3975,3975,2.625,2.001602197299153,1.964599069199664
3976,3976,2.626666666666668,2.0019836728465705,1.9657434958419164
3977,3977,2.628333333333334,2.0027466239414053,1.965362020294499
3978,3978,2.630000000000001,2.0027466239414053,1.965362020294499
3979,3979,2.6316666666666677,2.0019836728465705,1.9649805447470816
3980,3980,2.6333333333333337,2.0027466239414053,1.965362020294499
3981,3981,2.6350000000000016,2.0031280994888228,1.9657434958419164
3982,3982,2.6366666666666676,2.0027466239414053,1.9661249713893336
3983,3983,2.6383333333333336,2.0027466239414053,1.9665064469367517
3984,3984,2.6400000000000015,2.0031280994888228,1.965362020294499
3985,3985,2.6416666666666684,2.0031280994888228,1.9649805447470816
3986,3986,2.6433333333333335,2.0027466239414053,1.9657434958419164
3987,3987,2.6450000000000005,2.0031280994888228,1.9657434958419164
3988,3988,2.6466666666666674,2.0038910505836576,1.9638361181048292
3989,3989,2.6483333333333325,2.002365148393988,1.9638361181048292
3990,3990,2.6500000000000004,2.0019836728465705,1.965362020294499
3991,3991,2.6516666666666673,2.002365148393988,1.9661249713893336
3992,3992,2.6533333333333324,2.002365148393988,1.9668879224841689
3993,3993,2.6550000000000002,2.0027466239414053,1.9672693980315858
3994,3994,2.656666666666667,2.002365148393988,1.9672693980315858
3995,3995,2.658333333333334,2.001602197299153,1.9680323491264209
3996,3996,2.66,2.001220721751736,1.969176775768673
3997,3997,2.661666666666667,2.001602197299153,1.9703212024109251
3998,3998,2.663333333333334,2.001220721751736,1.969176775768673
3999,3999,2.665,2.0008392462043183,1.9680323491264209
4000,4000,2.666666666666668,2.001220721751736,1.9695582513160903
4001,4001,2.668333333333334,2.0008392462043183,1.9707026779583428
4002,4002,2.670000000000001,1.9996948195620659,1.9722285801480124
4003,4003,2.6716666666666677,2.000457770656901,1.9707026779583428
4004,4004,2.673333333333334,2.001220721751736,1.971847104600595
4005,4005,2.6750000000000016,2.0008392462043183,1.973754482337682
4006,4006,2.6766666666666676,2.000457770656901,1.9741359578850997
4007,4007,2.6783333333333337,2.0019836728465705,1.9741359578850997
4008,4008,2.6800000000000015,2.0008392462043183,1.9745174334325168
4009,4009,2.6816666666666684,1.9993133440146489,1.9756618600747688
4010,4010,2.6833333333333336,2.001220721751736,1.9764248111696041
4011,4011,2.6850000000000005,2.001220721751736,1.9760433356221865
4012,4012,2.6866666666666674,2.001602197299153,1.9764248111696041
4013,4013,2.6883333333333335,2.0019836728465705,1.9771877622644387
4014,4014,2.6900000000000004,2.0019836728465705,1.9771877622644387
4015,4015,2.6916666666666673,2.001602197299153,1.9771877622644387
4016,4016,2.6933333333333325,2.001220721751736,1.9768062867170213
4017,4017,2.6950000000000003,2.0008392462043183,1.9764248111696041
4018,4018,2.696666666666667,2.001602197299153,1.977569237811856
4019,4019,2.698333333333334,2.002365148393988,1.977569237811856
4020,4020,2.7,2.002365148393988,1.9764248111696041
4021,4021,2.701666666666667,2.0027466239414053,1.9764248111696041
4022,4022,2.703333333333334,2.0019836728465705,1.9768062867170213
4023,4023,2.705,2.002365148393988,1.9779507133592733
4024,4024,2.706666666666668,2.002365148393988,1.9779507133592733
4025,4025,2.708333333333334,2.0019836728465705,1.9771877622644387
4026,4026,2.710000000000001,2.002365148393988,1.9779507133592733
4027,4027,2.711666666666668,2.0019836728465705,1.9783321889066907
4028,4028,2.713333333333334,2.001220721751736,1.9779507133592733
4029,4029,2.7150000000000016,2.0027466239414053,1.977569237811856
4030,4030,2.7166666666666677,2.0019836728465705,1.977569237811856
4031,4031,2.7183333333333337,2.001220721751736,1.9783321889066907
4032,4032,2.7200000000000015,2.0027466239414053,1.9787136644541083
4033,4033,2.7216666666666676,2.0031280994888228,1.9787136644541083
4034,4034,2.7233333333333336,2.002365148393988,1.9783321889066907
4035,4035,2.7250000000000005,2.0019836728465705,1.9779507133592733
4036,4036,2.7266666666666683,2.004272526131075,1.9783321889066907
4037,4037,2.7283333333333335,2.0035095750362397,1.9787136644541083
4038,4038,2.7300000000000004,2.0027466239414053,1.9787136644541083
4039,4039,2.7316666666666674,2.0031280994888228,1.9783321889066907
4040,4040,2.7333333333333325,2.0031280994888228,1.9783321889066907
4041,4041,2.7350000000000003,2.0038910505836576,1.9790951400015255
4042,4042,2.7366666666666672,2.0035095750362397,1.9790951400015255
4043,4043,2.738333333333334,2.0038910505836576,1.9790951400015255
4044,4044,2.74,2.0038910505836576,1.9787136644541083
4045,4045,2.741666666666667,2.004272526131075,1.9794766155489432
4046,4046,2.743333333333334,2.0046540016784924,1.9794766155489432
4047,4047,2.745,2.004272526131075,1.9794766155489432
4048,4048,2.746666666666667,2.00503547722591,1.9798580910963608
4049,4049,2.748333333333334,2.00503547722591,1.980239566643778
4050,4050,2.75,2.004272526131075,1.9794766155489432
4051,4051,2.751666666666668,2.00503547722591,1.9794766155489432
4052,4052,2.753333333333334,2.0057984283207446,1.9798580910963608
4053,4053,2.755000000000001,2.004272526131075,1.9794766155489432
4054,4054,2.7566666666666677,2.00503547722591,1.9783321889066907
4055,4055,2.7583333333333337,2.0054169527733268,1.9783321889066907
4056,4056,2.7600000000000016,2.0038910505836576,1.9790951400015255
4057,4057,2.7616666666666676,2.00503547722591,1.9790951400015255
4058,4058,2.7633333333333336,2.0061799038681616,1.9787136644541083
4059,4059,2.7650000000000015,2.00503547722591,1.9783321889066907
4060,4060,2.7666666666666684,2.0054169527733268,1.9779507133592733
4061,4061,2.7683333333333335,2.0046540016784924,1.9779507133592733
4062,4062,2.7700000000000005,2.00503547722591,1.9783321889066907
4063,4063,2.7716666666666674,2.00503547722591,1.977569237811856
4064,4064,2.7733333333333325,2.004272526131075,1.977569237811856
4065,4065,2.7750000000000004,2.004272526131075,1.9779507133592733
4066,4066,2.7766666666666673,2.0054169527733268,1.9768062867170213
4067,4067,2.7783333333333333,2.0061799038681616,1.9771877622644387
4068,4068,2.7800000000000002,2.0057984283207446,1.9779507133592733
4069,4069,2.781666666666667,2.0046540016784924,1.9783321889066907
4070,4070,2.783333333333334,2.0046540016784924,1.9779507133592733
4071,4071,2.785,2.0065613794155794,1.9783321889066907
4072,4072,2.786666666666667,2.0061799038681616,1.9783321889066907
4073,4073,2.788333333333334,2.0057984283207446,1.977569237811856
4074,4074,2.79,2.0057984283207446,1.9779507133592733
4075,4075,2.791666666666668,2.0057984283207446,1.9779507133592733
4076,4076,2.793333333333334,2.0057984283207446,1.9794766155489432
4077,4077,2.795000000000001,2.006942854962997,1.9794766155489432
4078,4078,2.7966666666666677,2.006942854962997,1.9787136644541083
4079,4079,2.798333333333334,2.0065613794155794,1.9790951400015255
4080,4080,2.8000000000000016,2.0061799038681616,1.9790951400015255
4081,4081,2.8016666666666676,2.006942854962997,1.9779507133592733
4082,4082,2.8033333333333337,2.006942854962997,1.9787136644541083
4083,4083,2.8050000000000015,2.0073243305104143,1.9798580910963608
4084,4084,2.8066666666666684,2.007705806057832,1.9798580910963608
4085,4085,2.8083333333333336,2.0073243305104143,1.980239566643778
4086,4086,2.8100000000000005,2.007705806057832,1.9798580910963608
4087,4087,2.8116666666666674,2.006942854962997,1.9798580910963608
4088,4088,2.8133333333333335,2.007705806057832,1.9798580910963608
4089,4089,2.8150000000000004,2.0073243305104143,1.9794766155489432
4090,4090,2.8166666666666673,2.0057984283207446,1.9798580910963608
4091,4091,2.8183333333333325,2.0057984283207446,1.9798580910963608
4092,4092,2.8200000000000003,2.006942854962997,1.9790951400015255
4093,4093,2.821666666666667,2.006942854962997,1.9794766155489432
4094,4094,2.823333333333334,2.0061799038681616,1.9790951400015255
4095,4095,2.825,2.0054169527733268,1.9787136644541083
4096,4096,2.826666666666667,2.0065613794155794,1.9798580910963608
4097,4097,2.828333333333334,2.007705806057832,1.980239566643778
4098,4098,2.83,2.0065613794155794,1.980239566643778
4099,4099,2.831666666666668,2.007705806057832,1.980239566643778
4100,4100,2.833333333333334,2.008087281605249,1.9810025177386128
4101,4101,2.835000000000001,2.0061799038681616,1.9810025177386128
4102,4102,2.836666666666668,2.006942854962997,1.9806210421911956
4103,4103,2.838333333333334,2.008087281605249,1.9806210421911956
4104,4104,2.8400000000000016,2.007705806057832,1.980239566643778
4105,4105,2.8416666666666677,2.0065613794155794,1.9813839932860304
4106,4106,2.8433333333333337,2.007705806057832,1.9810025177386128
4107,4107,2.8450000000000015,2.008087281605249,1.9806210421911956
4108,4108,2.8466666666666676,2.0084687571526665,1.9810025177386128
4109,4109,2.8483333333333336,2.0096131837949187,1.981765468833448
4110,4110,2.8500000000000005,2.008850232700084,1.981765468833448
4111,4111,2.8516666666666683,2.008087281605249,1.981765468833448
4112,4112,2.8533333333333335,2.0084687571526665,1.982146944380865
4113,4113,2.8550000000000004,2.009994659342336,1.9825284199282824
4114,4114,2.8566666666666674,2.008087281605249,1.981765468833448
4115,4115,2.8583333333333325,2.0065613794155794,1.981765468833448
4116,4116,2.8600000000000003,2.008087281605249,1.9829098954757
4117,4117,2.8616666666666672,2.008850232700084,1.982146944380865
4118,4118,2.863333333333334,2.008087281605249,1.9825284199282824
4119,4119,2.865,2.008850232700084,1.9829098954757
4120,4120,2.866666666666667,2.0092317082475013,1.9813839932860304
4121,4121,2.868333333333334,2.008087281605249,1.982146944380865
4122,4122,2.87,2.008850232700084,1.9832913710231173
4123,4123,2.871666666666667,2.0092317082475013,1.9829098954757
4124,4124,2.873333333333334,2.0084687571526665,1.9832913710231173
4125,4125,2.875,2.0096131837949187,1.982146944380865
4126,4126,2.876666666666668,2.0096131837949187,1.9825284199282824
4127,4127,2.878333333333334,2.009994659342336,1.9829098954757
4128,4128,2.880000000000001,2.010757610437171,1.981765468833448
4129,4129,2.8816666666666677,2.009994659342336,1.9813839932860304
4130,4130,2.8833333333333337,2.010376134889753,1.9825284199282824
4131,4131,2.8850000000000016,2.0096131837949187,1.9836728465705349
4132,4132,2.8866666666666676,2.0096131837949187,1.9836728465705349
4133,4133,2.8883333333333336,2.0096131837949187,1.9825284199282824
4134,4134,2.8900000000000015,2.009994659342336,1.981765468833448
4135,4135,2.8916666666666684,2.009994659342336,1.9832913710231173
4136,4136,2.8933333333333335,2.009994659342336,1.9836728465705349
4137,4137,2.8950000000000005,2.009994659342336,1.9836728465705349
4138,4138,2.8966666666666674,2.0096131837949187,1.9832913710231173
4139,4139,2.8983333333333325,2.0092317082475013,1.9832913710231173
4140,4140,2.9000000000000004,2.0092317082475013,1.9836728465705349
4141,4141,2.9016666666666673,2.010757610437171,1.9836728465705349
4142,4142,2.9033333333333333,2.0115205615320058,1.9840543221179519
4143,4143,2.9050000000000002,2.010757610437171,1.9840543221179519
4144,4144,2.906666666666667,2.011902037079423,1.9840543221179519
4145,4145,2.908333333333334,2.010757610437171,1.9836728465705349
4146,4146,2.91,2.0092317082475013,1.9844357976653693
4147,4147,2.911666666666667,2.010757610437171,1.984817273212787
4148,4148,2.913333333333334,2.012283512626841,1.9855802243076217
4149,4149,2.915,2.0115205615320058,1.9851987487602043
4150,4150,2.916666666666668,2.009994659342336,1.9859616998550391
4151,4151,2.918333333333334,2.010757610437171,1.984817273212787
4152,4152,2.920000000000001,2.010757610437171,1.9844357976653693
4153,4153,2.9216666666666677,2.010757610437171,1.9851987487602043
4154,4154,2.923333333333334,2.0115205615320058,1.9836728465705349
4155,4155,2.9250000000000016,2.012283512626841,1.9832913710231173
4156,4156,2.9266666666666676,2.0115205615320058,1.9840543221179519
4157,4157,2.9283333333333337,2.011902037079423,1.984817273212787
4158,4158,2.9300000000000015,2.012283512626841,1.9840543221179519
4159,4159,2.9316666666666684,2.012664988174258,1.9836728465705349
4160,4160,2.9333333333333336,2.0115205615320058,1.9836728465705349
4161,4161,2.9350000000000005,2.011902037079423,1.9851987487602043
4162,4162,2.9366666666666674,2.011902037079423,1.984817273212787
4163,4163,2.9383333333333335,2.012283512626841,1.9844357976653693
4164,4164,2.9400000000000004,2.0115205615320058,1.984817273212787
4165,4165,2.9416666666666673,2.0115205615320058,1.9840543221179519
4166,4166,2.9433333333333325,2.0115205615320058,1.9844357976653693
4167,4167,2.9450000000000003,2.011902037079423,1.984817273212787
4168,4168,2.946666666666667,2.013427939269093,1.9855802243076217
4169,4169,2.948333333333334,2.0130464637216754,1.9844357976653693
4170,4170,2.95,2.0130464637216754,1.984817273212787
4171,4171,2.951666666666667,2.012664988174258,1.9855802243076217
4172,4172,2.953333333333334,2.012283512626841,1.9859616998550391
4173,4173,2.955,2.012664988174258,1.9863431754024563
4174,4174,2.956666666666668,2.012664988174258,1.986724650949874
4175,4175,2.958333333333334,2.012664988174258,1.9855802243076217
4176,4176,2.960000000000001,2.014190890363928,1.9859616998550391
4177,4177,2.961666666666668,2.01380941481651,1.986724650949874
4178,4178,2.963333333333334,2.0130464637216754,1.9863431754024563
4179,4179,2.9650000000000016,2.013427939269093,1.984817273212787
4180,4180,2.9666666666666677,2.012664988174258,1.9844357976653693
4181,4181,2.9683333333333337,2.012664988174258,1.9859616998550391
4182,4182,2.9700000000000015,2.0130464637216754,1.9863431754024563
4183,4183,2.9716666666666676,2.0130464637216754,1.9859616998550391
4184,4184,2.9733333333333336,2.01380941481651,1.9859616998550391
4185,4185,2.9750000000000005,2.013427939269093,1.9863431754024563
4186,4186,2.9766666666666683,2.0130464637216754,1.9863431754024563
4187,4187,2.9783333333333335,2.013427939269093,1.9863431754024563
4188,4188,2.9800000000000004,2.013427939269093,1.9859616998550391
4189,4189,2.9816666666666674,2.014190890363928,1.986724650949874
4190,4190,2.9833333333333325,2.014572365911345,1.986724650949874
4191,4191,2.9850000000000003,2.0149538414587624,1.9871061264972916
4192,4192,2.9866666666666672,2.0130464637216754,1.988250553139544
4193,4193,2.988333333333334,2.014190890363928,1.9874876020447088
4194,4194,2.99,2.0149538414587624,1.9878690775921264
4195,4195,2.991666666666667,2.01380941481651,1.986724650949874
4196,4196,2.993333333333334,2.01533531700618,1.986724650949874
4197,4197,2.995,2.0149538414587624,1.986724650949874
4198,4198,2.996666666666667,2.014572365911345,1.9871061264972916
4199,4199,2.998333333333334,2.0149538414587624,1.9874876020447088
4200,4200,3.000000000000001,2.014190890363928,1.9871061264972916
4201,4201,3.001666666666668,2.014190890363928,1.9874876020447088
4202,4202,3.003333333333334,2.0149538414587624,1.986724650949874
4203,4203,3.005000000000001,2.0149538414587624,1.986724650949874
4204,4204,3.0066666666666677,2.01533531700618,1.9863431754024563
4205,4205,3.0083333333333337,2.0149538414587624,1.9871061264972916
4206,4206,3.0100000000000016,2.013427939269093,1.988632028686961
4207,4207,3.0116666666666676,2.0130464637216754,1.988632028686961
4208,4208,3.0133333333333336,2.014572365911345,1.988632028686961
4209,4209,3.0150000000000015,2.014190890363928,1.988632028686961
4210,4210,3.0166666666666684,2.01533531700618,1.986724650949874
4211,4211,3.0183333333333335,2.0157167925535973,1.9874876020447088
4212,4212,3.0200000000000005,2.0157167925535973,1.988632028686961
4213,4213,3.0216666666666674,2.01533531700618,1.989394979781796
4214,4214,3.0233333333333325,2.0157167925535973,1.988250553139544
4215,4215,3.0250000000000004,2.016861219195849,1.9874876020447088
4216,4216,3.0266666666666673,2.016479743648432,1.988632028686961
4217,4217,3.0283333333333333,2.01533531700618,1.988632028686961
4218,4218,3.0300000000000002,2.01533531700618,1.988632028686961
4219,4219,3.031666666666667,2.0157167925535973,1.9890135042343784
4220,4220,3.033333333333334,2.0157167925535973,1.989394979781796
4221,4221,3.035,2.016861219195849,1.989394979781796
4222,4222,3.036666666666667,2.016479743648432,1.989394979781796
4223,4223,3.038333333333334,2.0160982681010147,1.9897764553292128
4224,4224,3.04,2.016861219195849,1.9897764553292128
4225,4225,3.041666666666668,2.016479743648432,1.9890135042343784
4226,4226,3.043333333333334,2.0157167925535973,1.989394979781796
4227,4227,3.045000000000001,2.0160982681010147,1.9901579308766304
4228,4228,3.0466666666666677,2.016479743648432,1.9897764553292128
4229,4229,3.048333333333334,2.0157167925535973,1.989394979781796
4230,4230,3.0500000000000016,2.01533531700618,1.989394979781796
4231,4231,3.0516666666666676,2.016861219195849,1.9897764553292128
4232,4232,3.0533333333333337,2.017242694743267,1.9909208819714652
4233,4233,3.0550000000000015,2.016479743648432,1.9916838330663005
4234,4234,3.0566666666666684,2.016479743648432,1.9913023575188828
4235,4235,3.0583333333333336,2.017242694743267,1.990539406424048
4236,4236,3.0600000000000005,2.017242694743267,1.9901579308766304
4237,4237,3.0616666666666674,2.016479743648432,1.9909208819714652
4238,4238,3.0633333333333335,2.016861219195849,1.9913023575188828
4239,4239,3.0650000000000004,2.017242694743267,1.9909208819714652
4240,4240,3.0666666666666673,2.016861219195849,1.9920653086137177
4241,4241,3.0683333333333325,2.017242694743267,1.9924467841611355
4242,4242,3.0700000000000003,2.0176241702906843,1.9916838330663005
4243,4243,3.071666666666667,2.0176241702906843,1.9916838330663005
4244,4244,3.073333333333334,2.0187685969329365,1.9916838330663005
4245,4245,3.075,2.018387121385519,1.9913023575188828
4246,4246,3.076666666666667,2.0187685969329365,1.9913023575188828
4247,4247,3.078333333333334,2.019531548027772,1.9913023575188828
4248,4248,3.08,2.019531548027772,1.9916838330663005
4249,4249,3.081666666666668,2.019150072480354,1.9920653086137177
4250,4250,3.083333333333334,2.018387121385519,1.9913023575188828
4251,4251,3.085000000000001,2.0180056458381017,1.9916838330663005
4252,4252,3.086666666666668,2.0199130235751888,1.9920653086137177
4253,4253,3.088333333333334,2.021057450217441,1.9920653086137177
4254,4254,3.0900000000000016,2.0202944991226057,1.9924467841611355
4255,4255,3.0916666666666677,2.0187685969329365,1.99320973525597
4256,4256,3.0933333333333337,2.018387121385519,1.9924467841611355
4257,4257,3.0950000000000015,2.018387121385519,1.9920653086137177
4258,4258,3.0966666666666676,2.019150072480354,1.99320973525597
4259,4259,3.0983333333333336,2.0187685969329365,1.9924467841611355
4260,4260,3.1000000000000005,2.0199130235751888,1.99320973525597
4261,4261,3.1016666666666683,2.0202944991226057,1.99320973525597
4262,4262,3.1033333333333335,2.019150072480354,1.99320973525597
4263,4263,3.1050000000000004,2.0199130235751888,1.9935912108033875
4264,4264,3.1066666666666674,2.0214389257648584,1.9928282597085527
4265,4265,3.1083333333333325,2.021057450217441,1.9924467841611355
4266,4266,3.1100000000000003,2.020675974670024,1.9928282597085527
4267,4267,3.1116666666666672,2.020675974670024,1.99320973525597
4268,4268,3.113333333333334,2.021057450217441,1.9935912108033875
4269,4269,3.115,2.0214389257648584,1.993972686350805
4270,4270,3.116666666666667,2.020675974670024,1.9928282597085527
4271,4271,3.118333333333334,2.0199130235751888,1.9920653086137177
4272,4272,3.12,2.020675974670024,1.9924467841611355
4273,4273,3.121666666666667,2.021820401312276,1.9928282597085527
4274,4274,3.123333333333334,2.0214389257648584,1.993972686350805
4275,4275,3.125000000000001,2.021057450217441,1.9943541618982223
4276,4276,3.126666666666668,2.0214389257648584,1.99473563744564
4277,4277,3.128333333333334,2.0202944991226057,1.9943541618982223
4278,4278,3.130000000000001,2.0202944991226057,1.9943541618982223
4279,4279,3.1316666666666677,2.021057450217441,1.9951171129930567
4280,4280,3.1333333333333337,2.0214389257648584,1.9954985885404743
4281,4281,3.1350000000000016,2.0214389257648584,1.9943541618982223
4282,4282,3.1366666666666676,2.022964827954528,1.9935912108033875
4283,4283,3.1383333333333336,2.0237277790493633,1.9943541618982223
4284,4284,3.1400000000000015,2.02258335240711,1.9943541618982223
4285,4285,3.1416666666666684,2.021057450217441,1.9951171129930567
4286,4286,3.1433333333333335,2.022201876859693,1.9951171129930567
4287,4287,3.1450000000000005,2.022964827954528,1.99473563744564
4288,4288,3.1466666666666674,2.02258335240711,1.9951171129930567
4289,4289,3.1483333333333325,2.022964827954528,1.9951171129930567
4290,4290,3.1500000000000004,2.0244907301441977,1.99473563744564
4291,4291,3.1516666666666673,2.0244907301441977,1.9951171129930567
4292,4292,3.1533333333333333,2.023346303501945,1.9951171129930567
4293,4293,3.1550000000000002,2.0241092545967803,1.99473563744564
4294,4294,3.156666666666667,2.0244907301441977,1.993972686350805
4295,4295,3.158333333333334,2.0241092545967803,1.99473563744564
4296,4296,3.16,2.022964827954528,1.995880064087892
4297,4297,3.161666666666667,2.022964827954528,1.995880064087892
4298,4298,3.163333333333334,2.024872205691615,1.9954985885404743
4299,4299,3.165,2.0241092545967803,1.995880064087892
4300,4300,3.166666666666668,2.022964827954528,1.995880064087892
4301,4301,3.168333333333334,2.023346303501945,1.9954985885404743
4302,4302,3.170000000000001,2.022964827954528,1.9954985885404743
4303,4303,3.1716666666666677,2.0237277790493633,1.995880064087892
4304,4304,3.173333333333334,2.0237277790493633,1.995880064087892
4305,4305,3.1750000000000016,2.02258335240711,1.9954985885404743
4306,4306,3.1766666666666676,2.02258335240711,1.995880064087892
4307,4307,3.1783333333333337,2.0244907301441977,1.9962615396353092
4308,4308,3.1800000000000015,2.0241092545967803,1.997024490730144
4309,4309,3.1816666666666684,2.0241092545967803,1.9974059662775616
4310,4310,3.1833333333333336,2.0244907301441977,1.9974059662775616
4311,4311,3.1850000000000005,2.024872205691615,1.9977874418249788
4312,4312,3.1866666666666674,2.0260166323338678,1.9981689173723964
4313,4313,3.1883333333333335,2.02563515678645,1.9981689173723964
4314,4314,3.1900000000000004,2.0244907301441977,1.9974059662775616
4315,4315,3.1916666666666673,2.0244907301441977,1.9962615396353092
4316,4316,3.1933333333333325,2.02563515678645,1.9974059662775616
4317,4317,3.1950000000000003,2.0244907301441977,1.9993133440146489
4318,4318,3.196666666666667,2.0241092545967803,1.9993133440146489
4319,4319,3.198333333333334,2.0252536812390325,1.9981689173723964
4320,4320,3.2,2.0260166323338678,1.9974059662775616
4321,4321,3.201666666666667,2.02563515678645,1.9974059662775616
4322,4322,3.203333333333334,2.0244907301441977,1.9977874418249788
4323,4323,3.205,2.0244907301441977,1.9981689173723964
4324,4324,3.206666666666668,2.02563515678645,1.9985503929198136
4325,4325,3.208333333333334,2.0260166323338678,1.9985503929198136
4326,4326,3.210000000000001,2.0260166323338678,1.9989318684672317
4327,4327,3.211666666666668,2.0263981078812847,1.9985503929198136
4328,4328,3.213333333333334,2.0267795834287017,1.9993133440146489
4329,4329,3.2150000000000016,2.0271610589761195,2.0000762951094835
4330,4330,3.2166666666666677,2.0252536812390325,1.9996948195620659
4331,4331,3.2183333333333337,2.0237277790493633,1.9993133440146489
4332,4332,3.2200000000000015,2.0252536812390325,1.9996948195620659
4333,4333,3.2216666666666676,2.02563515678645,2.0000762951094835
4334,4334,3.2233333333333336,2.0241092545967803,1.9996948195620659
4335,4335,3.2249999999999996,2.024872205691615,1.9981689173723964
4336,4336,3.2266666666666675,2.0260166323338678,1.9989318684672317
4337,4337,3.2283333333333326,2.0263981078812847,2.0000762951094835
4338,4338,3.2300000000000004,2.027542534523537,2.0000762951094835
4339,4339,3.2316666666666674,2.0267795834287017,2.0000762951094835
4340,4340,3.2333333333333325,2.0252536812390325,1.9996948195620659
4341,4341,3.2350000000000003,2.02563515678645,1.9993133440146489
4342,4342,3.2366666666666672,2.0267795834287017,1.9985503929198136
4343,4343,3.238333333333334,2.0279240100709544,1.9993133440146489
4344,4344,3.24,2.0271610589761195,1.9996948195620659
4345,4345,3.241666666666667,2.0260166323338678,1.9996948195620659
4346,4346,3.243333333333334,2.0260166323338678,2.000457770656901
4347,4347,3.245,2.0271610589761195,2.001602197299153
4348,4348,3.246666666666667,2.0279240100709544,2.001602197299153
4349,4349,3.248333333333334,2.028305485618372,2.0000762951094835
4350,4350,3.250000000000001,2.027542534523537,1.9993133440146489
4351,4351,3.251666666666668,2.028686961165789,2.0008392462043183
4352,4352,3.253333333333334,2.0290684367132066,2.001220721751736
4353,4353,3.255000000000001,2.028686961165789,2.0008392462043183
4354,4354,3.2566666666666677,2.0279240100709544,2.001602197299153
4355,4355,3.2583333333333337,2.027542534523537,2.0027466239414053
4356,4356,3.2600000000000016,2.028305485618372,2.002365148393988
4357,4357,3.2616666666666676,2.028305485618372,2.0019836728465705
4358,4358,3.2633333333333336,2.027542534523537,2.0027466239414053
4359,4359,3.2650000000000015,2.027542534523537,2.0027466239414053
4360,4360,3.2666666666666675,2.028305485618372,2.001602197299153
4361,4361,3.2683333333333326,2.028686961165789,2.0008392462043183
4362,4362,3.2699999999999996,2.0290684367132066,2.0019836728465705
4363,4363,3.2716666666666674,2.0290684367132066,2.0027466239414053
4364,4364,3.2733333333333325,2.028305485618372,2.001220721751736
4365,4365,3.2750000000000004,2.028305485618372,2.001220721751736
4366,4366,3.2766666666666673,2.028686961165789,2.0008392462043183
4367,4367,3.2783333333333333,2.0279240100709544,2.001220721751736
4368,4368,3.2800000000000002,2.028686961165789,2.001602197299153
4369,4369,3.281666666666667,2.0290684367132066,2.0008392462043183
4370,4370,3.283333333333334,2.028305485618372,2.000457770656901
4371,4371,3.285,2.0290684367132066,2.001602197299153
4372,4372,3.286666666666667,2.0298313878080414,2.0019836728465705
4373,4373,3.288333333333334,2.0309758144502936,2.0019836728465705
4374,4374,3.29,2.030212863355459,2.001602197299153
4375,4375,3.291666666666668,2.0298313878080414,2.001602197299153
4376,4376,3.293333333333334,2.029449912260624,2.0027466239414053
4377,4377,3.295000000000001,2.029449912260624,2.0027466239414053
4378,4378,3.2966666666666677,2.0298313878080414,2.0019836728465705
4379,4379,3.298333333333334,2.0298313878080414,2.0008392462043183
4380,4380,3.3000000000000016,2.030212863355459,2.002365148393988
4381,4381,3.3016666666666676,2.0309758144502936,2.0019836728465705
4382,4382,3.3033333333333337,2.029449912260624,2.0008392462043183
4383,4383,3.3050000000000015,2.029449912260624,2.001220721751736
4384,4384,3.3066666666666675,2.031357289997711,2.002365148393988
4385,4385,3.3083333333333336,2.031357289997711,2.002365148393988
4386,4386,3.3099999999999996,2.0309758144502936,2.001602197299153
4387,4387,3.3116666666666674,2.0309758144502936,2.0008392462043183
4388,4388,3.3133333333333326,2.030594338902876,2.001220721751736
4389,4389,3.3150000000000004,2.0309758144502936,2.0027466239414053
4390,4390,3.3166666666666673,2.0309758144502936,2.0027466239414053
4391,4391,3.3183333333333334,2.031357289997711,2.0027466239414053
4392,4392,3.3200000000000003,2.0309758144502936,2.0035095750362397
4393,4393,3.321666666666667,2.029449912260624,2.0038910505836576
4394,4394,3.323333333333334,2.029449912260624,2.0035095750362397
4395,4395,3.325,2.0290684367132066,2.001220721751736
4396,4396,3.326666666666667,2.0298313878080414,2.001602197299153
4397,4397,3.328333333333334,2.030212863355459,2.0027466239414053
4398,4398,3.33,2.030594338902876,2.0027466239414053
4399,4399,3.331666666666668,2.031357289997711,2.001602197299153
4400,4400,3.333333333333334,2.031357289997711,2.002365148393988
4401,4401,3.335000000000001,2.0325017166399637,2.0031280994888228
4402,4402,3.336666666666668,2.032120241092546,2.004272526131075
4403,4403,3.338333333333334,2.0317387655451284,2.004272526131075
4404,4404,3.3400000000000016,2.0325017166399637,2.0031280994888228
4405,4405,3.3416666666666677,2.0328831921873807,2.002365148393988
4406,4406,3.3433333333333337,2.0328831921873807,2.0035095750362397
4407,4407,3.3450000000000015,2.032120241092546,2.0038910505836576
4408,4408,3.3466666666666676,2.0317387655451284,2.004272526131075
4409,4409,3.3483333333333336,2.032120241092546,2.0035095750362397
4410,4410,3.3499999999999996,2.032120241092546,2.0027466239414053
4411,4411,3.3516666666666675,2.0325017166399637,2.0035095750362397
4412,4412,3.3533333333333326,2.0317387655451284,2.004272526131075
4413,4413,3.3550000000000004,2.0317387655451284,2.004272526131075
4414,4414,3.3566666666666674,2.0336461432822155,2.0038910505836576
4415,4415,3.3583333333333325,2.033264667734798,2.00503547722591
4416,4416,3.3600000000000003,2.0317387655451284,2.0057984283207446
4417,4417,3.3616666666666672,2.0325017166399637,2.0057984283207446
4418,4418,3.363333333333334,2.033264667734798,2.0054169527733268
4419,4419,3.365,2.0328831921873807,2.004272526131075
4420,4420,3.366666666666667,2.0336461432822155,2.0046540016784924
4421,4421,3.368333333333334,2.0336461432822155,2.0054169527733268
4422,4422,3.37,2.0328831921873807,2.0046540016784924
4423,4423,3.371666666666667,2.033264667734798,2.004272526131075
4424,4424,3.373333333333334,2.033264667734798,2.00503547722591
4425,4425,3.375000000000001,2.033264667734798,2.0054169527733268
4426,4426,3.376666666666668,2.034027618829633,2.0054169527733268
4427,4427,3.378333333333334,2.034027618829633,2.0061799038681616
4428,4428,3.380000000000001,2.033264667734798,2.0057984283207446
4429,4429,3.3816666666666677,2.032120241092546,2.0054169527733268
4430,4430,3.3833333333333337,2.032120241092546,2.0054169527733268
4431,4431,3.3850000000000016,2.0328831921873807,2.00503547722591
4432,4432,3.3866666666666676,2.0309758144502936,2.0054169527733268
4433,4433,3.3883333333333336,2.0317387655451284,2.0061799038681616
4434,4434,3.3900000000000015,2.0336461432822155,2.0057984283207446
4435,4435,3.3916666666666675,2.0344090943770503,2.0057984283207446
4436,4436,3.3933333333333326,2.0336461432822155,2.0065613794155794
4437,4437,3.3949999999999996,2.0336461432822155,2.0073243305104143
4438,4438,3.3966666666666674,2.0328831921873807,2.007705806057832
4439,4439,3.3983333333333325,2.033264667734798,2.0073243305104143
4440,4440,3.4000000000000004,2.034027618829633,2.0065613794155794
4441,4441,3.4016666666666673,2.0336461432822155,2.006942854962997
4442,4442,3.4033333333333333,2.0336461432822155,2.006942854962997
4443,4443,3.4050000000000002,2.0344090943770503,2.006942854962997
4444,4444,3.406666666666667,2.034027618829633,2.0073243305104143
4445,4445,3.408333333333334,2.034027618829633,2.007705806057832
4446,4446,3.41,2.0336461432822155,2.0073243305104143
4447,4447,3.411666666666667,2.034027618829633,2.0065613794155794
4448,4448,3.413333333333334,2.0344090943770503,2.007705806057832
4449,4449,3.415,2.0344090943770503,2.0084687571526665
4450,4450,3.416666666666668,2.0344090943770503,2.008087281605249
4451,4451,3.418333333333334,2.03593499656672,2.008087281605249
4452,4452,3.420000000000001,2.0366979476615548,2.007705806057832
4453,4453,3.4216666666666677,2.0363164721141374,2.007705806057832
4454,4454,3.423333333333334,2.0363164721141374,2.008087281605249
4455,4455,3.4250000000000016,2.034027618829633,2.008087281605249
4456,4456,3.4266666666666676,2.0344090943770503,2.0084687571526665
4457,4457,3.4283333333333337,2.03593499656672,2.0073243305104143
4458,4458,3.4300000000000015,2.0363164721141374,2.0065613794155794
4459,4459,3.4316666666666675,2.03593499656672,2.0065613794155794
4460,4460,3.4333333333333336,2.0366979476615548,2.0065613794155794
4461,4461,3.4349999999999996,2.0355535210193025,2.006942854962997
4462,4462,3.4366666666666674,2.0344090943770503,2.0073243305104143
4463,4463,3.4383333333333326,2.0366979476615548,2.008087281605249
4464,4464,3.4400000000000004,2.0366979476615548,2.0084687571526665
4465,4465,3.4416666666666673,2.0363164721141374,2.008850232700084
4466,4466,3.4433333333333334,2.0355535210193025,2.0092317082475013
4467,4467,3.4450000000000003,2.0355535210193025,2.0092317082475013
4468,4468,3.446666666666667,2.0355535210193025,2.008850232700084
4469,4469,3.448333333333334,2.0344090943770503,2.009994659342336
4470,4470,3.45,2.0355535210193025,2.009994659342336
4471,4471,3.451666666666667,2.0366979476615548,2.0096131837949187
4472,4472,3.453333333333334,2.037842374303807,2.0084687571526665
4473,4473,3.455,2.038986800946059,2.008850232700084
4474,4474,3.456666666666668,2.037842374303807,2.0092317082475013
4475,4475,3.458333333333334,2.0366979476615548,2.0092317082475013
4476,4476,3.460000000000001,2.0366979476615548,2.0092317082475013
4477,4477,3.461666666666668,2.0370794232089717,2.0092317082475013
4478,4478,3.463333333333334,2.0363164721141374,2.0096131837949187
4479,4479,3.4650000000000016,2.0363164721141374,2.010757610437171
4480,4480,3.4666666666666677,2.0366979476615548,2.0096131837949187
4481,4481,3.4683333333333337,2.037842374303807,2.0092317082475013
4482,4482,3.4700000000000015,2.037842374303807,2.0096131837949187
4483,4483,3.4716666666666676,2.0374608987563896,2.009994659342336
4484,4484,3.4733333333333336,2.0374608987563896,2.010757610437171
4485,4485,3.4749999999999996,2.0374608987563896,2.010376134889753
4486,4486,3.4766666666666675,2.037842374303807,2.010376134889753
4487,4487,3.4783333333333326,2.0374608987563896,2.010757610437171
4488,4488,3.4800000000000004,2.0370794232089717,2.0111390859845883
4489,4489,3.4816666666666674,2.0374608987563896,2.0111390859845883
4490,4490,3.4833333333333325,2.0382238498512244,2.0115205615320058
4491,4491,3.4850000000000003,2.038605325398642,2.011902037079423
4492,4492,3.4866666666666672,2.0393682764934766,2.0115205615320058
4493,4493,3.488333333333334,2.0393682764934766,2.010757610437171
4494,4494,3.49,2.038605325398642,2.009994659342336
4495,4495,3.491666666666667,2.038605325398642,2.010757610437171
4496,4496,3.493333333333334,2.041275654230564,2.009994659342336
4497,4497,3.495,2.039749752040894,2.0096131837949187
4498,4498,3.496666666666667,2.037842374303807,2.010757610437171
4499,4499,3.498333333333334,2.038986800946059,2.012283512626841
4500,4500,3.500000000000001,2.038605325398642,2.012283512626841
4501,4501,3.501666666666668,2.039749752040894,2.0115205615320058
4502,4502,3.503333333333334,2.041657129777981,2.0115205615320058
4503,4503,3.505000000000001,2.0405127031357293,2.0115205615320058
4504,4504,3.5066666666666677,2.0393682764934766,2.011902037079423
4505,4505,3.5083333333333337,2.038986800946059,2.011902037079423
4506,4506,3.5100000000000016,2.038986800946059,2.011902037079423
4507,4507,3.5116666666666676,2.039749752040894,2.012283512626841
4508,4508,3.5133333333333336,2.0401312275883114,2.012283512626841
4509,4509,3.5150000000000015,2.041275654230564,2.012664988174258
4510,4510,3.5166666666666675,2.0408941786831463,2.011902037079423
4511,4511,3.5183333333333326,2.039749752040894,2.012283512626841
4512,4512,3.5199999999999996,2.038986800946059,2.012283512626841
4513,4513,3.5216666666666674,2.0408941786831463,2.012664988174258
4514,4514,3.5233333333333325,2.0401312275883114,2.012283512626841
4515,4515,3.5250000000000004,2.0401312275883114,2.0130464637216754
4516,4516,3.5266666666666673,2.0401312275883114,2.01380941481651
4517,4517,3.5283333333333333,2.038986800946059,2.014190890363928
4518,4518,3.5300000000000002,2.038605325398642,2.014190890363928
4519,4519,3.531666666666667,2.0393682764934766,2.0130464637216754
4520,4520,3.533333333333334,2.0401312275883114,2.011902037079423
4521,4521,3.535,2.0408941786831463,2.012664988174258
4522,4522,3.536666666666667,2.0420386053253985,2.01380941481651
4523,4523,3.538333333333334,2.041657129777981,2.01380941481651
4524,4524,3.540000000000001,2.041275654230564,2.014572365911345
4525,4525,3.541666666666668,2.0420386053253985,2.01380941481651
4526,4526,3.543333333333334,2.0431830319676507,2.013427939269093
4527,4527,3.545000000000001,2.0420386053253985,2.014190890363928
4528,4528,3.5466666666666677,2.041275654230564,2.0149538414587624
4529,4529,3.548333333333334,2.0420386053253985,2.014572365911345
4530,4530,3.5500000000000016,2.0431830319676507,2.014190890363928
4531,4531,3.5516666666666676,2.042420080872816,2.01380941481651
4532,4532,3.5533333333333337,2.0420386053253985,2.01380941481651
4533,4533,3.5550000000000015,2.041275654230564,2.013427939269093
4534,4534,3.5566666666666675,2.041657129777981,2.013427939269093
4535,4535,3.5583333333333336,2.041275654230564,2.014572365911345
4536,4536,3.5599999999999996,2.041657129777981,2.016479743648432
4537,4537,3.5616666666666674,2.041275654230564,2.0176241702906843
4538,4538,3.5633333333333326,2.0420386053253985,2.017242694743267
4539,4539,3.5650000000000004,2.0420386053253985,2.016479743648432
4540,4540,3.5666666666666673,2.041275654230564,2.0157167925535973
4541,4541,3.5683333333333334,2.042420080872816,2.01533531700618
4542,4542,3.5700000000000003,2.042420080872816,2.016479743648432
4543,4543,3.571666666666667,2.0420386053253985,2.0160982681010147
4544,4544,3.573333333333334,2.042420080872816,2.0160982681010147
4545,4545,3.575,2.0420386053253985,2.017242694743267
4546,4546,3.576666666666667,2.0431830319676507,2.0187685969329365
4547,4547,3.578333333333334,2.043945983062485,2.0187685969329365
4548,4548,3.58,2.0428015564202333,2.019150072480354
4549,4549,3.581666666666668,2.0428015564202333,2.0202944991226057
4550,4550,3.583333333333334,2.0428015564202333,2.021057450217441
4551,4551,3.585000000000001,2.042420080872816,2.0214389257648584
4552,4552,3.586666666666668,2.042420080872816,2.021820401312276
4553,4553,3.588333333333334,2.0431830319676507,2.022201876859693
4554,4554,3.5900000000000016,2.0431830319676507,2.022964827954528
4555,4555,3.5916666666666677,2.044327458609903,2.023346303501945
4556,4556,3.5933333333333337,2.044327458609903,2.0244907301441977
4557,4557,3.5950000000000015,2.043945983062485,2.02563515678645
4558,4558,3.5966666666666676,2.044327458609903,2.0252536812390325
4559,4559,3.5983333333333336,2.0447089341573204,2.02563515678645
4560,4560,3.5999999999999996,2.044327458609903,2.0271610589761195
4561,4561,3.6016666666666675,2.043945983062485,2.0279240100709544
4562,4562,3.6033333333333326,2.0431830319676507,2.0267795834287017
4563,4563,3.6050000000000004,2.0428015564202333,2.0263981078812847
4564,4564,3.6066666666666674,2.0428015564202333,2.0263981078812847
4565,4565,3.6083333333333325,2.0431830319676507,2.0279240100709544
4566,4566,3.6100000000000003,2.0447089341573204,2.030212863355459
4567,4567,3.6116666666666672,2.0447089341573204,2.030212863355459
4568,4568,3.613333333333334,2.043945983062485,2.030212863355459
4569,4569,3.615,2.043564507515068,2.0298313878080414
4570,4570,3.616666666666667,2.043945983062485,2.0298313878080414
4571,4571,3.618333333333334,2.043945983062485,2.0309758144502936
4572,4572,3.62,2.043564507515068,2.0328831921873807
4573,4573,3.621666666666667,2.044327458609903,2.0336461432822155
4574,4574,3.623333333333334,2.043945983062485,2.0344090943770503
4575,4575,3.625000000000001,2.043945983062485,2.035172045471885
4576,4576,3.626666666666668,2.045471885252155,2.0344090943770503
4577,4577,3.628333333333334,2.046997787441825,2.0355535210193025
4578,4578,3.630000000000001,2.046997787441825,2.037842374303807
4579,4579,3.6316666666666677,2.04623483634699,2.037842374303807
4580,4580,3.6333333333333337,2.0447089341573204,2.038605325398642
4581,4581,3.6350000000000016,2.0450904097047378,2.038605325398642
4582,4582,3.6366666666666676,2.044327458609903,2.038605325398642
4583,4583,3.6383333333333336,2.044327458609903,2.0393682764934766
4584,4584,3.6400000000000015,2.0450904097047378,2.0405127031357293
4585,4585,3.6416666666666675,2.045471885252155,2.042420080872816
4586,4586,3.6433333333333326,2.0458533607995726,2.0431830319676507
4587,4587,3.6449999999999996,2.04623483634699,2.044327458609903
4588,4588,3.6466666666666674,2.0458533607995726,2.0447089341573204
4589,4589,3.6483333333333325,2.04623483634699,2.0450904097047378
4590,4590,3.6500000000000004,2.04623483634699,2.046997787441825
4591,4591,3.6516666666666673,2.04623483634699,2.046997787441825
4592,4592,3.6533333333333333,2.04776073853666,2.0466163118944074
4593,4593,3.6550000000000002,2.04776073853666,2.04623483634699
4594,4594,3.656666666666667,2.046997787441825,2.0466163118944074
4595,4595,3.658333333333334,2.0485236896314944,2.0466163118944074
4596,4596,3.66,2.04776073853666,2.045471885252155
4597,4597,3.661666666666667,2.04776073853666,2.043945983062485
4598,4598,3.663333333333334,2.050049591821164,2.043945983062485
4599,4599,3.665000000000001,2.0496681162737467,2.043945983062485
4600,4600,3.666666666666668,2.0496681162737467,2.043945983062485
4601,4601,3.668333333333334,2.0515754940108337,2.043564507515068
4602,4602,3.670000000000001,2.0519569695582507,2.043564507515068
4603,4603,3.6716666666666677,2.052719920653086,2.043564507515068
4604,4604,3.673333333333334,2.0534828717479208,2.0428015564202333
4605,4605,3.6750000000000016,2.053864347295338,2.0428015564202333
4606,4606,3.6766666666666676,2.0550087739375904,2.042420080872816
4607,4607,3.6783333333333337,2.0553902494850083,2.042420080872816
4608,4608,3.6800000000000015,2.054245822842756,2.0420386053253985
4609,4609,3.6816666666666675,2.0534828717479208,2.041275654230564
4610,4610,3.6833333333333336,2.053864347295338,2.0408941786831463
4611,4611,3.6849999999999996,2.055771725032425,2.041657129777981
4612,4612,3.6866666666666674,2.056916151674677,2.0408941786831463
4613,4613,3.6883333333333326,2.055771725032425,2.0401312275883114
4614,4614,3.6900000000000004,2.056916151674677,2.039749752040894
4615,4615,3.6916666666666673,2.0576791027695123,2.039749752040894
4616,4616,3.6933333333333334,2.0580605783169297,2.039749752040894
4617,4617,3.6950000000000003,2.058442053864347,2.039749752040894
4618,4618,3.696666666666667,2.059205004959182,2.0401312275883114
4619,4619,3.698333333333334,2.060349431601434,2.0408941786831463
4620,4620,3.7,2.061112382696269,2.041657129777981
4621,4621,3.701666666666667,2.062256809338521,2.041657129777981
4622,4622,3.703333333333334,2.063019760433356,2.042420080872816
4623,4623,3.705,2.0626382848859386,2.043564507515068
4624,4624,3.706666666666668,2.063019760433356,2.0466163118944074
4625,4625,3.708333333333334,2.063782711528191,2.050049591821164
4626,4626,3.710000000000001,2.064927138170443,2.053101396200504
4627,4627,3.711666666666668,2.0660715648126957,2.0550087739375904
4628,4628,3.713333333333334,2.0660715648126957,2.056916151674677
4629,4629,3.7150000000000016,2.0664530403601127,2.0588235294117645
4630,4630,3.7166666666666677,2.067597467002365,2.0607309071488515
4631,4631,3.7183333333333337,2.067597467002365,2.062256809338521
4632,4632,3.7200000000000015,2.0683604180972,2.0634012359807734
4633,4633,3.7216666666666676,2.069504844739452,2.063019760433356
4634,4634,3.7233333333333336,2.069504844739452,2.0634012359807734
4635,4635,3.7249999999999996,2.069504844739452,2.064164187075608
4636,4636,3.7266666666666675,2.0706492713817046,2.064164187075608
4637,4637,3.7283333333333326,2.0714122224765394,2.064164187075608
4638,4638,3.7300000000000004,2.071793698023957,2.064927138170443
4639,4639,3.7316666666666674,2.0721751735713743,2.0645456626230256
4640,4640,3.7333333333333325,2.073701075761044,2.0653086137178605
4641,4641,3.7350000000000003,2.0740825513084613,2.0664530403601127
4642,4642,3.7366666666666672,2.073701075761044,2.0672159914549475
4643,4643,3.738333333333334,2.073701075761044,2.06683451590753
4644,4644,3.74,2.0744640268558787,2.065690089265278
4645,4645,3.741666666666667,2.0744640268558787,2.065690089265278
4646,4646,3.743333333333334,2.073701075761044,2.0660715648126957
4647,4647,3.745,2.072556649118792,2.064927138170443
4648,4648,3.746666666666667,2.072938124666209,2.064927138170443
4649,4649,3.748333333333334,2.0740825513084613,2.0664530403601127
4650,4650,3.750000000000001,2.0733196002136265,2.0664530403601127
4651,4651,3.751666666666668,2.072556649118792,2.06683451590753
4652,4652,3.753333333333334,2.0721751735713743,2.0672159914549475
4653,4653,3.755000000000001,2.072938124666209,2.06683451590753
4654,4654,3.7566666666666677,2.0721751735713743,2.0672159914549475
4655,4655,3.7583333333333337,2.071793698023957,2.06683451590753
4656,4656,3.7600000000000016,2.0721751735713743,2.0672159914549475
4657,4657,3.7616666666666676,2.072556649118792,2.0679789425497823
4658,4658,3.7633333333333336,2.0714122224765394,2.067597467002365
4659,4659,3.7650000000000015,2.0714122224765394,2.0672159914549475
4660,4660,3.7666666666666675,2.0702677958342868,2.0683604180972
4661,4661,3.7683333333333326,2.0702677958342868,2.0672159914549475
4662,4662,3.7699999999999996,2.0702677958342868,2.0683604180972
4663,4663,3.7716666666666674,2.0698863202868694,2.0691233691920345
4664,4664,3.7733333333333325,2.069504844739452,2.0687418936446167
4665,4665,3.7750000000000004,2.0702677958342868,2.069504844739452
4666,4666,3.7766666666666673,2.0706492713817046,2.0698863202868694
4667,4667,3.7783333333333333,2.0702677958342868,2.0698863202868694
4668,4668,3.7800000000000002,2.0706492713817046,2.071030746929122
4669,4669,3.781666666666667,2.072556649118792,2.071030746929122
4670,4670,3.783333333333334,2.0721751735713743,2.0714122224765394
4671,4671,3.785,2.071793698023957,2.0721751735713743
4672,4672,3.786666666666667,2.0721751735713743,2.071793698023957
4673,4673,3.788333333333334,2.072556649118792,2.0702677958342868
4674,4674,3.790000000000001,2.0744640268558787,2.0698863202868694
4675,4675,3.791666666666668,2.077515831235218,2.0706492713817046
4676,4676,3.793333333333334,2.0798046845197224,2.071793698023957
4677,4677,3.795000000000001,2.0824750133516443,2.071793698023957
4678,4678,3.7966666666666677,2.085908293278401,2.071793698023957
4679,4679,3.798333333333334,2.087815671015488,2.071793698023957
4680,4680,3.8000000000000016,2.0885786221103233,2.071793698023957
4681,4681,3.8016666666666676,2.0901045242999925,2.0721751735713743
4682,4682,3.8033333333333337,2.0908674753948278,2.071793698023957
4683,4683,3.8050000000000015,2.0912489509422447,2.0721751735713743
4684,4684,3.8066666666666675,2.092393377584497,2.0733196002136265
4685,4685,3.8083333333333336,2.0927748531319144,2.0733196002136265
4686,4686,3.8099999999999996,2.092393377584497,2.0740825513084613
4687,4687,3.8116666666666674,2.093156328679332,2.0733196002136265
4688,4688,3.8133333333333326,2.0935378042267487,2.072556649118792
4689,4689,3.8150000000000004,2.092393377584497,2.072556649118792
4690,4690,3.8166666666666673,2.092393377584497,2.0721751735713743
4691,4691,3.8183333333333334,2.093156328679332,2.072938124666209
4692,4692,3.8200000000000003,2.093156328679332,2.072556649118792
4693,4693,3.821666666666667,2.0935378042267487,2.072556649118792
4694,4694,3.823333333333334,2.0935378042267487,2.0733196002136265
4695,4695,3.825,2.0935378042267487,2.0733196002136265
4696,4696,3.826666666666667,2.094300755321584,2.072556649118792
4697,4697,3.828333333333334,2.0939192797741666,2.072938124666209
4698,4698,3.83,2.094300755321584,2.0733196002136265
4699,4699,3.831666666666668,2.095063706416419,2.072556649118792
4700,4700,3.833333333333334,2.095445181963836,2.072938124666209
4701,4701,3.835000000000001,2.0962081330586706,2.0733196002136265
4702,4702,3.836666666666668,2.095445181963836,2.073701075761044
4703,4703,3.838333333333334,2.094300755321584,2.073701075761044
4704,4704,3.8400000000000016,2.0962081330586706,2.0740825513084613
4705,4705,3.8416666666666677,2.0965896086060885,2.0744640268558787
4706,4706,3.8433333333333337,2.0958266575112536,2.0744640268558787
4707,4707,3.8450000000000015,2.0958266575112536,2.0740825513084613
4708,4708,3.8466666666666676,2.095445181963836,2.073701075761044
4709,4709,3.8483333333333336,2.095445181963836,2.075226977950713
4710,4710,3.8499999999999996,2.0962081330586706,2.075608453498131
4711,4711,3.8516666666666675,2.0965896086060885,2.074845502403296
4712,4712,3.8533333333333326,2.0962081330586706,2.075226977950713
4713,4713,3.8550000000000004,2.095445181963836,2.0763714045929658
4714,4714,3.8566666666666674,2.0977340352483407,2.0767528801403827
4715,4715,3.8583333333333334,2.0977340352483407,2.0763714045929658
4716,4716,3.8600000000000003,2.098115510795758,2.075226977950713
4717,4717,3.8616666666666672,2.0984969863431755,2.075608453498131
4718,4718,3.863333333333334,2.0984969863431755,2.0759899290455484
4719,4719,3.865,2.0984969863431755,2.0759899290455484
4720,4720,3.866666666666667,2.100022888532845,2.0763714045929658
4721,4721,3.868333333333334,2.10078583962768,2.0767528801403827
4722,4722,3.87,2.1004043640802625,2.077515831235218
4723,4723,3.871666666666667,2.10078583962768,2.077515831235218
4724,4724,3.873333333333334,2.10078583962768,2.0771343556878006
4725,4725,3.875000000000001,2.099641412985428,2.0771343556878006
4726,4726,3.876666666666668,2.0992599374380103,2.0778973067826354
4727,4727,3.878333333333334,2.0984969863431755,2.0778973067826354
4728,4728,3.880000000000001,2.099641412985428,2.0782787823300533
4729,4729,3.8816666666666677,2.099641412985428,2.0778973067826354
4730,4730,3.8833333333333337,2.099641412985428,2.079041733424888
4731,4731,3.8850000000000016,2.1004043640802625,2.079041733424888
4732,4732,3.8866666666666676,2.099641412985428,2.0786602578774698
4733,4733,3.8883333333333336,2.10078583962768,2.08018616006714
4734,4734,3.8900000000000015,2.1004043640802625,2.0809491111619747
4735,4735,3.8916666666666675,2.099641412985428,2.0805676356145573
4736,4736,3.8933333333333326,2.1004043640802625,2.0805676356145573
4737,4737,3.8949999999999996,2.1004043640802625,2.08018616006714
4738,4738,3.8966666666666674,2.1004043640802625,2.08018616006714
4739,4739,3.8983333333333325,2.1011673151750974,2.0798046845197224
4740,4740,3.9000000000000004,2.100022888532845,2.079041733424888
4741,4741,3.9016666666666673,2.1004043640802625,2.0786602578774698
4742,4742,3.9033333333333333,2.1019302662699317,2.079041733424888
4743,4743,3.9050000000000002,2.1011673151750974,2.08018616006714
4744,4744,3.906666666666667,2.100022888532845,2.08018616006714
4745,4745,3.908333333333334,2.10078583962768,2.08018616006714
4746,4746,3.91,2.10078583962768,2.0809491111619747
4747,4747,3.911666666666667,2.10078583962768,2.0809491111619747
4748,4748,3.913333333333334,2.1023117418173496,2.0813305867093916
4749,4749,3.915000000000001,2.102693217364767,2.0813305867093916
4750,4750,3.916666666666668,2.1019302662699317,2.08018616006714
4751,4751,3.918333333333334,2.10078583962768,2.0809491111619747
4752,4752,3.920000000000001,2.1015487907225148,2.081712062256809
4753,4753,3.9216666666666677,2.1038376440070192,2.0809491111619747
4754,4754,3.923333333333334,2.103456168459602,2.0805676356145573
4755,4755,3.9250000000000016,2.1030746929121844,2.0805676356145573
4756,4756,3.9266666666666676,2.103456168459602,2.0809491111619747
4757,4757,3.9283333333333337,2.1015487907225148,2.0813305867093916
4758,4758,3.9300000000000015,2.1004043640802625,2.0813305867093916
4759,4759,3.9316666666666675,2.102693217364767,2.0809491111619747
4760,4760,3.9333333333333336,2.1038376440070192,2.0813305867093916
4761,4761,3.9349999999999996,2.1030746929121844,2.081712062256809
4762,4762,3.9366666666666674,2.1038376440070192,2.0809491111619747
4763,4763,3.9383333333333326,2.103456168459602,2.081712062256809
4764,4764,3.9400000000000004,2.1023117418173496,2.0824750133516443
4765,4765,3.9416666666666673,2.103456168459602,2.083237964446479
4766,4766,3.9433333333333334,2.1042191195544366,2.083237964446479
4767,4767,3.9450000000000003,2.1042191195544366,2.0824750133516443
4768,4768,3.946666666666667,2.1038376440070192,2.082093537804227
4769,4769,3.948333333333334,2.1049820706492715,2.0836194399938965
4770,4770,3.95,2.1042191195544366,2.0836194399938965
4771,4771,3.951666666666667,2.103456168459602,2.083237964446479
4772,4772,3.953333333333334,2.1042191195544366,2.0828564888990617
4773,4773,3.955,2.1057450217441063,2.082093537804227
4774,4774,3.956666666666668,2.105363546196689,2.083237964446479
4775,4775,3.958333333333334,2.105363546196689,2.0836194399938965
4776,4776,3.960000000000001,2.104600595101854,2.0836194399938965
4777,4777,3.961666666666668,2.1049820706492715,2.083237964446479
4778,4778,3.963333333333334,2.106126497291524,2.0828564888990617
4779,4779,3.9650000000000016,2.106126497291524,2.084000915541314
4780,4780,3.9666666666666677,2.106507972838941,2.084000915541314
4781,4781,3.9683333333333337,2.107270923933776,2.084000915541314
4782,4782,3.9700000000000015,2.1076523994811933,2.084382391088732
4783,4783,3.9716666666666676,2.1068894483863585,2.084382391088732
4784,4784,3.9733333333333336,2.106126497291524,2.0847638666361488
4785,4785,3.9749999999999996,2.106507972838941,2.085526817730984
4786,4786,3.9766666666666675,2.108415350576028,2.085908293278401
4787,4787,3.9783333333333326,2.1080338750286107,2.0862897688258184
4788,4788,3.9800000000000004,2.1068894483863585,2.085908293278401
4789,4789,3.9816666666666674,2.106126497291524,2.085526817730984
4790,4790,3.9833333333333334,2.106126497291524,2.0851453421835657
4791,4791,3.9850000000000003,2.1080338750286107,2.084000915541314
4792,4792,3.9866666666666672,2.108796826123445,2.084382391088732
4793,4793,3.988333333333334,2.108415350576028,2.085526817730984
4794,4794,3.99,2.1076523994811933,2.0847638666361488
4795,4795,3.991666666666667,2.1080338750286107,2.0851453421835657
4796,4796,3.993333333333334,2.109178301670863,2.085526817730984
4797,4797,3.995,2.108796826123445,2.085526817730984
4798,4798,3.996666666666667,2.1095597772182804,2.0862897688258184
4799,4799,3.998333333333334,2.1095597772182804,2.085526817730984
4800,4800,4.0,2.1095597772182804,2.085526817730984
4801,4801,4.001666666666667,2.1114671549553674,2.085908293278401
4802,4802,4.003333333333334,2.111848630502785,2.085908293278401
4803,4803,4.005000000000001,2.11108567940795,2.086671244373236
4804,4804,4.006666666666668,2.1099412527656978,2.086671244373236
4805,4805,4.008333333333335,2.11108567940795,2.085908293278401
4806,4806,4.01,2.1095597772182804,2.086671244373236
4807,4807,4.011666666666667,2.108796826123445,2.087815671015488
4808,4808,4.013333333333334,2.11108567940795,2.0862897688258184
4809,4809,4.015000000000001,2.1107042038605326,2.0862897688258184
4810,4810,4.0166666666666675,2.1095597772182804,2.0862897688258184
4811,4811,4.018333333333334,2.1107042038605326,2.086671244373236
4812,4812,4.020000000000001,2.1103227283131147,2.087815671015488
4813,4813,4.021666666666668,2.1095597772182804,2.0885786221103233
4814,4814,4.023333333333332,2.11108567940795,2.088197146562905
4815,4815,4.025,2.1103227283131147,2.087815671015488
4816,4816,4.026666666666667,2.1103227283131147,2.087052719920653
4817,4817,4.028333333333334,2.111848630502785,2.0885786221103233
4818,4818,4.030000000000001,2.1122301060502022,2.089723048752575
4819,4819,4.031666666666668,2.1114671549553674,2.0893415732051577
4820,4820,4.033333333333333,2.1122301060502022,2.0893415732051577
4821,4821,4.035,2.1122301060502022,2.0889600976577403
4822,4822,4.036666666666667,2.1107042038605326,2.08743419546807
4823,4823,4.038333333333334,2.111848630502785,2.087052719920653
4824,4824,4.040000000000001,2.11261158159762,2.0889600976577403
4825,4825,4.041666666666668,2.1122301060502022,2.089723048752575
4826,4826,4.043333333333333,2.11108567940795,2.089723048752575
4827,4827,4.045,2.1107042038605326,2.089723048752575
4828,4828,4.046666666666667,2.1122301060502022,2.0889600976577403
4829,4829,4.048333333333334,2.113756008239872,2.0889600976577403
4830,4830,4.050000000000001,2.1133745326924545,2.089723048752575
4831,4831,4.051666666666668,2.1129930571450366,2.0901045242999925
4832,4832,4.053333333333335,2.113756008239872,2.0908674753948278
4833,4833,4.055,2.1129930571450366,2.0901045242999925
4834,4834,4.056666666666667,2.1129930571450366,2.0908674753948278
4835,4835,4.058333333333334,2.1141374837872893,2.0901045242999925
4836,4836,4.0600000000000005,2.114900434882124,2.0901045242999925
4837,4837,4.061666666666667,2.1141374837872893,2.09048599984741
4838,4838,4.063333333333334,2.113756008239872,2.091630426489662
4839,4839,4.065000000000001,2.11261158159762,2.0920119020370795
4840,4840,4.066666666666666,2.1145189593347067,2.0912489509422447
4841,4841,4.068333333333333,2.1145189593347067,2.09048599984741
4842,4842,4.07,2.1122301060502022,2.0920119020370795
4843,4843,4.071666666666667,2.1129930571450366,2.0920119020370795
4844,4844,4.073333333333334,2.1141374837872893,2.0927748531319144
4845,4845,4.075000000000001,2.113756008239872,2.0939192797741666
4846,4846,4.076666666666668,2.1145189593347067,2.0946822308690014
4847,4847,4.078333333333333,2.1160448615243763,2.0962081330586706
4848,4848,4.08,2.1145189593347067,2.0962081330586706
4849,4849,4.081666666666667,2.1141374837872893,2.0958266575112536
4850,4850,4.083333333333334,2.115281910429541,2.0977340352483407
4851,4851,4.085000000000001,2.1145189593347067,2.099641412985428
4852,4852,4.086666666666668,2.113756008239872,2.0992599374380103
4853,4853,4.088333333333335,2.1160448615243763,2.0992599374380103
4854,4854,4.09,2.115281910429541,2.0984969863431755
4855,4855,4.091666666666667,2.114900434882124,2.099641412985428
4856,4856,4.093333333333334,2.116807812619211,2.1019302662699317
4857,4857,4.095000000000001,2.116807812619211,2.1023117418173496
4858,4858,4.096666666666668,2.115663385976959,2.1023117418173496
4859,4859,4.0983333333333345,2.115281910429541,2.1019302662699317
4860,4860,4.1,2.116807812619211,2.1023117418173496
4861,4861,4.101666666666668,2.115281910429541,2.103456168459602
4862,4862,4.103333333333332,2.115281910429541,2.103456168459602
4863,4863,4.105,2.1164263370717937,2.103456168459602
4864,4864,4.106666666666667,2.115663385976959,2.1038376440070192
4865,4865,4.108333333333334,2.115281910429541,2.104600595101854
4866,4866,4.110000000000001,2.116807812619211,2.1057450217441063
4867,4867,4.111666666666666,2.1171892881666285,2.106507972838941
4868,4868,4.113333333333333,2.116807812619211,2.105363546196689
4869,4869,4.115,2.1164263370717937,2.1049820706492715
4870,4870,4.116666666666667,2.1171892881666285,2.1057450217441063
4871,4871,4.118333333333334,2.1171892881666285,2.104600595101854
4872,4872,4.120000000000001,2.116807812619211,2.1049820706492715
4873,4873,4.121666666666668,2.117570763714046,2.106126497291524
4874,4874,4.123333333333333,2.1183337148088808,2.106126497291524
4875,4875,4.125,2.1171892881666285,2.1057450217441063
4876,4876,4.126666666666667,2.115281910429541,2.1057450217441063
4877,4877,4.128333333333334,2.1171892881666285,2.1057450217441063
4878,4878,4.130000000000001,2.117952239261464,2.106507972838941
4879,4879,4.131666666666668,2.117952239261464,2.1068894483863585
4880,4880,4.133333333333335,2.119096665903716,2.106126497291524
4881,4881,4.135,2.120622568093385,2.107270923933776
4882,4882,4.136666666666667,2.118715190356298,2.108415350576028
4883,4883,4.138333333333334,2.118715190356298,2.108796826123445
4884,4884,4.140000000000001,2.1198596169985504,2.108415350576028
4885,4885,4.1416666666666675,2.119096665903716,2.109178301670863
4886,4886,4.143333333333334,2.119096665903716,2.108796826123445
4887,4887,4.145000000000001,2.121004043640802,2.108796826123445
4888,4888,4.146666666666668,2.122148470283055,2.1103227283131147
4889,4889,4.148333333333332,2.1225299458304723,2.11108567940795
4890,4890,4.15,2.121766994735637,2.1114671549553674
4891,4891,4.151666666666667,2.121004043640802,2.1107042038605326
4892,4892,4.153333333333334,2.12138551918822,2.1107042038605326
4893,4893,4.155000000000001,2.1198596169985504,2.1129930571450366
4894,4894,4.156666666666668,2.119478141451133,2.1141374837872893
4895,4895,4.158333333333333,2.1198596169985504,2.113756008239872
4896,4896,4.16,2.12138551918822,2.113756008239872
4897,4897,4.161666666666667,2.1225299458304723,2.113756008239872
4898,4898,4.163333333333334,2.123292896925307,2.1133745326924545
4899,4899,4.165000000000001,2.1244373235675598,2.1141374837872893
4900,4900,4.166666666666668,2.125200274662394,2.115281910429541
4901,4901,4.168333333333333,2.126726176852064,2.1160448615243763
4902,4902,4.17,2.127870603494316,2.1145189593347067
4903,4903,4.171666666666667,2.1282520790417334,2.1141374837872893
4904,4904,4.173333333333334,2.1293965056839856,2.1145189593347067
4905,4905,4.175000000000001,2.129777981231403,2.115663385976959
4906,4906,4.176666666666668,2.129015030136568,2.114900434882124
4907,4907,4.178333333333335,2.129015030136568,2.113756008239872
4908,4908,4.18,2.1301594567788205,2.114900434882124
4909,4909,4.181666666666667,2.1301594567788205,2.114900434882124
4910,4910,4.183333333333334,2.1301594567788205,2.1145189593347067
4911,4911,4.1850000000000005,2.1309224078736557,2.1160448615243763
4912,4912,4.186666666666667,2.1305409323262383,2.1160448615243763
4913,4913,4.188333333333334,2.1309224078736557,2.115663385976959
4914,4914,4.190000000000001,2.1320668345159075,2.115663385976959
4915,4915,4.191666666666666,2.13321126115816,2.1160448615243763
4916,4916,4.193333333333333,2.132448310063325,2.115663385976959
4917,4917,4.195,2.1309224078736557,2.1164263370717937
4918,4918,4.196666666666667,2.132448310063325,2.116807812619211
4919,4919,4.198333333333334,2.1328297856107423,2.1164263370717937
4920,4920,4.200000000000001,2.132448310063325,2.1171892881666285
4921,4921,4.201666666666668,2.13321126115816,2.117952239261464
4922,4922,4.203333333333333,2.1335927367055767,2.117952239261464
4923,4923,4.205,2.1328297856107423,2.116807812619211
4924,4924,4.206666666666667,2.1320668345159075,2.116807812619211
4925,4925,4.208333333333334,2.1328297856107423,2.1171892881666285
4926,4926,4.210000000000001,2.135500114442664,2.116807812619211
4927,4927,4.211666666666668,2.135500114442664,2.116807812619211
4928,4928,4.213333333333335,2.135118638895247,2.116807812619211
4929,4929,4.215,2.1358815899900816,2.116807812619211
4930,4930,4.216666666666667,2.1358815899900816,2.116807812619211
4931,4931,4.218333333333334,2.135500114442664,2.1171892881666285
4932,4932,4.220000000000001,2.135500114442664,2.118715190356298
4933,4933,4.221666666666668,2.135500114442664,2.117952239261464
4934,4934,4.2233333333333345,2.1358815899900816,2.116807812619211
4935,4935,4.225,2.1366445410849164,2.117952239261464
4936,4936,4.226666666666668,2.1366445410849164,2.1183337148088808
4937,4937,4.228333333333332,2.1374074921797512,2.117570763714046
4938,4938,4.23,2.137026016632334,2.1183337148088808
4939,4939,4.231666666666667,2.1377889677271686,2.119096665903716
4940,4940,4.233333333333334,2.1393148699168383,2.117570763714046
4941,4941,4.235000000000001,2.1404592965590905,2.1160448615243763
4942,4942,4.236666666666666,2.1412222476539253,2.117952239261464
4943,4943,4.238333333333333,2.140840772106508,2.118715190356298
4944,4944,4.24,2.1404592965590905,2.119096665903716
4945,4945,4.241666666666667,2.140840772106508,2.119478141451133
4946,4946,4.243333333333334,2.14198519874876,2.120622568093385
4947,4947,4.245000000000001,2.1412222476539253,2.119478141451133
4948,4948,4.246666666666668,2.140077821011673,2.119096665903716
4949,4949,4.248333333333333,2.1412222476539253,2.119478141451133
4950,4950,4.25,2.1416037232013427,2.119478141451133
4951,4951,4.251666666666667,2.1412222476539253,2.119478141451133
4952,4952,4.253333333333334,2.1412222476539253,2.121004043640802
4953,4953,4.255000000000001,2.1416037232013427,2.122148470283055
4954,4954,4.256666666666668,2.1416037232013427,2.122148470283055
4955,4955,4.258333333333335,2.14198519874876,2.121004043640802
4956,4956,4.26,2.14198519874876,2.120241092545968
4957,4957,4.261666666666667,2.1416037232013427,2.1198596169985504
4958,4958,4.263333333333334,2.1416037232013427,2.118715190356298
4959,4959,4.265000000000001,2.1423666742961776,2.118715190356298
4960,4960,4.2666666666666675,2.1431296253910124,2.1183337148088808
4961,4961,4.268333333333334,2.1438925764858467,2.119478141451133
4962,4962,4.270000000000001,2.1431296253910124,2.119478141451133
4963,4963,4.271666666666668,2.1431296253910124,2.119478141451133
4964,4964,4.273333333333332,2.1438925764858467,2.1198596169985504
4965,4965,4.275,2.1457999542229342,2.1198596169985504
4966,4966,4.276666666666667,2.145418478675517,2.120622568093385
4967,4967,4.278333333333334,2.1442740520332646,2.12138551918822
4968,4968,4.280000000000001,2.1442740520332646,2.12138551918822
4969,4969,4.281666666666668,2.1442740520332646,2.12138551918822
4970,4970,4.283333333333333,2.1438925764858467,2.121004043640802
4971,4971,4.285,2.1442740520332646,2.120622568093385
4972,4972,4.286666666666667,2.1442740520332646,2.120622568093385
4973,4973,4.288333333333334,2.1446555275806816,2.120241092545968
4974,4974,4.290000000000001,2.1438925764858467,2.120241092545968
4975,4975,4.291666666666668,2.1442740520332646,2.121004043640802
4976,4976,4.293333333333333,2.1450370031280994,2.121004043640802
4977,4977,4.295,2.145418478675517,2.120622568093385
4978,4978,4.296666666666667,2.1457999542229342,2.12138551918822
4979,4979,4.298333333333334,2.1469443808651865,2.122148470283055
4980,4980,4.300000000000001,2.146181429770352,2.122148470283055
4981,4981,4.301666666666668,2.1450370031280994,2.12138551918822
4982,4982,4.303333333333335,2.146181429770352,2.120622568093385
4983,4983,4.305,2.146562905317769,2.121766994735637
4984,4984,4.306666666666667,2.146181429770352,2.121766994735637
4985,4985,4.308333333333334,2.1457999542229342,2.121766994735637
4986,4986,4.3100000000000005,2.145418478675517,2.122148470283055
4987,4987,4.311666666666667,2.1457999542229342,2.121766994735637
4988,4988,4.313333333333334,2.1469443808651865,2.121766994735637
4989,4989,4.315000000000001,2.146562905317769,2.120622568093385
4990,4990,4.316666666666666,2.145418478675517,2.12138551918822
4991,4991,4.318333333333333,2.146181429770352,2.1229114213778897
4992,4992,4.32,2.1469443808651865,2.1229114213778897
4993,4993,4.321666666666667,2.1477073319600213,2.1225299458304723
4994,4994,4.323333333333334,2.1480888075074387,2.1229114213778897
4995,4995,4.325000000000001,2.1477073319600213,2.123292896925307
4996,4996,4.326666666666668,2.1480888075074387,2.1229114213778897
4997,4997,4.328333333333333,2.1480888075074387,2.1225299458304723
4998,4998,4.33,2.1484702830548565,2.1225299458304723
4999,4999,4.331666666666667,2.1477073319600213,2.1225299458304723
5000,5000,4.333333333333334,2.1469443808651865,2.1229114213778897
5001,5001,4.335000000000001,2.148851758602274,2.1225299458304723
5002,5002,4.336666666666668,2.149233234149692,2.1229114213778897
5003,5003,4.338333333333335,2.1477073319600213,2.122148470283055
5004,5004,4.34,2.1477073319600213,2.1225299458304723
5005,5005,4.341666666666667,2.148851758602274,2.1236743724727245
5006,5006,4.343333333333334,2.1484702830548565,2.124055848020142
5007,5007,4.345000000000001,2.147325856412604,2.1236743724727245
5008,5008,4.346666666666668,2.1477073319600213,2.123292896925307
5009,5009,4.3483333333333345,2.148851758602274,2.1229114213778897
5010,5010,4.350000000000001,2.1496147096971088,2.1236743724727245
5011,5011,4.351666666666668,2.1496147096971088,2.1244373235675598
5012,5012,4.353333333333332,2.148851758602274,2.123292896925307
5013,5013,4.355,2.149233234149692,2.1225299458304723
5014,5014,4.356666666666667,2.149233234149692,2.1236743724727245
5015,5015,4.358333333333334,2.1480888075074387,2.1236743724727245
5016,5016,4.360000000000001,2.148851758602274,2.1236743724727245
5017,5017,4.361666666666666,2.1484702830548565,2.123292896925307
5018,5018,4.363333333333333,2.1480888075074387,2.123292896925307
5019,5019,4.365,2.149996185244526,2.1236743724727245
5020,5020,4.366666666666667,2.1496147096971088,2.1236743724727245
5021,5021,4.368333333333334,2.148851758602274,2.123292896925307
5022,5022,4.370000000000001,2.1480888075074387,2.1229114213778897
5023,5023,4.371666666666668,2.1480888075074387,2.1236743724727245
5024,5024,4.373333333333333,2.148851758602274,2.1236743724727245
5025,5025,4.375,2.149233234149692,2.125200274662394
5026,5026,4.376666666666667,2.1496147096971088,2.125200274662394
5027,5027,4.378333333333334,2.149233234149692,2.1244373235675598
5028,5028,4.380000000000001,2.1496147096971088,2.1248187991149767
5029,5029,4.381666666666668,2.1496147096971088,2.1263447013046464
5030,5030,4.383333333333335,2.1496147096971088,2.1274891279468986
5031,5031,4.385,2.149233234149692,2.126726176852064
5032,5032,4.386666666666667,2.149233234149692,2.125963225757229
5033,5033,4.388333333333334,2.1511406118867784,2.1255817502098115
5034,5034,4.390000000000001,2.1511406118867784,2.125963225757229
5035,5035,4.3916666666666675,2.151903562981613,2.1263447013046464
5036,5036,4.393333333333334,2.151903562981613,2.1263447013046464
5037,5037,4.395000000000001,2.1515220874341963,2.1274891279468986
5038,5038,4.396666666666668,2.1515220874341963,2.1282520790417334
5039,5039,4.398333333333332,2.1511406118867784,2.1274891279468986
5040,5040,4.4,2.150377660791944,2.1282520790417334
5041,5041,4.401666666666667,2.150377660791944,2.1293965056839856
5042,5042,4.403333333333334,2.151903562981613,2.129777981231403
5043,5043,4.405000000000001,2.1515220874341963,2.1301594567788205
5044,5044,4.406666666666668,2.1511406118867784,2.1309224078736557
5045,5045,4.408333333333333,2.150377660791944,2.1305409323262383
5046,5046,4.41,2.150377660791944,2.1301594567788205
5047,5047,4.411666666666667,2.150377660791944,2.1309224078736557
5048,5048,4.413333333333334,2.150377660791944,2.13168535896849
5049,5049,4.415000000000001,2.1511406118867784,2.1313038834210727
5050,5050,4.416666666666668,2.1511406118867784,2.1301594567788205
5051,5051,4.418333333333333,2.1511406118867784,2.1301594567788205
5052,5052,4.42,2.1511406118867784,2.1313038834210727
5053,5053,4.421666666666667,2.150377660791944,2.1320668345159075
5054,5054,4.423333333333334,2.150377660791944,2.1305409323262383
5055,5055,4.425000000000001,2.150377660791944,2.1305409323262383
5056,5056,4.426666666666668,2.1507591363393606,2.1309224078736557
5057,5057,4.428333333333335,2.151903562981613,2.1320668345159075
5058,5058,4.43,2.1515220874341963,2.1328297856107423
5059,5059,4.431666666666667,2.1515220874341963,2.132448310063325
5060,5060,4.433333333333334,2.15228503852903,2.1320668345159075
5061,5061,4.4350000000000005,2.15228503852903,2.132448310063325
5062,5062,4.436666666666667,2.15228503852903,2.1328297856107423
5063,5063,4.438333333333334,2.1526665140764485,2.1328297856107423
5064,5064,4.440000000000001,2.15228503852903,2.1320668345159075
5065,5065,4.441666666666666,2.1526665140764485,2.13168535896849
5066,5066,4.443333333333333,2.1538109407187003,2.1328297856107423
5067,5067,4.445,2.1541924162661177,2.13321126115816
5068,5068,4.446666666666667,2.1534294651712833,2.1320668345159075
5069,5069,4.448333333333334,2.1526665140764485,2.132448310063325
5070,5070,4.450000000000001,2.1534294651712833,2.13321126115816
5071,5071,4.451666666666668,2.1534294651712833,2.13321126115816
5072,5072,4.453333333333333,2.151903562981613,2.1320668345159075
5073,5073,4.455,2.1511406118867784,2.132448310063325
5074,5074,4.456666666666667,2.15228503852903,2.1335927367055767
5075,5075,4.458333333333334,2.15228503852903,2.1347371633478294
5076,5076,4.460000000000001,2.1526665140764485,2.134355687800412
5077,5077,4.461666666666668,2.1534294651712833,2.1335927367055767
5078,5078,4.463333333333335,2.1534294651712833,2.1339742122529946
5079,5079,4.465,2.153047989623865,2.1335927367055767
5080,5080,4.466666666666667,2.153047989623865,2.1328297856107423
5081,5081,4.468333333333334,2.1549553673609525,2.1335927367055767
5082,5082,4.470000000000001,2.1557183184557878,2.13321126115816
5083,5083,4.471666666666668,2.1549553673609525,2.13321126115816
5084,5084,4.4733333333333345,2.1549553673609525,2.135118638895247
5085,5085,4.475000000000001,2.1541924162661177,2.134355687800412
5086,5086,4.476666666666668,2.1541924162661177,2.1339742122529946
5087,5087,4.478333333333332,2.1557183184557878,2.1328297856107423
5088,5088,4.48,2.1564812695506217,2.13321126115816
5089,5089,4.481666666666667,2.1568627450980395,2.1339742122529946
5090,5090,4.483333333333334,2.157244220645457,2.1339742122529946
5091,5091,4.485000000000001,2.1560997940032047,2.134355687800412
5092,5092,4.486666666666666,2.1564812695506217,2.134355687800412
5093,5093,4.488333333333333,2.1587701228351266,2.1347371633478294
5094,5094,4.49,2.160296025024796,2.135118638895247
5095,5095,4.491666666666667,2.1595330739299614,2.1347371633478294
5096,5096,4.493333333333334,2.159151598382544,2.134355687800412
5097,5097,4.495000000000001,2.159914549477379,2.135118638895247
5098,5098,4.496666666666668,2.159151598382544,2.1358815899900816
5099,5099,4.498333333333333,2.1587701228351266,2.1366445410849164
5100,5100,4.5,2.158007171740292,2.137026016632334
5101,5101,4.501666666666667,2.159151598382544,2.1366445410849164
5102,5102,4.503333333333334,2.160296025024796,2.1366445410849164
5103,5103,4.505000000000001,2.1595330739299614,2.1366445410849164
5104,5104,4.506666666666668,2.158388647287709,2.135500114442664
5105,5105,4.508333333333335,2.1587701228351266,2.135500114442664
5106,5106,4.51,2.159151598382544,2.1358815899900816
5107,5107,4.511666666666667,2.1595330739299614,2.1366445410849164
5108,5108,4.513333333333334,2.1606775005722136,2.1366445410849164
5109,5109,4.515000000000001,2.1595330739299614,2.136263065537499
5110,5110,4.5166666666666675,2.159151598382544,2.1358815899900816
5111,5111,4.518333333333334,2.1587701228351266,2.1358815899900816
5112,5112,4.520000000000001,2.1587701228351266,2.1358815899900816
5113,5113,4.521666666666668,2.1595330739299614,2.1358815899900816
5114,5114,4.523333333333332,2.159151598382544,2.1366445410849164
5115,5115,4.525,2.1595330739299614,2.1366445410849164
5116,5116,4.526666666666667,2.1606775005722136,2.1366445410849164
5117,5117,4.528333333333334,2.1622034027618837,2.136263065537499
5118,5118,4.530000000000001,2.1622034027618837,2.135500114442664
5119,5119,4.531666666666668,2.161058976119631,2.1358815899900816
5120,5120,4.533333333333333,2.160296025024796,2.135118638895247
5121,5121,4.535,2.1606775005722136,2.136263065537499
5122,5122,4.536666666666667,2.161821927214466,2.1366445410849164
5123,5123,4.538333333333334,2.1622034027618837,2.136263065537499
5124,5124,4.540000000000001,2.1625848783093007,2.1366445410849164
5125,5125,4.541666666666668,2.1625848783093007,2.137026016632334
5126,5126,4.543333333333333,2.161058976119631,2.1374074921797512
5127,5127,4.545,2.1622034027618837,2.1377889677271686
5128,5128,4.546666666666667,2.161058976119631,2.1377889677271686
5129,5129,4.548333333333334,2.159151598382544,2.1377889677271686
5130,5130,4.550000000000001,2.1595330739299614,2.138170443274586
5131,5131,4.551666666666668,2.161058976119631,2.138933394369421
5132,5132,4.553333333333335,2.1622034027618837,2.1393148699168383
5133,5133,4.555,2.1614404516670485,2.1385519188220035
5134,5134,4.556666666666667,2.1606775005722136,2.138170443274586
5135,5135,4.558333333333334,2.1614404516670485,2.138933394369421
5136,5136,4.5600000000000005,2.161058976119631,2.1385519188220035
5137,5137,4.561666666666667,2.160296025024796,2.1377889677271686
5138,5138,4.563333333333334,2.1614404516670485,2.1366445410849164
5139,5139,4.565000000000001,2.161821927214466,2.1374074921797512
5140,5140,4.566666666666666,2.161821927214466,2.138170443274586
5141,5141,4.568333333333333,2.162966353856718,2.138170443274586
5142,5142,4.57,2.162966353856718,2.1385519188220035
5143,5143,4.571666666666667,2.1633478294041355,2.1385519188220035
5144,5144,4.573333333333334,2.1637293049515534,2.138170443274586
5145,5145,4.575000000000001,2.1637293049515534,2.1385519188220035
5146,5146,4.576666666666668,2.1637293049515534,2.1404592965590905
5147,5147,4.578333333333333,2.162966353856718,2.140840772106508
5148,5148,4.58,2.1625848783093007,2.139696345464256
5149,5149,4.581666666666667,2.1625848783093007,2.138933394369421
5150,5150,4.583333333333334,2.1625848783093007,2.138170443274586
5151,5151,4.585000000000001,2.1625848783093007,2.138170443274586
5152,5152,4.586666666666668,2.162966353856718,2.1385519188220035
5153,5153,4.588333333333335,2.1637293049515534,2.138933394369421
5154,5154,4.59,2.1641107804989703,2.138933394369421
5155,5155,4.591666666666667,2.1633478294041355,2.138933394369421
5156,5156,4.593333333333334,2.1637293049515534,2.1377889677271686
5157,5157,4.595000000000001,2.1641107804989703,2.1385519188220035
5158,5158,4.596666666666668,2.1633478294041355,2.140077821011673
5159,5159,4.5983333333333345,2.164873731593805,2.1412222476539253
5160,5160,4.600000000000001,2.1663996337834748,2.1404592965590905
5161,5161,4.601666666666668,2.1652552071412225,2.1404592965590905
5162,5162,4.603333333333332,2.1641107804989703,2.140077821011673
5163,5163,4.605,2.1641107804989703,2.139696345464256
5164,5164,4.606666666666667,2.1622034027618837,2.1393148699168383
5165,5165,4.608333333333334,2.1622034027618837,2.1385519188220035
5166,5166,4.610000000000001,2.1633478294041355,2.139696345464256
5167,5167,4.611666666666666,2.1641107804989703,2.140840772106508
5168,5168,4.613333333333333,2.1652552071412225,2.1393148699168383
5169,5169,4.615,2.16563668268864,2.1393148699168383
5170,5170,4.616666666666667,2.1652552071412225,2.1393148699168383
5171,5171,4.618333333333334,2.164492256046388,2.1393148699168383
5172,5172,4.620000000000001,2.1652552071412225,2.1404592965590905
5173,5173,4.621666666666668,2.166781109330892,2.140840772106508
5174,5174,4.623333333333333,2.1652552071412225,2.140077821011673
5175,5175,4.625,2.164873731593805,2.139696345464256
5176,5176,4.626666666666667,2.166781109330892,2.138933394369421
5177,5177,4.628333333333334,2.1663996337834748,2.1393148699168383
5178,5178,4.630000000000001,2.1637293049515534,2.1404592965590905
5179,5179,4.631666666666668,2.164492256046388,2.140077821011673
5180,5180,4.633333333333335,2.16563668268864,2.1404592965590905
5181,5181,4.635,2.164492256046388,2.1412222476539253
5182,5182,4.636666666666667,2.1637293049515534,2.142748149843595
5183,5183,4.638333333333334,2.16563668268864,2.1423666742961776
5184,5184,4.640000000000001,2.1660181582360574,2.1412222476539253
5185,5185,4.6416666666666675,2.164492256046388,2.140077821011673
5186,5186,4.643333333333334,2.16563668268864,2.140840772106508
5187,5187,4.645000000000001,2.166781109330892,2.14198519874876
5188,5188,4.646666666666668,2.16563668268864,2.14198519874876
5189,5189,4.648333333333332,2.1660181582360574,2.1423666742961776
5190,5190,4.65,2.1663996337834748,2.14198519874876
5191,5191,4.651666666666667,2.1652552071412225,2.1412222476539253
5192,5192,4.653333333333334,2.16563668268864,2.1423666742961776
5193,5193,4.655000000000001,2.1641107804989703,2.1416037232013427
5194,5194,4.656666666666668,2.164492256046388,2.139696345464256
5195,5195,4.658333333333333,2.1660181582360574,2.140077821011673
5196,5196,4.66,2.1675440604257266,2.1416037232013427
5197,5197,4.661666666666667,2.1679255359731444,2.142748149843595
5198,5198,4.663333333333334,2.1663996337834748,2.1412222476539253
5199,5199,4.665000000000001,2.166781109330892,2.1412222476539253
5200,5200,4.666666666666668,2.1663996337834748,2.1416037232013427
5201,5201,4.668333333333333,2.16563668268864,2.1412222476539253
5202,5202,4.67,2.16563668268864,2.140840772106508
5203,5203,4.671666666666667,2.16563668268864,2.1412222476539253
5204,5204,4.673333333333334,2.1663996337834748,2.1416037232013427
5205,5205,4.675000000000001,2.166781109330892,2.14198519874876
5206,5206,4.676666666666668,2.1663996337834748,2.1431296253910124
5207,5207,4.678333333333335,2.1671625848783096,2.142748149843595
5208,5208,4.68,2.168307011520562,2.1431296253910124
5209,5209,4.681666666666667,2.1675440604257266,2.1431296253910124
5210,5210,4.683333333333334,2.1671625848783096,2.14351110093843
5211,5211,4.6850000000000005,2.168307011520562,2.14351110093843
5212,5212,4.686666666666667,2.1679255359731444,2.1423666742961776
5213,5213,4.688333333333334,2.1675440604257266,2.14198519874876
5214,5214,4.690000000000001,2.1679255359731444,2.1423666742961776
5215,5215,4.691666666666666,2.1660181582360574,2.1423666742961776
5216,5216,4.693333333333333,2.16563668268864,2.1416037232013427
5217,5217,4.695,2.1679255359731444,2.1423666742961776
5218,5218,4.696666666666667,2.1675440604257266,2.14351110093843
5219,5219,4.698333333333334,2.1660181582360574,2.1438925764858467
5220,5220,4.700000000000001,2.1660181582360574,2.1431296253910124
5221,5221,4.701666666666668,2.1675440604257266,2.14351110093843
5222,5222,4.703333333333333,2.1679255359731444,2.14351110093843
5223,5223,4.705,2.1675440604257266,2.1438925764858467
5224,5224,4.706666666666667,2.1686884870679792,2.1446555275806816
5225,5225,4.708333333333334,2.1686884870679792,2.145418478675517
5226,5226,4.710000000000001,2.1679255359731444,2.1446555275806816
5227,5227,4.711666666666668,2.1675440604257266,2.14351110093843
5228,5228,4.713333333333335,2.1686884870679792,2.1431296253910124
5229,5229,4.715,2.168307011520562,2.1416037232013427
5230,5230,4.716666666666667,2.166781109330892,2.1416037232013427
5231,5231,4.718333333333334,2.1675440604257266,2.142748149843595
5232,5232,4.720000000000001,2.1679255359731444,2.1438925764858467
5233,5233,4.721666666666668,2.169451438162814,2.1446555275806816
5234,5234,4.7233333333333345,2.1705958648050663,2.1450370031280994
5235,5235,4.725000000000001,2.1702143892576493,2.1446555275806816
5236,5236,4.726666666666668,2.1698329137102315,2.1450370031280994
5237,5237,4.728333333333332,2.169451438162814,2.1450370031280994
5238,5238,4.73,2.1686884870679792,2.146562905317769
5239,5239,4.731666666666667,2.1686884870679792,2.145418478675517
5240,5240,4.733333333333334,2.1686884870679792,2.145418478675517
5241,5241,4.735000000000001,2.1690699626153966,2.146181429770352
5242,5242,4.736666666666666,2.1698329137102315,2.1457999542229342
5243,5243,4.738333333333333,2.1702143892576493,2.1438925764858467
5244,5244,4.74,2.1698329137102315,2.1442740520332646
5245,5245,4.741666666666667,2.1686884870679792,2.1446555275806816
5246,5246,4.743333333333334,2.1686884870679792,2.1442740520332646
5247,5247,4.745000000000001,2.1702143892576493,2.14351110093843
5248,5248,4.746666666666668,2.1702143892576493,2.1446555275806816
5249,5249,4.748333333333333,2.1686884870679792,2.145418478675517
5250,5250,4.75,2.1679255359731444,2.1442740520332646
5251,5251,4.751666666666667,2.168307011520562,2.1446555275806816
5252,5252,4.753333333333334,2.168307011520562,2.145418478675517
5253,5253,4.755000000000001,2.169451438162814,2.145418478675517
5254,5254,4.756666666666668,2.1702143892576493,2.1450370031280994
5255,5255,4.758333333333335,2.1698329137102315,2.1450370031280994
5256,5256,4.76,2.1702143892576493,2.1450370031280994
5257,5257,4.761666666666667,2.1702143892576493,2.1450370031280994
5258,5258,4.763333333333334,2.1698329137102315,2.14351110093843
5259,5259,4.765000000000001,2.1705958648050663,2.1446555275806816
5260,5260,4.7666666666666675,2.170977340352484,2.146562905317769
5261,5261,4.768333333333334,2.1702143892576493,2.1480888075074387
5262,5262,4.770000000000001,2.1705958648050663,2.149233234149692
5263,5263,4.771666666666668,2.1702143892576493,2.149233234149692
5264,5264,4.773333333333332,2.1702143892576493,2.150377660791944
5265,5265,4.775,2.1717402914473185,2.151903562981613
5266,5266,4.776666666666667,2.1725032425421533,2.153047989623865
5267,5267,4.778333333333334,2.1717402914473185,2.1541924162661177
5268,5268,4.780000000000001,2.1717402914473185,2.1557183184557878
5269,5269,4.781666666666668,2.170977340352484,2.158388647287709
5270,5270,4.783333333333333,2.170977340352484,2.1587701228351266
5271,5271,4.785,2.1705958648050663,2.159914549477379
5272,5272,4.786666666666667,2.1705958648050663,2.1614404516670485
5273,5273,4.788333333333334,2.172121766994736,2.161821927214466
5274,5274,4.790000000000001,2.1713588158999007,2.161058976119631
5275,5275,4.791666666666668,2.1713588158999007,2.1614404516670485
5276,5276,4.793333333333335,2.1728847180895707,2.1622034027618837
5277,5277,4.795,2.1713588158999007,2.1625848783093007
5278,5278,4.796666666666667,2.1713588158999007,2.1622034027618837
5279,5279,4.798333333333334,2.1725032425421533,2.1622034027618837
5280,5280,4.800000000000001,2.173266193636988,2.159914549477379
5281,5281,4.801666666666668,2.1728847180895707,2.1606775005722136
5282,5282,4.803333333333336,2.173266193636988,2.161821927214466
5283,5283,4.805,2.1736476691844056,2.161058976119631
5284,5284,4.806666666666667,2.1747920958266582,2.160296025024796
5285,5285,4.808333333333334,2.1751735713740747,2.160296025024796
5286,5286,4.8100000000000005,2.1751735713740747,2.161058976119631
5287,5287,4.811666666666667,2.1755550469214926,2.1614404516670485
5288,5288,4.813333333333334,2.1755550469214926,2.161058976119631
5289,5289,4.815000000000003,2.1751735713740747,2.1614404516670485
5290,5290,4.816666666666666,2.1751735713740747,2.1614404516670485
5291,5291,4.818333333333333,2.17746242465858,2.1606775005722136
5292,5292,4.82,2.178606851300832,2.160296025024796
5293,5293,4.821666666666667,2.177843900205997,2.1606775005722136
5294,5294,4.823333333333334,2.176699473563745,2.160296025024796
5295,5295,4.825000000000003,2.176699473563745,2.159151598382544
5296,5296,4.826666666666668,2.177843900205997,2.1587701228351266
5297,5297,4.828333333333333,2.17746242465858,2.159151598382544
5298,5298,4.83,2.176699473563745,2.161058976119631
5299,5299,4.831666666666667,2.177843900205997,2.161058976119631
5300,5300,4.833333333333334,2.177843900205997,2.160296025024796
5301,5301,4.835000000000001,2.178606851300832,2.159914549477379
5302,5302,4.836666666666668,2.1789883268482493,2.159151598382544
5303,5303,4.8383333333333365,2.1789883268482493,2.158388647287709
5304,5304,4.84,2.1782253757534145,2.158388647287709
5305,5305,4.841666666666667,2.178606851300832,2.158007171740292
5306,5306,4.843333333333334,2.1812771801327537,2.158007171740292
5307,5307,4.845000000000001,2.181658655680171,2.158388647287709
5308,5308,4.846666666666668,2.179751277943084,2.1587701228351266
5309,5309,4.8483333333333345,2.180132753490501,2.158007171740292
5310,5310,4.850000000000003,2.1808957045853363,2.158007171740292
5311,5311,4.851666666666668,2.182803082322424,2.158388647287709
5312,5312,4.853333333333332,2.185473411154345,2.159914549477379
5313,5313,4.855,2.185854886701762,2.1606775005722136
5314,5314,4.856666666666667,2.1881437399862667,2.159151598382544
5315,5315,4.858333333333334,2.190432593270772,2.1587701228351266
5316,5316,4.860000000000003,2.190814068818189,2.1595330739299614
5317,5317,4.861666666666666,2.1919584954604407,2.1606775005722136
5318,5318,4.863333333333333,2.1931029221026934,2.161821927214466
5319,5319,4.865,2.1931029221026934,2.1625848783093007
5320,5320,4.866666666666667,2.1950102998397805,2.162966353856718
5321,5321,4.868333333333334,2.197299153124285,2.1633478294041355
5322,5322,4.870000000000003,2.1976806286717023,2.1641107804989703
5323,5323,4.871666666666668,2.199206530861372,2.1641107804989703
5324,5324,4.873333333333333,2.2007324330510416,2.164873731593805
5325,5325,4.875,2.2003509575036238,2.16563668268864
5326,5326,4.876666666666667,2.199206530861372,2.16563668268864
5327,5327,4.878333333333334,2.198443579766537,2.1660181582360574
5328,5328,4.880000000000001,2.198443579766537,2.1660181582360574
5329,5329,4.881666666666668,2.1995880064087894,2.1663996337834748
5330,5330,4.883333333333336,2.1995880064087894,2.168307011520562
5331,5331,4.885,2.1995880064087894,2.1686884870679792
5332,5332,4.886666666666667,2.199206530861372,2.1690699626153966
5333,5333,4.888333333333334,2.1995880064087894,2.1690699626153966
5334,5334,4.890000000000001,2.1988250553139546,2.168307011520562
5335,5335,4.8916666666666675,2.198443579766537,2.1686884870679792
5336,5336,4.893333333333334,2.19806210421912,2.1686884870679792
5337,5337,4.895000000000003,2.197299153124285,2.168307011520562
5338,5338,4.896666666666668,2.19653620202945,2.1690699626153966
5339,5339,4.898333333333332,2.1961547264820327,2.168307011520562
5340,5340,4.9,2.1961547264820327,2.1675440604257266
5341,5341,4.901666666666667,2.1969176775768675,2.1671625848783096
5342,5342,4.903333333333334,2.1969176775768675,2.164873731593805
5343,5343,4.905000000000003,2.1957732509346157,2.1633478294041355
5344,5344,4.906666666666668,2.1953917753871983,2.161821927214466
5345,5345,4.908333333333333,2.1961547264820327,2.1614404516670485
5346,5346,4.91,2.1961547264820327,2.160296025024796
5347,5347,4.911666666666667,2.1961547264820327,2.1595330739299614
5348,5348,4.913333333333334,2.1957732509346157,2.1595330739299614
5349,5349,4.915000000000003,2.1953917753871983,2.1606775005722136
5350,5350,4.916666666666668,2.194628824292363,2.160296025024796
5351,5351,4.9183333333333366,2.1942473487449456,2.159151598382544
5352,5352,4.92,2.192721446555276,2.1595330739299614
5353,5353,4.921666666666667,2.1919584954604407,2.1595330739299614
5354,5354,4.923333333333334,2.193865873197528,2.1587701228351266
5355,5355,4.925000000000001,2.1942473487449456,2.1587701228351266
5356,5356,4.926666666666668,2.1942473487449456,2.1606775005722136
5357,5357,4.928333333333336,2.19653620202945,2.161821927214466
5358,5358,4.93,2.1976806286717023,2.1606775005722136
5359,5359,4.931666666666667,2.198443579766537,2.160296025024796
5360,5360,4.933333333333334,2.2003509575036238,2.160296025024796
5361,5361,4.9350000000000005,2.2014953841458764,2.161058976119631
5362,5362,4.936666666666667,2.2022583352407112,2.161058976119631
5363,5363,4.938333333333334,2.204547188525216,2.160296025024796
5364,5364,4.940000000000003,2.2056916151674684,2.1606775005722136
5365,5365,4.941666666666666,2.204547188525216,2.161058976119631
5366,5366,4.943333333333333,2.204547188525216,2.161821927214466
5367,5367,4.945,2.2049286640726335,2.1622034027618837
5368,5368,4.946666666666667,2.2056916151674684,2.161821927214466
5369,5369,4.948333333333334,2.20683604180972,2.1614404516670485
5370,5370,4.950000000000003,2.20683604180972,2.1622034027618837
5371,5371,4.951666666666668,2.20683604180972,2.1641107804989703
5372,5372,4.953333333333333,2.2087434195468063,2.164492256046388
5373,5373,4.955,2.209506370641642,2.162966353856718
5374,5374,4.956666666666667,2.210269321736477,2.162966353856718
5375,5375,4.958333333333334,2.211413748378729,2.1633478294041355
5376,5376,4.960000000000001,2.2117952239261465,2.1652552071412225
5377,5377,4.961666666666668,2.2117952239261465,2.1663996337834748
5378,5378,4.9633333333333365,2.2117952239261465,2.1660181582360574
5379,5379,4.965,2.2129396505683987,2.1675440604257266
5380,5380,4.966666666666667,2.2125581750209813,2.168307011520562
5381,5381,4.968333333333334,2.2129396505683987,2.1679255359731444
5382,5382,4.970000000000001,2.2129396505683987,2.168307011520562
5383,5383,4.971666666666668,2.2129396505683987,2.168307011520562
5384,5384,4.9733333333333345,2.213321126115816,2.1675440604257266
5385,5385,4.975000000000003,2.213321126115816,2.169451438162814
5386,5386,4.976666666666668,2.213321126115816,2.1702143892576493
5387,5387,4.978333333333332,2.214084077210651,2.170977340352484
5388,5388,4.98,2.213702601663233,2.1725032425421533
5389,5389,4.981666666666667,2.213321126115816,2.173266193636988
5390,5390,4.983333333333334,2.213321126115816,2.173266193636988
5391,5391,4.985000000000003,2.212176699473564,2.1725032425421533
5392,5392,4.986666666666666,2.2106507972838942,2.170977340352484
5393,5393,4.988333333333333,2.2091248950942246,2.1713588158999007
5394,5394,4.99,2.2079804684519724,2.172121766994736
5395,5395,4.991666666666667,2.2075989929045554,2.172121766994736
5396,5396,4.993333333333334,2.2064545662623027,2.172121766994736
5397,5397,4.995000000000003,2.2060730907148853,2.172121766994736
5398,5398,4.996666666666668,2.2064545662623027,2.1725032425421533
5399,5399,4.998333333333333,2.20683604180972,2.172121766994736
5400,5400,5.0,2.2056916151674684,2.172121766994736
5401,5401,5.001666666666667,2.2053101396200505,2.1717402914473185
5402,5402,5.003333333333334,2.204547188525216,2.1713588158999007
5403,5403,5.005000000000001,2.2041657129777983,2.170977340352484
5404,5404,5.006666666666668,2.2041657129777983,2.1705958648050663
5405,5405,5.008333333333336,2.2049286640726335,2.1705958648050663
5406,5406,5.01,2.204547188525216,2.1717402914473185
5407,5407,5.011666666666667,2.2041657129777983,2.172121766994736
5408,5408,5.013333333333334,2.2049286640726335,2.1717402914473185
5409,5409,5.015000000000001,2.2056916151674684,2.1717402914473185
5410,5410,5.0166666666666675,2.2041657129777983,2.1725032425421533
5411,5411,5.018333333333334,2.2026398107881286,2.1736476691844056
5412,5412,5.02,2.2026398107881286,2.173266193636988
5413,5413,5.021666666666668,2.2026398107881286,2.1728847180895707
5414,5414,5.023333333333332,2.2030212863355456,2.1728847180895707
5415,5415,5.025,2.2030212863355456,2.1725032425421533
5416,5416,5.026666666666667,2.2034027618829635,2.172121766994736
5417,5417,5.028333333333334,2.2026398107881286,2.1713588158999007
5418,5418,5.029999999999999,2.2030212863355456,2.1713588158999007
5419,5419,5.031666666666668,2.2026398107881286,2.172121766994736
5420,5420,5.033333333333333,2.2026398107881286,2.1725032425421533
5421,5421,5.035,2.203784237430381,2.1740291447318234
5422,5422,5.036666666666667,2.2049286640726335,2.1763179980163274
5423,5423,5.038333333333334,2.2053101396200505,2.1770809491111622
5424,5424,5.039999999999999,2.2049286640726335,2.178606851300832
5425,5425,5.041666666666668,2.203784237430381,2.1793698023956667
5426,5426,5.0433333333333366,2.204547188525216,2.180514229037919
5427,5427,5.045,2.2041657129777983,2.1808957045853363
5428,5428,5.046666666666667,2.2049286640726335,2.182803082322424
5429,5429,5.048333333333334,2.2049286640726335,2.1835660334172577
5430,5430,5.050000000000001,2.2056916151674684,2.182803082322424
5431,5431,5.051666666666668,2.2072175173571376,2.182421606775006
5432,5432,5.053333333333336,2.2075989929045554,2.182421606775006
5433,5433,5.055,2.2064545662623027,2.182803082322424
5434,5434,5.056666666666667,2.2060730907148853,2.183947508964676
5435,5435,5.058333333333334,2.2075989929045554,2.183184557869841
5436,5436,5.0600000000000005,2.2091248950942246,2.1835660334172577
5437,5437,5.061666666666667,2.2087434195468063,2.1847104600595104
5438,5438,5.063333333333334,2.2087434195468063,2.1847104600595104
5439,5439,5.0649999999999995,2.20836194399939,2.185473411154345
5440,5440,5.066666666666666,2.2075989929045554,2.185854886701762
5441,5441,5.068333333333333,2.2075989929045554,2.18623636224918
5442,5442,5.07,2.2091248950942246,2.185854886701762
5443,5443,5.071666666666667,2.2106507972838942,2.185854886701762
5444,5444,5.073333333333334,2.211032272831312,2.18623636224918
5445,5445,5.074999999999999,2.209506370641642,2.18623636224918
5446,5446,5.076666666666668,2.2079804684519724,2.185854886701762
5447,5447,5.078333333333333,2.2087434195468063,2.185854886701762
5448,5448,5.08,2.2087434195468063,2.185854886701762
5449,5449,5.081666666666667,2.20836194399939,2.185854886701762
5450,5450,5.083333333333334,2.2091248950942246,2.185854886701762
5451,5451,5.085000000000001,2.211413748378729,2.185854886701762
5452,5452,5.086666666666668,2.2106507972838942,2.186999313344015
5453,5453,5.0883333333333365,2.2098878461890594,2.186999313344015
5454,5454,5.09,2.210269321736477,2.186999313344015
5455,5455,5.091666666666667,2.2098878461890594,2.1877622644388497
5456,5456,5.093333333333334,2.2106507972838942,2.1873807888914323
5457,5457,5.095000000000001,2.211413748378729,2.1873807888914323
5458,5458,5.096666666666668,2.2117952239261465,2.1877622644388497
5459,5459,5.0983333333333345,2.2129396505683987,2.1885252155336845
5460,5460,5.1,2.2117952239261465,2.1892881666285198
5461,5461,5.101666666666668,2.211032272831312,2.188906691081102
5462,5462,5.103333333333332,2.2106507972838942,2.1892881666285198
5463,5463,5.105,2.210269321736477,2.190814068818189
5464,5464,5.106666666666667,2.2106507972838942,2.1911955443656064
5465,5465,5.108333333333334,2.2106507972838942,2.190814068818189
5466,5466,5.109999999999999,2.2117952239261465,2.190814068818189
5467,5467,5.111666666666668,2.2125581750209813,2.190432593270772
5468,5468,5.113333333333333,2.213702601663233,2.190051117723354
5469,5469,5.115,2.214084077210651,2.190432593270772
5470,5470,5.116666666666667,2.213702601663233,2.190814068818189
5471,5471,5.118333333333334,2.213321126115816,2.190814068818189
5472,5472,5.119999999999999,2.213321126115816,2.190814068818189
5473,5473,5.121666666666668,2.213702601663233,2.1915770199130242
5474,5474,5.123333333333333,2.2117952239261465,2.1919584954604407
5475,5475,5.125,2.211413748378729,2.190814068818189
5476,5476,5.126666666666667,2.213702601663233,2.188906691081102
5477,5477,5.128333333333334,2.213702601663233,2.1885252155336845
5478,5478,5.130000000000001,2.2148470283054857,2.1896696421759367
5479,5479,5.131666666666668,2.2144655527580683,2.1896696421759367
5480,5480,5.133333333333336,2.2144655527580683,2.190051117723354
5481,5481,5.135,2.215609979400321,2.190432593270772
5482,5482,5.136666666666667,2.214084077210651,2.1896696421759367
5483,5483,5.138333333333334,2.215228503852903,2.1896696421759367
5484,5484,5.140000000000001,2.215228503852903,2.1896696421759367
5485,5485,5.1416666666666675,2.215228503852903,2.1896696421759367
5486,5486,5.143333333333334,2.2159914549477384,2.190814068818189
5487,5487,5.145,2.215609979400321,2.1915770199130242
5488,5488,5.146666666666668,2.214084077210651,2.1923399710078586
5489,5489,5.148333333333332,2.2148470283054857,2.1915770199130242
5490,5490,5.15,2.2163729304951554,2.190814068818189
5491,5491,5.151666666666667,2.2167544060425732,2.1911955443656064
5492,5492,5.153333333333334,2.21713588158999,2.190814068818189
5493,5493,5.154999999999999,2.21713588158999,2.1911955443656064
5494,5494,5.156666666666668,2.2167544060425732,2.1911955443656064
5495,5495,5.158333333333333,2.2163729304951554,2.1915770199130242
5496,5496,5.16,2.2163729304951554,2.1923399710078586
5497,5497,5.161666666666667,2.215228503852903,2.1919584954604407
5498,5498,5.163333333333334,2.2159914549477384,2.1911955443656064
5499,5499,5.164999999999999,2.217517357137408,2.190814068818189
5500,5500,5.166666666666668,2.217517357137408,2.1923399710078586
5501,5501,5.1683333333333366,2.217517357137408,2.194628824292363
5502,5502,5.17,2.2182803082322424,2.1953917753871983
5503,5503,5.171666666666667,2.2182803082322424,2.1957732509346157
5504,5504,5.173333333333334,2.2182803082322424,2.1957732509346157
5505,5505,5.175000000000001,2.2194247348744947,2.1961547264820327
5506,5506,5.176666666666668,2.219806210421912,2.1961547264820327
5507,5507,5.178333333333336,2.2186617837796603,2.1976806286717023
5508,5508,5.18,2.217898832684825,2.199206530861372
5509,5509,5.181666666666667,2.219043259327077,2.1999694819562072
5510,5510,5.183333333333334,2.21713588158999,2.1976806286717023
5511,5511,5.1850000000000005,2.215228503852903,2.1961547264820327
5512,5512,5.186666666666667,2.217898832684825,2.1969176775768675
5513,5513,5.188333333333334,2.217898832684825,2.1969176775768675
5514,5514,5.1899999999999995,2.2182803082322424,2.19653620202945
5515,5515,5.191666666666666,2.219043259327077,2.19653620202945
5516,5516,5.193333333333333,2.2186617837796603,2.198443579766537
5517,5517,5.195,2.219806210421912,2.19806210421912
5518,5518,5.196666666666667,2.2209506370641643,2.1969176775768675
5519,5519,5.198333333333334,2.2209506370641643,2.1961547264820327
5520,5520,5.199999999999999,2.2209506370641643,2.1961547264820327
5521,5521,5.201666666666668,2.220187685969329,2.19653620202945
5522,5522,5.203333333333333,2.2182803082322424,2.19653620202945
5523,5523,5.205,2.2186617837796603,2.19653620202945
5524,5524,5.206666666666667,2.2186617837796603,2.197299153124285
5525,5525,5.208333333333334,2.2186617837796603,2.1957732509346157
5526,5526,5.210000000000001,2.2186617837796603,2.1942473487449456
5527,5527,5.211666666666668,2.220187685969329,2.193865873197528
5528,5528,5.2133333333333365,2.221713588158999,2.192721446555276
5529,5529,5.215,2.221713588158999,2.192721446555276
5530,5530,5.216666666666667,2.2213321126115817,2.1931029221026934
5531,5531,5.218333333333334,2.222476539253834,2.193484397650111
5532,5532,5.220000000000001,2.222476539253834,2.1942473487449456
5533,5533,5.221666666666668,2.2205691615167473,2.1950102998397805
5534,5534,5.2233333333333345,2.219043259327077,2.1953917753871983
5535,5535,5.225,2.2209506370641643,2.194628824292363
5536,5536,5.226666666666668,2.2220950637064165,2.193865873197528
5537,5537,5.228333333333332,2.2213321126115817,2.193865873197528
5538,5538,5.23,2.220187685969329,2.193484397650111
5539,5539,5.231666666666667,2.220187685969329,2.1911955443656064
5540,5540,5.233333333333334,2.221713588158999,2.190051117723354
5541,5541,5.234999999999999,2.221713588158999,2.1919584954604407
5542,5542,5.236666666666668,2.2205691615167473,2.1919584954604407
5543,5543,5.238333333333333,2.2205691615167473,2.1931029221026934
5544,5544,5.24,2.2220950637064165,2.1919584954604407
5545,5545,5.241666666666667,2.2213321126115817,2.1915770199130242
5546,5546,5.243333333333334,2.221713588158999,2.1919584954604407
5547,5547,5.244999999999999,2.2220950637064165,2.190814068818189
5548,5548,5.246666666666668,2.2232394903486687,2.1911955443656064
5549,5549,5.248333333333333,2.224002441443504,2.190432593270772
5550,5550,5.25,2.2236209658960857,2.190814068818189
5551,5551,5.251666666666667,2.224002441443504,2.190814068818189
5552,5552,5.253333333333334,2.225528343633173,2.1896696421759367
5553,5553,5.255000000000001,2.2259098191805906,2.1885252155336845
5554,5554,5.256666666666668,2.226291294728008,2.1885252155336845
5555,5555,5.258333333333336,2.22743572137026,2.1896696421759367
5556,5556,5.26,2.226672770275425,2.190432593270772
5557,5557,5.261666666666667,2.226672770275425,2.190432593270772
5558,5558,5.263333333333334,2.2270542458228433,2.1892881666285198
5559,5559,5.265000000000001,2.228198672465095,2.1896696421759367
5560,5560,5.2666666666666675,2.22743572137026,2.188906691081102
5561,5561,5.268333333333334,2.226672770275425,2.1877622644388497
5562,5562,5.27,2.226291294728008,2.186999313344015
5563,5563,5.271666666666668,2.226672770275425,2.1877622644388497
5564,5564,5.273333333333332,2.2270542458228433,2.1881437399862667
5565,5565,5.275,2.22743572137026,2.1881437399862667
5566,5566,5.276666666666667,2.2270542458228433,2.1885252155336845
5567,5567,5.278333333333334,2.226672770275425,2.1885252155336845
5568,5568,5.279999999999999,2.2285801480125125,2.1881437399862667
5569,5569,5.281666666666668,2.228198672465095,2.1881437399862667
5570,5570,5.283333333333333,2.2270542458228433,2.1885252155336845
5571,5571,5.285,2.226291294728008,2.188906691081102
5572,5572,5.286666666666667,2.22743572137026,2.1877622644388497
5573,5573,5.288333333333334,2.226672770275425,2.186617837796597
5574,5574,5.289999999999999,2.2247653925383384,2.1873807888914323
5575,5575,5.291666666666668,2.225146868085756,2.185473411154345
5576,5576,5.2933333333333366,2.2270542458228433,2.183947508964676
5577,5577,5.295,2.226672770275425,2.1850919356069283
5578,5578,5.296666666666667,2.226291294728008,2.185473411154345
5579,5579,5.298333333333334,2.2289616235599303,2.185854886701762
5580,5580,5.300000000000001,2.2293430991073477,2.185854886701762
5581,5581,5.301666666666668,2.2297245746547647,2.1850919356069283
5582,5582,5.303333333333336,2.2304875257495995,2.18623636224918
5583,5583,5.305,2.228198672465095,2.186617837796597
5584,5584,5.306666666666667,2.226291294728008,2.186617837796597
5585,5585,5.308333333333334,2.228198672465095,2.186999313344015
5586,5586,5.3100000000000005,2.2285801480125125,2.185473411154345
5587,5587,5.311666666666667,2.2270542458228433,2.183184557869841
5588,5588,5.313333333333334,2.225146868085756,2.1835660334172577
5589,5589,5.3149999999999995,2.2247653925383384,2.183184557869841
5590,5590,5.316666666666666,2.226291294728008,2.182803082322424
5591,5591,5.318333333333333,2.228198672465095,2.182803082322424
5592,5592,5.32,2.2297245746547647,2.183947508964676
5593,5593,5.321666666666667,2.2289616235599303,2.1850919356069283
5594,5594,5.323333333333334,2.2278171969176777,2.1847104600595104
5595,5595,5.324999999999999,2.22743572137026,2.184328984512093
5596,5596,5.326666666666668,2.2270542458228433,2.1847104600595104
5597,5597,5.328333333333333,2.226291294728008,2.1847104600595104
5598,5598,5.33,2.2247653925383384,2.183184557869841
5599,5599,5.331666666666667,2.2236209658960857,2.1808957045853363
5600,5600,5.333333333333334,2.225528343633173,2.1808957045853363
5601,5601,5.335000000000001,2.2259098191805906,2.1808957045853363
5602,5602,5.336666666666668,2.2236209658960857,2.180514229037919
5603,5603,5.3383333333333365,2.224383916990921,2.1789883268482493
5604,5604,5.34,2.225528343633173,2.1789883268482493
5605,5605,5.341666666666667,2.224002441443504,2.180132753490501
5606,5606,5.343333333333334,2.2232394903486687,2.180132753490501
5607,5607,5.345000000000001,2.2247653925383384,2.178606851300832
5608,5608,5.346666666666668,2.2259098191805906,2.178606851300832
5609,5609,5.3483333333333345,2.225528343633173,2.1793698023956667
5610,5610,5.35,2.224383916990921,2.1789883268482493
5611,5611,5.351666666666668,2.2247653925383384,2.1789883268482493
5612,5612,5.353333333333332,2.224383916990921,2.1789883268482493
5613,5613,5.355,2.2247653925383384,2.180132753490501
5614,5614,5.356666666666667,2.224383916990921,2.1808957045853363
5615,5615,5.358333333333334,2.2236209658960857,2.1789883268482493
5616,5616,5.359999999999999,2.2232394903486687,2.1782253757534145
5617,5617,5.361666666666668,2.2232394903486687,2.179751277943084
5618,5618,5.363333333333333,2.2236209658960857,2.1789883268482493
5619,5619,5.365,2.224002441443504,2.1782253757534145
5620,5620,5.366666666666667,2.226291294728008,2.1793698023956667
5621,5621,5.368333333333334,2.226291294728008,2.1782253757534145
5622,5622,5.369999999999999,2.226291294728008,2.17746242465858
5623,5623,5.371666666666668,2.225528343633173,2.17746242465858
5624,5624,5.373333333333333,2.2236209658960857,2.1789883268482493
5625,5625,5.375,2.222858014801252,2.177843900205997
5626,5626,5.376666666666667,2.224383916990921,2.176699473563745
5627,5627,5.378333333333334,2.225528343633173,2.1763179980163274
5628,5628,5.380000000000001,2.225146868085756,2.176699473563745
5629,5629,5.381666666666668,2.2232394903486687,2.17746242465858
5630,5630,5.383333333333336,2.224383916990921,2.17746242465858
5631,5631,5.385,2.226291294728008,2.1770809491111622
5632,5632,5.386666666666667,2.224383916990921,2.1770809491111622
5633,5633,5.388333333333334,2.224383916990921,2.177843900205997
5634,5634,5.390000000000001,2.2259098191805906,2.1782253757534145
5635,5635,5.3916666666666675,2.226291294728008,2.177843900205997
5636,5636,5.393333333333334,2.2259098191805906,2.1770809491111622
5637,5637,5.395,2.224383916990921,2.177843900205997
5638,5638,5.396666666666668,2.2232394903486687,2.1770809491111622
5639,5639,5.398333333333332,2.221713588158999,2.1755550469214926
5640,5640,5.4,2.222858014801252,2.1751735713740747
5641,5641,5.401666666666667,2.2236209658960857,2.1770809491111622
5642,5642,5.403333333333334,2.222476539253834,2.1770809491111622
5643,5643,5.404999999999999,2.222858014801252,2.17593652246891
5644,5644,5.406666666666668,2.222858014801252,2.17746242465858
5645,5645,5.408333333333333,2.2220950637064165,2.17746242465858
5646,5646,5.41,2.2213321126115817,2.17746242465858
5647,5647,5.411666666666667,2.220187685969329,2.177843900205997
5648,5648,5.413333333333334,2.2213321126115817,2.1763179980163274
5649,5649,5.414999999999999,2.222858014801252,2.1751735713740747
5650,5650,5.416666666666668,2.2213321126115817,2.176699473563745
5651,5651,5.4183333333333366,2.2186617837796603,2.1770809491111622
5652,5652,5.42,2.2194247348744947,2.176699473563745
5653,5653,5.421666666666667,2.2209506370641643,2.1747920958266582
5654,5654,5.423333333333334,2.2194247348744947,2.1740291447318234
5655,5655,5.425000000000001,2.2194247348744947,2.17593652246891
5656,5656,5.426666666666668,2.219806210421912,2.1782253757534145
5657,5657,5.428333333333336,2.217898832684825,2.1789883268482493
5658,5658,5.43,2.217517357137408,2.1789883268482493
5659,5659,5.431666666666667,2.219043259327077,2.177843900205997
5660,5660,5.433333333333334,2.219043259327077,2.1770809491111622
5661,5661,5.4350000000000005,2.2186617837796603,2.1770809491111622
5662,5662,5.436666666666667,2.219043259327077,2.1763179980163274
5663,5663,5.438333333333334,2.219806210421912,2.1751735713740747
5664,5664,5.4399999999999995,2.220187685969329,2.1744106202792404
5665,5665,5.441666666666666,2.2194247348744947,2.17593652246891
5666,5666,5.443333333333333,2.217517357137408,2.17593652246891
5667,5667,5.445,2.217517357137408,2.1744106202792404
5668,5668,5.446666666666667,2.21713588158999,2.1747920958266582
5669,5669,5.448333333333334,2.217517357137408,2.1755550469214926
5670,5670,5.449999999999999,2.2182803082322424,2.1751735713740747
5671,5671,5.451666666666668,2.217517357137408,2.1744106202792404
5672,5672,5.453333333333333,2.217517357137408,2.1744106202792404
5673,5673,5.455,2.2167544060425732,2.1755550469214926
5674,5674,5.456666666666667,2.215228503852903,2.17593652246891
5675,5675,5.458333333333334,2.215228503852903,2.1744106202792404
5676,5676,5.460000000000001,2.2163729304951554,2.1744106202792404
5677,5677,5.461666666666668,2.2159914549477384,2.1747920958266582
5678,5678,5.4633333333333365,2.215228503852903,2.1747920958266582
5679,5679,5.465,2.2163729304951554,2.1740291447318234
5680,5680,5.466666666666667,2.2159914549477384,2.1736476691844056
5681,5681,5.468333333333334,2.2148470283054857,2.173266193636988
5682,5682,5.470000000000001,2.214084077210651,2.1725032425421533
5683,5683,5.471666666666668,2.215228503852903,2.1725032425421533
5684,5684,5.4733333333333345,2.217898832684825,2.173266193636988
5685,5685,5.475,2.219043259327077,2.17593652246891
5686,5686,5.476666666666668,2.2186617837796603,2.1755550469214926
5687,5687,5.478333333333332,2.217517357137408,2.17593652246891
5688,5688,5.48,2.215228503852903,2.1751735713740747
5689,5689,5.481666666666667,2.215228503852903,2.1728847180895707
5690,5690,5.483333333333334,2.2167544060425732,2.1728847180895707
5691,5691,5.484999999999999,2.215228503852903,2.1744106202792404
5692,5692,5.486666666666668,2.2129396505683987,2.1747920958266582
5693,5693,5.488333333333333,2.213702601663233,2.1747920958266582
5694,5694,5.49,2.2148470283054857,2.173266193636988
5695,5695,5.491666666666667,2.212176699473564,2.1736476691844056
5696,5696,5.493333333333334,2.2098878461890594,2.1755550469214926
5697,5697,5.494999999999999,2.2117952239261465,2.1751735713740747
5698,5698,5.496666666666668,2.2129396505683987,2.1744106202792404
5699,5699,5.498333333333333,2.2117952239261465,2.1747920958266582
5700,5700,5.5,2.2117952239261465,2.1763179980163274
5701,5701,5.501666666666667,2.2117952239261465,2.17593652246891
5702,5702,5.503333333333334,2.2091248950942246,2.1740291447318234
5703,5703,5.505000000000001,2.210269321736477,2.1725032425421533
5704,5704,5.506666666666668,2.2106507972838942,2.172121766994736
5705,5705,5.508333333333336,2.210269321736477,2.1725032425421533
5706,5706,5.51,2.2117952239261465,2.173266193636988
5707,5707,5.511666666666667,2.2125581750209813,2.1728847180895707
5708,5708,5.513333333333334,2.212176699473564,2.1728847180895707
5709,5709,5.515000000000001,2.211032272831312,2.1728847180895707
5710,5710,5.5166666666666675,2.2091248950942246,2.1725032425421533
5711,5711,5.518333333333334,2.2091248950942246,2.1717402914473185
5712,5712,5.52,2.20836194399939,2.170977340352484
5713,5713,5.521666666666668,2.2098878461890594,2.1717402914473185
5714,5714,5.523333333333332,2.2117952239261465,2.1728847180895707
5715,5715,5.525,2.211413748378729,2.1728847180895707
5716,5716,5.526666666666667,2.210269321736477,2.170977340352484
5717,5717,5.528333333333334,2.20836194399939,2.1717402914473185
5718,5718,5.529999999999999,2.2087434195468063,2.1728847180895707
5719,5719,5.531666666666668,2.2087434195468063,2.172121766994736
5720,5720,5.533333333333333,2.2091248950942246,2.1717402914473185
5721,5721,5.535,2.210269321736477,2.1717402914473185
5722,5722,5.536666666666667,2.2075989929045554,2.1702143892576493
5723,5723,5.538333333333334,2.2060730907148853,2.1698329137102315
5724,5724,5.539999999999999,2.2072175173571376,2.1702143892576493
5725,5725,5.541666666666668,2.2079804684519724,2.1698329137102315
5726,5726,5.5433333333333366,2.20836194399939,2.1698329137102315
5727,5727,5.545,2.2075989929045554,2.1690699626153966
5728,5728,5.546666666666667,2.20683604180972,2.1698329137102315
5729,5729,5.548333333333334,2.2064545662623027,2.1705958648050663
5730,5730,5.550000000000001,2.2064545662623027,2.169451438162814
5731,5731,5.551666666666668,2.2064545662623027,2.1679255359731444
5732,5732,5.553333333333336,2.2060730907148853,2.1675440604257266
5733,5733,5.555,2.204547188525216,2.1671625848783096
5734,5734,5.556666666666667,2.2049286640726335,2.1675440604257266
5735,5735,5.558333333333334,2.2075989929045554,2.1679255359731444
5736,5736,5.5600000000000005,2.2075989929045554,2.1675440604257266
5737,5737,5.561666666666667,2.2041657129777983,2.1675440604257266
5738,5738,5.563333333333334,2.2053101396200505,2.1671625848783096
5739,5739,5.5649999999999995,2.2064545662623027,2.1660181582360574
5740,5740,5.566666666666666,2.2060730907148853,2.1660181582360574
5741,5741,5.568333333333333,2.2060730907148853,2.166781109330892
5742,5742,5.57,2.2075989929045554,2.166781109330892
5743,5743,5.571666666666667,2.2075989929045554,2.16563668268864
5744,5744,5.573333333333334,2.2053101396200505,2.1660181582360574
5745,5745,5.574999999999999,2.2056916151674684,2.1663996337834748
5746,5746,5.576666666666668,2.2060730907148853,2.16563668268864
5747,5747,5.578333333333333,2.2056916151674684,2.164492256046388
5748,5748,5.58,2.20683604180972,2.164873731593805
5749,5749,5.581666666666667,2.2053101396200505,2.1679255359731444
5750,5750,5.583333333333334,2.2022583352407112,2.1690699626153966
5751,5751,5.585000000000001,2.2026398107881286,2.1686884870679792
5752,5752,5.586666666666668,2.2030212863355456,2.1675440604257266
5753,5753,5.5883333333333365,2.2026398107881286,2.1660181582360574
5754,5754,5.59,2.2030212863355456,2.1652552071412225
5755,5755,5.591666666666667,2.203784237430381,2.1663996337834748
5756,5756,5.593333333333334,2.2026398107881286,2.1660181582360574
5757,5757,5.595000000000001,2.2022583352407112,2.1641107804989703
5758,5758,5.596666666666668,2.2030212863355456,2.164873731593805
5759,5759,5.5983333333333345,2.204547188525216,2.166781109330892
5760,5760,5.6,2.203784237430381,2.16563668268864
5761,5761,5.601666666666668,2.203784237430381,2.1637293049515534
5762,5762,5.603333333333332,2.2034027618829635,2.1641107804989703
5763,5763,5.605,2.2030212863355456,2.1652552071412225
5764,5764,5.606666666666667,2.2030212863355456,2.164873731593805
5765,5765,5.608333333333334,2.2030212863355456,2.164492256046388
5766,5766,5.609999999999999,2.204547188525216,2.1637293049515534
5767,5767,5.611666666666668,2.204547188525216,2.1625848783093007
5768,5768,5.613333333333333,2.203784237430381,2.1633478294041355
5769,5769,5.615,2.204547188525216,2.162966353856718
5770,5770,5.616666666666667,2.2030212863355456,2.1633478294041355
5771,5771,5.618333333333334,2.2007324330510416,2.1641107804989703
5772,5772,5.619999999999999,2.201876859693294,2.1641107804989703
5773,5773,5.621666666666668,2.2030212863355456,2.164873731593805
5774,5774,5.623333333333333,2.2026398107881286,2.1637293049515534
5775,5775,5.625,2.2007324330510416,2.161821927214466
5776,5776,5.626666666666667,2.1999694819562072,2.1614404516670485
5777,5777,5.628333333333334,2.2007324330510416,2.161821927214466
5778,5778,5.630000000000001,2.1999694819562072,2.1622034027618837
5779,5779,5.631666666666668,2.199206530861372,2.1633478294041355
5780,5780,5.633333333333336,2.201113908598459,2.164492256046388
5781,5781,5.635,2.2026398107881286,2.1633478294041355
5782,5782,5.636666666666667,2.2003509575036238,2.1614404516670485
5783,5783,5.638333333333334,2.1999694819562072,2.1614404516670485
5784,5784,5.640000000000001,2.1999694819562072,2.161058976119631
5785,5785,5.6416666666666675,2.1995880064087894,2.1614404516670485
5786,5786,5.643333333333334,2.1999694819562072,2.1625848783093007
5787,5787,5.645,2.2007324330510416,2.1606775005722136
5788,5788,5.646666666666668,2.2003509575036238,2.159914549477379
5789,5789,5.648333333333332,2.199206530861372,2.159914549477379
5790,5790,5.65,2.1988250553139546,2.161058976119631
5791,5791,5.651666666666667,2.1999694819562072,2.1622034027618837
5792,5792,5.653333333333334,2.1999694819562072,2.161058976119631
5793,5793,5.654999999999999,2.198443579766537,2.159914549477379
5794,5794,5.656666666666668,2.199206530861372,2.159914549477379
5795,5795,5.658333333333333,2.1995880064087894,2.1595330739299614
5796,5796,5.66,2.1995880064087894,2.159914549477379
5797,5797,5.661666666666667,2.2007324330510416,2.1595330739299614
5798,5798,5.663333333333334,2.2003509575036238,2.158388647287709
5799,5799,5.664999999999999,2.197299153124285,2.1587701228351266
5800,5800,5.666666666666668,2.1961547264820327,2.160296025024796
5801,5801,5.6683333333333366,2.1976806286717023,2.1606775005722136
5802,5802,5.67,2.1976806286717023,2.158388647287709
5803,5803,5.671666666666667,2.199206530861372,2.158388647287709
5804,5804,5.673333333333334,2.2003509575036238,2.1595330739299614
5805,5805,5.675000000000001,2.1999694819562072,2.1595330739299614
5806,5806,5.676666666666668,2.1999694819562072,2.1595330739299614
5807,5807,5.678333333333336,2.1999694819562072,2.159914549477379
5808,5808,5.68,2.1988250553139546,2.160296025024796
5809,5809,5.681666666666667,2.19653620202945,2.1595330739299614
5810,5810,5.683333333333334,2.1961547264820327,2.1587701228351266
5811,5811,5.6850000000000005,2.1957732509346157,2.1595330739299614
5812,5812,5.686666666666667,2.1961547264820327,2.159914549477379
5813,5813,5.688333333333334,2.19806210421912,2.1606775005722136
5814,5814,5.6899999999999995,2.199206530861372,2.1587701228351266
5815,5815,5.691666666666666,2.1988250553139546,2.1564812695506217
5816,5816,5.693333333333333,2.198443579766537,2.1560997940032047
5817,5817,5.695,2.197299153124285,2.1560997940032047
5818,5818,5.696666666666667,2.1969176775768675,2.157244220645457
5819,5819,5.698333333333334,2.1961547264820327,2.1576256961928744
5820,5820,5.699999999999999,2.1969176775768675,2.1576256961928744
5821,5821,5.701666666666668,2.197299153124285,2.1568627450980395
5822,5822,5.703333333333333,2.1976806286717023,2.1564812695506217
5823,5823,5.705,2.19653620202945,2.1560997940032047
5824,5824,5.706666666666667,2.197299153124285,2.1576256961928744
5825,5825,5.708333333333334,2.1976806286717023,2.158007171740292
5826,5826,5.710000000000001,2.19653620202945,2.1576256961928744
5827,5827,5.711666666666668,2.1953917753871983,2.1568627450980395
5828,5828,5.7133333333333365,2.1969176775768675,2.1568627450980395
5829,5829,5.715,2.1961547264820327,2.1560997940032047
5830,5830,5.716666666666667,2.1942473487449456,2.1564812695506217
5831,5831,5.718333333333334,2.19653620202945,2.1576256961928744
5832,5832,5.720000000000001,2.19806210421912,2.1576256961928744
5833,5833,5.721666666666668,2.19653620202945,2.157244220645457
5834,5834,5.7233333333333345,2.19653620202945,2.1576256961928744
5835,5835,5.725,2.19653620202945,2.157244220645457
5836,5836,5.726666666666668,2.1950102998397805,2.1549553673609525
5837,5837,5.728333333333332,2.193865873197528,2.1553368429083704
5838,5838,5.73,2.1942473487449456,2.1560997940032047
5839,5839,5.731666666666667,2.194628824292363,2.1564812695506217
5840,5840,5.733333333333334,2.192721446555276,2.1549553673609525
5841,5841,5.734999999999999,2.1911955443656064,2.1545738918135346
5842,5842,5.736666666666668,2.1942473487449456,2.1557183184557878
5843,5843,5.738333333333333,2.194628824292363,2.1557183184557878
5844,5844,5.74,2.192721446555276,2.1553368429083704
5845,5845,5.741666666666667,2.1942473487449456,2.1560997940032047
5846,5846,5.743333333333334,2.194628824292363,2.158388647287709
5847,5847,5.744999999999999,2.1942473487449456,2.1568627450980395
5848,5848,5.746666666666668,2.192721446555276,2.1557183184557878
5849,5849,5.748333333333333,2.1923399710078586,2.1557183184557878
5850,5850,5.75,2.1923399710078586,2.1557183184557878
5851,5851,5.751666666666667,2.1931029221026934,2.1557183184557878
5852,5852,5.753333333333334,2.1931029221026934,2.1560997940032047
5853,5853,5.755000000000001,2.1911955443656064,2.1564812695506217
5854,5854,5.756666666666668,2.190814068818189,2.1557183184557878
5855,5855,5.758333333333336,2.1915770199130242,2.1545738918135346
5856,5856,5.76,2.1931029221026934,2.1560997940032047
5857,5857,5.761666666666667,2.193484397650111,2.157244220645457
5858,5858,5.763333333333334,2.1915770199130242,2.1560997940032047
5859,5859,5.765000000000001,2.190432593270772,2.1560997940032047
5860,5860,5.7666666666666675,2.1915770199130242,2.1564812695506217
5861,5861,5.768333333333334,2.190814068818189,2.1576256961928744
5862,5862,5.77,2.1896696421759367,2.158007171740292
5863,5863,5.771666666666668,2.190051117723354,2.158007171740292
5864,5864,5.773333333333332,2.1896696421759367,2.1557183184557878
5865,5865,5.775,2.190051117723354,2.1541924162661177
5866,5866,5.776666666666667,2.192721446555276,2.1553368429083704
5867,5867,5.778333333333334,2.193865873197528,2.1564812695506217
5868,5868,5.779999999999999,2.190814068818189,2.1576256961928744
5869,5869,5.781666666666668,2.190051117723354,2.158388647287709
5870,5870,5.783333333333333,2.1892881666285198,2.158388647287709
5871,5871,5.785,2.190051117723354,2.1587701228351266
5872,5872,5.786666666666667,2.1892881666285198,2.1587701228351266
5873,5873,5.788333333333334,2.190051117723354,2.1576256961928744
5874,5874,5.789999999999999,2.190814068818189,2.1560997940032047
5875,5875,5.791666666666668,2.188906691081102,2.1553368429083704
5876,5876,5.7933333333333366,2.1896696421759367,2.1553368429083704
5877,5877,5.795,2.190814068818189,2.1564812695506217
5878,5878,5.796666666666667,2.190432593270772,2.158007171740292
5879,5879,5.798333333333334,2.1896696421759367,2.1587701228351266
5880,5880,5.800000000000001,2.1873807888914323,2.1587701228351266
5881,5881,5.801666666666668,2.1881437399862667,2.159151598382544
5882,5882,5.803333333333336,2.190051117723354,2.1576256961928744
5883,5883,5.805,2.188906691081102,2.157244220645457
5884,5884,5.806666666666667,2.1881437399862667,2.157244220645457
5885,5885,5.808333333333334,2.1885252155336845,2.158007171740292
5886,5886,5.8100000000000005,2.188906691081102,2.1587701228351266
5887,5887,5.811666666666667,2.1885252155336845,2.159151598382544
5888,5888,5.813333333333334,2.186617837796597,2.158007171740292
5889,5889,5.8149999999999995,2.185854886701762,2.1587701228351266
5890,5890,5.816666666666666,2.1877622644388497,2.1587701228351266
5891,5891,5.818333333333333,2.1885252155336845,2.1564812695506217
5892,5892,5.82,2.1873807888914323,2.1541924162661177
5893,5893,5.821666666666667,2.1885252155336845,2.1545738918135346
5894,5894,5.823333333333334,2.1881437399862667,2.1538109407187003
5895,5895,5.824999999999999,2.185473411154345,2.151903562981613
5896,5896,5.826666666666668,2.185473411154345,2.1534294651712833
5897,5897,5.828333333333333,2.186617837796597,2.1553368429083704
5898,5898,5.83,2.186617837796597,2.1549553673609525
5899,5899,5.831666666666667,2.186617837796597,2.1549553673609525
5900,5900,5.833333333333334,2.1877622644388497,2.1549553673609525
5901,5901,5.835000000000001,2.1881437399862667,2.1545738918135346
5902,5902,5.836666666666668,2.1892881666285198,2.1538109407187003
5903,5903,5.8383333333333365,2.1881437399862667,2.153047989623865
5904,5904,5.84,2.185854886701762,2.1538109407187003
5905,5905,5.841666666666667,2.186617837796597,2.15228503852903
5906,5906,5.843333333333334,2.1873807888914323,2.1507591363393606
5907,5907,5.845000000000001,2.185473411154345,2.1534294651712833
5908,5908,5.846666666666668,2.185473411154345,2.1549553673609525
5909,5909,5.8483333333333345,2.185854886701762,2.1538109407187003
5910,5910,5.85,2.186617837796597,2.1541924162661177
5911,5911,5.851666666666668,2.186617837796597,2.1553368429083704
5912,5912,5.853333333333332,2.186617837796597,2.1553368429083704
5913,5913,5.855,2.1847104600595104,2.1541924162661177
5914,5914,5.856666666666667,2.18623636224918,2.153047989623865
5915,5915,5.858333333333334,2.1873807888914323,2.1534294651712833
5916,5916,5.859999999999999,2.186999313344015,2.1545738918135346
5917,5917,5.861666666666668,2.1873807888914323,2.1538109407187003
5918,5918,5.863333333333333,2.1873807888914323,2.1526665140764485
5919,5919,5.865,2.185854886701762,2.15228503852903
5920,5920,5.866666666666667,2.185473411154345,2.153047989623865
5921,5921,5.868333333333334,2.1877622644388497,2.1553368429083704
5922,5922,5.869999999999999,2.1877622644388497,2.1564812695506217
5923,5923,5.871666666666668,2.1873807888914323,2.1541924162661177
5924,5924,5.873333333333337,2.186999313344015,2.1526665140764485
5925,5925,5.875,2.18623636224918,2.1541924162661177
5926,5926,5.876666666666667,2.18623636224918,2.1541924162661177
5927,5927,5.878333333333334,2.186617837796597,2.1526665140764485
5928,5928,5.880000000000001,2.185854886701762,2.153047989623865
5929,5929,5.881666666666668,2.185854886701762,2.1534294651712833
5930,5930,5.883333333333336,2.185473411154345,2.1541924162661177
5931,5931,5.885,2.1847104600595104,2.1564812695506217
5932,5932,5.886666666666667,2.186617837796597,2.158007171740292
5933,5933,5.888333333333334,2.1881437399862667,2.1557183184557878
5934,5934,5.890000000000001,2.186999313344015,2.1541924162661177
5935,5935,5.8916666666666675,2.18623636224918,2.1534294651712833
5936,5936,5.893333333333334,2.186999313344015,2.1541924162661177
5937,5937,5.895,2.1881437399862667,2.1545738918135346
5938,5938,5.896666666666668,2.186999313344015,2.1549553673609525
5939,5939,5.898333333333332,2.1873807888914323,2.1553368429083704
5940,5940,5.9,2.18623636224918,2.1545738918135346
5941,5941,5.901666666666667,2.186999313344015,2.1545738918135346
5942,5942,5.903333333333334,2.185473411154345,2.1557183184557878
5943,5943,5.904999999999999,2.1808957045853363,2.157244220645457
5944,5944,5.906666666666668,2.180514229037919,2.1564812695506217
5945,5945,5.908333333333333,2.182421606775006,2.1538109407187003
5946,5946,5.91,2.182040131227589,2.1545738918135346
5947,5947,5.911666666666667,2.182803082322424,2.157244220645457
5948,5948,5.913333333333334,2.1835660334172577,2.1564812695506217
5949,5949,5.914999999999999,2.183947508964676,2.1557183184557878
5950,5950,5.916666666666668,2.183947508964676,2.1557183184557878
5951,5951,5.9183333333333366,2.1835660334172577,2.1564812695506217
5952,5952,5.92,2.1835660334172577,2.1564812695506217
5953,5953,5.921666666666667,2.183947508964676,2.1549553673609525
5954,5954,5.923333333333334,2.1885252155336845,2.1541924162661177
5955,5955,5.925000000000001,2.190432593270772,2.1557183184557878
5956,5956,5.926666666666668,2.1931029221026934,2.1568627450980395
5957,5957,5.928333333333336,2.1969176775768675,2.1560997940032047
5958,5958,5.93,2.201113908598459,2.157244220645457
5959,5959,5.931666666666667,2.204547188525216,2.1560997940032047
5960,5960,5.933333333333334,2.20683604180972,2.1545738918135346
5961,5961,5.9350000000000005,2.2075989929045554,2.1545738918135346
5962,5962,5.936666666666667,2.203784237430381,2.1553368429083704
5963,5963,5.938333333333334,2.2022583352407112,2.1560997940032047
5964,5964,5.9399999999999995,2.2007324330510416,2.1564812695506217
5965,5965,5.941666666666666,2.1999694819562072,2.1568627450980395
5966,5966,5.943333333333333,2.2014953841458764,2.157244220645457
5967,5967,5.945,2.2014953841458764,2.1587701228351266
5968,5968,5.946666666666667,2.2014953841458764,2.158007171740292
5969,5969,5.948333333333334,2.204547188525216,2.1560997940032047
5970,5970,5.949999999999999,2.2022583352407112,2.1560997940032047
5971,5971,5.951666666666668,2.2007324330510416,2.1568627450980395
5972,5972,5.953333333333333,2.203784237430381,2.1557183184557878
5973,5973,5.955,2.203784237430381,2.1553368429083704
5974,5974,5.956666666666667,2.2007324330510416,2.1553368429083704
5975,5975,5.958333333333334,2.199206530861372,2.1568627450980395
5976,5976,5.960000000000001,2.201113908598459,2.1576256961928744
5977,5977,5.961666666666668,2.2030212863355456,2.1568627450980395
5978,5978,5.9633333333333365,2.2034027618829635,2.1557183184557878
5979,5979,5.965,2.203784237430381,2.1564812695506217
5980,5980,5.966666666666667,2.203784237430381,2.158007171740292
5981,5981,5.968333333333334,2.2053101396200505,2.158388647287709
5982,5982,5.970000000000001,2.2034027618829635,2.159151598382544
5983,5983,5.971666666666668,2.2022583352407112,2.1595330739299614
5984,5984,5.9733333333333345,2.2026398107881286,2.158388647287709
5985,5985,5.975,2.2022583352407112,2.1587701228351266
5986,5986,5.976666666666668,2.2022583352407112,2.161058976119631
5987,5987,5.978333333333332,2.2007324330510416,2.1614404516670485
5988,5988,5.98,2.2014953841458764,2.1614404516670485
5989,5989,5.981666666666667,2.2030212863355456,2.1606775005722136
5990,5990,5.983333333333334,2.203784237430381,2.1595330739299614
5991,5991,5.984999999999999,2.204547188525216,2.160296025024796
5992,5992,5.986666666666668,2.2056916151674684,2.160296025024796
5993,5993,5.988333333333333,2.2060730907148853,2.1595330739299614
5994,5994,5.99,2.2034027618829635,2.160296025024796
5995,5995,5.991666666666667,2.2030212863355456,2.1595330739299614
5996,5996,5.993333333333334,2.20683604180972,2.159151598382544
5997,5997,5.994999999999999,2.2087434195468063,2.160296025024796
5998,5998,5.996666666666668,2.209506370641642,2.161821927214466
5999,5999,5.998333333333337,2.209506370641642,2.1614404516670485
