,Unnamed: 0,time,discharge_pressure,suction_pressure
2400,2400,0.0,1.4129854276340883,1.404211490043488
2401,2401,0.0016666666666669272,1.4126039520866709,1.4034485389486533
2402,2402,0.0033333333333338544,1.4122224765392537,1.403067063401236
2403,2403,0.004999999999999893,1.4118410009918363,1.4026855878538185
2404,2404,0.006666666666666821,1.4110780498970017,1.4019226367589837
2405,2405,0.008333333333333748,1.410696574349584,1.4015411612115662
2406,2406,0.010000000000001563,1.4103150988021669,1.4007782101167314
2407,2407,0.011666666666666714,1.4099336232547492,1.4003967345693138
2408,2408,0.013333333333333641,1.4095521477073318,1.3996337834744792
2409,2409,0.015000000000001457,1.4095521477073318,1.3992523079270618
2410,2410,0.016666666666666607,1.4084077210650796,1.3984893568322272
2411,2411,0.018333333333333535,1.4080262455176622,1.3977264057373922
2412,2412,0.020000000000000462,1.4080262455176622,1.3973449301899747
2413,2413,0.0216666666666665,1.4072632944228274,1.3969634546425571
2414,2414,0.023333333333333428,1.40688181887541,1.3965819790951397
2415,2415,0.025000000000000355,1.40688181887541,1.395819028000305
2416,2416,0.026666666666667282,1.4061188677805752,1.3954375524528877
2417,2417,0.02833333333333332,1.4053559166857403,1.3946746013580529
2418,2418,0.03000000000000025,1.404974441138323,1.3942931258106357
2419,2419,0.031666666666667176,1.404974441138323,1.393911650263218
2420,2420,0.033333333333333215,1.4045929655909055,1.3927672236209658
2421,2421,0.03500000000000014,1.4038300144960707,1.3927672236209658
2422,2422,0.03666666666666707,1.4038300144960707,1.3923857480735484
2423,2423,0.038333333333333997,1.403067063401236,1.3916227969787136
2424,2424,0.040000000000000036,1.4026855878538185,1.3912413214312962
2425,2425,0.04166666666666696,1.4019226367589837,1.3908598458838788
2426,2426,0.04333333333333389,1.4019226367589837,1.390096894789044
2427,2427,0.04499999999999993,1.4015411612115662,1.3897154192416266
2428,2428,0.046666666666666856,1.4011596856641488,1.3893339436942092
2429,2429,0.04833333333333378,1.4003967345693138,1.3885709925993743
2430,2430,0.04999999999999982,1.4000152590218966,1.388189517051957
2431,2431,0.05166666666666675,1.3996337834744792,1.387426565957122
2432,2432,0.05333333333333368,1.3992523079270618,1.3870450904097047
2433,2433,0.05500000000000149,1.3988708323796444,1.3866636148622873
2434,2434,0.05666666666666664,1.3981078812848096,1.38628213931487
2435,2435,0.05833333333333357,1.3977264057373922,1.3855191882200348
2436,2436,0.0600000000000005,1.3973449301899747,1.3855191882200348
2437,2437,0.061666666666666536,1.3969634546425571,1.3847562371252002
2438,2438,0.06333333333333346,1.3962005035477223,1.3839932860303654
2439,2439,0.06500000000000039,1.3962005035477223,1.3836118104829482
2440,2440,0.06666666666666643,1.3954375524528877,1.3832303349355306
2441,2441,0.06833333333333336,1.3950560769054705,1.3828488593881132
2442,2442,0.07000000000000028,1.3946746013580529,1.3828488593881132
2443,2443,0.07166666666666721,1.3942931258106357,1.3817044327458607
2444,2444,0.07333333333333325,1.393911650263218,1.3813229571984436
2445,2445,0.07500000000000018,1.3935301747158009,1.380941481651026
2446,2446,0.0766666666666671,1.3931486991683832,1.3805600061036087
2447,2447,0.07833333333333403,1.3923857480735484,1.380178530556191
2448,2448,0.08000000000000007,1.3923857480735484,1.3797970550087741
2449,2449,0.081666666666667,1.3916227969787136,1.3794155794613563
2450,2450,0.08333333333333393,1.3912413214312962,1.3786526283665217
2451,2451,0.08499999999999996,1.3912413214312962,1.3782711528191045
2452,2452,0.08666666666666689,1.3908598458838788,1.3778896772716869
2453,2453,0.08833333333333382,1.3904783703364614,1.3775082017242697
2454,2454,0.08999999999999986,1.390096894789044,1.377126726176852
2455,2455,0.09166666666666679,1.3893339436942092,1.3767452506294346
2456,2456,0.09333333333333371,1.3893339436942092,1.3763637750820172
2457,2457,0.09500000000000153,1.3885709925993743,1.3759822995345998
2458,2458,0.09666666666666668,1.3885709925993743,1.3756008239871824
2459,2459,0.0983333333333336,1.388189517051957,1.375219348439765
2460,2460,0.10000000000000053,1.387426565957122,1.3748378728923476
2461,2461,0.10166666666666657,1.3870450904097047,1.3744563973449302
2462,2462,0.1033333333333335,1.3870450904097047,1.3740749217975128
2463,2463,0.10500000000000043,1.38628213931487,1.3740749217975128
2464,2464,0.10666666666666647,1.38628213931487,1.373311970702678
2465,2465,0.10833333333333339,1.3859006637674525,1.3729304951552606
2466,2466,0.11000000000000032,1.3855191882200348,1.3725490196078431
2467,2467,0.11166666666666725,1.3851377126726176,1.3721675440604255
2468,2468,0.11333333333333329,1.3847562371252002,1.3721675440604255
2469,2469,0.11500000000000021,1.3843747615777828,1.371404592965591
2470,2470,0.11666666666666714,1.3839932860303654,1.3710231174181735
2471,2471,0.11833333333333318,1.3836118104829482,1.3710231174181735
2472,2472,0.1200000000000001,1.3836118104829482,1.3702601663233387
2473,2473,0.12166666666666703,1.3828488593881132,1.3698786907759213
2474,2474,0.12333333333333396,1.3828488593881132,1.3698786907759213
2475,2475,0.125,1.3824673838406958,1.369497215228504
2476,2476,0.12666666666666693,1.3817044327458607,1.3691157396810865
2477,2477,0.12833333333333385,1.3817044327458607,1.3687342641336688
2478,2478,0.1299999999999999,1.3813229571984436,1.3683527885862516
2479,2479,0.13166666666666682,1.3813229571984436,1.3679713130388342
2480,2480,0.13333333333333375,1.3805600061036087,1.3675898374914168
2481,2481,0.13500000000000156,1.3805600061036087,1.3672083619439994
2482,2482,0.13666666666666671,1.380178530556191,1.3668268863965818
2483,2483,0.13833333333333364,1.380178530556191,1.3664454108491644
2484,2484,0.14000000000000146,1.3794155794613563,1.3664454108491644
2485,2485,0.1416666666666666,1.379034103913939,1.366063935301747
2486,2486,0.14333333333333353,1.3786526283665217,1.3656824597543296
2487,2487,0.14500000000000046,1.3786526283665217,1.365300984206912
2488,2488,0.1466666666666665,1.3782711528191045,1.3649195086594947
2489,2489,0.14833333333333343,1.3782711528191045,1.364538033112077
2490,2490,0.15000000000000036,1.3778896772716869,1.3637750820172423
2491,2491,0.15166666666666728,1.3775082017242697,1.36415655756466
2492,2492,0.15333333333333332,1.377126726176852,1.3633936064698249
2493,2493,0.15500000000000025,1.3767452506294346,1.3633936064698249
2494,2494,0.15666666666666718,1.3767452506294346,1.3630121309224077
2495,2495,0.15833333333333321,1.3759822995345998,1.3626306553749905
2496,2496,0.16000000000000014,1.3759822995345998,1.3622491798275729
2497,2497,0.16166666666666707,1.3756008239871824,1.3618677042801557
2498,2498,0.163333333333334,1.3756008239871824,1.3618677042801557
2499,2499,0.16500000000000004,1.375219348439765,1.3614862287327378
2500,2500,0.16666666666666696,1.375219348439765,1.3611047531853206
2501,2501,0.1683333333333339,1.375219348439765,1.3607232776379032
2502,2502,0.16999999999999993,1.3744563973449302,1.3607232776379032
2503,2503,0.17166666666666686,1.3744563973449302,1.3599603265430684
2504,2504,0.17333333333333378,1.3740749217975128,1.3595788509956508
2505,2505,0.1750000000000016,1.3736934462500954,1.3595788509956508
2506,2506,0.17666666666666675,1.3736934462500954,1.3591973754482336
2507,2507,0.17833333333333368,1.373311970702678,1.3591973754482336
2508,2508,0.1800000000000015,1.373311970702678,1.3588158999008162
2509,2509,0.18166666666666664,1.3729304951552606,1.3584344243533988
2510,2510,0.18333333333333357,1.3725490196078431,1.3584344243533988
2511,2511,0.1850000000000005,1.3725490196078431,1.3580529488059814
2512,2512,0.18666666666666654,1.3721675440604255,1.357671473258564
2513,2513,0.18833333333333346,1.3721675440604255,1.357671473258564
2514,2514,0.1900000000000004,1.3717860685130083,1.3572899977111466
2515,2515,0.19166666666666643,1.371404592965591,1.3569085221637291
2516,2516,0.19333333333333336,1.3710231174181735,1.3565270466163115
2517,2517,0.19500000000000028,1.3710231174181735,1.3565270466163115
2518,2518,0.1966666666666672,1.3706416418707559,1.3561455710688943
2519,2519,0.19833333333333325,1.3706416418707559,1.3561455710688943
2520,2520,0.20000000000000018,1.3702601663233387,1.3553826199740595
2521,2521,0.2016666666666671,1.3702601663233387,1.3553826199740595
2522,2522,0.20333333333333403,1.3702601663233387,1.355001144426642
2523,2523,0.20500000000000007,1.3702601663233387,1.355001144426642
2524,2524,0.206666666666667,1.3698786907759213,1.3546196688792247
2525,2525,0.20833333333333393,1.369497215228504,1.3546196688792247
2526,2526,0.20999999999999996,1.369497215228504,1.35385671778439
2527,2527,0.2116666666666669,1.3691157396810865,1.35385671778439
2528,2528,0.21333333333333382,1.3691157396810865,1.3534752422369725
2529,2529,0.21499999999999986,1.3687342641336688,1.3534752422369725
2530,2530,0.21666666666666679,1.3683527885862516,1.353093766689555
2531,2531,0.2183333333333337,1.3683527885862516,1.3527122911421376
2532,2532,0.22000000000000153,1.3683527885862516,1.3527122911421376
2533,2533,0.22166666666666668,1.3679713130388342,1.3523308155947202
2534,2534,0.2233333333333336,1.3679713130388342,1.3523308155947202
2535,2535,0.22500000000000053,1.3675898374914168,1.3519493400473028
2536,2536,0.22666666666666657,1.3675898374914168,1.3515678644998854
2537,2537,0.2283333333333335,1.3675898374914168,1.351186388952468
2538,2538,0.23000000000000043,1.3672083619439994,1.351186388952468
2539,2539,0.23166666666666647,1.3672083619439994,1.3508049134050506
2540,2540,0.2333333333333334,1.3668268863965818,1.3504234378576332
2541,2541,0.23500000000000032,1.3668268863965818,1.3504234378576332
2542,2542,0.23666666666666725,1.3668268863965818,1.3500419623102158
2543,2543,0.23833333333333329,1.3664454108491644,1.3500419623102158
2544,2544,0.2400000000000002,1.366063935301747,1.3496604867627984
2545,2545,0.24166666666666714,1.366063935301747,1.3496604867627984
2546,2546,0.24333333333333318,1.3656824597543296,1.3496604867627984
2547,2547,0.2450000000000001,1.365300984206912,1.3488975356679636
2548,2548,0.24666666666666703,1.365300984206912,1.3488975356679636
2549,2549,0.24833333333333396,1.365300984206912,1.3488975356679636
2550,2550,0.25,1.3649195086594947,1.348516060120546
2551,2551,0.2516666666666669,1.3649195086594947,1.3481345845731287
2552,2552,0.25333333333333385,1.364538033112077,1.3481345845731287
2553,2553,0.2549999999999999,1.364538033112077,1.347753109025711
2554,2554,0.2566666666666668,1.36415655756466,1.347753109025711
2555,2555,0.25833333333333375,1.3637750820172423,1.347371633478294
2556,2556,0.26000000000000156,1.3637750820172423,1.347371633478294
2557,2557,0.2616666666666667,1.36415655756466,1.347371633478294
2558,2558,0.26333333333333364,1.3637750820172423,1.347371633478294
2559,2559,0.26500000000000146,1.3633936064698249,1.3469901579308765
2560,2560,0.2666666666666666,1.3633936064698249,1.3469901579308765
2561,2561,0.26833333333333353,1.3633936064698249,1.3466086823834589
2562,2562,0.27000000000000046,1.3630121309224077,1.3466086823834589
2563,2563,0.2716666666666665,1.3630121309224077,1.3466086823834589
2564,2564,0.27333333333333343,1.3626306553749905,1.3462272068360417
2565,2565,0.27500000000000036,1.3622491798275729,1.3458457312886245
2566,2566,0.2766666666666673,1.3622491798275729,1.3458457312886245
2567,2567,0.2783333333333333,1.3622491798275729,1.3458457312886245
2568,2568,0.28000000000000025,1.3622491798275729,1.3454642557412069
2569,2569,0.2816666666666672,1.3618677042801557,1.3454642557412069
2570,2570,0.2833333333333332,1.3614862287327378,1.3454642557412069
2571,2571,0.28500000000000014,1.3614862287327378,1.3454642557412069
2572,2572,0.28666666666666707,1.3614862287327378,1.3450827801937897
2573,2573,0.288333333333334,1.3614862287327378,1.3450827801937897
2574,2574,0.29000000000000004,1.3614862287327378,1.3447013046463723
2575,2575,0.29166666666666696,1.3607232776379032,1.3447013046463723
2576,2576,0.2933333333333339,1.3611047531853206,1.3447013046463723
2577,2577,0.29499999999999993,1.3607232776379032,1.3447013046463723
2578,2578,0.29666666666666686,1.3607232776379032,1.3447013046463723
2579,2579,0.2983333333333338,1.3603418020904858,1.3443198290989546
2580,2580,0.3000000000000016,1.3599603265430684,1.3443198290989546
2581,2581,0.30166666666666675,1.3599603265430684,1.3443198290989546
2582,2582,0.3033333333333337,1.3599603265430684,1.3439383535515372
2583,2583,0.3050000000000015,1.3599603265430684,1.3439383535515372
2584,2584,0.30666666666666664,1.3595788509956508,1.3435568780041198
2585,2585,0.30833333333333357,1.3595788509956508,1.3435568780041198
2586,2586,0.3100000000000005,1.3591973754482336,1.3435568780041198
2587,2587,0.31166666666666654,1.3591973754482336,1.3435568780041198
2588,2588,0.31333333333333346,1.3591973754482336,1.3435568780041198
2589,2589,0.3150000000000004,1.3591973754482336,1.3427939269092848
2590,2590,0.31666666666666643,1.3588158999008162,1.3427939269092848
2591,2591,0.31833333333333336,1.3588158999008162,1.3427939269092848
2592,2592,0.3200000000000003,1.3584344243533988,1.3427939269092848
2593,2593,0.3216666666666672,1.3584344243533988,1.3424124513618676
2594,2594,0.32333333333333325,1.3584344243533988,1.3420309758144502
2595,2595,0.3250000000000002,1.357671473258564,1.3420309758144502
2596,2596,0.3266666666666671,1.3580529488059814,1.3420309758144502
2597,2597,0.32833333333333403,1.357671473258564,1.3420309758144502
2598,2598,0.33000000000000007,1.357671473258564,1.3420309758144502
2599,2599,0.331666666666667,1.3572899977111466,1.3416495002670328
2600,2600,0.3333333333333339,1.3569085221637291,1.3412680247196154
2601,2601,0.33499999999999996,1.3572899977111466,1.3416495002670328
2602,2602,0.3366666666666669,1.3569085221637291,1.3412680247196154
2603,2603,0.3383333333333338,1.3569085221637291,1.340886549172198
2604,2604,0.33999999999999986,1.3569085221637291,1.340886549172198
2605,2605,0.3416666666666668,1.3565270466163115,1.340886549172198
2606,2606,0.3433333333333337,1.3565270466163115,1.3405050736247806
2607,2607,0.3450000000000015,1.3561455710688943,1.3401235980773631
2608,2608,0.3466666666666667,1.3561455710688943,1.3401235980773631
2609,2609,0.3483333333333336,1.3561455710688943,1.3397421225299455
2610,2610,0.35000000000000053,1.3561455710688943,1.3393606469825283
2611,2611,0.35166666666666657,1.3557640955214771,1.3397421225299455
2612,2612,0.3533333333333335,1.3553826199740595,1.3393606469825283
2613,2613,0.3550000000000004,1.3553826199740595,1.3393606469825283
2614,2614,0.35666666666666647,1.355001144426642,1.338979171435111
2615,2615,0.3583333333333334,1.355001144426642,1.3385976958876935
2616,2616,0.3600000000000003,1.3546196688792247,1.3385976958876935
2617,2617,0.36166666666666725,1.3546196688792247,1.3385976958876935
2618,2618,0.3633333333333333,1.3546196688792247,1.3382162203402759
2619,2619,0.3650000000000002,1.3546196688792247,1.3382162203402759
2620,2620,0.36666666666666714,1.3542381933318073,1.337834744792859
2621,2621,0.3683333333333332,1.3542381933318073,1.337834744792859
2622,2622,0.3700000000000001,1.3542381933318073,1.337071793698024
2623,2623,0.37166666666666703,1.35385671778439,1.337071793698024
2624,2624,0.37333333333333396,1.35385671778439,1.337071793698024
2625,2625,0.375,1.3534752422369725,1.3366903181506065
2626,2626,0.3766666666666669,1.3534752422369725,1.3366903181506065
2627,2627,0.37833333333333385,1.3534752422369725,1.3366903181506065
2628,2628,0.3799999999999999,1.3534752422369725,1.3363088426031888
2629,2629,0.3816666666666668,1.3534752422369725,1.3359273670557716
2630,2630,0.38333333333333375,1.3534752422369725,1.3359273670557716
2631,2631,0.38500000000000156,1.353093766689555,1.3355458915083542
2632,2632,0.3866666666666667,1.353093766689555,1.3355458915083542
2633,2633,0.38833333333333364,1.3527122911421376,1.3351644159609368
2634,2634,0.39000000000000146,1.353093766689555,1.3347829404135194
2635,2635,0.3916666666666666,1.3527122911421376,1.3347829404135194
2636,2636,0.39333333333333353,1.3527122911421376,1.334401464866102
2637,2637,0.39500000000000046,1.3523308155947202,1.3340199893186846
2638,2638,0.3966666666666665,1.3523308155947202,1.3336385137712672
2639,2639,0.39833333333333343,1.3523308155947202,1.3336385137712672
2640,2640,0.40000000000000036,1.3519493400473028,1.3332570382238498
2641,2641,0.4016666666666673,1.3519493400473028,1.3332570382238498
2642,2642,0.4033333333333333,1.3519493400473028,1.3328755626764324
2643,2643,0.40500000000000025,1.3515678644998854,1.3328755626764324
2644,2644,0.4066666666666672,1.3515678644998854,1.332494087129015
2645,2645,0.4083333333333332,1.3515678644998854,1.3321126115815975
2646,2646,0.41000000000000014,1.3515678644998854,1.33173113603418
2647,2647,0.41166666666666707,1.351186388952468,1.33173113603418
2648,2648,0.413333333333334,1.351186388952468,1.3313496604867627
2649,2649,0.41500000000000004,1.3515678644998854,1.330968184939345
2650,2650,0.41666666666666696,1.3508049134050506,1.330968184939345
2651,2651,0.4183333333333339,1.351186388952468,1.330586709391928
2652,2652,0.41999999999999993,1.3508049134050506,1.330586709391928
2653,2653,0.42166666666666686,1.3508049134050506,1.3302052338445105
2654,2654,0.4233333333333338,1.3508049134050506,1.329823758297093
2655,2655,0.4250000000000016,1.3508049134050506,1.3294422827496757
2656,2656,0.42666666666666675,1.3508049134050506,1.3294422827496757
2657,2657,0.4283333333333337,1.3504234378576332,1.3290608072022585
2658,2658,0.4300000000000015,1.3504234378576332,1.3286793316548409
2659,2659,0.43166666666666664,1.3500419623102158,1.3282978561074237
2660,2660,0.43333333333333357,1.3500419623102158,1.3279163805600058
2661,2661,0.4350000000000005,1.3500419623102158,1.3279163805600058
2662,2662,0.43666666666666654,1.3500419623102158,1.3275349050125886
2663,2663,0.43833333333333346,1.3500419623102158,1.3275349050125886
2664,2664,0.4400000000000004,1.3500419623102158,1.3271534294651712
2665,2665,0.44166666666666643,1.3496604867627984,1.3267719539177538
2666,2666,0.44333333333333336,1.3500419623102158,1.3263904783703364
2667,2667,0.4450000000000003,1.3496604867627984,1.326009002822919
2668,2668,0.4466666666666672,1.3496604867627984,1.326009002822919
2669,2669,0.44833333333333325,1.3496604867627984,1.3256275272755016
2670,2670,0.4500000000000002,1.3492790112153807,1.3252460517280842
2671,2671,0.4516666666666671,1.3496604867627984,1.3248645761806668
2672,2672,0.45333333333333403,1.3496604867627984,1.3244831006332494
2673,2673,0.45500000000000007,1.3496604867627984,1.3244831006332494
2674,2674,0.456666666666667,1.3492790112153807,1.324101625085832
2675,2675,0.4583333333333339,1.3492790112153807,1.3233386739909971
2676,2676,0.45999999999999996,1.3492790112153807,1.3233386739909971
2677,2677,0.4616666666666669,1.3492790112153807,1.3229571984435795
2678,2678,0.4633333333333338,1.3492790112153807,1.3225757228961623
2679,2679,0.46499999999999986,1.3492790112153807,1.3225757228961623
2680,2680,0.4666666666666668,1.3492790112153807,1.3221942473487451
2681,2681,0.4683333333333337,1.3492790112153807,1.3221942473487451
2682,2682,0.4700000000000015,1.3492790112153807,1.3218127718013275
2683,2683,0.4716666666666667,1.3496604867627984,1.3214312962539099
2684,2684,0.4733333333333336,1.3492790112153807,1.321049820706493
2685,2685,0.47500000000000053,1.3492790112153807,1.3206683451590753
2686,2686,0.47666666666666657,1.3492790112153807,1.3206683451590753
2687,2687,0.4783333333333335,1.3496604867627984,1.3199053940642405
2688,2688,0.4800000000000004,1.3496604867627984,1.3199053940642405
2689,2689,0.48166666666666647,1.3496604867627984,1.319523918516823
2690,2690,0.4833333333333334,1.3496604867627984,1.3191424429694056
2691,2691,0.4850000000000003,1.3500419623102158,1.3191424429694056
2692,2692,0.48666666666666725,1.3500419623102158,1.3191424429694056
2693,2693,0.4883333333333333,1.3500419623102158,1.3187609674219882
2694,2694,0.4900000000000002,1.3500419623102158,1.3183794918745708
2695,2695,0.49166666666666714,1.3500419623102158,1.3179980163271534
2696,2696,0.4933333333333332,1.3500419623102158,1.317616540779736
2697,2697,0.4950000000000001,1.3500419623102158,1.317616540779736
2698,2698,0.49666666666666703,1.3504234378576332,1.3172350652323186
2699,2699,0.49833333333333396,1.3504234378576332,1.3172350652323186
2700,2700,0.5,1.3500419623102158,1.3168535896849012
2701,2701,0.5016666666666669,1.3500419623102158,1.3164721141374838
2702,2702,0.5033333333333339,1.3500419623102158,1.3164721141374838
2703,2703,0.5049999999999999,1.3504234378576332,1.3164721141374838
2704,2704,0.5066666666666668,1.3504234378576332,1.3157091630426492
2705,2705,0.5083333333333337,1.3500419623102158,1.3153276874952315
2706,2706,0.5100000000000016,1.3504234378576332,1.3153276874952315
2707,2707,0.5116666666666667,1.3504234378576332,1.3153276874952315
2708,2708,0.5133333333333336,1.3500419623102158,1.314946211947814
2709,2709,0.5150000000000015,1.3504234378576332,1.314946211947814
2710,2710,0.5166666666666666,1.3504234378576332,1.3145647364003967
2711,2711,0.5183333333333335,1.3504234378576332,1.3145647364003967
2712,2712,0.5200000000000005,1.3504234378576332,1.3145647364003967
2713,2713,0.5216666666666665,1.3504234378576332,1.314183260852979
2714,2714,0.5233333333333334,1.3504234378576332,1.314183260852979
2715,2715,0.5250000000000004,1.3504234378576332,1.313801785305562
2716,2716,0.5266666666666673,1.3508049134050506,1.313801785305562
2717,2717,0.5283333333333333,1.3504234378576332,1.313801785305562
2718,2718,0.5300000000000002,1.3504234378576332,1.313801785305562
2719,2719,0.5316666666666672,1.3508049134050506,1.3134203097581445
2720,2720,0.5333333333333332,1.3504234378576332,1.3134203097581445
2721,2721,0.5350000000000001,1.3508049134050506,1.313801785305562
2722,2722,0.5366666666666671,1.3508049134050506,1.3134203097581445
2723,2723,0.538333333333334,1.3504234378576332,1.3134203097581445
2724,2724,0.54,1.3504234378576332,1.313038834210727
2725,2725,0.541666666666667,1.3504234378576332,1.3134203097581445
2726,2726,0.5433333333333339,1.3504234378576332,1.3134203097581445
2727,2727,0.5449999999999999,1.3504234378576332,1.313038834210727
2728,2728,0.5466666666666669,1.3504234378576332,1.313038834210727
2729,2729,0.5483333333333338,1.3504234378576332,1.313038834210727
2730,2730,0.5500000000000016,1.3504234378576332,1.313038834210727
2731,2731,0.5516666666666667,1.3504234378576332,1.313038834210727
2732,2732,0.5533333333333337,1.3504234378576332,1.313038834210727
2733,2733,0.5550000000000015,1.3504234378576332,1.3134203097581445
2734,2734,0.5566666666666666,1.3504234378576332,1.3134203097581445
2735,2735,0.5583333333333336,1.3500419623102158,1.3134203097581445
2736,2736,0.5600000000000005,1.3500419623102158,1.3134203097581445
2737,2737,0.5616666666666665,1.3500419623102158,1.3134203097581445
2738,2738,0.5633333333333335,1.3500419623102158,1.3134203097581445
2739,2739,0.5650000000000004,1.3500419623102158,1.3134203097581445
2740,2740,0.5666666666666664,1.3496604867627984,1.3134203097581445
2741,2741,0.5683333333333334,1.3496604867627984,1.3134203097581445
2742,2742,0.5700000000000003,1.3496604867627984,1.3134203097581445
2743,2743,0.5716666666666672,1.3492790112153807,1.313801785305562
2744,2744,0.5733333333333333,1.3496604867627984,1.3134203097581445
2745,2745,0.5750000000000002,1.3492790112153807,1.3134203097581445
2746,2746,0.5766666666666671,1.3492790112153807,1.3134203097581445
2747,2747,0.578333333333334,1.3492790112153807,1.3134203097581445
2748,2748,0.5800000000000001,1.3492790112153807,1.3134203097581445
2749,2749,0.581666666666667,1.3488975356679636,1.313801785305562
2750,2750,0.5833333333333339,1.3488975356679636,1.3134203097581445
2751,2751,0.585,1.3492790112153807,1.313801785305562
2752,2752,0.5866666666666669,1.3488975356679636,1.3134203097581445
2753,2753,0.5883333333333338,1.348516060120546,1.313801785305562
2754,2754,0.5899999999999999,1.348516060120546,1.313801785305562
2755,2755,0.5916666666666668,1.348516060120546,1.313801785305562
2756,2756,0.5933333333333337,1.348516060120546,1.313801785305562
2757,2757,0.5950000000000015,1.348516060120546,1.313801785305562
2758,2758,0.5966666666666667,1.348516060120546,1.313801785305562
2759,2759,0.5983333333333336,1.3481345845731287,1.313801785305562
2760,2760,0.6000000000000005,1.3481345845731287,1.313801785305562
2761,2761,0.6016666666666666,1.3481345845731287,1.314183260852979
2762,2762,0.6033333333333335,1.3481345845731287,1.314183260852979
2763,2763,0.6050000000000004,1.3481345845731287,1.314183260852979
2764,2764,0.6066666666666665,1.3481345845731287,1.314183260852979
2765,2765,0.6083333333333334,1.347753109025711,1.314183260852979
2766,2766,0.6100000000000003,1.347753109025711,1.314183260852979
2767,2767,0.6116666666666672,1.347753109025711,1.314183260852979
2768,2768,0.6133333333333333,1.347753109025711,1.314183260852979
2769,2769,0.6150000000000002,1.347753109025711,1.3145647364003967
2770,2770,0.6166666666666671,1.347753109025711,1.314183260852979
2771,2771,0.6183333333333341,1.3481345845731287,1.314946211947814
2772,2772,0.6200000000000001,1.347753109025711,1.314946211947814
2773,2773,0.621666666666667,1.3481345845731287,1.3145647364003967
2774,2774,0.623333333333334,1.347753109025711,1.314946211947814
2775,2775,0.625,1.347753109025711,1.314946211947814
2776,2776,0.6266666666666669,1.347753109025711,1.314946211947814
2777,2777,0.6283333333333339,1.347753109025711,1.3153276874952315
2778,2778,0.6299999999999999,1.3481345845731287,1.314946211947814
2779,2779,0.6316666666666668,1.3481345845731287,1.3153276874952315
2780,2780,0.6333333333333337,1.3481345845731287,1.3153276874952315
2781,2781,0.6350000000000016,1.3481345845731287,1.3153276874952315
2782,2782,0.6366666666666667,1.3481345845731287,1.3157091630426492
2783,2783,0.6383333333333336,1.3481345845731287,1.3157091630426492
2784,2784,0.6400000000000015,1.348516060120546,1.3153276874952315
2785,2785,0.6416666666666666,1.3481345845731287,1.3153276874952315
2786,2786,0.6433333333333335,1.348516060120546,1.3160906385900664
2787,2787,0.6450000000000005,1.3481345845731287,1.3157091630426492
2788,2788,0.6466666666666665,1.348516060120546,1.3160906385900664
2789,2789,0.6483333333333334,1.348516060120546,1.3160906385900664
2790,2790,0.6500000000000004,1.348516060120546,1.3160906385900664
2791,2791,0.6516666666666673,1.348516060120546,1.3164721141374838
2792,2792,0.6533333333333333,1.3488975356679636,1.3164721141374838
2793,2793,0.6550000000000002,1.3488975356679636,1.3164721141374838
2794,2794,0.6566666666666672,1.3488975356679636,1.3164721141374838
2795,2795,0.6583333333333332,1.3488975356679636,1.3164721141374838
2796,2796,0.6600000000000001,1.3488975356679636,1.3168535896849012
2797,2797,0.6616666666666671,1.3492790112153807,1.3164721141374838
2798,2798,0.663333333333334,1.3488975356679636,1.3168535896849012
2799,2799,0.665,1.3488975356679636,1.3168535896849012
2800,2800,0.666666666666667,1.3492790112153807,1.3168535896849012
2801,2801,0.6683333333333339,1.3488975356679636,1.3172350652323186
2802,2802,0.6699999999999999,1.3488975356679636,1.3172350652323186
2803,2803,0.6716666666666669,1.3492790112153807,1.3172350652323186
2804,2804,0.6733333333333338,1.3492790112153807,1.3172350652323186
2805,2805,0.6750000000000016,1.3488975356679636,1.317616540779736
2806,2806,0.6766666666666667,1.3492790112153807,1.317616540779736
2807,2807,0.6783333333333337,1.3496604867627984,1.317616540779736
2808,2808,0.6800000000000015,1.3492790112153807,1.3179980163271534
2809,2809,0.6816666666666666,1.3492790112153807,1.317616540779736
2810,2810,0.6833333333333336,1.3492790112153807,1.3179980163271534
2811,2811,0.6850000000000005,1.3492790112153807,1.3179980163271534
2812,2812,0.6866666666666665,1.3496604867627984,1.3179980163271534
2813,2813,0.6883333333333335,1.3496604867627984,1.3187609674219882
2814,2814,0.6900000000000004,1.3492790112153807,1.3187609674219882
2815,2815,0.6916666666666664,1.3492790112153807,1.3187609674219882
2816,2816,0.6933333333333334,1.3496604867627984,1.3191424429694056
2817,2817,0.6950000000000003,1.3496604867627984,1.3191424429694056
2818,2818,0.6966666666666672,1.3496604867627984,1.3191424429694056
2819,2819,0.6983333333333333,1.3492790112153807,1.319523918516823
2820,2820,0.7000000000000002,1.3492790112153807,1.319523918516823
2821,2821,0.7016666666666671,1.3492790112153807,1.3199053940642405
2822,2822,0.703333333333334,1.3492790112153807,1.3199053940642405
2823,2823,0.7050000000000001,1.3492790112153807,1.3199053940642405
2824,2824,0.706666666666667,1.3488975356679636,1.320286869611658
2825,2825,0.7083333333333339,1.3488975356679636,1.320286869611658
2826,2826,0.71,1.3488975356679636,1.3206683451590753
2827,2827,0.7116666666666669,1.3488975356679636,1.320286869611658
2828,2828,0.7133333333333338,1.3488975356679636,1.321049820706493
2829,2829,0.7150000000000016,1.3488975356679636,1.321049820706493
2830,2830,0.7166666666666668,1.348516060120546,1.321049820706493
2831,2831,0.7183333333333337,1.3488975356679636,1.3214312962539099
2832,2832,0.7200000000000015,1.3488975356679636,1.3214312962539099
2833,2833,0.7216666666666667,1.348516060120546,1.3221942473487451
2834,2834,0.7233333333333336,1.348516060120546,1.3218127718013275
2835,2835,0.7250000000000005,1.348516060120546,1.3221942473487451
2836,2836,0.7266666666666666,1.348516060120546,1.3225757228961623
2837,2837,0.7283333333333335,1.348516060120546,1.3225757228961623
2838,2838,0.7300000000000004,1.348516060120546,1.3229571984435795
2839,2839,0.7316666666666665,1.348516060120546,1.3229571984435795
2840,2840,0.7333333333333334,1.3481345845731287,1.3233386739909971
2841,2841,0.7350000000000003,1.348516060120546,1.3237201495384143
2842,2842,0.7366666666666672,1.3481345845731287,1.324101625085832
2843,2843,0.7383333333333333,1.3481345845731287,1.324101625085832
2844,2844,0.7400000000000002,1.3481345845731287,1.324101625085832
2845,2845,0.7416666666666671,1.347753109025711,1.3248645761806668
2846,2846,0.7433333333333341,1.3481345845731287,1.3248645761806668
2847,2847,0.7450000000000001,1.3481345845731287,1.3248645761806668
2848,2848,0.746666666666667,1.347753109025711,1.3252460517280842
2849,2849,0.748333333333334,1.3481345845731287,1.3252460517280842
2850,2850,0.75,1.347753109025711,1.3256275272755016
2851,2851,0.7516666666666669,1.347753109025711,1.3256275272755016
2852,2852,0.7533333333333339,1.347753109025711,1.3256275272755016
2853,2853,0.7549999999999999,1.347753109025711,1.326009002822919
2854,2854,0.7566666666666668,1.347753109025711,1.326009002822919
2855,2855,0.7583333333333337,1.347753109025711,1.3263904783703364
2856,2856,0.7600000000000016,1.347753109025711,1.3271534294651712
2857,2857,0.7616666666666667,1.347753109025711,1.3271534294651712
2858,2858,0.7633333333333336,1.347753109025711,1.3275349050125886
2859,2859,0.7650000000000015,1.347753109025711,1.3275349050125886
2860,2860,0.7666666666666666,1.347753109025711,1.3275349050125886
2861,2861,0.7683333333333335,1.347753109025711,1.3279163805600058
2862,2862,0.7700000000000005,1.347753109025711,1.3282978561074237
2863,2863,0.7716666666666665,1.347753109025711,1.3282978561074237
2864,2864,0.7733333333333334,1.347753109025711,1.3282978561074237
2865,2865,0.7750000000000004,1.347753109025711,1.3282978561074237
2866,2866,0.7766666666666673,1.347753109025711,1.3286793316548409
2867,2867,0.7783333333333333,1.347753109025711,1.3286793316548409
2868,2868,0.7800000000000002,1.347753109025711,1.3290608072022585
2869,2869,0.7816666666666672,1.347753109025711,1.3290608072022585
2870,2870,0.7833333333333332,1.347753109025711,1.3294422827496757
2871,2871,0.7850000000000001,1.347753109025711,1.329823758297093
2872,2872,0.7866666666666671,1.347753109025711,1.3302052338445105
2873,2873,0.788333333333334,1.347753109025711,1.3302052338445105
2874,2874,0.79,1.347753109025711,1.3302052338445105
2875,2875,0.791666666666667,1.347753109025711,1.3302052338445105
2876,2876,0.7933333333333339,1.347753109025711,1.330586709391928
2877,2877,0.7949999999999999,1.347753109025711,1.330586709391928
2878,2878,0.7966666666666669,1.347753109025711,1.330586709391928
2879,2879,0.7983333333333338,1.347371633478294,1.330586709391928
2880,2880,0.8000000000000016,1.347753109025711,1.330968184939345
2881,2881,0.8016666666666667,1.347371633478294,1.330968184939345
2882,2882,0.8033333333333337,1.347753109025711,1.3313496604867627
2883,2883,0.8050000000000015,1.347753109025711,1.3313496604867627
2884,2884,0.8066666666666666,1.347753109025711,1.3313496604867627
2885,2885,0.8083333333333336,1.347371633478294,1.3313496604867627
2886,2886,0.8100000000000005,1.347371633478294,1.33173113603418
2887,2887,0.8116666666666665,1.347753109025711,1.33173113603418
2888,2888,0.8133333333333335,1.347371633478294,1.3321126115815975
2889,2889,0.8150000000000004,1.347371633478294,1.3321126115815975
2890,2890,0.8166666666666664,1.347371633478294,1.3321126115815975
2891,2891,0.8183333333333334,1.347371633478294,1.332494087129015
2892,2892,0.8200000000000003,1.347371633478294,1.332494087129015
2893,2893,0.8216666666666672,1.347371633478294,1.3328755626764324
2894,2894,0.8233333333333333,1.3469901579308765,1.3328755626764324
2895,2895,0.8250000000000002,1.3469901579308765,1.3328755626764324
2896,2896,0.8266666666666671,1.3469901579308765,1.3332570382238498
2897,2897,0.828333333333334,1.3469901579308765,1.3332570382238498
2898,2898,0.8300000000000001,1.3469901579308765,1.3332570382238498
2899,2899,0.831666666666667,1.3466086823834589,1.3336385137712672
2900,2900,0.8333333333333339,1.3466086823834589,1.3332570382238498
2901,2901,0.835,1.3466086823834589,1.3336385137712672
2902,2902,0.8366666666666669,1.3462272068360417,1.3336385137712672
2903,2903,0.8383333333333338,1.3466086823834589,1.3336385137712672
2904,2904,0.8400000000000016,1.3466086823834589,1.3336385137712672
2905,2905,0.8416666666666668,1.3462272068360417,1.3340199893186846
2906,2906,0.8433333333333337,1.3462272068360417,1.3340199893186846
2907,2907,0.8450000000000015,1.3462272068360417,1.3340199893186846
2908,2908,0.8466666666666667,1.3462272068360417,1.3340199893186846
2909,2909,0.8483333333333336,1.3458457312886245,1.3340199893186846
2910,2910,0.8500000000000005,1.3458457312886245,1.334401464866102
2911,2911,0.8516666666666666,1.3458457312886245,1.334401464866102
2912,2912,0.8533333333333335,1.3458457312886245,1.334401464866102
2913,2913,0.8550000000000004,1.3458457312886245,1.3347829404135194
2914,2914,0.8566666666666665,1.3458457312886245,1.3347829404135194
2915,2915,0.8583333333333334,1.3454642557412069,1.3347829404135194
2916,2916,0.8600000000000003,1.3458457312886245,1.3351644159609368
2917,2917,0.8616666666666672,1.3454642557412069,1.3351644159609368
2918,2918,0.8633333333333333,1.3454642557412069,1.3351644159609368
2919,2919,0.8650000000000002,1.3454642557412069,1.3351644159609368
2920,2920,0.8666666666666671,1.3450827801937897,1.3351644159609368
2921,2921,0.8683333333333341,1.3454642557412069,1.3355458915083542
2922,2922,0.8700000000000001,1.3454642557412069,1.3355458915083542
2923,2923,0.871666666666667,1.3450827801937897,1.3355458915083542
2924,2924,0.873333333333334,1.3450827801937897,1.3355458915083542
2925,2925,0.875,1.3450827801937897,1.3355458915083542
2926,2926,0.8766666666666669,1.3447013046463723,1.3359273670557716
2927,2927,0.8783333333333339,1.3450827801937897,1.3359273670557716
2928,2928,0.8799999999999999,1.3447013046463723,1.3359273670557716
2929,2929,0.8816666666666668,1.3450827801937897,1.3363088426031888
2930,2930,0.8833333333333337,1.3443198290989546,1.3359273670557716
2931,2931,0.8850000000000016,1.3447013046463723,1.3363088426031888
2932,2932,0.8866666666666667,1.3447013046463723,1.3363088426031888
2933,2933,0.8883333333333336,1.3447013046463723,1.3363088426031888
2934,2934,0.8900000000000015,1.3443198290989546,1.3366903181506065
2935,2935,0.8916666666666666,1.3443198290989546,1.3363088426031888
2936,2936,0.8933333333333335,1.3443198290989546,1.3366903181506065
2937,2937,0.8950000000000005,1.3443198290989546,1.3366903181506065
2938,2938,0.8966666666666665,1.3443198290989546,1.3366903181506065
2939,2939,0.8983333333333334,1.3443198290989546,1.3366903181506065
2940,2940,0.9000000000000004,1.3443198290989546,1.3366903181506065
2941,2941,0.9016666666666673,1.3443198290989546,1.3366903181506065
2942,2942,0.9033333333333333,1.3443198290989546,1.337071793698024
2943,2943,0.9050000000000002,1.3439383535515372,1.337071793698024
2944,2944,0.9066666666666672,1.3439383535515372,1.337071793698024
2945,2945,0.9083333333333332,1.3439383535515372,1.337071793698024
2946,2946,0.9100000000000001,1.3439383535515372,1.3374532692454413
2947,2947,0.9116666666666671,1.3439383535515372,1.3374532692454413
2948,2948,0.913333333333334,1.3439383535515372,1.3374532692454413
2949,2949,0.915,1.3439383535515372,1.3374532692454413
2950,2950,0.916666666666667,1.3435568780041198,1.3374532692454413
2951,2951,0.9183333333333339,1.3439383535515372,1.3374532692454413
2952,2952,0.9199999999999999,1.3439383535515372,1.337834744792859
2953,2953,0.9216666666666669,1.3435568780041198,1.337834744792859
2954,2954,0.9233333333333338,1.3435568780041198,1.337834744792859
2955,2955,0.9250000000000016,1.3435568780041198,1.337834744792859
2956,2956,0.9266666666666667,1.3435568780041198,1.337834744792859
2957,2957,0.9283333333333337,1.3435568780041198,1.337834744792859
2958,2958,0.9300000000000015,1.3435568780041198,1.3382162203402759
2959,2959,0.9316666666666666,1.3435568780041198,1.3382162203402759
2960,2960,0.9333333333333336,1.3431754024567024,1.3382162203402759
2961,2961,0.9350000000000005,1.3435568780041198,1.3385976958876935
2962,2962,0.9366666666666665,1.3435568780041198,1.3385976958876935
2963,2963,0.9383333333333335,1.3431754024567024,1.3385976958876935
2964,2964,0.9400000000000004,1.3427939269092848,1.3385976958876935
2965,2965,0.9416666666666664,1.3427939269092848,1.3385976958876935
2966,2966,0.9433333333333334,1.3431754024567024,1.3385976958876935
2967,2967,0.9450000000000003,1.3427939269092848,1.3385976958876935
2968,2968,0.9466666666666672,1.3431754024567024,1.338979171435111
2969,2969,0.9483333333333333,1.3427939269092848,1.338979171435111
2970,2970,0.9500000000000002,1.3427939269092848,1.3385976958876935
2971,2971,0.9516666666666671,1.3427939269092848,1.338979171435111
2972,2972,0.953333333333334,1.3427939269092848,1.3385976958876935
2973,2973,0.9550000000000001,1.3427939269092848,1.338979171435111
2974,2974,0.956666666666667,1.3427939269092848,1.3385976958876935
2975,2975,0.9583333333333339,1.3424124513618676,1.338979171435111
2976,2976,0.96,1.3424124513618676,1.338979171435111
2977,2977,0.9616666666666669,1.3420309758144502,1.338979171435111
2978,2978,0.9633333333333338,1.3424124513618676,1.338979171435111
2979,2979,0.9650000000000016,1.3424124513618676,1.338979171435111
2980,2980,0.9666666666666668,1.3416495002670328,1.338979171435111
2981,2981,0.9683333333333337,1.3416495002670328,1.3393606469825283
2982,2982,0.9700000000000015,1.3416495002670328,1.338979171435111
2983,2983,0.9716666666666667,1.3416495002670328,1.3393606469825283
2984,2984,0.9733333333333336,1.3416495002670328,1.338979171435111
2985,2985,0.9750000000000005,1.3412680247196154,1.338979171435111
2986,2986,0.9766666666666666,1.3416495002670328,1.338979171435111
2987,2987,0.9783333333333335,1.3412680247196154,1.3393606469825283
2988,2988,0.9800000000000004,1.3412680247196154,1.3393606469825283
2989,2989,0.9816666666666665,1.3412680247196154,1.3393606469825283
2990,2990,0.9833333333333334,1.340886549172198,1.338979171435111
2991,2991,0.9850000000000003,1.340886549172198,1.3393606469825283
2992,2992,0.9866666666666672,1.340886549172198,1.3393606469825283
2993,2993,0.9883333333333333,1.340886549172198,1.3393606469825283
2994,2994,0.9900000000000002,1.3405050736247806,1.3393606469825283
2995,2995,0.9916666666666671,1.3405050736247806,1.3393606469825283
2996,2996,0.9933333333333341,1.3405050736247806,1.3393606469825283
2997,2997,0.9950000000000001,1.3405050736247806,1.3393606469825283
2998,2998,0.996666666666667,1.3405050736247806,1.3393606469825283
2999,2999,0.998333333333334,1.3401235980773631,1.3397421225299455
3000,3000,1.0,1.3401235980773631,1.3393606469825283
3001,3001,1.001666666666667,1.3405050736247806,1.3393606469825283
3002,3002,1.0033333333333339,1.3401235980773631,1.3397421225299455
3003,3003,1.005,1.3401235980773631,1.3393606469825283
3004,3004,1.0066666666666668,1.3401235980773631,1.3393606469825283
3005,3005,1.0083333333333337,1.3397421225299455,1.3393606469825283
3006,3006,1.0100000000000016,1.3401235980773631,1.3393606469825283
3007,3007,1.0116666666666667,1.3397421225299455,1.3397421225299455
3008,3008,1.0133333333333336,1.3397421225299455,1.3397421225299455
3009,3009,1.0150000000000015,1.3397421225299455,1.3397421225299455
3010,3010,1.0166666666666666,1.3393606469825283,1.3393606469825283
3011,3011,1.0183333333333335,1.3393606469825283,1.3393606469825283
3012,3012,1.0200000000000005,1.3397421225299455,1.3393606469825283
3013,3013,1.0216666666666665,1.3397421225299455,1.3393606469825283
3014,3014,1.0233333333333334,1.3393606469825283,1.3397421225299455
3015,3015,1.0250000000000004,1.3393606469825283,1.3393606469825283
3016,3016,1.0266666666666673,1.3393606469825283,1.3397421225299455
3017,3017,1.0283333333333333,1.3393606469825283,1.3397421225299455
3018,3018,1.0300000000000002,1.3393606469825283,1.3393606469825283
3019,3019,1.0316666666666672,1.3393606469825283,1.3393606469825283
3020,3020,1.0333333333333332,1.338979171435111,1.3393606469825283
3021,3021,1.0350000000000001,1.338979171435111,1.3397421225299455
3022,3022,1.036666666666667,1.338979171435111,1.3393606469825283
3023,3023,1.038333333333334,1.338979171435111,1.3393606469825283
3024,3024,1.04,1.338979171435111,1.3397421225299455
3025,3025,1.041666666666667,1.3385976958876935,1.3393606469825283
3026,3026,1.043333333333334,1.338979171435111,1.3393606469825283
3027,3027,1.045,1.3385976958876935,1.3393606469825283
3028,3028,1.0466666666666669,1.3385976958876935,1.3393606469825283
3029,3029,1.0483333333333338,1.3385976958876935,1.3393606469825283
3030,3030,1.0500000000000016,1.3385976958876935,1.3393606469825283
3031,3031,1.0516666666666667,1.3382162203402759,1.3393606469825283
3032,3032,1.0533333333333337,1.3385976958876935,1.3393606469825283
3033,3033,1.0550000000000015,1.3385976958876935,1.338979171435111
3034,3034,1.0566666666666666,1.3382162203402759,1.338979171435111
3035,3035,1.0583333333333336,1.3382162203402759,1.338979171435111
3036,3036,1.0600000000000005,1.3382162203402759,1.338979171435111
3037,3037,1.0616666666666665,1.337834744792859,1.338979171435111
3038,3038,1.0633333333333335,1.3382162203402759,1.338979171435111
3039,3039,1.0650000000000004,1.3382162203402759,1.338979171435111
3040,3040,1.0666666666666664,1.337834744792859,1.3385976958876935
3041,3041,1.0683333333333334,1.337834744792859,1.3385976958876935
3042,3042,1.0700000000000003,1.337834744792859,1.3385976958876935
3043,3043,1.0716666666666672,1.337834744792859,1.3385976958876935
3044,3044,1.0733333333333333,1.337834744792859,1.3385976958876935
3045,3045,1.0750000000000002,1.3374532692454413,1.3382162203402759
3046,3046,1.076666666666667,1.3374532692454413,1.3385976958876935
3047,3047,1.078333333333334,1.3374532692454413,1.3382162203402759
3048,3048,1.08,1.3374532692454413,1.337834744792859
3049,3049,1.081666666666667,1.3374532692454413,1.337834744792859
3050,3050,1.083333333333334,1.337071793698024,1.337834744792859
3051,3051,1.085,1.337071793698024,1.337834744792859
3052,3052,1.086666666666667,1.337071793698024,1.337834744792859
3053,3053,1.0883333333333338,1.337071793698024,1.337834744792859
3054,3054,1.0900000000000016,1.337071793698024,1.3374532692454413
3055,3055,1.0916666666666668,1.3366903181506065,1.3374532692454413
3056,3056,1.0933333333333337,1.3366903181506065,1.3374532692454413
3057,3057,1.0950000000000015,1.3363088426031888,1.337071793698024
3058,3058,1.0966666666666667,1.3363088426031888,1.3374532692454413
3059,3059,1.0983333333333336,1.3359273670557716,1.337071793698024
3060,3060,1.1000000000000005,1.3355458915083542,1.3366903181506065
3061,3061,1.1016666666666666,1.3355458915083542,1.337071793698024
3062,3062,1.1033333333333335,1.3355458915083542,1.337071793698024
3063,3063,1.1050000000000004,1.3355458915083542,1.3366903181506065
3064,3064,1.1066666666666665,1.3355458915083542,1.3366903181506065
3065,3065,1.1083333333333334,1.3351644159609368,1.3363088426031888
3066,3066,1.1100000000000003,1.3351644159609368,1.3363088426031888
3067,3067,1.1116666666666672,1.3351644159609368,1.3366903181506065
3068,3068,1.1133333333333333,1.3347829404135194,1.3363088426031888
3069,3069,1.1150000000000002,1.3347829404135194,1.3363088426031888
3070,3070,1.1166666666666671,1.334401464866102,1.3359273670557716
3071,3071,1.118333333333334,1.3347829404135194,1.3363088426031888
3072,3072,1.12,1.334401464866102,1.3359273670557716
3073,3073,1.121666666666667,1.3340199893186846,1.3359273670557716
3074,3074,1.123333333333334,1.3340199893186846,1.3359273670557716
3075,3075,1.125,1.3340199893186846,1.3355458915083542
3076,3076,1.126666666666667,1.3336385137712672,1.3355458915083542
3077,3077,1.1283333333333339,1.3336385137712672,1.3355458915083542
3078,3078,1.13,1.3336385137712672,1.3351644159609368
3079,3079,1.1316666666666668,1.3332570382238498,1.3351644159609368
3080,3080,1.1333333333333337,1.3332570382238498,1.3347829404135194
3081,3081,1.1350000000000016,1.3332570382238498,1.3347829404135194
3082,3082,1.1366666666666667,1.3328755626764324,1.334401464866102
3083,3083,1.1383333333333336,1.3328755626764324,1.334401464866102
3084,3084,1.1400000000000015,1.332494087129015,1.334401464866102
3085,3085,1.1416666666666666,1.332494087129015,1.3340199893186846
3086,3086,1.1433333333333335,1.332494087129015,1.3340199893186846
3087,3087,1.1450000000000005,1.332494087129015,1.3340199893186846
3088,3088,1.1466666666666665,1.3321126115815975,1.3340199893186846
3089,3089,1.1483333333333334,1.3321126115815975,1.3336385137712672
3090,3090,1.1500000000000004,1.33173113603418,1.3332570382238498
3091,3091,1.1516666666666673,1.3321126115815975,1.3332570382238498
3092,3092,1.1533333333333333,1.3321126115815975,1.3332570382238498
3093,3093,1.1550000000000002,1.33173113603418,1.3328755626764324
3094,3094,1.1566666666666672,1.3313496604867627,1.3328755626764324
3095,3095,1.158333333333334,1.330968184939345,1.3328755626764324
3096,3096,1.1600000000000001,1.3313496604867627,1.3328755626764324
3097,3097,1.161666666666667,1.330968184939345,1.332494087129015
3098,3098,1.163333333333334,1.330968184939345,1.332494087129015
3099,3099,1.165,1.330586709391928,1.332494087129015
3100,3100,1.166666666666667,1.3302052338445105,1.33173113603418
3101,3101,1.168333333333334,1.3302052338445105,1.3313496604867627
3102,3102,1.17,1.3302052338445105,1.33173113603418
3103,3103,1.1716666666666669,1.3302052338445105,1.3313496604867627
3104,3104,1.1733333333333338,1.3302052338445105,1.3313496604867627
3105,3105,1.1750000000000016,1.329823758297093,1.330968184939345
3106,3106,1.1766666666666667,1.329823758297093,1.330968184939345
3107,3107,1.1783333333333337,1.329823758297093,1.330968184939345
3108,3108,1.1800000000000015,1.329823758297093,1.330586709391928
3109,3109,1.1816666666666666,1.329823758297093,1.330586709391928
3110,3110,1.1833333333333336,1.3294422827496757,1.3302052338445105
3111,3111,1.1850000000000005,1.3294422827496757,1.3302052338445105
3112,3112,1.1866666666666665,1.3294422827496757,1.329823758297093
3113,3113,1.1883333333333335,1.3294422827496757,1.3294422827496757
3114,3114,1.1900000000000004,1.3290608072022585,1.3294422827496757
3115,3115,1.1916666666666664,1.3286793316548409,1.3290608072022585
3116,3116,1.1933333333333334,1.3290608072022585,1.3286793316548409
3117,3117,1.1950000000000003,1.3290608072022585,1.3286793316548409
3118,3118,1.1966666666666672,1.3286793316548409,1.3282978561074237
3119,3119,1.1983333333333333,1.3282978561074237,1.3282978561074237
3120,3120,1.2000000000000002,1.3282978561074237,1.3282978561074237
3121,3121,1.201666666666667,1.3279163805600058,1.3279163805600058
3122,3122,1.203333333333334,1.3279163805600058,1.3279163805600058
3123,3123,1.205,1.3279163805600058,1.3279163805600058
3124,3124,1.206666666666667,1.3279163805600058,1.3275349050125886
3125,3125,1.208333333333334,1.3271534294651712,1.3271534294651712
3126,3126,1.21,1.3275349050125886,1.3271534294651712
3127,3127,1.211666666666667,1.3275349050125886,1.3267719539177538
3128,3128,1.2133333333333338,1.3271534294651712,1.3267719539177538
3129,3129,1.2150000000000016,1.3271534294651712,1.3263904783703364
3130,3130,1.2166666666666668,1.3267719539177538,1.326009002822919
3131,3131,1.2183333333333337,1.3267719539177538,1.326009002822919
3132,3132,1.2200000000000015,1.3267719539177538,1.3256275272755016
3133,3133,1.2216666666666667,1.3267719539177538,1.326009002822919
3134,3134,1.2233333333333336,1.3263904783703364,1.3252460517280842
3135,3135,1.2250000000000005,1.3263904783703364,1.3252460517280842
3136,3136,1.2266666666666666,1.3263904783703364,1.3252460517280842
3137,3137,1.2283333333333335,1.326009002822919,1.3248645761806668
3138,3138,1.2300000000000004,1.326009002822919,1.3248645761806668
3139,3139,1.2316666666666665,1.3256275272755016,1.3248645761806668
3140,3140,1.2333333333333334,1.3256275272755016,1.3244831006332494
3141,3141,1.2350000000000003,1.3252460517280842,1.3244831006332494
3142,3142,1.2366666666666672,1.3252460517280842,1.3244831006332494
3143,3143,1.2383333333333333,1.3248645761806668,1.324101625085832
3144,3144,1.2400000000000002,1.3248645761806668,1.3237201495384143
3145,3145,1.2416666666666671,1.3248645761806668,1.3237201495384143
3146,3146,1.243333333333334,1.3248645761806668,1.3237201495384143
3147,3147,1.245,1.3248645761806668,1.3233386739909971
3148,3148,1.246666666666667,1.3244831006332494,1.3229571984435795
3149,3149,1.248333333333334,1.324101625085832,1.3229571984435795
3150,3150,1.25,1.3244831006332494,1.3229571984435795
3151,3151,1.251666666666667,1.3244831006332494,1.3225757228961623
3152,3152,1.2533333333333339,1.324101625085832,1.3225757228961623
3153,3153,1.255,1.3237201495384143,1.3225757228961623
3154,3154,1.2566666666666668,1.324101625085832,1.3225757228961623
3155,3155,1.2583333333333337,1.3237201495384143,1.3221942473487451
3156,3156,1.2600000000000016,1.3237201495384143,1.3221942473487451
3157,3157,1.2616666666666667,1.3233386739909971,1.3221942473487451
3158,3158,1.2633333333333336,1.3233386739909971,1.3221942473487451
3159,3159,1.2650000000000015,1.3233386739909971,1.3218127718013275
3160,3160,1.2666666666666666,1.3229571984435795,1.3218127718013275
3161,3161,1.2683333333333335,1.3229571984435795,1.3218127718013275
3162,3162,1.2700000000000005,1.3229571984435795,1.3214312962539099
3163,3163,1.2716666666666665,1.3225757228961623,1.3214312962539099
3164,3164,1.2733333333333334,1.3225757228961623,1.321049820706493
3165,3165,1.2750000000000004,1.3221942473487451,1.321049820706493
3166,3166,1.2766666666666673,1.3221942473487451,1.321049820706493
3167,3167,1.2783333333333333,1.3221942473487451,1.3206683451590753
3168,3168,1.2800000000000002,1.3221942473487451,1.3206683451590753
3169,3169,1.2816666666666672,1.3218127718013275,1.3206683451590753
3170,3170,1.283333333333334,1.3214312962539099,1.3206683451590753
3171,3171,1.2850000000000001,1.3218127718013275,1.320286869611658
3172,3172,1.286666666666667,1.3214312962539099,1.320286869611658
3173,3173,1.288333333333334,1.3214312962539099,1.320286869611658
3174,3174,1.29,1.3214312962539099,1.320286869611658
3175,3175,1.291666666666667,1.321049820706493,1.3199053940642405
3176,3176,1.293333333333334,1.321049820706493,1.3199053940642405
3177,3177,1.295,1.321049820706493,1.3199053940642405
3178,3178,1.2966666666666669,1.321049820706493,1.319523918516823
3179,3179,1.2983333333333338,1.3206683451590753,1.319523918516823
3180,3180,1.3000000000000016,1.3206683451590753,1.3191424429694056
3181,3181,1.3016666666666667,1.3206683451590753,1.319523918516823
3182,3182,1.3033333333333337,1.320286869611658,1.319523918516823
3183,3183,1.3050000000000015,1.320286869611658,1.319523918516823
3184,3184,1.3066666666666666,1.320286869611658,1.3191424429694056
3185,3185,1.3083333333333336,1.3199053940642405,1.3191424429694056
3186,3186,1.3100000000000005,1.3199053940642405,1.3191424429694056
3187,3187,1.3116666666666665,1.3199053940642405,1.3191424429694056
3188,3188,1.3133333333333335,1.319523918516823,1.3191424429694056
3189,3189,1.3150000000000004,1.319523918516823,1.3187609674219882
3190,3190,1.3166666666666664,1.319523918516823,1.3187609674219882
3191,3191,1.3183333333333334,1.3191424429694056,1.3187609674219882
3192,3192,1.3200000000000003,1.3191424429694056,1.3183794918745708
3193,3193,1.3216666666666672,1.3191424429694056,1.3183794918745708
3194,3194,1.3233333333333333,1.3191424429694056,1.3183794918745708
3195,3195,1.3250000000000002,1.3187609674219882,1.3183794918745708
3196,3196,1.326666666666667,1.3187609674219882,1.3183794918745708
3197,3197,1.328333333333334,1.3187609674219882,1.3179980163271534
3198,3198,1.33,1.3187609674219882,1.3179980163271534
3199,3199,1.331666666666667,1.3183794918745708,1.3179980163271534
3200,3200,1.333333333333334,1.3183794918745708,1.3179980163271534
3201,3201,1.335,1.3183794918745708,1.3179980163271534
3202,3202,1.336666666666667,1.3183794918745708,1.317616540779736
3203,3203,1.3383333333333338,1.3179980163271534,1.317616540779736
3204,3204,1.3400000000000016,1.3183794918745708,1.317616540779736
3205,3205,1.3416666666666668,1.3179980163271534,1.317616540779736
3206,3206,1.3433333333333337,1.3179980163271534,1.317616540779736
3207,3207,1.3450000000000015,1.3179980163271534,1.317616540779736
3208,3208,1.3466666666666667,1.3179980163271534,1.3172350652323186
3209,3209,1.3483333333333336,1.317616540779736,1.317616540779736
3210,3210,1.3500000000000005,1.317616540779736,1.3172350652323186
3211,3211,1.3516666666666666,1.317616540779736,1.3172350652323186
3212,3212,1.3533333333333335,1.3172350652323186,1.3172350652323186
3213,3213,1.3550000000000004,1.3172350652323186,1.3172350652323186
3214,3214,1.3566666666666665,1.3172350652323186,1.3172350652323186
3215,3215,1.3583333333333334,1.3172350652323186,1.3172350652323186
3216,3216,1.3600000000000003,1.3168535896849012,1.3168535896849012
3217,3217,1.3616666666666672,1.3172350652323186,1.3168535896849012
3218,3218,1.3633333333333333,1.3172350652323186,1.3168535896849012
3219,3219,1.3650000000000002,1.3168535896849012,1.3168535896849012
3220,3220,1.3666666666666671,1.3168535896849012,1.3164721141374838
3221,3221,1.368333333333334,1.3168535896849012,1.3164721141374838
3222,3222,1.37,1.3168535896849012,1.3164721141374838
3223,3223,1.371666666666667,1.3168535896849012,1.3164721141374838
3224,3224,1.373333333333334,1.3164721141374838,1.3164721141374838
3225,3225,1.375,1.3164721141374838,1.3164721141374838
3226,3226,1.3766666666666678,1.3164721141374838,1.3164721141374838
3227,3227,1.3783333333333339,1.3164721141374838,1.3164721141374838
3228,3228,1.3800000000000008,1.3164721141374838,1.3164721141374838
3229,3229,1.3816666666666677,1.3164721141374838,1.3164721141374838
3230,3230,1.3833333333333337,1.3164721141374838,1.3157091630426492
3231,3231,1.3850000000000016,1.3164721141374838,1.3160906385900664
3232,3232,1.3866666666666676,1.3164721141374838,1.3160906385900664
3233,3233,1.3883333333333336,1.3164721141374838,1.3160906385900664
3234,3234,1.3900000000000015,1.3164721141374838,1.3157091630426492
3235,3235,1.3916666666666675,1.3160906385900664,1.3157091630426492
3236,3236,1.3933333333333335,1.3160906385900664,1.3153276874952315
3237,3237,1.3950000000000005,1.3160906385900664,1.3157091630426492
3238,3238,1.3966666666666674,1.3160906385900664,1.3157091630426492
3239,3239,1.3983333333333325,1.3160906385900664,1.3157091630426492
3240,3240,1.4000000000000004,1.3160906385900664,1.3153276874952315
3241,3241,1.4016666666666673,1.3160906385900664,1.3153276874952315
3242,3242,1.4033333333333324,1.3160906385900664,1.3153276874952315
3243,3243,1.4050000000000002,1.3157091630426492,1.3153276874952315
3244,3244,1.4066666666666672,1.3160906385900664,1.314946211947814
3245,3245,1.408333333333334,1.3160906385900664,1.314946211947814
3246,3246,1.4100000000000001,1.3160906385900664,1.3153276874952315
3247,3247,1.411666666666667,1.3160906385900664,1.314946211947814
3248,3248,1.413333333333334,1.3157091630426492,1.314946211947814
3249,3249,1.415,1.3160906385900664,1.314946211947814
3250,3250,1.4166666666666679,1.3157091630426492,1.314946211947814
3251,3251,1.418333333333334,1.3160906385900664,1.314946211947814
3252,3252,1.42,1.3160906385900664,1.314946211947814
3253,3253,1.4216666666666677,1.3160906385900664,1.314946211947814
3254,3254,1.4233333333333338,1.3160906385900664,1.314946211947814
3255,3255,1.4250000000000016,1.3160906385900664,1.3145647364003967
3256,3256,1.4266666666666676,1.3160906385900664,1.314946211947814
3257,3257,1.4283333333333337,1.3160906385900664,1.314946211947814
3258,3258,1.4300000000000015,1.3160906385900664,1.314946211947814
3259,3259,1.4316666666666675,1.3160906385900664,1.314946211947814
3260,3260,1.4333333333333336,1.3157091630426492,1.314946211947814
3261,3261,1.4350000000000005,1.3157091630426492,1.314946211947814
3262,3262,1.4366666666666674,1.3160906385900664,1.314946211947814
3263,3263,1.4383333333333335,1.3160906385900664,1.3145647364003967
3264,3264,1.4400000000000004,1.3160906385900664,1.314946211947814
3265,3265,1.4416666666666673,1.3157091630426492,1.314946211947814
3266,3266,1.4433333333333325,1.3157091630426492,1.314946211947814
3267,3267,1.4450000000000003,1.3160906385900664,1.314946211947814
3268,3268,1.4466666666666672,1.3157091630426492,1.314946211947814
3269,3269,1.4483333333333324,1.3157091630426492,1.314946211947814
3270,3270,1.4500000000000002,1.3157091630426492,1.314946211947814
3271,3271,1.451666666666667,1.3160906385900664,1.314946211947814
3272,3272,1.453333333333334,1.3160906385900664,1.314946211947814
3273,3273,1.455,1.3160906385900664,1.314946211947814
3274,3274,1.4566666666666679,1.3157091630426492,1.314946211947814
3275,3275,1.458333333333334,1.3157091630426492,1.314946211947814
3276,3276,1.46,1.3157091630426492,1.314946211947814
3277,3277,1.4616666666666678,1.3157091630426492,1.314946211947814
3278,3278,1.4633333333333338,1.3157091630426492,1.314946211947814
3279,3279,1.4650000000000016,1.3157091630426492,1.314946211947814
3280,3280,1.4666666666666677,1.3157091630426492,1.3145647364003967
3281,3281,1.4683333333333337,1.3157091630426492,1.314946211947814
3282,3282,1.4700000000000015,1.3157091630426492,1.314946211947814
3283,3283,1.4716666666666676,1.3157091630426492,1.314946211947814
3284,3284,1.4733333333333336,1.3157091630426492,1.314946211947814
3285,3285,1.4750000000000005,1.3157091630426492,1.314946211947814
3286,3286,1.4766666666666683,1.3157091630426492,1.314946211947814
3287,3287,1.4783333333333335,1.3157091630426492,1.314946211947814
3288,3288,1.4800000000000004,1.3157091630426492,1.314946211947814
3289,3289,1.4816666666666674,1.3157091630426492,1.314946211947814
3290,3290,1.4833333333333325,1.3153276874952315,1.314946211947814
3291,3291,1.4850000000000003,1.3153276874952315,1.3153276874952315
3292,3292,1.4866666666666672,1.3153276874952315,1.3153276874952315
3293,3293,1.4883333333333324,1.3153276874952315,1.3153276874952315
3294,3294,1.4900000000000002,1.3153276874952315,1.314946211947814
3295,3295,1.4916666666666671,1.314946211947814,1.3153276874952315
3296,3296,1.493333333333334,1.3153276874952315,1.3153276874952315
3297,3297,1.495,1.3153276874952315,1.3153276874952315
3298,3298,1.496666666666667,1.3153276874952315,1.3153276874952315
3299,3299,1.498333333333334,1.3153276874952315,1.3153276874952315
3300,3300,1.5,1.314946211947814,1.314946211947814
3301,3301,1.5016666666666678,1.3153276874952315,1.3153276874952315
3302,3302,1.5033333333333339,1.314946211947814,1.3153276874952315
3303,3303,1.5050000000000008,1.3145647364003967,1.3157091630426492
3304,3304,1.5066666666666677,1.3145647364003967,1.3153276874952315
3305,3305,1.5083333333333337,1.3145647364003967,1.3153276874952315
3306,3306,1.5100000000000016,1.3145647364003967,1.3153276874952315
3307,3307,1.5116666666666676,1.314946211947814,1.3157091630426492
3308,3308,1.5133333333333336,1.3145647364003967,1.3157091630426492
3309,3309,1.5150000000000015,1.3145647364003967,1.3153276874952315
3310,3310,1.5166666666666675,1.3145647364003967,1.3153276874952315
3311,3311,1.5183333333333335,1.3145647364003967,1.3157091630426492
3312,3312,1.5200000000000005,1.3145647364003967,1.3160906385900664
3313,3313,1.5216666666666674,1.3145647364003967,1.3157091630426492
3314,3314,1.5233333333333325,1.3145647364003967,1.3157091630426492
3315,3315,1.5250000000000004,1.314183260852979,1.3157091630426492
3316,3316,1.5266666666666673,1.314183260852979,1.3157091630426492
3317,3317,1.5283333333333324,1.314183260852979,1.3160906385900664
3318,3318,1.5300000000000002,1.314183260852979,1.3160906385900664
3319,3319,1.5316666666666672,1.314183260852979,1.3157091630426492
3320,3320,1.533333333333334,1.313801785305562,1.3157091630426492
3321,3321,1.5350000000000001,1.313801785305562,1.3160906385900664
3322,3322,1.536666666666667,1.313801785305562,1.3160906385900664
3323,3323,1.538333333333334,1.313801785305562,1.3160906385900664
3324,3324,1.54,1.313801785305562,1.3160906385900664
3325,3325,1.5416666666666679,1.313801785305562,1.3160906385900664
3326,3326,1.543333333333334,1.313801785305562,1.3164721141374838
3327,3327,1.545,1.313801785305562,1.3164721141374838
3328,3328,1.5466666666666677,1.3134203097581445,1.3160906385900664
3329,3329,1.5483333333333338,1.313801785305562,1.3164721141374838
3330,3330,1.5500000000000016,1.3134203097581445,1.3160906385900664
3331,3331,1.5516666666666676,1.3134203097581445,1.3164721141374838
3332,3332,1.5533333333333337,1.3134203097581445,1.3164721141374838
3333,3333,1.5550000000000015,1.3134203097581445,1.3168535896849012
3334,3334,1.5566666666666675,1.3134203097581445,1.3164721141374838
3335,3335,1.5583333333333336,1.313038834210727,1.3164721141374838
3336,3336,1.5600000000000005,1.313038834210727,1.3164721141374838
3337,3337,1.5616666666666674,1.3134203097581445,1.3168535896849012
3338,3338,1.5633333333333335,1.313038834210727,1.3168535896849012
3339,3339,1.5650000000000004,1.313038834210727,1.3168535896849012
3340,3340,1.5666666666666673,1.313038834210727,1.3168535896849012
3341,3341,1.5683333333333325,1.313038834210727,1.3168535896849012
3342,3342,1.5700000000000003,1.313038834210727,1.3172350652323186
3343,3343,1.5716666666666672,1.3126573586633097,1.3168535896849012
3344,3344,1.5733333333333324,1.3126573586633097,1.3168535896849012
3345,3345,1.5750000000000002,1.3126573586633097,1.3168535896849012
3346,3346,1.576666666666667,1.3126573586633097,1.3172350652323186
3347,3347,1.578333333333334,1.3126573586633097,1.3172350652323186
3348,3348,1.58,1.3126573586633097,1.3172350652323186
3349,3349,1.5816666666666679,1.3122758831158925,1.317616540779736
3350,3350,1.583333333333334,1.3118944075684749,1.3172350652323186
3351,3351,1.585,1.3118944075684749,1.3172350652323186
3352,3352,1.5866666666666678,1.3118944075684749,1.317616540779736
3353,3353,1.5883333333333338,1.3118944075684749,1.317616540779736
3354,3354,1.5900000000000016,1.3118944075684749,1.317616540779736
3355,3355,1.5916666666666677,1.3115129320210577,1.317616540779736
3356,3356,1.5933333333333337,1.3115129320210577,1.3179980163271534
3357,3357,1.5950000000000015,1.3115129320210577,1.317616540779736
3358,3358,1.5966666666666676,1.3111314564736398,1.3179980163271534
3359,3359,1.5983333333333336,1.3111314564736398,1.3179980163271534
3360,3360,1.6000000000000005,1.3111314564736398,1.3179980163271534
3361,3361,1.6016666666666683,1.3111314564736398,1.3179980163271534
3362,3362,1.6033333333333335,1.3107499809262226,1.3183794918745708
3363,3363,1.6050000000000004,1.3107499809262226,1.3183794918745708
3364,3364,1.6066666666666674,1.3107499809262226,1.3187609674219882
3365,3365,1.6083333333333325,1.3103685053788052,1.3187609674219882
3366,3366,1.6100000000000003,1.3107499809262226,1.3183794918745708
3367,3367,1.6116666666666672,1.3103685053788052,1.3187609674219882
3368,3368,1.6133333333333324,1.3103685053788052,1.3187609674219882
3369,3369,1.6150000000000002,1.3103685053788052,1.3187609674219882
3370,3370,1.6166666666666671,1.3099870298313878,1.3187609674219882
3371,3371,1.618333333333334,1.3099870298313878,1.3191424429694056
3372,3372,1.62,1.3099870298313878,1.3191424429694056
3373,3373,1.621666666666667,1.3096055542839704,1.3191424429694056
3374,3374,1.623333333333334,1.3096055542839704,1.3191424429694056
3375,3375,1.625,1.309224078736553,1.3191424429694056
3376,3376,1.6266666666666678,1.309224078736553,1.319523918516823
3377,3377,1.6283333333333339,1.309224078736553,1.319523918516823
3378,3378,1.6300000000000008,1.309224078736553,1.319523918516823
3379,3379,1.6316666666666677,1.309224078736553,1.319523918516823
3380,3380,1.6333333333333337,1.3088426031891356,1.319523918516823
3381,3381,1.6350000000000016,1.3088426031891356,1.3199053940642405
3382,3382,1.6366666666666676,1.3088426031891356,1.3199053940642405
3383,3383,1.6383333333333336,1.3084611276417182,1.3199053940642405
3384,3384,1.6400000000000015,1.3088426031891356,1.320286869611658
3385,3385,1.6416666666666675,1.3084611276417182,1.3199053940642405
3386,3386,1.6433333333333335,1.3088426031891356,1.320286869611658
3387,3387,1.6450000000000005,1.3088426031891356,1.320286869611658
3388,3388,1.6466666666666674,1.3084611276417182,1.320286869611658
3389,3389,1.6483333333333325,1.3088426031891356,1.320286869611658
3390,3390,1.6500000000000004,1.3084611276417182,1.320286869611658
3391,3391,1.6516666666666673,1.3084611276417182,1.3206683451590753
3392,3392,1.6533333333333324,1.3084611276417182,1.321049820706493
3393,3393,1.6550000000000002,1.3084611276417182,1.3214312962539099
3394,3394,1.6566666666666672,1.3080796520943008,1.321049820706493
3395,3395,1.658333333333334,1.3080796520943008,1.321049820706493
3396,3396,1.6600000000000001,1.3080796520943008,1.3214312962539099
3397,3397,1.661666666666667,1.3080796520943008,1.3214312962539099
3398,3398,1.663333333333334,1.3080796520943008,1.3218127718013275
3399,3399,1.665,1.3080796520943008,1.3218127718013275
3400,3400,1.6666666666666679,1.3080796520943008,1.3218127718013275
3401,3401,1.668333333333334,1.3080796520943008,1.3218127718013275
3402,3402,1.67,1.3080796520943008,1.3221942473487451
3403,3403,1.6716666666666677,1.3076981765468834,1.3221942473487451
3404,3404,1.6733333333333338,1.3080796520943008,1.3221942473487451
3405,3405,1.6750000000000016,1.3076981765468834,1.3218127718013275
3406,3406,1.6766666666666676,1.3076981765468834,1.3221942473487451
3407,3407,1.6783333333333337,1.3080796520943008,1.3225757228961623
3408,3408,1.6800000000000015,1.3080796520943008,1.3225757228961623
3409,3409,1.6816666666666675,1.3080796520943008,1.3225757228961623
3410,3410,1.6833333333333336,1.3076981765468834,1.3221942473487451
3411,3411,1.6850000000000005,1.3080796520943008,1.3229571984435795
3412,3412,1.6866666666666674,1.3080796520943008,1.3229571984435795
3413,3413,1.6883333333333335,1.3080796520943008,1.3229571984435795
3414,3414,1.6900000000000004,1.3080796520943008,1.3229571984435795
3415,3415,1.6916666666666673,1.3080796520943008,1.3229571984435795
3416,3416,1.6933333333333325,1.3080796520943008,1.3229571984435795
3417,3417,1.6950000000000003,1.3080796520943008,1.3229571984435795
3418,3418,1.6966666666666672,1.3080796520943008,1.3233386739909971
3419,3419,1.6983333333333341,1.3080796520943008,1.3233386739909971
3420,3420,1.7000000000000002,1.3080796520943008,1.3233386739909971
3421,3421,1.701666666666667,1.3080796520943008,1.3233386739909971
3422,3422,1.703333333333334,1.3080796520943008,1.3237201495384143
3423,3423,1.705,1.3084611276417182,1.3237201495384143
3424,3424,1.7066666666666679,1.3084611276417182,1.3237201495384143
3425,3425,1.708333333333334,1.3080796520943008,1.3237201495384143
3426,3426,1.71,1.3080796520943008,1.3244831006332494
3427,3427,1.7116666666666678,1.3084611276417182,1.324101625085832
3428,3428,1.7133333333333338,1.3084611276417182,1.3244831006332494
3429,3429,1.7150000000000016,1.3084611276417182,1.3244831006332494
3430,3430,1.7166666666666677,1.3080796520943008,1.3244831006332494
3431,3431,1.7183333333333337,1.3084611276417182,1.3244831006332494
3432,3432,1.7200000000000015,1.3084611276417182,1.3248645761806668
3433,3433,1.7216666666666676,1.3088426031891356,1.3252460517280842
3434,3434,1.7233333333333336,1.3084611276417182,1.3252460517280842
3435,3435,1.7250000000000005,1.3084611276417182,1.3252460517280842
3436,3436,1.7266666666666683,1.3088426031891356,1.3252460517280842
3437,3437,1.7283333333333335,1.3088426031891356,1.3256275272755016
3438,3438,1.7300000000000004,1.3088426031891356,1.326009002822919
3439,3439,1.7316666666666674,1.3088426031891356,1.326009002822919
3440,3440,1.7333333333333325,1.3088426031891356,1.326009002822919
3441,3441,1.7350000000000003,1.3088426031891356,1.3263904783703364
3442,3442,1.7366666666666672,1.309224078736553,1.3267719539177538
3443,3443,1.7383333333333324,1.309224078736553,1.3271534294651712
3444,3444,1.7400000000000002,1.3096055542839704,1.3275349050125886
3445,3445,1.7416666666666671,1.309224078736553,1.3275349050125886
3446,3446,1.743333333333334,1.3099870298313878,1.3275349050125886
3447,3447,1.745,1.3096055542839704,1.3279163805600058
3448,3448,1.746666666666667,1.3096055542839704,1.3282978561074237
3449,3449,1.748333333333334,1.3099870298313878,1.3286793316548409
3450,3450,1.75,1.3099870298313878,1.3286793316548409
3451,3451,1.7516666666666678,1.3103685053788052,1.3290608072022585
3452,3452,1.7533333333333339,1.3103685053788052,1.3294422827496757
3453,3453,1.7550000000000008,1.3103685053788052,1.329823758297093
3454,3454,1.7566666666666677,1.3107499809262226,1.3302052338445105
3455,3455,1.7583333333333337,1.3107499809262226,1.3302052338445105
3456,3456,1.7600000000000016,1.3107499809262226,1.330586709391928
3457,3457,1.7616666666666676,1.3111314564736398,1.330968184939345
3458,3458,1.7633333333333336,1.3111314564736398,1.330968184939345
3459,3459,1.7650000000000015,1.3111314564736398,1.3313496604867627
3460,3460,1.7666666666666675,1.3111314564736398,1.3313496604867627
3461,3461,1.7683333333333335,1.3115129320210577,1.3321126115815975
3462,3462,1.7700000000000005,1.3115129320210577,1.332494087129015
3463,3463,1.7716666666666674,1.3115129320210577,1.3328755626764324
3464,3464,1.7733333333333325,1.3115129320210577,1.3332570382238498
3465,3465,1.7750000000000004,1.3118944075684749,1.3332570382238498
3466,3466,1.7766666666666673,1.3118944075684749,1.3336385137712672
3467,3467,1.7783333333333324,1.3118944075684749,1.3340199893186846
3468,3468,1.7800000000000002,1.3122758831158925,1.334401464866102
3469,3469,1.7816666666666672,1.3126573586633097,1.3347829404135194
3470,3470,1.783333333333334,1.3126573586633097,1.3351644159609368
3471,3471,1.7850000000000001,1.3126573586633097,1.3355458915083542
3472,3472,1.786666666666667,1.3126573586633097,1.3359273670557716
3473,3473,1.788333333333334,1.313038834210727,1.3359273670557716
3474,3474,1.79,1.313038834210727,1.3363088426031888
3475,3475,1.7916666666666679,1.3134203097581445,1.3366903181506065
3476,3476,1.793333333333334,1.3134203097581445,1.3366903181506065
3477,3477,1.795,1.3134203097581445,1.337071793698024
3478,3478,1.7966666666666677,1.313801785305562,1.3374532692454413
3479,3479,1.7983333333333338,1.313801785305562,1.3374532692454413
3480,3480,1.8000000000000016,1.314183260852979,1.3382162203402759
3481,3481,1.8016666666666676,1.3145647364003967,1.3385976958876935
3482,3482,1.8033333333333337,1.3145647364003967,1.3385976958876935
3483,3483,1.8050000000000015,1.314946211947814,1.338979171435111
3484,3484,1.8066666666666675,1.3153276874952315,1.338979171435111
3485,3485,1.8083333333333336,1.3153276874952315,1.3393606469825283
3486,3486,1.8100000000000005,1.3157091630426492,1.3397421225299455
3487,3487,1.8116666666666674,1.3160906385900664,1.3397421225299455
3488,3488,1.8133333333333335,1.3160906385900664,1.3401235980773631
3489,3489,1.8150000000000004,1.3164721141374838,1.3401235980773631
3490,3490,1.8166666666666673,1.3164721141374838,1.3405050736247806
3491,3491,1.8183333333333325,1.3168535896849012,1.340886549172198
3492,3492,1.8200000000000003,1.3172350652323186,1.3412680247196154
3493,3493,1.8216666666666672,1.317616540779736,1.3412680247196154
3494,3494,1.8233333333333341,1.3183794918745708,1.3412680247196154
3495,3495,1.8250000000000002,1.3179980163271534,1.3416495002670328
3496,3496,1.826666666666667,1.3187609674219882,1.3420309758144502
3497,3497,1.828333333333334,1.3191424429694056,1.3420309758144502
3498,3498,1.83,1.3191424429694056,1.3420309758144502
3499,3499,1.8316666666666679,1.319523918516823,1.3424124513618676
3500,3500,1.833333333333334,1.3199053940642405,1.3424124513618676
3501,3501,1.835,1.3206683451590753,1.3424124513618676
3502,3502,1.8366666666666678,1.321049820706493,1.3427939269092848
3503,3503,1.8383333333333338,1.321049820706493,1.3431754024567024
3504,3504,1.8400000000000016,1.3214312962539099,1.3431754024567024
3505,3505,1.8416666666666677,1.3214312962539099,1.3431754024567024
3506,3506,1.8433333333333337,1.3221942473487451,1.3435568780041198
3507,3507,1.8450000000000015,1.3229571984435795,1.3439383535515372
3508,3508,1.8466666666666676,1.3229571984435795,1.3439383535515372
3509,3509,1.8483333333333336,1.3233386739909971,1.3443198290989546
3510,3510,1.8500000000000005,1.3237201495384143,1.3443198290989546
3511,3511,1.8516666666666683,1.324101625085832,1.3443198290989546
3512,3512,1.8533333333333335,1.3244831006332494,1.3443198290989546
3513,3513,1.8550000000000004,1.3248645761806668,1.3447013046463723
3514,3514,1.8566666666666674,1.3252460517280842,1.3447013046463723
3515,3515,1.8583333333333325,1.326009002822919,1.3447013046463723
3516,3516,1.8600000000000003,1.3263904783703364,1.3450827801937897
3517,3517,1.8616666666666672,1.3267719539177538,1.3450827801937897
3518,3518,1.8633333333333324,1.3271534294651712,1.3454642557412069
3519,3519,1.8650000000000002,1.3275349050125886,1.3458457312886245
3520,3520,1.8666666666666671,1.3279163805600058,1.3454642557412069
3521,3521,1.868333333333334,1.3286793316548409,1.3462272068360417
3522,3522,1.87,1.3286793316548409,1.3462272068360417
3523,3523,1.871666666666667,1.3294422827496757,1.3466086823834589
3524,3524,1.873333333333334,1.329823758297093,1.3466086823834589
3525,3525,1.875,1.329823758297093,1.3466086823834589
3526,3526,1.8766666666666678,1.330586709391928,1.3466086823834589
3527,3527,1.8783333333333339,1.330968184939345,1.3469901579308765
3528,3528,1.8800000000000008,1.3313496604867627,1.3469901579308765
3529,3529,1.8816666666666677,1.33173113603418,1.347371633478294
3530,3530,1.8833333333333337,1.3321126115815975,1.347371633478294
3531,3531,1.8850000000000016,1.3328755626764324,1.347753109025711
3532,3532,1.8866666666666676,1.3332570382238498,1.3481345845731287
3533,3533,1.8883333333333336,1.3336385137712672,1.3481345845731287
3534,3534,1.8900000000000015,1.3340199893186846,1.3481345845731287
3535,3535,1.8916666666666675,1.334401464866102,1.3481345845731287
3536,3536,1.8933333333333335,1.3347829404135194,1.348516060120546
3537,3537,1.8950000000000005,1.3351644159609368,1.3488975356679636
3538,3538,1.8966666666666674,1.3355458915083542,1.3492790112153807
3539,3539,1.8983333333333325,1.3359273670557716,1.3492790112153807
3540,3540,1.9000000000000004,1.3363088426031888,1.3492790112153807
3541,3541,1.9016666666666673,1.3366903181506065,1.3496604867627984
3542,3542,1.9033333333333324,1.3374532692454413,1.3496604867627984
3543,3543,1.9050000000000002,1.3374532692454413,1.3500419623102158
3544,3544,1.9066666666666672,1.337834744792859,1.3500419623102158
3545,3545,1.908333333333334,1.337834744792859,1.3504234378576332
3546,3546,1.9100000000000001,1.3385976958876935,1.3508049134050506
3547,3547,1.911666666666667,1.338979171435111,1.3508049134050506
3548,3548,1.913333333333334,1.3393606469825283,1.351186388952468
3549,3549,1.915,1.3397421225299455,1.3515678644998854
3550,3550,1.9166666666666679,1.3401235980773631,1.3515678644998854
3551,3551,1.918333333333334,1.3401235980773631,1.3519493400473028
3552,3552,1.9200000000000008,1.340886549172198,1.3519493400473028
3553,3553,1.9216666666666677,1.340886549172198,1.3523308155947202
3554,3554,1.9233333333333338,1.3416495002670328,1.3523308155947202
3555,3555,1.9250000000000016,1.3420309758144502,1.3527122911421376
3556,3556,1.9266666666666676,1.3420309758144502,1.3527122911421376
3557,3557,1.9283333333333337,1.3424124513618676,1.353093766689555
3558,3558,1.9300000000000015,1.3427939269092848,1.353093766689555
3559,3559,1.9316666666666675,1.3427939269092848,1.353093766689555
3560,3560,1.9333333333333336,1.3431754024567024,1.353093766689555
3561,3561,1.9350000000000005,1.3435568780041198,1.3534752422369725
3562,3562,1.9366666666666674,1.3439383535515372,1.35385671778439
3563,3563,1.9383333333333335,1.3443198290989546,1.35385671778439
3564,3564,1.9400000000000004,1.3447013046463723,1.35385671778439
3565,3565,1.9416666666666673,1.3447013046463723,1.3542381933318073
3566,3566,1.9433333333333325,1.3450827801937897,1.3546196688792247
3567,3567,1.9450000000000003,1.3454642557412069,1.3546196688792247
3568,3568,1.9466666666666672,1.3458457312886245,1.355001144426642
3569,3569,1.9483333333333341,1.3462272068360417,1.355001144426642
3570,3570,1.9500000000000002,1.3462272068360417,1.355001144426642
3571,3571,1.951666666666667,1.3469901579308765,1.3553826199740595
3572,3572,1.953333333333334,1.347371633478294,1.3553826199740595
3573,3573,1.955,1.347753109025711,1.3557640955214771
3574,3574,1.9566666666666679,1.3481345845731287,1.3557640955214771
3575,3575,1.958333333333334,1.3481345845731287,1.3557640955214771
3576,3576,1.96,1.348516060120546,1.3561455710688943
3577,3577,1.9616666666666678,1.3488975356679636,1.3561455710688943
3578,3578,1.9633333333333338,1.3488975356679636,1.3565270466163115
3579,3579,1.9650000000000016,1.3492790112153807,1.3565270466163115
3580,3580,1.9666666666666677,1.3496604867627984,1.3565270466163115
3581,3581,1.9683333333333337,1.3504234378576332,1.3565270466163115
3582,3582,1.9700000000000015,1.3504234378576332,1.3572899977111466
3583,3583,1.9716666666666676,1.3508049134050506,1.3572899977111466
3584,3584,1.9733333333333336,1.351186388952468,1.3572899977111466
3585,3585,1.9750000000000005,1.3515678644998854,1.3572899977111466
3586,3586,1.9766666666666683,1.3515678644998854,1.357671473258564
3587,3587,1.9783333333333335,1.3519493400473028,1.357671473258564
3588,3588,1.9800000000000004,1.3523308155947202,1.357671473258564
3589,3589,1.9816666666666674,1.353093766689555,1.3580529488059814
3590,3590,1.9833333333333325,1.353093766689555,1.3580529488059814
3591,3591,1.9850000000000003,1.3534752422369725,1.3580529488059814
3592,3592,1.9866666666666672,1.3534752422369725,1.3584344243533988
3593,3593,1.9883333333333324,1.35385671778439,1.3584344243533988
3594,3594,1.9900000000000002,1.3542381933318073,1.3584344243533988
3595,3595,1.9916666666666671,1.3542381933318073,1.3584344243533988
3596,3596,1.993333333333334,1.355001144426642,1.3588158999008162
3597,3597,1.995,1.355001144426642,1.3588158999008162
3598,3598,1.996666666666667,1.3557640955214771,1.3588158999008162
3599,3599,1.998333333333334,1.3557640955214771,1.3591973754482336
3600,3600,2.0,1.3557640955214771,1.3591973754482336
3601,3601,2.001666666666668,1.3565270466163115,1.3591973754482336
3602,3602,2.003333333333334,1.3565270466163115,1.3595788509956508
3603,3603,2.005000000000001,1.3569085221637291,1.3595788509956508
3604,3604,2.0066666666666677,1.3572899977111466,1.3599603265430684
3605,3605,2.0083333333333337,1.3572899977111466,1.3595788509956508
3606,3606,2.0100000000000016,1.357671473258564,1.3603418020904858
3607,3607,2.0116666666666676,1.3580529488059814,1.3603418020904858
3608,3608,2.0133333333333336,1.3584344243533988,1.3607232776379032
3609,3609,2.0150000000000015,1.3588158999008162,1.3603418020904858
3610,3610,2.0166666666666684,1.3588158999008162,1.3603418020904858
3611,3611,2.0183333333333335,1.3591973754482336,1.3607232776379032
3612,3612,2.0200000000000005,1.3591973754482336,1.3611047531853206
3613,3613,2.0216666666666674,1.3595788509956508,1.3611047531853206
3614,3614,2.0233333333333325,1.3599603265430684,1.3611047531853206
3615,3615,2.0250000000000004,1.3599603265430684,1.3611047531853206
3616,3616,2.0266666666666673,1.3603418020904858,1.3614862287327378
3617,3617,2.0283333333333324,1.3607232776379032,1.3618677042801557
3618,3618,2.0300000000000002,1.3611047531853206,1.3618677042801557
3619,3619,2.031666666666667,1.3614862287327378,1.3618677042801557
3620,3620,2.033333333333334,1.3614862287327378,1.3618677042801557
3621,3621,2.035,1.3618677042801557,1.3622491798275729
3622,3622,2.036666666666667,1.3622491798275729,1.3626306553749905
3623,3623,2.038333333333334,1.3622491798275729,1.3626306553749905
3624,3624,2.04,1.3626306553749905,1.3626306553749905
3625,3625,2.041666666666668,1.3626306553749905,1.3630121309224077
3626,3626,2.043333333333334,1.3630121309224077,1.3630121309224077
3627,3627,2.045000000000001,1.3633936064698249,1.3630121309224077
3628,3628,2.0466666666666677,1.3637750820172423,1.3633936064698249
3629,3629,2.048333333333334,1.3637750820172423,1.3637750820172423
3630,3630,2.0500000000000016,1.36415655756466,1.3633936064698249
3631,3631,2.0516666666666676,1.364538033112077,1.3637750820172423
3632,3632,2.0533333333333337,1.364538033112077,1.3637750820172423
3633,3633,2.0550000000000015,1.3649195086594947,1.36415655756466
3634,3634,2.0566666666666675,1.3649195086594947,1.36415655756466
3635,3635,2.0583333333333336,1.365300984206912,1.36415655756466
3636,3636,2.0600000000000005,1.3656824597543296,1.364538033112077
3637,3637,2.0616666666666674,1.366063935301747,1.364538033112077
3638,3638,2.0633333333333335,1.3664454108491644,1.364538033112077
3639,3639,2.0650000000000004,1.3664454108491644,1.364538033112077
3640,3640,2.0666666666666673,1.3668268863965818,1.3649195086594947
3641,3641,2.0683333333333325,1.3672083619439994,1.365300984206912
3642,3642,2.0700000000000003,1.3675898374914168,1.365300984206912
3643,3643,2.071666666666667,1.3675898374914168,1.365300984206912
3644,3644,2.073333333333334,1.3675898374914168,1.3656824597543296
3645,3645,2.075,1.3679713130388342,1.3656824597543296
3646,3646,2.076666666666667,1.3679713130388342,1.3656824597543296
3647,3647,2.078333333333334,1.3683527885862516,1.366063935301747
3648,3648,2.08,1.3691157396810865,1.366063935301747
3649,3649,2.081666666666668,1.3691157396810865,1.366063935301747
3650,3650,2.083333333333334,1.369497215228504,1.366063935301747
3651,3651,2.085,1.3698786907759213,1.3664454108491644
3652,3652,2.086666666666668,1.3698786907759213,1.3664454108491644
3653,3653,2.088333333333334,1.3702601663233387,1.3664454108491644
3654,3654,2.0900000000000016,1.3702601663233387,1.3664454108491644
3655,3655,2.0916666666666677,1.3702601663233387,1.3664454108491644
3656,3656,2.0933333333333337,1.3710231174181735,1.3668268863965818
3657,3657,2.0950000000000015,1.3710231174181735,1.3668268863965818
3658,3658,2.0966666666666676,1.3717860685130083,1.3668268863965818
3659,3659,2.0983333333333336,1.3717860685130083,1.3672083619439994
3660,3660,2.1000000000000005,1.3717860685130083,1.3672083619439994
3661,3661,2.1016666666666683,1.3725490196078431,1.3672083619439994
3662,3662,2.1033333333333335,1.3725490196078431,1.3672083619439994
3663,3663,2.1050000000000004,1.3729304951552606,1.3672083619439994
3664,3664,2.1066666666666674,1.3729304951552606,1.3675898374914168
3665,3665,2.1083333333333325,1.373311970702678,1.3675898374914168
3666,3666,2.1100000000000003,1.3736934462500954,1.3675898374914168
3667,3667,2.1116666666666672,1.3736934462500954,1.3679713130388342
3668,3668,2.1133333333333324,1.3740749217975128,1.3679713130388342
3669,3669,2.115,1.3744563973449302,1.3683527885862516
3670,3670,2.116666666666667,1.3744563973449302,1.3679713130388342
3671,3671,2.118333333333334,1.3748378728923476,1.3679713130388342
3672,3672,2.12,1.3748378728923476,1.3683527885862516
3673,3673,2.121666666666667,1.375219348439765,1.3683527885862516
3674,3674,2.123333333333334,1.3756008239871824,1.3687342641336688
3675,3675,2.125,1.3756008239871824,1.3687342641336688
3676,3676,2.126666666666668,1.3759822995345998,1.3687342641336688
3677,3677,2.128333333333334,1.3759822995345998,1.3687342641336688
3678,3678,2.130000000000001,1.3763637750820172,1.3691157396810865
3679,3679,2.1316666666666677,1.3763637750820172,1.3691157396810865
3680,3680,2.1333333333333337,1.3767452506294346,1.3687342641336688
3681,3681,2.1350000000000016,1.377126726176852,1.3691157396810865
3682,3682,2.1366666666666676,1.377126726176852,1.369497215228504
3683,3683,2.1383333333333336,1.3775082017242697,1.3691157396810865
3684,3684,2.1400000000000015,1.3775082017242697,1.369497215228504
3685,3685,2.1416666666666684,1.3775082017242697,1.369497215228504
3686,3686,2.1433333333333335,1.3778896772716869,1.3698786907759213
3687,3687,2.1450000000000005,1.3782711528191045,1.3698786907759213
3688,3688,2.1466666666666674,1.3782711528191045,1.3698786907759213
3689,3689,2.1483333333333325,1.3786526283665217,1.3698786907759213
3690,3690,2.1500000000000004,1.3786526283665217,1.3698786907759213
3691,3691,2.1516666666666673,1.379034103913939,1.3702601663233387
3692,3692,2.1533333333333324,1.379034103913939,1.3702601663233387
3693,3693,2.1550000000000002,1.3794155794613563,1.3702601663233387
3694,3694,2.156666666666667,1.3797970550087741,1.3706416418707559
3695,3695,2.158333333333334,1.3797970550087741,1.3706416418707559
3696,3696,2.16,1.380178530556191,1.3706416418707559
3697,3697,2.161666666666667,1.3805600061036087,1.3706416418707559
3698,3698,2.163333333333334,1.3805600061036087,1.3710231174181735
3699,3699,2.165,1.380941481651026,1.3706416418707559
3700,3700,2.166666666666668,1.3805600061036087,1.3710231174181735
3701,3701,2.168333333333334,1.3813229571984436,1.371404592965591
3702,3702,2.170000000000001,1.3813229571984436,1.371404592965591
3703,3703,2.1716666666666677,1.3813229571984436,1.371404592965591
3704,3704,2.173333333333334,1.3813229571984436,1.3717860685130083
3705,3705,2.1750000000000016,1.3813229571984436,1.3717860685130083
3706,3706,2.1766666666666676,1.3817044327458607,1.3717860685130083
3707,3707,2.1783333333333337,1.3824673838406958,1.3717860685130083
3708,3708,2.1800000000000015,1.3824673838406958,1.3721675440604255
3709,3709,2.1816666666666675,1.3824673838406958,1.3721675440604255
3710,3710,2.1833333333333336,1.3828488593881132,1.3721675440604255
3711,3711,2.1850000000000005,1.3828488593881132,1.3721675440604255
3712,3712,2.1866666666666674,1.3832303349355306,1.3721675440604255
3713,3713,2.1883333333333335,1.3832303349355306,1.3725490196078431
3714,3714,2.1900000000000004,1.3836118104829482,1.3725490196078431
3715,3715,2.1916666666666673,1.3832303349355306,1.3725490196078431
3716,3716,2.1933333333333325,1.3836118104829482,1.3729304951552606
3717,3717,2.1950000000000003,1.3839932860303654,1.3729304951552606
3718,3718,2.196666666666667,1.3839932860303654,1.3729304951552606
3719,3719,2.198333333333334,1.3839932860303654,1.3729304951552606
3720,3720,2.2,1.3843747615777828,1.3729304951552606
3721,3721,2.201666666666667,1.3843747615777828,1.373311970702678
3722,3722,2.203333333333334,1.3851377126726176,1.373311970702678
3723,3723,2.205,1.3851377126726176,1.373311970702678
3724,3724,2.206666666666668,1.3851377126726176,1.3736934462500954
3725,3725,2.208333333333334,1.3851377126726176,1.3736934462500954
3726,3726,2.21,1.3855191882200348,1.3740749217975128
3727,3727,2.211666666666668,1.3855191882200348,1.3740749217975128
3728,3728,2.213333333333334,1.3855191882200348,1.3740749217975128
3729,3729,2.2150000000000016,1.3859006637674525,1.3744563973449302
3730,3730,2.2166666666666677,1.3859006637674525,1.3744563973449302
3731,3731,2.2183333333333337,1.3859006637674525,1.3744563973449302
3732,3732,2.2200000000000015,1.38628213931487,1.3744563973449302
3733,3733,2.2216666666666676,1.38628213931487,1.3744563973449302
3734,3734,2.2233333333333336,1.3866636148622873,1.3744563973449302
3735,3735,2.2250000000000005,1.38628213931487,1.3744563973449302
3736,3736,2.2266666666666683,1.3866636148622873,1.3748378728923476
3737,3737,2.2283333333333335,1.3866636148622873,1.3748378728923476
3738,3738,2.2300000000000004,1.3870450904097047,1.3748378728923476
3739,3739,2.2316666666666674,1.3870450904097047,1.375219348439765
3740,3740,2.2333333333333325,1.3870450904097047,1.3748378728923476
3741,3741,2.2350000000000003,1.387426565957122,1.375219348439765
3742,3742,2.2366666666666672,1.387426565957122,1.375219348439765
3743,3743,2.238333333333334,1.387426565957122,1.375219348439765
3744,3744,2.24,1.387426565957122,1.3756008239871824
3745,3745,2.241666666666667,1.3878080415045395,1.3756008239871824
3746,3746,2.243333333333334,1.3878080415045395,1.3756008239871824
3747,3747,2.245,1.388189517051957,1.3756008239871824
3748,3748,2.246666666666667,1.388189517051957,1.3756008239871824
3749,3749,2.248333333333334,1.388189517051957,1.3759822995345998
3750,3750,2.25,1.388189517051957,1.3759822995345998
3751,3751,2.251666666666668,1.3885709925993743,1.3759822995345998
3752,3752,2.253333333333334,1.388189517051957,1.3763637750820172
3753,3753,2.255000000000001,1.3885709925993743,1.3763637750820172
3754,3754,2.2566666666666677,1.3885709925993743,1.3767452506294346
3755,3755,2.2583333333333337,1.3885709925993743,1.3763637750820172
3756,3756,2.2600000000000016,1.3885709925993743,1.3767452506294346
3757,3757,2.2616666666666676,1.3885709925993743,1.3767452506294346
3758,3758,2.2633333333333336,1.3885709925993743,1.377126726176852
3759,3759,2.2650000000000015,1.3885709925993743,1.377126726176852
3760,3760,2.2666666666666684,1.3885709925993743,1.377126726176852
3761,3761,2.2683333333333335,1.3889524681467915,1.377126726176852
3762,3762,2.2700000000000005,1.3889524681467915,1.377126726176852
3763,3763,2.2716666666666674,1.3889524681467915,1.377126726176852
3764,3764,2.2733333333333325,1.3889524681467915,1.3775082017242697
3765,3765,2.2750000000000004,1.3889524681467915,1.3775082017242697
3766,3766,2.2766666666666673,1.3889524681467915,1.3775082017242697
3767,3767,2.2783333333333324,1.3893339436942092,1.3778896772716869
3768,3768,2.2800000000000002,1.3893339436942092,1.3778896772716869
3769,3769,2.281666666666667,1.3893339436942092,1.3778896772716869
3770,3770,2.283333333333334,1.3897154192416266,1.3778896772716869
3771,3771,2.285,1.3893339436942092,1.3778896772716869
3772,3772,2.286666666666667,1.3897154192416266,1.3778896772716869
3773,3773,2.288333333333334,1.3893339436942092,1.3782711528191045
3774,3774,2.29,1.3897154192416266,1.3782711528191045
3775,3775,2.291666666666668,1.3897154192416266,1.3782711528191045
3776,3776,2.293333333333334,1.3897154192416266,1.3786526283665217
3777,3777,2.295000000000001,1.3897154192416266,1.3786526283665217
3778,3778,2.2966666666666677,1.390096894789044,1.3786526283665217
3779,3779,2.298333333333334,1.390096894789044,1.3786526283665217
3780,3780,2.3000000000000016,1.390096894789044,1.3786526283665217
3781,3781,2.3016666666666676,1.390096894789044,1.379034103913939
3782,3782,2.3033333333333337,1.3904783703364614,1.379034103913939
3783,3783,2.3050000000000015,1.390096894789044,1.3794155794613563
3784,3784,2.3066666666666675,1.3904783703364614,1.3794155794613563
3785,3785,2.3083333333333336,1.390096894789044,1.379034103913939
3786,3786,2.3100000000000005,1.3904783703364614,1.3794155794613563
3787,3787,2.3116666666666674,1.3904783703364614,1.3797970550087741
3788,3788,2.3133333333333335,1.3908598458838788,1.3794155794613563
3789,3789,2.3150000000000004,1.3904783703364614,1.3797970550087741
3790,3790,2.3166666666666673,1.3904783703364614,1.3797970550087741
3791,3791,2.3183333333333325,1.3908598458838788,1.3797970550087741
3792,3792,2.3200000000000003,1.3908598458838788,1.380178530556191
3793,3793,2.321666666666667,1.3908598458838788,1.3797970550087741
3794,3794,2.323333333333334,1.3908598458838788,1.380178530556191
3795,3795,2.325,1.3908598458838788,1.380178530556191
3796,3796,2.326666666666667,1.3908598458838788,1.380178530556191
3797,3797,2.328333333333334,1.3908598458838788,1.380178530556191
3798,3798,2.33,1.3912413214312962,1.380178530556191
3799,3799,2.331666666666668,1.3908598458838788,1.380178530556191
3800,3800,2.333333333333334,1.3908598458838788,1.3805600061036087
3801,3801,2.335,1.3912413214312962,1.380178530556191
3802,3802,2.336666666666668,1.3912413214312962,1.3805600061036087
3803,3803,2.338333333333334,1.3912413214312962,1.3805600061036087
3804,3804,2.3400000000000016,1.3912413214312962,1.3805600061036087
3805,3805,2.3416666666666677,1.3912413214312962,1.3805600061036087
3806,3806,2.3433333333333337,1.3916227969787136,1.3805600061036087
3807,3807,2.3450000000000015,1.3912413214312962,1.3805600061036087
3808,3808,2.3466666666666676,1.3912413214312962,1.380941481651026
3809,3809,2.3483333333333336,1.3916227969787136,1.380941481651026
3810,3810,2.3500000000000005,1.3912413214312962,1.3805600061036087
3811,3811,2.3516666666666683,1.3916227969787136,1.380941481651026
3812,3812,2.3533333333333335,1.3916227969787136,1.380941481651026
3813,3813,2.3550000000000004,1.3916227969787136,1.380941481651026
3814,3814,2.3566666666666674,1.3916227969787136,1.380941481651026
3815,3815,2.3583333333333325,1.3916227969787136,1.380941481651026
3816,3816,2.3600000000000003,1.392004272526131,1.380941481651026
3817,3817,2.3616666666666672,1.392004272526131,1.380941481651026
3818,3818,2.363333333333334,1.392004272526131,1.380941481651026
3819,3819,2.365,1.392004272526131,1.380941481651026
3820,3820,2.366666666666667,1.392004272526131,1.380941481651026
3821,3821,2.368333333333334,1.392004272526131,1.380941481651026
3822,3822,2.37,1.392004272526131,1.380941481651026
3823,3823,2.371666666666667,1.392004272526131,1.380941481651026
3824,3824,2.373333333333334,1.3923857480735484,1.380941481651026
3825,3825,2.375,1.392004272526131,1.380941481651026
3826,3826,2.376666666666668,1.3923857480735484,1.380941481651026
3827,3827,2.378333333333334,1.3923857480735484,1.380941481651026
3828,3828,2.380000000000001,1.3923857480735484,1.380941481651026
3829,3829,2.3816666666666677,1.3923857480735484,1.380941481651026
3830,3830,2.3833333333333337,1.3923857480735484,1.3805600061036087
3831,3831,2.3850000000000016,1.3927672236209658,1.380941481651026
3832,3832,2.3866666666666676,1.3927672236209658,1.380941481651026
3833,3833,2.3883333333333336,1.3927672236209658,1.380941481651026
3834,3834,2.3900000000000015,1.3931486991683832,1.380941481651026
3835,3835,2.3916666666666684,1.3927672236209658,1.3805600061036087
3836,3836,2.3933333333333335,1.3927672236209658,1.380941481651026
3837,3837,2.3950000000000005,1.3931486991683832,1.380941481651026
3838,3838,2.3966666666666674,1.3931486991683832,1.380941481651026
3839,3839,2.3983333333333325,1.3935301747158009,1.3805600061036087
3840,3840,2.4000000000000004,1.3935301747158009,1.3805600061036087
3841,3841,2.4016666666666673,1.3935301747158009,1.3805600061036087
3842,3842,2.4033333333333324,1.3935301747158009,1.380178530556191
3843,3843,2.4050000000000002,1.3935301747158009,1.3805600061036087
3844,3844,2.406666666666667,1.3935301747158009,1.3805600061036087
3845,3845,2.408333333333334,1.3935301747158009,1.380178530556191
3846,3846,2.41,1.3935301747158009,1.3805600061036087
3847,3847,2.411666666666667,1.393911650263218,1.380178530556191
3848,3848,2.413333333333334,1.393911650263218,1.380178530556191
3849,3849,2.415,1.393911650263218,1.3797970550087741
3850,3850,2.416666666666668,1.393911650263218,1.3797970550087741
3851,3851,2.418333333333334,1.3942931258106357,1.3797970550087741
3852,3852,2.420000000000001,1.3942931258106357,1.3797970550087741
3853,3853,2.4216666666666677,1.3942931258106357,1.3794155794613563
3854,3854,2.423333333333334,1.3942931258106357,1.3794155794613563
3855,3855,2.4250000000000016,1.3942931258106357,1.379034103913939
3856,3856,2.4266666666666676,1.3946746013580529,1.379034103913939
3857,3857,2.4283333333333337,1.3942931258106357,1.379034103913939
3858,3858,2.4300000000000015,1.3942931258106357,1.3786526283665217
3859,3859,2.4316666666666675,1.3942931258106357,1.3786526283665217
3860,3860,2.4333333333333336,1.3942931258106357,1.3782711528191045
3861,3861,2.4350000000000005,1.3946746013580529,1.3782711528191045
3862,3862,2.4366666666666674,1.3946746013580529,1.3782711528191045
3863,3863,2.4383333333333335,1.3946746013580529,1.3778896772716869
3864,3864,2.4400000000000004,1.3946746013580529,1.3778896772716869
3865,3865,2.4416666666666673,1.3950560769054705,1.3778896772716869
3866,3866,2.4433333333333325,1.3950560769054705,1.3775082017242697
3867,3867,2.4450000000000003,1.3950560769054705,1.3775082017242697
3868,3868,2.446666666666667,1.3950560769054705,1.3775082017242697
3869,3869,2.448333333333334,1.3950560769054705,1.377126726176852
3870,3870,2.45,1.3950560769054705,1.377126726176852
3871,3871,2.451666666666667,1.3954375524528877,1.377126726176852
3872,3872,2.453333333333334,1.3954375524528877,1.377126726176852
3873,3873,2.455,1.3954375524528877,1.3767452506294346
3874,3874,2.456666666666668,1.3954375524528877,1.3763637750820172
3875,3875,2.458333333333334,1.3954375524528877,1.3763637750820172
3876,3876,2.460000000000001,1.395819028000305,1.3759822995345998
3877,3877,2.461666666666668,1.3954375524528877,1.3759822995345998
3878,3878,2.463333333333334,1.395819028000305,1.3759822995345998
3879,3879,2.4650000000000016,1.395819028000305,1.3759822995345998
3880,3880,2.4666666666666677,1.395819028000305,1.375219348439765
3881,3881,2.4683333333333337,1.3962005035477223,1.375219348439765
3882,3882,2.4700000000000015,1.3962005035477223,1.375219348439765
3883,3883,2.4716666666666676,1.395819028000305,1.375219348439765
3884,3884,2.4733333333333336,1.3962005035477223,1.3748378728923476
3885,3885,2.4750000000000005,1.3962005035477223,1.3748378728923476
3886,3886,2.4766666666666683,1.3962005035477223,1.3748378728923476
3887,3887,2.4783333333333335,1.3962005035477223,1.3744563973449302
3888,3888,2.4800000000000004,1.3962005035477223,1.3744563973449302
3889,3889,2.4816666666666674,1.3962005035477223,1.3744563973449302
3890,3890,2.4833333333333325,1.3962005035477223,1.3740749217975128
3891,3891,2.4850000000000003,1.3962005035477223,1.3740749217975128
3892,3892,2.4866666666666672,1.3962005035477223,1.3736934462500954
3893,3893,2.488333333333334,1.3962005035477223,1.3736934462500954
3894,3894,2.49,1.3962005035477223,1.373311970702678
3895,3895,2.491666666666667,1.3962005035477223,1.373311970702678
3896,3896,2.493333333333334,1.3962005035477223,1.373311970702678
3897,3897,2.495,1.3962005035477223,1.3729304951552606
3898,3898,2.496666666666667,1.3962005035477223,1.3725490196078431
3899,3899,2.498333333333334,1.3962005035477223,1.3725490196078431
3900,3900,2.5,1.3962005035477223,1.3725490196078431
3901,3901,2.501666666666668,1.3962005035477223,1.3725490196078431
3902,3902,2.503333333333334,1.3962005035477223,1.3721675440604255
3903,3903,2.505000000000001,1.3962005035477223,1.3725490196078431
3904,3904,2.5066666666666677,1.395819028000305,1.3721675440604255
3905,3905,2.5083333333333337,1.395819028000305,1.3717860685130083
3906,3906,2.5100000000000016,1.395819028000305,1.3717860685130083
3907,3907,2.5116666666666676,1.395819028000305,1.3717860685130083
3908,3908,2.5133333333333336,1.395819028000305,1.3717860685130083
3909,3909,2.5150000000000015,1.3954375524528877,1.371404592965591
3910,3910,2.5166666666666684,1.3954375524528877,1.3710231174181735
3911,3911,2.5183333333333335,1.3950560769054705,1.371404592965591
3912,3912,2.5200000000000005,1.3954375524528877,1.3710231174181735
3913,3913,2.5216666666666674,1.3950560769054705,1.3710231174181735
3914,3914,2.5233333333333325,1.3950560769054705,1.3710231174181735
3915,3915,2.5250000000000004,1.3946746013580529,1.3706416418707559
3916,3916,2.5266666666666673,1.3946746013580529,1.3706416418707559
3917,3917,2.5283333333333324,1.3946746013580529,1.3706416418707559
3918,3918,2.5300000000000002,1.3946746013580529,1.3706416418707559
3919,3919,2.531666666666667,1.3946746013580529,1.3702601663233387
3920,3920,2.533333333333334,1.3946746013580529,1.3702601663233387
3921,3921,2.535,1.3946746013580529,1.3702601663233387
3922,3922,2.536666666666667,1.3942931258106357,1.3698786907759213
3923,3923,2.538333333333334,1.3942931258106357,1.3698786907759213
3924,3924,2.54,1.3942931258106357,1.3698786907759213
3925,3925,2.541666666666668,1.3942931258106357,1.369497215228504
3926,3926,2.543333333333334,1.3942931258106357,1.3698786907759213
3927,3927,2.545000000000001,1.3942931258106357,1.3698786907759213
3928,3928,2.5466666666666677,1.393911650263218,1.369497215228504
3929,3929,2.548333333333334,1.393911650263218,1.369497215228504
3930,3930,2.5500000000000016,1.393911650263218,1.369497215228504
3931,3931,2.5516666666666676,1.393911650263218,1.369497215228504
3932,3932,2.5533333333333337,1.393911650263218,1.369497215228504
3933,3933,2.5550000000000015,1.3935301747158009,1.3691157396810865
3934,3934,2.5566666666666684,1.3935301747158009,1.3691157396810865
3935,3935,2.5583333333333336,1.3935301747158009,1.3687342641336688
3936,3936,2.5600000000000005,1.3935301747158009,1.3691157396810865
3937,3937,2.5616666666666674,1.3935301747158009,1.3691157396810865
3938,3938,2.5633333333333335,1.3931486991683832,1.3687342641336688
3939,3939,2.5650000000000004,1.3931486991683832,1.3687342641336688
3940,3940,2.5666666666666673,1.3927672236209658,1.3683527885862516
3941,3941,2.5683333333333325,1.3923857480735484,1.3683527885862516
3942,3942,2.5700000000000003,1.3927672236209658,1.3679713130388342
3943,3943,2.571666666666667,1.3923857480735484,1.3683527885862516
3944,3944,2.573333333333334,1.3923857480735484,1.3679713130388342
3945,3945,2.575,1.3923857480735484,1.3675898374914168
3946,3946,2.576666666666667,1.392004272526131,1.3675898374914168
3947,3947,2.578333333333334,1.392004272526131,1.3675898374914168
3948,3948,2.58,1.392004272526131,1.3675898374914168
3949,3949,2.581666666666668,1.392004272526131,1.3675898374914168
3950,3950,2.583333333333334,1.392004272526131,1.3672083619439994
3951,3951,2.585000000000001,1.392004272526131,1.3672083619439994
3952,3952,2.586666666666668,1.392004272526131,1.3672083619439994
3953,3953,2.588333333333334,1.3916227969787136,1.3668268863965818
3954,3954,2.5900000000000016,1.3916227969787136,1.3668268863965818
3955,3955,2.5916666666666677,1.3916227969787136,1.3664454108491644
3956,3956,2.5933333333333337,1.3916227969787136,1.3664454108491644
3957,3957,2.5950000000000015,1.3916227969787136,1.3664454108491644
3958,3958,2.5966666666666676,1.3912413214312962,1.3664454108491644
3959,3959,2.5983333333333336,1.3912413214312962,1.366063935301747
3960,3960,2.6000000000000005,1.3912413214312962,1.366063935301747
3961,3961,2.6016666666666683,1.3912413214312962,1.366063935301747
3962,3962,2.6033333333333335,1.3908598458838788,1.3656824597543296
3963,3963,2.6050000000000004,1.3912413214312962,1.3656824597543296
3964,3964,2.6066666666666674,1.3912413214312962,1.3656824597543296
3965,3965,2.6083333333333325,1.3908598458838788,1.3649195086594947
3966,3966,2.6100000000000003,1.3908598458838788,1.365300984206912
3967,3967,2.6116666666666672,1.3908598458838788,1.3649195086594947
3968,3968,2.613333333333334,1.3908598458838788,1.3649195086594947
3969,3969,2.615,1.3908598458838788,1.364538033112077
3970,3970,2.616666666666667,1.3904783703364614,1.364538033112077
3971,3971,2.618333333333334,1.3904783703364614,1.364538033112077
3972,3972,2.62,1.3908598458838788,1.36415655756466
3973,3973,2.621666666666667,1.3904783703364614,1.36415655756466
3974,3974,2.623333333333334,1.3904783703364614,1.36415655756466
3975,3975,2.625,1.390096894789044,1.36415655756466
3976,3976,2.626666666666668,1.390096894789044,1.3637750820172423
3977,3977,2.628333333333334,1.390096894789044,1.36415655756466
3978,3978,2.630000000000001,1.390096894789044,1.3637750820172423
3979,3979,2.6316666666666677,1.3897154192416266,1.3637750820172423
3980,3980,2.6333333333333337,1.3897154192416266,1.3633936064698249
3981,3981,2.6350000000000016,1.390096894789044,1.3637750820172423
3982,3982,2.6366666666666676,1.390096894789044,1.3633936064698249
3983,3983,2.6383333333333336,1.3897154192416266,1.3633936064698249
3984,3984,2.6400000000000015,1.3897154192416266,1.3633936064698249
3985,3985,2.6416666666666684,1.3893339436942092,1.3630121309224077
3986,3986,2.6433333333333335,1.3897154192416266,1.3633936064698249
3987,3987,2.6450000000000005,1.3897154192416266,1.3630121309224077
3988,3988,2.6466666666666674,1.3893339436942092,1.3630121309224077
3989,3989,2.6483333333333325,1.3893339436942092,1.3626306553749905
3990,3990,2.6500000000000004,1.3893339436942092,1.3626306553749905
3991,3991,2.6516666666666673,1.3893339436942092,1.3626306553749905
3992,3992,2.6533333333333324,1.3889524681467915,1.3630121309224077
3993,3993,2.6550000000000002,1.3893339436942092,1.3622491798275729
3994,3994,2.656666666666667,1.3889524681467915,1.3626306553749905
3995,3995,2.658333333333334,1.3889524681467915,1.3626306553749905
3996,3996,2.66,1.3889524681467915,1.3626306553749905
3997,3997,2.661666666666667,1.3889524681467915,1.3626306553749905
3998,3998,2.663333333333334,1.3889524681467915,1.3622491798275729
3999,3999,2.665,1.3889524681467915,1.3622491798275729
4000,4000,2.666666666666668,1.3885709925993743,1.3622491798275729
4001,4001,2.668333333333334,1.3885709925993743,1.3622491798275729
4002,4002,2.670000000000001,1.3885709925993743,1.3626306553749905
4003,4003,2.6716666666666677,1.3885709925993743,1.3626306553749905
4004,4004,2.673333333333334,1.388189517051957,1.3626306553749905
4005,4005,2.6750000000000016,1.388189517051957,1.3622491798275729
4006,4006,2.6766666666666676,1.388189517051957,1.3622491798275729
4007,4007,2.6783333333333337,1.388189517051957,1.3622491798275729
4008,4008,2.6800000000000015,1.388189517051957,1.3622491798275729
4009,4009,2.6816666666666684,1.3878080415045395,1.3622491798275729
4010,4010,2.6833333333333336,1.3878080415045395,1.3622491798275729
4011,4011,2.6850000000000005,1.3878080415045395,1.3622491798275729
4012,4012,2.6866666666666674,1.387426565957122,1.3622491798275729
4013,4013,2.6883333333333335,1.3878080415045395,1.3626306553749905
4014,4014,2.6900000000000004,1.387426565957122,1.3622491798275729
4015,4015,2.6916666666666673,1.3870450904097047,1.3622491798275729
4016,4016,2.6933333333333325,1.387426565957122,1.3622491798275729
4017,4017,2.6950000000000003,1.3870450904097047,1.3626306553749905
4018,4018,2.696666666666667,1.3870450904097047,1.3626306553749905
4019,4019,2.698333333333334,1.3870450904097047,1.3622491798275729
4020,4020,2.7,1.3866636148622873,1.3622491798275729
4021,4021,2.701666666666667,1.3866636148622873,1.3626306553749905
4022,4022,2.703333333333334,1.3870450904097047,1.3622491798275729
4023,4023,2.705,1.3866636148622873,1.3626306553749905
4024,4024,2.706666666666668,1.3866636148622873,1.3626306553749905
4025,4025,2.708333333333334,1.3866636148622873,1.3622491798275729
4026,4026,2.710000000000001,1.3866636148622873,1.3626306553749905
4027,4027,2.711666666666668,1.3866636148622873,1.3626306553749905
4028,4028,2.713333333333334,1.38628213931487,1.3630121309224077
4029,4029,2.7150000000000016,1.38628213931487,1.3630121309224077
4030,4030,2.7166666666666677,1.38628213931487,1.3626306553749905
4031,4031,2.7183333333333337,1.38628213931487,1.3626306553749905
4032,4032,2.7200000000000015,1.38628213931487,1.3626306553749905
4033,4033,2.7216666666666676,1.38628213931487,1.3630121309224077
4034,4034,2.7233333333333336,1.38628213931487,1.3630121309224077
4035,4035,2.7250000000000005,1.38628213931487,1.3626306553749905
4036,4036,2.7266666666666683,1.38628213931487,1.3630121309224077
4037,4037,2.7283333333333335,1.38628213931487,1.3630121309224077
4038,4038,2.7300000000000004,1.38628213931487,1.3630121309224077
4039,4039,2.7316666666666674,1.38628213931487,1.3630121309224077
4040,4040,2.7333333333333325,1.38628213931487,1.3630121309224077
4041,4041,2.7350000000000003,1.38628213931487,1.3633936064698249
4042,4042,2.7366666666666672,1.38628213931487,1.3630121309224077
4043,4043,2.738333333333334,1.38628213931487,1.3633936064698249
4044,4044,2.74,1.38628213931487,1.3633936064698249
4045,4045,2.741666666666667,1.38628213931487,1.3630121309224077
4046,4046,2.743333333333334,1.38628213931487,1.3633936064698249
4047,4047,2.745,1.38628213931487,1.3633936064698249
4048,4048,2.746666666666667,1.38628213931487,1.3633936064698249
4049,4049,2.748333333333334,1.38628213931487,1.3637750820172423
4050,4050,2.75,1.38628213931487,1.3633936064698249
4051,4051,2.751666666666668,1.3866636148622873,1.3637750820172423
4052,4052,2.753333333333334,1.3866636148622873,1.3633936064698249
4053,4053,2.755000000000001,1.3866636148622873,1.3633936064698249
4054,4054,2.7566666666666677,1.3866636148622873,1.3637750820172423
4055,4055,2.7583333333333337,1.3866636148622873,1.3637750820172423
4056,4056,2.7600000000000016,1.3866636148622873,1.3637750820172423
4057,4057,2.7616666666666676,1.3870450904097047,1.3637750820172423
4058,4058,2.7633333333333336,1.3870450904097047,1.3637750820172423
4059,4059,2.7650000000000015,1.3866636148622873,1.36415655756466
4060,4060,2.7666666666666684,1.3870450904097047,1.36415655756466
4061,4061,2.7683333333333335,1.387426565957122,1.36415655756466
4062,4062,2.7700000000000005,1.387426565957122,1.36415655756466
4063,4063,2.7716666666666674,1.3878080415045395,1.364538033112077
4064,4064,2.7733333333333325,1.3878080415045395,1.364538033112077
4065,4065,2.7750000000000004,1.3878080415045395,1.364538033112077
4066,4066,2.7766666666666673,1.388189517051957,1.364538033112077
4067,4067,2.7783333333333333,1.3878080415045395,1.3649195086594947
4068,4068,2.7800000000000002,1.388189517051957,1.3649195086594947
4069,4069,2.781666666666667,1.388189517051957,1.3649195086594947
4070,4070,2.783333333333334,1.388189517051957,1.3649195086594947
4071,4071,2.785,1.388189517051957,1.365300984206912
4072,4072,2.786666666666667,1.3885709925993743,1.3656824597543296
4073,4073,2.788333333333334,1.3885709925993743,1.3656824597543296
4074,4074,2.79,1.3889524681467915,1.3656824597543296
4075,4075,2.791666666666668,1.3889524681467915,1.3656824597543296
4076,4076,2.793333333333334,1.3889524681467915,1.366063935301747
4077,4077,2.795000000000001,1.3889524681467915,1.3664454108491644
4078,4078,2.7966666666666677,1.3893339436942092,1.366063935301747
4079,4079,2.798333333333334,1.3893339436942092,1.3664454108491644
4080,4080,2.8000000000000016,1.3893339436942092,1.3664454108491644
4081,4081,2.8016666666666676,1.390096894789044,1.3668268863965818
4082,4082,2.8033333333333337,1.390096894789044,1.3668268863965818
4083,4083,2.8050000000000015,1.390096894789044,1.3672083619439994
4084,4084,2.8066666666666684,1.3904783703364614,1.3672083619439994
4085,4085,2.8083333333333336,1.3904783703364614,1.3672083619439994
4086,4086,2.8100000000000005,1.3908598458838788,1.3675898374914168
4087,4087,2.8116666666666674,1.3908598458838788,1.3675898374914168
4088,4088,2.8133333333333335,1.3912413214312962,1.3675898374914168
4089,4089,2.8150000000000004,1.3912413214312962,1.3683527885862516
4090,4090,2.8166666666666673,1.3912413214312962,1.3679713130388342
4091,4091,2.8183333333333325,1.3916227969787136,1.3687342641336688
4092,4092,2.8200000000000003,1.3916227969787136,1.3687342641336688
4093,4093,2.821666666666667,1.392004272526131,1.3691157396810865
4094,4094,2.823333333333334,1.392004272526131,1.3691157396810865
4095,4095,2.825,1.392004272526131,1.3691157396810865
4096,4096,2.826666666666667,1.3923857480735484,1.369497215228504
4097,4097,2.828333333333334,1.3927672236209658,1.369497215228504
4098,4098,2.83,1.3927672236209658,1.3698786907759213
4099,4099,2.831666666666668,1.3927672236209658,1.3702601663233387
4100,4100,2.833333333333334,1.3931486991683832,1.3702601663233387
4101,4101,2.835000000000001,1.3935301747158009,1.3706416418707559
4102,4102,2.836666666666668,1.3935301747158009,1.3706416418707559
4103,4103,2.838333333333334,1.393911650263218,1.3710231174181735
4104,4104,2.8400000000000016,1.393911650263218,1.371404592965591
4105,4105,2.8416666666666677,1.3942931258106357,1.371404592965591
4106,4106,2.8433333333333337,1.3942931258106357,1.3717860685130083
4107,4107,2.8450000000000015,1.3946746013580529,1.3717860685130083
4108,4108,2.8466666666666676,1.3950560769054705,1.3721675440604255
4109,4109,2.8483333333333336,1.3950560769054705,1.3725490196078431
4110,4110,2.8500000000000005,1.3954375524528877,1.3721675440604255
4111,4111,2.8516666666666683,1.395819028000305,1.3729304951552606
4112,4112,2.8533333333333335,1.395819028000305,1.3729304951552606
4113,4113,2.8550000000000004,1.3962005035477223,1.373311970702678
4114,4114,2.8566666666666674,1.3962005035477223,1.3736934462500954
4115,4115,2.8583333333333325,1.3965819790951397,1.3736934462500954
4116,4116,2.8600000000000003,1.3969634546425571,1.3740749217975128
4117,4117,2.8616666666666672,1.3969634546425571,1.3744563973449302
4118,4118,2.863333333333334,1.3973449301899747,1.3748378728923476
4119,4119,2.865,1.3973449301899747,1.3748378728923476
4120,4120,2.866666666666667,1.3981078812848096,1.3748378728923476
4121,4121,2.868333333333334,1.3984893568322272,1.375219348439765
4122,4122,2.87,1.3984893568322272,1.3756008239871824
4123,4123,2.871666666666667,1.3992523079270618,1.3759822995345998
4124,4124,2.873333333333334,1.3992523079270618,1.3759822995345998
4125,4125,2.875,1.3996337834744792,1.3763637750820172
4126,4126,2.876666666666668,1.4000152590218966,1.3767452506294346
4127,4127,2.878333333333334,1.4003967345693138,1.377126726176852
4128,4128,2.880000000000001,1.4007782101167314,1.3775082017242697
4129,4129,2.8816666666666677,1.4011596856641488,1.3775082017242697
4130,4130,2.8833333333333337,1.4011596856641488,1.3775082017242697
4131,4131,2.8850000000000016,1.4019226367589837,1.3778896772716869
4132,4132,2.8866666666666676,1.4019226367589837,1.3782711528191045
4133,4133,2.8883333333333336,1.4023041123064008,1.3782711528191045
4134,4134,2.8900000000000015,1.4026855878538185,1.379034103913939
4135,4135,2.8916666666666684,1.403067063401236,1.379034103913939
4136,4136,2.8933333333333335,1.4038300144960707,1.3794155794613563
4137,4137,2.8950000000000005,1.404211490043488,1.3797970550087741
4138,4138,2.8966666666666674,1.4045929655909055,1.380178530556191
4139,4139,2.8983333333333325,1.4045929655909055,1.380178530556191
4140,4140,2.9000000000000004,1.404974441138323,1.380941481651026
4141,4141,2.9016666666666673,1.4057373922331575,1.380941481651026
4142,4142,2.9033333333333333,1.4061188677805752,1.3813229571984436
4143,4143,2.9050000000000002,1.40688181887541,1.3817044327458607
4144,4144,2.906666666666667,1.4072632944228274,1.3817044327458607
4145,4145,2.908333333333334,1.4072632944228274,1.3820859082932784
4146,4146,2.91,1.4076447699702448,1.3828488593881132
4147,4147,2.911666666666667,1.4084077210650796,1.3828488593881132
4148,4148,2.913333333333334,1.408789196612497,1.3832303349355306
4149,4149,2.915,1.4095521477073318,1.3836118104829482
4150,4150,2.916666666666668,1.4095521477073318,1.3836118104829482
4151,4151,2.918333333333334,1.4103150988021669,1.3839932860303654
4152,4152,2.920000000000001,1.410696574349584,1.3843747615777828
4153,4153,2.9216666666666677,1.4110780498970017,1.3847562371252002
4154,4154,2.923333333333334,1.4114595254444189,1.3851377126726176
4155,4155,2.9250000000000016,1.4118410009918363,1.3855191882200348
4156,4156,2.9266666666666676,1.4122224765392537,1.3859006637674525
4157,4157,2.9283333333333337,1.4129854276340883,1.38628213931487
4158,4158,2.9300000000000015,1.4133669031815057,1.38628213931487
4159,4159,2.9316666666666684,1.4133669031815057,1.3866636148622873
4160,4160,2.9333333333333336,1.4141298542763407,1.3870450904097047
4161,4161,2.9350000000000005,1.4145113298237582,1.3878080415045395
4162,4162,2.9366666666666674,1.4152742809185932,1.3878080415045395
4163,4163,2.9383333333333335,1.4156557564660104,1.3885709925993743
4164,4164,2.9400000000000004,1.4160372320134278,1.3889524681467915
4165,4165,2.9416666666666673,1.4168001831082626,1.3893339436942092
4166,4166,2.9433333333333325,1.4171816586556798,1.3897154192416266
4167,4167,2.9450000000000003,1.4175631342030974,1.390096894789044
4168,4168,2.946666666666667,1.4179446097505148,1.3904783703364614
4169,4169,2.948333333333334,1.4183260852979322,1.3912413214312962
4170,4170,2.95,1.4187075608453497,1.3912413214312962
4171,4171,2.951666666666667,1.4194705119401845,1.3916227969787136
4172,4172,2.953333333333334,1.419851987487602,1.392004272526131
4173,4173,2.955,1.4202334630350193,1.3923857480735484
4174,4174,2.956666666666668,1.4206149385824367,1.3931486991683832
4175,4175,2.958333333333334,1.420996414129854,1.3931486991683832
4176,4176,2.960000000000001,1.4213778896772715,1.393911650263218
4177,4177,2.961666666666668,1.421759365224689,1.3942931258106357
4178,4178,2.963333333333334,1.4225223163195235,1.3946746013580529
4179,4179,2.9650000000000016,1.4229037918669412,1.3950560769054705
4180,4180,2.9666666666666677,1.4229037918669412,1.3954375524528877
4181,4181,2.9683333333333337,1.423666742961776,1.395819028000305
4182,4182,2.9700000000000015,1.4240482185091934,1.3965819790951397
4183,4183,2.9716666666666676,1.4240482185091934,1.3969634546425571
4184,4184,2.9733333333333336,1.4248111696040282,1.3977264057373922
4185,4185,2.9750000000000005,1.4251926451514456,1.3977264057373922
4186,4186,2.9766666666666683,1.425574120698863,1.3984893568322272
4187,4187,2.9783333333333335,1.4259555962462804,1.3988708323796444
4188,4188,2.9800000000000004,1.4263370717936978,1.3992523079270618
4189,4189,2.9816666666666674,1.4267185473411153,1.4000152590218966
4190,4190,2.9833333333333325,1.4271000228885329,1.4003967345693138
4191,4191,2.9850000000000003,1.4278629739833677,1.4011596856641488
4192,4192,2.9866666666666672,1.4278629739833677,1.4015411612115662
4193,4193,2.988333333333334,1.4282444495307849,1.4023041123064008
4194,4194,2.99,1.4290074006256197,1.4026855878538185
4195,4195,2.991666666666667,1.4290074006256197,1.4026855878538185
4196,4196,2.993333333333334,1.4293888761730371,1.4034485389486533
4197,4197,2.995,1.4297703517204543,1.4038300144960707
4198,4198,2.996666666666667,1.4305333028152891,1.4045929655909055
4199,4199,2.998333333333334,1.4305333028152891,1.404974441138323
4200,4200,3.000000000000001,1.4309147783627068,1.4057373922331575
4201,4201,3.001666666666668,1.4316777294575416,1.4061188677805752
4202,4202,3.003333333333334,1.4316777294575416,1.40688181887541
4203,4203,3.005000000000001,1.4320592050049592,1.4076447699702448
4204,4204,3.0066666666666677,1.4328221560997938,1.4080262455176622
4205,4205,3.0083333333333337,1.4328221560997938,1.4080262455176622
4206,4206,3.0100000000000016,1.4335851071946286,1.408789196612497
4207,4207,3.0116666666666676,1.4339665827420458,1.4095521477073318
4208,4208,3.0133333333333336,1.4343480582894634,1.4103150988021669
4209,4209,3.0150000000000015,1.4343480582894634,1.410696574349584
4210,4210,3.0166666666666684,1.4347295338368808,1.4110780498970017
4211,4211,3.0183333333333335,1.4351110093842985,1.4114595254444189
4212,4212,3.0200000000000005,1.4354924849317157,1.4118410009918363
4213,4213,3.0216666666666674,1.4362554360265505,1.4129854276340883
4214,4214,3.0233333333333325,1.436636911573968,1.4133669031815057
4215,4215,3.0250000000000004,1.436636911573968,1.4133669031815057
4216,4216,3.0266666666666673,1.4373998626688027,1.4141298542763407
4217,4217,3.0283333333333333,1.4373998626688027,1.4148928053711756
4218,4218,3.0300000000000002,1.4381628137636375,1.4156557564660104
4219,4219,3.031666666666667,1.438544289311055,1.4160372320134278
4220,4220,3.033333333333334,1.438544289311055,1.4164187075608452
4221,4221,3.035,1.4393072404058898,1.4171816586556798
4222,4222,3.036666666666667,1.4396887159533072,1.4175631342030974
4223,4223,3.038333333333334,1.4400701915007246,1.4183260852979322
4224,4224,3.04,1.4400701915007246,1.4187075608453497
4225,4225,3.041666666666668,1.4408331425955594,1.4190890363927668
4226,4226,3.043333333333334,1.4412146181429768,1.4194705119401845
4227,4227,3.045000000000001,1.4415960936903942,1.4202334630350193
4228,4228,3.0466666666666677,1.4419775692378116,1.420996414129854
4229,4229,3.048333333333334,1.442359044785229,1.4213778896772715
4230,4230,3.0500000000000016,1.442359044785229,1.421759365224689
4231,4231,3.0516666666666676,1.4427405203326464,1.4221408407721063
4232,4232,3.0533333333333337,1.4435034714274813,1.4225223163195235
4233,4233,3.0550000000000015,1.4438849469748989,1.4232852674143586
4234,4234,3.0566666666666684,1.444266422522316,1.423666742961776
4235,4235,3.0583333333333336,1.4446478980697337,1.4244296940566108
4236,4236,3.0600000000000005,1.4446478980697337,1.4248111696040282
4237,4237,3.0616666666666674,1.4454108491645687,1.4251926451514456
4238,4238,3.0633333333333335,1.4454108491645687,1.425574120698863
4239,4239,3.0650000000000004,1.4457923247119862,1.4263370717936978
4240,4240,3.0666666666666673,1.4461738002594036,1.4267185473411153
4241,4241,3.0683333333333325,1.4469367513542384,1.4271000228885329
4242,4242,3.0700000000000003,1.4473182269016558,1.4278629739833677
4243,4243,3.071666666666667,1.4473182269016558,1.4278629739833677
4244,4244,3.073333333333334,1.4476997024490732,1.4286259250782023
4245,4245,3.075,1.4480811779964906,1.4290074006256197
4246,4246,3.076666666666667,1.4484626535439082,1.4297703517204543
4247,4247,3.078333333333334,1.4488441290913254,1.4301518272678717
4248,4248,3.08,1.4492256046387428,1.4305333028152891
4249,4249,3.081666666666668,1.4496070801861602,1.4309147783627068
4250,4250,3.083333333333334,1.4499885557335777,1.4312962539101242
4251,4251,3.085000000000001,1.450370031280995,1.4320592050049592
4252,4252,3.086666666666668,1.4507515068284125,1.4324406805523764
4253,4253,3.088333333333334,1.45113298237583,1.4328221560997938
4254,4254,3.0900000000000016,1.4515144579232473,1.4332036316472112
4255,4255,3.0916666666666677,1.4515144579232473,1.4339665827420458
4256,4256,3.0933333333333337,1.4522774090180817,1.4343480582894634
4257,4257,3.0950000000000015,1.4522774090180817,1.4347295338368808
4258,4258,3.0966666666666676,1.4530403601129172,1.4351110093842985
4259,4259,3.0983333333333336,1.4530403601129172,1.435873960479133
4260,4260,3.1000000000000005,1.4534218356603343,1.435873960479133
4261,4261,3.1016666666666683,1.4538033112077515,1.436636911573968
4262,4262,3.1033333333333335,1.4545662623025866,1.4370183871213853
4263,4263,3.1050000000000004,1.4545662623025866,1.43778133821622
4264,4264,3.1066666666666674,1.4549477378500042,1.4381628137636375
4265,4265,3.1083333333333325,1.4553292133974214,1.4381628137636375
4266,4266,3.1100000000000003,1.4557106889448388,1.4389257648584723
4267,4267,3.1116666666666672,1.4560921644922562,1.4389257648584723
4268,4268,3.113333333333334,1.4560921644922562,1.4396887159533072
4269,4269,3.115,1.4564736400396736,1.4400701915007246
4270,4270,3.116666666666667,1.4568551155870908,1.440451667048142
4271,4271,3.118333333333334,1.4576180666819258,1.4408331425955594
4272,4272,3.12,1.4579995422293432,1.4415960936903942
4273,4273,3.121666666666667,1.4579995422293432,1.4419775692378116
4274,4274,3.123333333333334,1.4583810177767609,1.442359044785229
4275,4275,3.125000000000001,1.4583810177767609,1.4427405203326464
4276,4276,3.126666666666668,1.458762493324178,1.4435034714274813
4277,4277,3.128333333333334,1.4591439688715957,1.4438849469748989
4278,4278,3.130000000000001,1.4599069199664303,1.4438849469748989
4279,4279,3.1316666666666677,1.4602883955138477,1.444266422522316
4280,4280,3.1333333333333337,1.4602883955138477,1.4446478980697337
4281,4281,3.1350000000000016,1.4606698710612651,1.445029373617151
4282,4282,3.1366666666666676,1.4610513466086823,1.4454108491645687
4283,4283,3.1383333333333336,1.4614328221561,1.4461738002594036
4284,4284,3.1400000000000015,1.4614328221561,1.446555275806821
4285,4285,3.1416666666666684,1.4618142977035171,1.446555275806821
4286,4286,3.1433333333333335,1.4621957732509347,1.4473182269016558
4287,4287,3.1450000000000005,1.4629587243457696,1.4473182269016558
4288,4288,3.1466666666666674,1.4629587243457696,1.4476997024490732
4289,4289,3.1483333333333325,1.4633401998931868,1.4484626535439082
4290,4290,3.1500000000000004,1.4637216754406044,1.4488441290913254
4291,4291,3.1516666666666673,1.4637216754406044,1.4492256046387428
4292,4292,3.1533333333333333,1.4644846265354392,1.4496070801861602
4293,4293,3.1550000000000002,1.4644846265354392,1.4499885557335777
4294,4294,3.156666666666667,1.4652475776302742,1.450370031280995
4295,4295,3.158333333333334,1.4652475776302742,1.4507515068284125
4296,4296,3.16,1.4660105287251088,1.45113298237583
4297,4297,3.161666666666667,1.4660105287251088,1.4515144579232473
4298,4298,3.163333333333334,1.4663920042725265,1.4522774090180817
4299,4299,3.165,1.4667734798199437,1.4522774090180817
4300,4300,3.166666666666668,1.4667734798199437,1.4526588845654995
4301,4301,3.168333333333334,1.4671549553673606,1.4530403601129172
4302,4302,3.170000000000001,1.4675364309147785,1.4534218356603343
4303,4303,3.1716666666666677,1.467917906462196,1.4541847867551692
4304,4304,3.173333333333334,1.4686808575570307,1.4541847867551692
4305,4305,3.1750000000000016,1.4682993820096133,1.4545662623025866
4306,4306,3.1766666666666676,1.469062333104448,1.4549477378500042
4307,4307,3.1783333333333337,1.469062333104448,1.4553292133974214
4308,4308,3.1800000000000015,1.4694438086518655,1.4557106889448388
4309,4309,3.1816666666666684,1.4698252841992832,1.4560921644922562
4310,4310,3.1833333333333336,1.4698252841992832,1.4564736400396736
4311,4311,3.1850000000000005,1.4705882352941178,1.4568551155870908
4312,4312,3.1866666666666674,1.4709697108415352,1.4572365911345084
4313,4313,3.1883333333333335,1.4709697108415352,1.4576180666819258
4314,4314,3.1900000000000004,1.4713511863889526,1.4579995422293432
4315,4315,3.1916666666666673,1.4717326619363702,1.4579995422293432
4316,4316,3.1933333333333325,1.4721141374837874,1.4583810177767609
4317,4317,3.1950000000000003,1.4721141374837874,1.458762493324178
4318,4318,3.196666666666667,1.4721141374837874,1.4591439688715957
4319,4319,3.198333333333334,1.4728770885786222,1.4595254444190129
4320,4320,3.2,1.4732585641260396,1.4595254444190129
4321,4321,3.201666666666667,1.4736400396734568,1.4599069199664303
4322,4322,3.203333333333334,1.4736400396734568,1.4606698710612651
4323,4323,3.205,1.4740215152208744,1.4606698710612651
4324,4324,3.206666666666668,1.4740215152208744,1.4610513466086823
4325,4325,3.208333333333334,1.4744029907682918,1.4614328221561
4326,4326,3.210000000000001,1.4747844663157093,1.4614328221561
4327,4327,3.211666666666668,1.4751659418631269,1.4618142977035171
4328,4328,3.213333333333334,1.4751659418631269,1.4625772487983522
4329,4329,3.2150000000000016,1.4755474174105438,1.4629587243457696
4330,4330,3.2166666666666677,1.4759288929579617,1.4629587243457696
4331,4331,3.2183333333333337,1.4763103685053793,1.4633401998931868
4332,4332,3.2200000000000015,1.4763103685053793,1.4637216754406044
4333,4333,3.2216666666666676,1.4766918440527963,1.4641031509880218
4334,4334,3.2233333333333336,1.4770733196002137,1.4644846265354392
4335,4335,3.2249999999999996,1.4770733196002137,1.4641031509880218
4336,4336,3.2266666666666675,1.4770733196002137,1.4652475776302742
4337,4337,3.2283333333333326,1.4774547951476311,1.4652475776302742
4338,4338,3.2300000000000004,1.4778362706950483,1.4656290531776914
4339,4339,3.2316666666666674,1.4782177462424657,1.4660105287251088
4340,4340,3.2333333333333325,1.4782177462424657,1.4660105287251088
4341,4341,3.2350000000000003,1.4789806973373008,1.4663920042725265
4342,4342,3.2366666666666672,1.4789806973373008,1.4667734798199437
4343,4343,3.238333333333334,1.4793621728847182,1.4667734798199437
4344,4344,3.24,1.4797436484321356,1.4671549553673606
4345,4345,3.241666666666667,1.4793621728847182,1.4675364309147785
4346,4346,3.243333333333334,1.4801251239795532,1.4675364309147785
4347,4347,3.245,1.4801251239795532,1.4682993820096133
4348,4348,3.246666666666667,1.4801251239795532,1.4682993820096133
4349,4349,3.248333333333334,1.4805065995269704,1.4686808575570307
4350,4350,3.250000000000001,1.4808880750743878,1.469062333104448
4351,4351,3.251666666666668,1.4808880750743878,1.469062333104448
4352,4352,3.253333333333334,1.4816510261692226,1.4694438086518655
4353,4353,3.255000000000001,1.4816510261692226,1.4694438086518655
4354,4354,3.2566666666666677,1.4816510261692226,1.4698252841992832
4355,4355,3.2583333333333337,1.4816510261692226,1.4698252841992832
4356,4356,3.2600000000000016,1.48203250171664,1.4705882352941178
4357,4357,3.2616666666666676,1.4824139772640574,1.4709697108415352
4358,4358,3.2633333333333336,1.4827954528114748,1.4713511863889526
4359,4359,3.2650000000000015,1.4831769283588925,1.4713511863889526
4360,4360,3.2666666666666675,1.4831769283588925,1.4717326619363702
4361,4361,3.2683333333333326,1.4831769283588925,1.4721141374837874
4362,4362,3.2699999999999996,1.4835584039063097,1.4721141374837874
4363,4363,3.2716666666666674,1.4835584039063097,1.4724956130312048
4364,4364,3.2733333333333325,1.4839398794537266,1.4724956130312048
4365,4365,3.2750000000000004,1.4839398794537266,1.4728770885786222
4366,4366,3.2766666666666673,1.4843213550011445,1.4732585641260396
4367,4367,3.2783333333333333,1.484702830548562,1.4736400396734568
4368,4368,3.2800000000000002,1.484702830548562,1.4740215152208744
4369,4369,3.281666666666667,1.4850843060959793,1.4740215152208744
4370,4370,3.283333333333334,1.484702830548562,1.4740215152208744
4371,4371,3.285,1.4854657816433967,1.4744029907682918
4372,4372,3.286666666666667,1.4854657816433967,1.4747844663157093
4373,4373,3.288333333333334,1.485847257190814,1.4747844663157093
4374,4374,3.29,1.485847257190814,1.4751659418631269
4375,4375,3.291666666666668,1.485847257190814,1.4751659418631269
4376,4376,3.293333333333334,1.4862287327382315,1.4755474174105438
4377,4377,3.295000000000001,1.4866102082856492,1.4759288929579617
4378,4378,3.2966666666666677,1.4866102082856492,1.4759288929579617
4379,4379,3.298333333333334,1.4869916838330663,1.4766918440527963
4380,4380,3.3000000000000016,1.4869916838330663,1.4766918440527963
4381,4381,3.3016666666666676,1.4873731593804838,1.4770733196002137
4382,4382,3.3033333333333337,1.4873731593804838,1.4770733196002137
4383,4383,3.3050000000000015,1.4877546349279012,1.4774547951476311
4384,4384,3.3066666666666675,1.4877546349279012,1.4774547951476311
4385,4385,3.3083333333333336,1.4877546349279012,1.4774547951476311
4386,4386,3.3099999999999996,1.4881361104753186,1.4774547951476311
4387,4387,3.3116666666666674,1.4881361104753186,1.4782177462424657
4388,4388,3.3133333333333326,1.4881361104753186,1.4782177462424657
4389,4389,3.3150000000000004,1.4885175860227358,1.4785992217898831
4390,4390,3.3166666666666673,1.4885175860227358,1.4782177462424657
4391,4391,3.3183333333333334,1.4888990615701534,1.4785992217898831
4392,4392,3.3200000000000003,1.4888990615701534,1.4793621728847182
4393,4393,3.321666666666667,1.4892805371175708,1.4793621728847182
4394,4394,3.323333333333334,1.4892805371175708,1.4797436484321356
4395,4395,3.325,1.4896620126649882,1.4797436484321356
4396,4396,3.326666666666667,1.4900434882124056,1.4797436484321356
4397,4397,3.328333333333334,1.4900434882124056,1.4801251239795532
4398,4398,3.33,1.4904249637598233,1.4801251239795532
4399,4399,3.331666666666668,1.4900434882124056,1.4805065995269704
4400,4400,3.333333333333334,1.4904249637598233,1.4805065995269704
4401,4401,3.335000000000001,1.4904249637598233,1.4808880750743878
4402,4402,3.336666666666668,1.4904249637598233,1.4808880750743878
4403,4403,3.338333333333334,1.4908064393072404,1.4812695506218052
4404,4404,3.3400000000000016,1.4908064393072404,1.4812695506218052
4405,4405,3.3416666666666677,1.4908064393072404,1.4816510261692226
4406,4406,3.3433333333333337,1.4911879148546578,1.48203250171664
4407,4407,3.3450000000000015,1.4911879148546578,1.48203250171664
4408,4408,3.3466666666666676,1.4915693904020753,1.48203250171664
4409,4409,3.3483333333333336,1.4915693904020753,1.4824139772640574
4410,4410,3.3499999999999996,1.4919508659494929,1.4824139772640574
4411,4411,3.3516666666666675,1.4923323414969099,1.4824139772640574
4412,4412,3.3533333333333326,1.4923323414969099,1.4827954528114748
4413,4413,3.3550000000000004,1.4923323414969099,1.4827954528114748
4414,4414,3.3566666666666674,1.4923323414969099,1.4831769283588925
4415,4415,3.3583333333333325,1.4923323414969099,1.4827954528114748
4416,4416,3.3600000000000003,1.4927138170443277,1.4831769283588925
4417,4417,3.3616666666666672,1.4930952925917453,1.4835584039063097
4418,4418,3.363333333333334,1.4930952925917453,1.4835584039063097
4419,4419,3.365,1.4934767681391623,1.4839398794537266
4420,4420,3.366666666666667,1.4930952925917453,1.4839398794537266
4421,4421,3.368333333333334,1.4934767681391623,1.4839398794537266
4422,4422,3.37,1.4938582436865795,1.4843213550011445
4423,4423,3.371666666666667,1.4938582436865795,1.4843213550011445
4424,4424,3.373333333333334,1.4938582436865795,1.484702830548562
4425,4425,3.375000000000001,1.4938582436865795,1.484702830548562
4426,4426,3.376666666666668,1.4938582436865795,1.484702830548562
4427,4427,3.378333333333334,1.4942397192339971,1.4850843060959793
4428,4428,3.380000000000001,1.4938582436865795,1.4850843060959793
4429,4429,3.3816666666666677,1.4946211947814143,1.4854657816433967
4430,4430,3.3833333333333337,1.4946211947814143,1.4850843060959793
4431,4431,3.3850000000000016,1.4946211947814143,1.4854657816433967
4432,4432,3.3866666666666676,1.4953841458762491,1.4854657816433967
4433,4433,3.3883333333333336,1.4953841458762491,1.4854657816433967
4434,4434,3.3900000000000015,1.4953841458762491,1.485847257190814
4435,4435,3.3916666666666675,1.4953841458762491,1.485847257190814
4436,4436,3.3933333333333326,1.4953841458762491,1.4862287327382315
4437,4437,3.3949999999999996,1.4953841458762491,1.4862287327382315
4438,4438,3.3966666666666674,1.4957656214236668,1.4862287327382315
4439,4439,3.3983333333333325,1.4957656214236668,1.4862287327382315
4440,4440,3.4000000000000004,1.4957656214236668,1.4862287327382315
4441,4441,3.4016666666666673,1.4961470969710842,1.4862287327382315
4442,4442,3.4033333333333333,1.4961470969710842,1.4869916838330663
4443,4443,3.4050000000000002,1.4961470969710842,1.4869916838330663
4444,4444,3.406666666666667,1.4961470969710842,1.4869916838330663
4445,4445,3.408333333333334,1.4965285725185016,1.4869916838330663
4446,4446,3.41,1.4965285725185016,1.4873731593804838
4447,4447,3.411666666666667,1.4965285725185016,1.4877546349279012
4448,4448,3.413333333333334,1.4965285725185016,1.4877546349279012
4449,4449,3.415,1.496910048065919,1.4877546349279012
4450,4450,3.416666666666668,1.4972915236133364,1.4877546349279012
4451,4451,3.418333333333334,1.4972915236133364,1.4877546349279012
4452,4452,3.420000000000001,1.4972915236133364,1.4877546349279012
4453,4453,3.4216666666666677,1.4976729991607538,1.4881361104753186
4454,4454,3.423333333333334,1.4976729991607538,1.4881361104753186
4455,4455,3.4250000000000016,1.4980544747081712,1.4881361104753186
4456,4456,3.4266666666666676,1.4980544747081712,1.4885175860227358
4457,4457,3.4283333333333337,1.4980544747081712,1.4888990615701534
4458,4458,3.4300000000000015,1.4984359502555886,1.4885175860227358
4459,4459,3.4316666666666675,1.4984359502555886,1.4885175860227358
4460,4460,3.4333333333333336,1.4984359502555886,1.4885175860227358
4461,4461,3.4349999999999996,1.4984359502555886,1.4888990615701534
4462,4462,3.4366666666666674,1.4984359502555886,1.4888990615701534
4463,4463,3.4383333333333326,1.498817425803006,1.4892805371175708
4464,4464,3.4400000000000004,1.498817425803006,1.4892805371175708
4465,4465,3.4416666666666673,1.498817425803006,1.4892805371175708
4466,4466,3.4433333333333334,1.4991989013504234,1.4896620126649882
4467,4467,3.4450000000000003,1.498817425803006,1.4896620126649882
4468,4468,3.446666666666667,1.4991989013504234,1.4896620126649882
4469,4469,3.448333333333334,1.4991989013504234,1.4900434882124056
4470,4470,3.45,1.4991989013504234,1.4900434882124056
4471,4471,3.451666666666667,1.4995803768978408,1.4904249637598233
4472,4472,3.453333333333334,1.4995803768978408,1.4904249637598233
4473,4473,3.455,1.4999618524452585,1.4908064393072404
4474,4474,3.456666666666668,1.4999618524452585,1.4908064393072404
4475,4475,3.458333333333334,1.4999618524452585,1.4908064393072404
4476,4476,3.460000000000001,1.5003433279926757,1.4911879148546578
4477,4477,3.461666666666668,1.5003433279926757,1.4908064393072404
4478,4478,3.463333333333334,1.5003433279926757,1.4911879148546578
4479,4479,3.4650000000000016,1.500724803540093,1.4915693904020753
4480,4480,3.4666666666666677,1.500724803540093,1.4915693904020753
4481,4481,3.4683333333333337,1.500724803540093,1.4915693904020753
4482,4482,3.4700000000000015,1.5011062790875105,1.4915693904020753
4483,4483,3.4716666666666676,1.500724803540093,1.4919508659494929
4484,4484,3.4733333333333336,1.500724803540093,1.4919508659494929
4485,4485,3.4749999999999996,1.500724803540093,1.4919508659494929
4486,4486,3.4766666666666675,1.5011062790875105,1.4923323414969099
4487,4487,3.4783333333333326,1.5011062790875105,1.4923323414969099
4488,4488,3.4800000000000004,1.5011062790875105,1.4923323414969099
4489,4489,3.4816666666666674,1.5014877546349281,1.4930952925917453
4490,4490,3.4833333333333325,1.5011062790875105,1.4930952925917453
4491,4491,3.4850000000000003,1.5014877546349281,1.4930952925917453
4492,4492,3.4866666666666672,1.5014877546349281,1.4930952925917453
4493,4493,3.488333333333334,1.5018692301823453,1.4934767681391623
4494,4494,3.49,1.5014877546349281,1.4934767681391623
4495,4495,3.491666666666667,1.5018692301823453,1.4938582436865795
4496,4496,3.493333333333334,1.5018692301823453,1.4938582436865795
4497,4497,3.495,1.5022507057297627,1.4938582436865795
4498,4498,3.496666666666667,1.5018692301823453,1.4942397192339971
4499,4499,3.498333333333334,1.5022507057297627,1.4942397192339971
4500,4500,3.500000000000001,1.5018692301823453,1.4942397192339971
4501,4501,3.501666666666668,1.5022507057297627,1.4946211947814143
4502,4502,3.503333333333334,1.5022507057297627,1.4946211947814143
4503,4503,3.505000000000001,1.50263218127718,1.4950026703288317
4504,4504,3.5066666666666677,1.50263218127718,1.4950026703288317
4505,4505,3.5083333333333337,1.50263218127718,1.4950026703288317
4506,4506,3.5100000000000016,1.5030136568245975,1.4953841458762491
4507,4507,3.5116666666666676,1.5030136568245975,1.4957656214236668
4508,4508,3.5133333333333336,1.5030136568245975,1.4957656214236668
4509,4509,3.5150000000000015,1.5030136568245975,1.4957656214236668
4510,4510,3.5166666666666675,1.5030136568245975,1.4961470969710842
4511,4511,3.5183333333333326,1.5033951323720147,1.4965285725185016
4512,4512,3.5199999999999996,1.5033951323720147,1.4965285725185016
4513,4513,3.5216666666666674,1.5033951323720147,1.4965285725185016
4514,4514,3.5233333333333325,1.5033951323720147,1.496910048065919
4515,4515,3.5250000000000004,1.5030136568245975,1.496910048065919
4516,4516,3.5266666666666673,1.5033951323720147,1.496910048065919
4517,4517,3.5283333333333333,1.5037766079194324,1.4972915236133364
4518,4518,3.5300000000000002,1.5037766079194324,1.4972915236133364
4519,4519,3.531666666666667,1.5033951323720147,1.4972915236133364
4520,4520,3.533333333333334,1.5037766079194324,1.4972915236133364
4521,4521,3.535,1.5037766079194324,1.4976729991607538
4522,4522,3.536666666666667,1.5037766079194324,1.4980544747081712
4523,4523,3.538333333333334,1.5037766079194324,1.4980544747081712
4524,4524,3.540000000000001,1.5037766079194324,1.4984359502555886
4525,4525,3.541666666666668,1.5037766079194324,1.4984359502555886
4526,4526,3.543333333333334,1.5037766079194324,1.498817425803006
4527,4527,3.545000000000001,1.5037766079194324,1.498817425803006
4528,4528,3.5466666666666677,1.5037766079194324,1.4991989013504234
4529,4529,3.548333333333334,1.5041580834668498,1.4991989013504234
4530,4530,3.5500000000000016,1.5037766079194324,1.4991989013504234
4531,4531,3.5516666666666676,1.5037766079194324,1.4991989013504234
4532,4532,3.5533333333333337,1.5037766079194324,1.4995803768978408
4533,4533,3.5550000000000015,1.5041580834668498,1.4999618524452585
4534,4534,3.5566666666666675,1.5037766079194324,1.4999618524452585
4535,4535,3.5583333333333336,1.5041580834668498,1.5003433279926757
4536,4536,3.5599999999999996,1.5037766079194324,1.5003433279926757
4537,4537,3.5616666666666674,1.5037766079194324,1.500724803540093
4538,4538,3.5633333333333326,1.5041580834668498,1.500724803540093
4539,4539,3.5650000000000004,1.5041580834668498,1.5011062790875105
4540,4540,3.5666666666666673,1.5041580834668498,1.5011062790875105
4541,4541,3.5683333333333334,1.5037766079194324,1.5014877546349281
4542,4542,3.5700000000000003,1.5041580834668498,1.5014877546349281
4543,4543,3.571666666666667,1.5041580834668498,1.5018692301823453
4544,4544,3.573333333333334,1.5041580834668498,1.5018692301823453
4545,4545,3.575,1.5041580834668498,1.5018692301823453
4546,4546,3.576666666666667,1.5041580834668498,1.5022507057297627
4547,4547,3.578333333333334,1.5041580834668498,1.5022507057297627
4548,4548,3.58,1.5037766079194324,1.50263218127718
4549,4549,3.581666666666668,1.5037766079194324,1.50263218127718
4550,4550,3.583333333333334,1.5037766079194324,1.5030136568245975
4551,4551,3.585000000000001,1.5037766079194324,1.50263218127718
4552,4552,3.586666666666668,1.5037766079194324,1.5030136568245975
4553,4553,3.588333333333334,1.5041580834668498,1.5033951323720147
4554,4554,3.5900000000000016,1.5041580834668498,1.5033951323720147
4555,4555,3.5916666666666677,1.5041580834668498,1.5033951323720147
4556,4556,3.5933333333333337,1.5041580834668498,1.5037766079194324
4557,4557,3.5950000000000015,1.5037766079194324,1.5041580834668498
4558,4558,3.5966666666666676,1.5037766079194324,1.5045395590142672
4559,4559,3.5983333333333336,1.5041580834668498,1.5041580834668498
4560,4560,3.5999999999999996,1.5037766079194324,1.5041580834668498
4561,4561,3.6016666666666675,1.5037766079194324,1.5045395590142672
4562,4562,3.6033333333333326,1.5037766079194324,1.5045395590142672
4563,4563,3.6050000000000004,1.5037766079194324,1.5049210345616846
4564,4564,3.6066666666666674,1.5037766079194324,1.5053025101091018
4565,4565,3.6083333333333325,1.5037766079194324,1.5049210345616846
4566,4566,3.6100000000000003,1.5037766079194324,1.5049210345616846
4567,4567,3.6116666666666672,1.5037766079194324,1.5053025101091018
4568,4568,3.613333333333334,1.5037766079194324,1.5053025101091018
4569,4569,3.615,1.5037766079194324,1.5056839856565194
4570,4570,3.616666666666667,1.5037766079194324,1.5053025101091018
4571,4571,3.618333333333334,1.5037766079194324,1.5056839856565194
4572,4572,3.62,1.5037766079194324,1.5060654612039368
4573,4573,3.621666666666667,1.5037766079194324,1.5056839856565194
4574,4574,3.623333333333334,1.5037766079194324,1.5060654612039368
4575,4575,3.625000000000001,1.5037766079194324,1.5060654612039368
4576,4576,3.626666666666668,1.5037766079194324,1.5060654612039368
4577,4577,3.628333333333334,1.5037766079194324,1.5064469367513542
4578,4578,3.630000000000001,1.5037766079194324,1.5060654612039368
4579,4579,3.6316666666666677,1.5033951323720147,1.5064469367513542
4580,4580,3.6333333333333337,1.5033951323720147,1.5060654612039368
4581,4581,3.6350000000000016,1.5033951323720147,1.5064469367513542
4582,4582,3.6366666666666676,1.5033951323720147,1.5068284122987716
4583,4583,3.6383333333333336,1.5033951323720147,1.5068284122987716
4584,4584,3.6400000000000015,1.5033951323720147,1.5068284122987716
4585,4585,3.6416666666666675,1.5033951323720147,1.5068284122987716
4586,4586,3.6433333333333326,1.5037766079194324,1.5068284122987716
4587,4587,3.6449999999999996,1.5033951323720147,1.5068284122987716
4588,4588,3.6466666666666674,1.5037766079194324,1.5072098878461888
4589,4589,3.6483333333333325,1.5033951323720147,1.5072098878461888
4590,4590,3.6500000000000004,1.5033951323720147,1.5068284122987716
4591,4591,3.6516666666666673,1.5033951323720147,1.5072098878461888
4592,4592,3.6533333333333333,1.5033951323720147,1.5068284122987716
4593,4593,3.6550000000000002,1.5037766079194324,1.5072098878461888
4594,4594,3.656666666666667,1.5033951323720147,1.5072098878461888
4595,4595,3.658333333333334,1.5033951323720147,1.5072098878461888
4596,4596,3.66,1.5033951323720147,1.5072098878461888
4597,4597,3.661666666666667,1.5037766079194324,1.5072098878461888
4598,4598,3.663333333333334,1.5033951323720147,1.5072098878461888
4599,4599,3.665000000000001,1.5037766079194324,1.5072098878461888
4600,4600,3.666666666666668,1.5033951323720147,1.5068284122987716
4601,4601,3.668333333333334,1.5033951323720147,1.5072098878461888
4602,4602,3.670000000000001,1.5033951323720147,1.5072098878461888
4603,4603,3.6716666666666677,1.5037766079194324,1.5072098878461888
4604,4604,3.673333333333334,1.5033951323720147,1.5072098878461888
4605,4605,3.6750000000000016,1.5033951323720147,1.5072098878461888
4606,4606,3.6766666666666676,1.5037766079194324,1.5072098878461888
4607,4607,3.6783333333333337,1.5037766079194324,1.5072098878461888
4608,4608,3.6800000000000015,1.5037766079194324,1.5072098878461888
4609,4609,3.6816666666666675,1.5033951323720147,1.5072098878461888
4610,4610,3.6833333333333336,1.5033951323720147,1.5072098878461888
4611,4611,3.6849999999999996,1.5037766079194324,1.5072098878461888
4612,4612,3.6866666666666674,1.5037766079194324,1.5072098878461888
4613,4613,3.6883333333333326,1.5033951323720147,1.5072098878461888
4614,4614,3.6900000000000004,1.5033951323720147,1.5072098878461888
4615,4615,3.6916666666666673,1.5037766079194324,1.5072098878461888
4616,4616,3.6933333333333334,1.5037766079194324,1.5072098878461888
4617,4617,3.6950000000000003,1.5037766079194324,1.5072098878461888
4618,4618,3.696666666666667,1.5037766079194324,1.5072098878461888
4619,4619,3.698333333333334,1.5037766079194324,1.5072098878461888
4620,4620,3.7,1.5037766079194324,1.5072098878461888
4621,4621,3.701666666666667,1.5037766079194324,1.5072098878461888
4622,4622,3.703333333333334,1.5033951323720147,1.5072098878461888
4623,4623,3.705,1.5033951323720147,1.5068284122987716
4624,4624,3.706666666666668,1.5033951323720147,1.5072098878461888
4625,4625,3.708333333333334,1.5033951323720147,1.5068284122987716
4626,4626,3.710000000000001,1.5033951323720147,1.5068284122987716
4627,4627,3.711666666666668,1.5033951323720147,1.5072098878461888
4628,4628,3.713333333333334,1.5033951323720147,1.5068284122987716
4629,4629,3.7150000000000016,1.5033951323720147,1.5068284122987716
4630,4630,3.7166666666666677,1.5033951323720147,1.5068284122987716
4631,4631,3.7183333333333337,1.5030136568245975,1.5068284122987716
4632,4632,3.7200000000000015,1.5033951323720147,1.5068284122987716
4633,4633,3.7216666666666676,1.5033951323720147,1.5068284122987716
4634,4634,3.7233333333333336,1.5033951323720147,1.5068284122987716
4635,4635,3.7249999999999996,1.5030136568245975,1.5064469367513542
4636,4636,3.7266666666666675,1.5033951323720147,1.5068284122987716
4637,4637,3.7283333333333326,1.5033951323720147,1.5064469367513542
4638,4638,3.7300000000000004,1.5030136568245975,1.5064469367513542
4639,4639,3.7316666666666674,1.5030136568245975,1.5068284122987716
4640,4640,3.7333333333333325,1.50263218127718,1.5064469367513542
4641,4641,3.7350000000000003,1.5030136568245975,1.5064469367513542
4642,4642,3.7366666666666672,1.5030136568245975,1.5064469367513542
4643,4643,3.738333333333334,1.50263218127718,1.5064469367513542
4644,4644,3.74,1.50263218127718,1.5060654612039368
4645,4645,3.741666666666667,1.5022507057297627,1.5060654612039368
4646,4646,3.743333333333334,1.50263218127718,1.5060654612039368
4647,4647,3.745,1.5022507057297627,1.5060654612039368
4648,4648,3.746666666666667,1.50263218127718,1.5060654612039368
4649,4649,3.748333333333334,1.5022507057297627,1.5060654612039368
4650,4650,3.750000000000001,1.5018692301823453,1.5056839856565194
4651,4651,3.751666666666668,1.5022507057297627,1.5056839856565194
4652,4652,3.753333333333334,1.5018692301823453,1.5056839856565194
4653,4653,3.755000000000001,1.5022507057297627,1.5056839856565194
4654,4654,3.7566666666666677,1.5018692301823453,1.5056839856565194
4655,4655,3.7583333333333337,1.5018692301823453,1.5056839856565194
4656,4656,3.7600000000000016,1.5018692301823453,1.5056839856565194
4657,4657,3.7616666666666676,1.5018692301823453,1.5056839856565194
4658,4658,3.7633333333333336,1.5018692301823453,1.5056839856565194
4659,4659,3.7650000000000015,1.5014877546349281,1.5053025101091018
4660,4660,3.7666666666666675,1.5014877546349281,1.5053025101091018
4661,4661,3.7683333333333326,1.5014877546349281,1.5053025101091018
4662,4662,3.7699999999999996,1.5014877546349281,1.5053025101091018
4663,4663,3.7716666666666674,1.5014877546349281,1.5053025101091018
4664,4664,3.7733333333333325,1.5014877546349281,1.5049210345616846
4665,4665,3.7750000000000004,1.5014877546349281,1.5049210345616846
4666,4666,3.7766666666666673,1.5014877546349281,1.5049210345616846
4667,4667,3.7783333333333333,1.5014877546349281,1.5049210345616846
4668,4668,3.7800000000000002,1.5014877546349281,1.5049210345616846
4669,4669,3.781666666666667,1.5011062790875105,1.5045395590142672
4670,4670,3.783333333333334,1.5011062790875105,1.5045395590142672
4671,4671,3.785,1.5011062790875105,1.5045395590142672
4672,4672,3.786666666666667,1.5014877546349281,1.5045395590142672
4673,4673,3.788333333333334,1.5011062790875105,1.5045395590142672
4674,4674,3.790000000000001,1.5011062790875105,1.5041580834668498
4675,4675,3.791666666666668,1.5011062790875105,1.5041580834668498
4676,4676,3.793333333333334,1.5011062790875105,1.5041580834668498
4677,4677,3.795000000000001,1.5011062790875105,1.5037766079194324
4678,4678,3.7966666666666677,1.5011062790875105,1.5037766079194324
4679,4679,3.798333333333334,1.5011062790875105,1.5033951323720147
4680,4680,3.8000000000000016,1.5011062790875105,1.5033951323720147
4681,4681,3.8016666666666676,1.5011062790875105,1.5033951323720147
4682,4682,3.8033333333333337,1.5011062790875105,1.5030136568245975
4683,4683,3.8050000000000015,1.5011062790875105,1.5030136568245975
4684,4684,3.8066666666666675,1.5011062790875105,1.5030136568245975
4685,4685,3.8083333333333336,1.5011062790875105,1.50263218127718
4686,4686,3.8099999999999996,1.5011062790875105,1.5030136568245975
4687,4687,3.8116666666666674,1.5011062790875105,1.50263218127718
4688,4688,3.8133333333333326,1.5011062790875105,1.50263218127718
4689,4689,3.8150000000000004,1.5011062790875105,1.5022507057297627
4690,4690,3.8166666666666673,1.5011062790875105,1.5018692301823453
4691,4691,3.8183333333333334,1.5011062790875105,1.5022507057297627
4692,4692,3.8200000000000003,1.5011062790875105,1.5018692301823453
4693,4693,3.821666666666667,1.5011062790875105,1.5018692301823453
4694,4694,3.823333333333334,1.5011062790875105,1.5018692301823453
4695,4695,3.825,1.5011062790875105,1.5018692301823453
4696,4696,3.826666666666667,1.5011062790875105,1.5014877546349281
4697,4697,3.828333333333334,1.5014877546349281,1.5014877546349281
4698,4698,3.83,1.5011062790875105,1.5011062790875105
4699,4699,3.831666666666668,1.5011062790875105,1.500724803540093
4700,4700,3.833333333333334,1.5011062790875105,1.5003433279926757
4701,4701,3.835000000000001,1.5011062790875105,1.500724803540093
4702,4702,3.836666666666668,1.5011062790875105,1.5003433279926757
4703,4703,3.838333333333334,1.5011062790875105,1.5003433279926757
4704,4704,3.8400000000000016,1.5011062790875105,1.4999618524452585
4705,4705,3.8416666666666677,1.5011062790875105,1.4999618524452585
4706,4706,3.8433333333333337,1.5011062790875105,1.4999618524452585
4707,4707,3.8450000000000015,1.5011062790875105,1.4999618524452585
4708,4708,3.8466666666666676,1.5014877546349281,1.4995803768978408
4709,4709,3.8483333333333336,1.5011062790875105,1.4995803768978408
4710,4710,3.8499999999999996,1.5011062790875105,1.4991989013504234
4711,4711,3.8516666666666675,1.5011062790875105,1.4991989013504234
4712,4712,3.8533333333333326,1.5011062790875105,1.4991989013504234
4713,4713,3.8550000000000004,1.5011062790875105,1.4991989013504234
4714,4714,3.8566666666666674,1.5011062790875105,1.498817425803006
4715,4715,3.8583333333333334,1.5011062790875105,1.4984359502555886
4716,4716,3.8600000000000003,1.5011062790875105,1.498817425803006
4717,4717,3.8616666666666672,1.5011062790875105,1.4980544747081712
4718,4718,3.863333333333334,1.5011062790875105,1.4980544747081712
4719,4719,3.865,1.5011062790875105,1.4980544747081712
4720,4720,3.866666666666667,1.5011062790875105,1.4976729991607538
4721,4721,3.868333333333334,1.500724803540093,1.4976729991607538
4722,4722,3.87,1.500724803540093,1.4972915236133364
4723,4723,3.871666666666667,1.5011062790875105,1.4972915236133364
4724,4724,3.873333333333334,1.5011062790875105,1.496910048065919
4725,4725,3.875000000000001,1.500724803540093,1.496910048065919
4726,4726,3.876666666666668,1.5011062790875105,1.496910048065919
4727,4727,3.878333333333334,1.5011062790875105,1.496910048065919
4728,4728,3.880000000000001,1.5011062790875105,1.496910048065919
4729,4729,3.8816666666666677,1.5011062790875105,1.4965285725185016
4730,4730,3.8833333333333337,1.500724803540093,1.4961470969710842
4731,4731,3.8850000000000016,1.5011062790875105,1.4965285725185016
4732,4732,3.8866666666666676,1.5011062790875105,1.4961470969710842
4733,4733,3.8883333333333336,1.500724803540093,1.4961470969710842
4734,4734,3.8900000000000015,1.5011062790875105,1.4957656214236668
4735,4735,3.8916666666666675,1.5011062790875105,1.4953841458762491
4736,4736,3.8933333333333326,1.5011062790875105,1.4957656214236668
4737,4737,3.8949999999999996,1.500724803540093,1.4953841458762491
4738,4738,3.8966666666666674,1.5011062790875105,1.4953841458762491
4739,4739,3.8983333333333325,1.500724803540093,1.4953841458762491
4740,4740,3.9000000000000004,1.500724803540093,1.4950026703288317
4741,4741,3.9016666666666673,1.500724803540093,1.4950026703288317
4742,4742,3.9033333333333333,1.5011062790875105,1.4946211947814143
4743,4743,3.9050000000000002,1.500724803540093,1.4946211947814143
4744,4744,3.906666666666667,1.5011062790875105,1.4946211947814143
4745,4745,3.908333333333334,1.500724803540093,1.4946211947814143
4746,4746,3.91,1.5011062790875105,1.4942397192339971
4747,4747,3.911666666666667,1.5011062790875105,1.4942397192339971
4748,4748,3.913333333333334,1.500724803540093,1.4942397192339971
4749,4749,3.915000000000001,1.5011062790875105,1.4938582436865795
4750,4750,3.916666666666668,1.500724803540093,1.4938582436865795
4751,4751,3.918333333333334,1.500724803540093,1.4938582436865795
4752,4752,3.920000000000001,1.5011062790875105,1.4938582436865795
4753,4753,3.9216666666666677,1.5011062790875105,1.4934767681391623
4754,4754,3.923333333333334,1.5011062790875105,1.4934767681391623
4755,4755,3.9250000000000016,1.500724803540093,1.4930952925917453
4756,4756,3.9266666666666676,1.5011062790875105,1.4934767681391623
4757,4757,3.9283333333333337,1.500724803540093,1.4930952925917453
4758,4758,3.9300000000000015,1.5011062790875105,1.4930952925917453
4759,4759,3.9316666666666675,1.5011062790875105,1.4927138170443277
4760,4760,3.9333333333333336,1.5011062790875105,1.4923323414969099
4761,4761,3.9349999999999996,1.5011062790875105,1.4927138170443277
4762,4762,3.9366666666666674,1.5011062790875105,1.4923323414969099
4763,4763,3.9383333333333326,1.5011062790875105,1.4923323414969099
4764,4764,3.9400000000000004,1.5011062790875105,1.4923323414969099
4765,4765,3.9416666666666673,1.5011062790875105,1.4919508659494929
4766,4766,3.9433333333333334,1.500724803540093,1.4919508659494929
4767,4767,3.9450000000000003,1.5011062790875105,1.4919508659494929
4768,4768,3.946666666666667,1.5011062790875105,1.4919508659494929
4769,4769,3.948333333333334,1.5011062790875105,1.4915693904020753
4770,4770,3.95,1.5011062790875105,1.4915693904020753
4771,4771,3.951666666666667,1.5011062790875105,1.4915693904020753
4772,4772,3.953333333333334,1.5011062790875105,1.4915693904020753
4773,4773,3.955,1.5011062790875105,1.4911879148546578
4774,4774,3.956666666666668,1.5014877546349281,1.4915693904020753
4775,4775,3.958333333333334,1.5011062790875105,1.4911879148546578
4776,4776,3.960000000000001,1.5011062790875105,1.4908064393072404
4777,4777,3.961666666666668,1.5014877546349281,1.4911879148546578
4778,4778,3.963333333333334,1.5014877546349281,1.4908064393072404
4779,4779,3.9650000000000016,1.5014877546349281,1.4908064393072404
4780,4780,3.9666666666666677,1.5011062790875105,1.4904249637598233
4781,4781,3.9683333333333337,1.5014877546349281,1.4904249637598233
4782,4782,3.9700000000000015,1.5014877546349281,1.4904249637598233
4783,4783,3.9716666666666676,1.5014877546349281,1.4904249637598233
4784,4784,3.9733333333333336,1.5011062790875105,1.4900434882124056
4785,4785,3.9749999999999996,1.5014877546349281,1.4900434882124056
4786,4786,3.9766666666666675,1.5014877546349281,1.4900434882124056
4787,4787,3.9783333333333326,1.5014877546349281,1.4896620126649882
4788,4788,3.9800000000000004,1.5014877546349281,1.4896620126649882
4789,4789,3.9816666666666674,1.5014877546349281,1.4896620126649882
4790,4790,3.9833333333333334,1.5011062790875105,1.4896620126649882
4791,4791,3.9850000000000003,1.5014877546349281,1.4892805371175708
4792,4792,3.9866666666666672,1.5014877546349281,1.4892805371175708
4793,4793,3.988333333333334,1.5014877546349281,1.4892805371175708
4794,4794,3.99,1.5018692301823453,1.4892805371175708
4795,4795,3.991666666666667,1.5014877546349281,1.4888990615701534
4796,4796,3.993333333333334,1.5014877546349281,1.4892805371175708
4797,4797,3.995,1.5018692301823453,1.4888990615701534
4798,4798,3.996666666666667,1.5018692301823453,1.4888990615701534
4799,4799,3.998333333333334,1.5014877546349281,1.4888990615701534
4800,4800,4.0,1.5011062790875105,1.4885175860227358
4801,4801,4.001666666666667,1.5014877546349281,1.4885175860227358
4802,4802,4.003333333333334,1.5014877546349281,1.4885175860227358
4803,4803,4.005000000000001,1.5018692301823453,1.4885175860227358
4804,4804,4.006666666666668,1.5014877546349281,1.4885175860227358
4805,4805,4.008333333333335,1.5014877546349281,1.4881361104753186
4806,4806,4.01,1.5014877546349281,1.4881361104753186
4807,4807,4.011666666666667,1.5018692301823453,1.4881361104753186
4808,4808,4.013333333333334,1.5014877546349281,1.4881361104753186
4809,4809,4.015000000000001,1.5014877546349281,1.4877546349279012
4810,4810,4.0166666666666675,1.5014877546349281,1.4877546349279012
4811,4811,4.018333333333334,1.5018692301823453,1.4877546349279012
4812,4812,4.020000000000001,1.5018692301823453,1.4877546349279012
4813,4813,4.021666666666668,1.5018692301823453,1.4877546349279012
4814,4814,4.023333333333332,1.5018692301823453,1.4877546349279012
4815,4815,4.025,1.5014877546349281,1.4873731593804838
4816,4816,4.026666666666667,1.5018692301823453,1.4873731593804838
4817,4817,4.028333333333334,1.5018692301823453,1.4873731593804838
4818,4818,4.030000000000001,1.5018692301823453,1.4873731593804838
4819,4819,4.031666666666668,1.5018692301823453,1.4869916838330663
4820,4820,4.033333333333333,1.5018692301823453,1.4866102082856492
4821,4821,4.035,1.5018692301823453,1.4869916838330663
4822,4822,4.036666666666667,1.5018692301823453,1.4866102082856492
4823,4823,4.038333333333334,1.5018692301823453,1.4866102082856492
4824,4824,4.040000000000001,1.5018692301823453,1.4866102082856492
4825,4825,4.041666666666668,1.5018692301823453,1.4862287327382315
4826,4826,4.043333333333333,1.5018692301823453,1.4866102082856492
4827,4827,4.045,1.5022507057297627,1.4862287327382315
4828,4828,4.046666666666667,1.5022507057297627,1.4862287327382315
4829,4829,4.048333333333334,1.5022507057297627,1.4862287327382315
4830,4830,4.050000000000001,1.5018692301823453,1.485847257190814
4831,4831,4.051666666666668,1.5018692301823453,1.4862287327382315
4832,4832,4.053333333333335,1.5022507057297627,1.485847257190814
4833,4833,4.055,1.5022507057297627,1.485847257190814
4834,4834,4.056666666666667,1.5022507057297627,1.485847257190814
4835,4835,4.058333333333334,1.5022507057297627,1.4854657816433967
4836,4836,4.0600000000000005,1.50263218127718,1.485847257190814
4837,4837,4.061666666666667,1.5022507057297627,1.4854657816433967
4838,4838,4.063333333333334,1.5022507057297627,1.4854657816433967
4839,4839,4.065000000000001,1.5022507057297627,1.4854657816433967
4840,4840,4.066666666666666,1.5022507057297627,1.4854657816433967
4841,4841,4.068333333333333,1.50263218127718,1.4854657816433967
4842,4842,4.07,1.50263218127718,1.4854657816433967
4843,4843,4.071666666666667,1.5022507057297627,1.4850843060959793
4844,4844,4.073333333333334,1.50263218127718,1.4850843060959793
4845,4845,4.075000000000001,1.5022507057297627,1.4850843060959793
4846,4846,4.076666666666668,1.50263218127718,1.484702830548562
4847,4847,4.078333333333333,1.50263218127718,1.484702830548562
4848,4848,4.08,1.50263218127718,1.4850843060959793
4849,4849,4.081666666666667,1.50263218127718,1.4850843060959793
4850,4850,4.083333333333334,1.5030136568245975,1.484702830548562
4851,4851,4.085000000000001,1.5030136568245975,1.484702830548562
4852,4852,4.086666666666668,1.5030136568245975,1.484702830548562
4853,4853,4.088333333333335,1.5030136568245975,1.4843213550011445
4854,4854,4.09,1.5030136568245975,1.484702830548562
4855,4855,4.091666666666667,1.5030136568245975,1.4843213550011445
4856,4856,4.093333333333334,1.5030136568245975,1.4843213550011445
4857,4857,4.095000000000001,1.5030136568245975,1.484702830548562
4858,4858,4.096666666666668,1.5033951323720147,1.4839398794537266
4859,4859,4.0983333333333345,1.5033951323720147,1.4843213550011445
4860,4860,4.1,1.5030136568245975,1.4839398794537266
4861,4861,4.101666666666668,1.5033951323720147,1.4839398794537266
4862,4862,4.103333333333332,1.5033951323720147,1.4835584039063097
4863,4863,4.105,1.5033951323720147,1.4839398794537266
4864,4864,4.106666666666667,1.5033951323720147,1.4839398794537266
4865,4865,4.108333333333334,1.5033951323720147,1.4835584039063097
4866,4866,4.110000000000001,1.5033951323720147,1.4835584039063097
4867,4867,4.111666666666666,1.5033951323720147,1.4835584039063097
4868,4868,4.113333333333333,1.5033951323720147,1.4835584039063097
4869,4869,4.115,1.5033951323720147,1.4835584039063097
4870,4870,4.116666666666667,1.5033951323720147,1.4835584039063097
4871,4871,4.118333333333334,1.5033951323720147,1.4835584039063097
4872,4872,4.120000000000001,1.5033951323720147,1.4835584039063097
4873,4873,4.121666666666668,1.5033951323720147,1.4835584039063097
4874,4874,4.123333333333333,1.5033951323720147,1.4831769283588925
4875,4875,4.125,1.5033951323720147,1.4831769283588925
4876,4876,4.126666666666667,1.5030136568245975,1.4831769283588925
4877,4877,4.128333333333334,1.5033951323720147,1.4831769283588925
4878,4878,4.130000000000001,1.5033951323720147,1.4831769283588925
4879,4879,4.131666666666668,1.5033951323720147,1.4831769283588925
4880,4880,4.133333333333335,1.5030136568245975,1.4831769283588925
4881,4881,4.135,1.5033951323720147,1.4831769283588925
4882,4882,4.136666666666667,1.5033951323720147,1.4831769283588925
4883,4883,4.138333333333334,1.5033951323720147,1.4831769283588925
4884,4884,4.140000000000001,1.5033951323720147,1.4831769283588925
4885,4885,4.1416666666666675,1.5033951323720147,1.4827954528114748
4886,4886,4.143333333333334,1.5033951323720147,1.4827954528114748
4887,4887,4.145000000000001,1.5037766079194324,1.4827954528114748
4888,4888,4.146666666666668,1.5033951323720147,1.4827954528114748
4889,4889,4.148333333333332,1.5033951323720147,1.4827954528114748
4890,4890,4.15,1.5033951323720147,1.4824139772640574
4891,4891,4.151666666666667,1.5033951323720147,1.4827954528114748
4892,4892,4.153333333333334,1.5033951323720147,1.4827954528114748
4893,4893,4.155000000000001,1.5033951323720147,1.4827954528114748
4894,4894,4.156666666666668,1.5033951323720147,1.4827954528114748
4895,4895,4.158333333333333,1.5033951323720147,1.4824139772640574
4896,4896,4.16,1.5033951323720147,1.4827954528114748
4897,4897,4.161666666666667,1.5033951323720147,1.4827954528114748
4898,4898,4.163333333333334,1.5033951323720147,1.4827954528114748
4899,4899,4.165000000000001,1.5033951323720147,1.4827954528114748
4900,4900,4.166666666666668,1.5037766079194324,1.4824139772640574
4901,4901,4.168333333333333,1.5037766079194324,1.4827954528114748
4902,4902,4.17,1.5037766079194324,1.4824139772640574
4903,4903,4.171666666666667,1.5037766079194324,1.4824139772640574
4904,4904,4.173333333333334,1.5037766079194324,1.4827954528114748
4905,4905,4.175000000000001,1.5033951323720147,1.4824139772640574
4906,4906,4.176666666666668,1.5037766079194324,1.4827954528114748
4907,4907,4.178333333333335,1.5037766079194324,1.4827954528114748
4908,4908,4.18,1.5037766079194324,1.4824139772640574
4909,4909,4.181666666666667,1.5037766079194324,1.4824139772640574
4910,4910,4.183333333333334,1.5033951323720147,1.4824139772640574
4911,4911,4.1850000000000005,1.5037766079194324,1.4824139772640574
4912,4912,4.186666666666667,1.5037766079194324,1.4827954528114748
4913,4913,4.188333333333334,1.5037766079194324,1.4824139772640574
4914,4914,4.190000000000001,1.5037766079194324,1.4824139772640574
4915,4915,4.191666666666666,1.5037766079194324,1.4824139772640574
4916,4916,4.193333333333333,1.5037766079194324,1.4824139772640574
4917,4917,4.195,1.5041580834668498,1.4824139772640574
4918,4918,4.196666666666667,1.5041580834668498,1.4824139772640574
4919,4919,4.198333333333334,1.5041580834668498,1.4824139772640574
4920,4920,4.200000000000001,1.5037766079194324,1.4824139772640574
4921,4921,4.201666666666668,1.5041580834668498,1.4827954528114748
4922,4922,4.203333333333333,1.5041580834668498,1.4827954528114748
4923,4923,4.205,1.5041580834668498,1.4824139772640574
4924,4924,4.206666666666667,1.5041580834668498,1.4824139772640574
4925,4925,4.208333333333334,1.5041580834668498,1.4827954528114748
4926,4926,4.210000000000001,1.5041580834668498,1.4827954528114748
4927,4927,4.211666666666668,1.5041580834668498,1.4827954528114748
4928,4928,4.213333333333335,1.5045395590142672,1.4827954528114748
4929,4929,4.215,1.5041580834668498,1.4827954528114748
4930,4930,4.216666666666667,1.5041580834668498,1.4827954528114748
4931,4931,4.218333333333334,1.5045395590142672,1.4827954528114748
4932,4932,4.220000000000001,1.5045395590142672,1.4827954528114748
4933,4933,4.221666666666668,1.5045395590142672,1.4827954528114748
4934,4934,4.2233333333333345,1.5045395590142672,1.4827954528114748
4935,4935,4.225,1.5045395590142672,1.4827954528114748
4936,4936,4.226666666666668,1.5045395590142672,1.4827954528114748
4937,4937,4.228333333333332,1.5049210345616846,1.4827954528114748
4938,4938,4.23,1.5045395590142672,1.4827954528114748
4939,4939,4.231666666666667,1.5045395590142672,1.4827954528114748
4940,4940,4.233333333333334,1.5045395590142672,1.4827954528114748
4941,4941,4.235000000000001,1.5049210345616846,1.4827954528114748
4942,4942,4.236666666666666,1.5049210345616846,1.4827954528114748
4943,4943,4.238333333333333,1.5049210345616846,1.4831769283588925
4944,4944,4.24,1.5049210345616846,1.4827954528114748
4945,4945,4.241666666666667,1.5049210345616846,1.4827954528114748
4946,4946,4.243333333333334,1.5049210345616846,1.4831769283588925
4947,4947,4.245000000000001,1.5049210345616846,1.4831769283588925
4948,4948,4.246666666666668,1.5053025101091018,1.4831769283588925
4949,4949,4.248333333333333,1.5053025101091018,1.4831769283588925
4950,4950,4.25,1.5053025101091018,1.4827954528114748
4951,4951,4.251666666666667,1.5056839856565194,1.4831769283588925
4952,4952,4.253333333333334,1.5053025101091018,1.4831769283588925
4953,4953,4.255000000000001,1.5053025101091018,1.4835584039063097
4954,4954,4.256666666666668,1.5056839856565194,1.4835584039063097
4955,4955,4.258333333333335,1.5053025101091018,1.4831769283588925
4956,4956,4.26,1.5056839856565194,1.4835584039063097
4957,4957,4.261666666666667,1.5056839856565194,1.4835584039063097
4958,4958,4.263333333333334,1.5056839856565194,1.4835584039063097
4959,4959,4.265000000000001,1.5056839856565194,1.4839398794537266
4960,4960,4.2666666666666675,1.5056839856565194,1.4835584039063097
4961,4961,4.268333333333334,1.5060654612039368,1.4839398794537266
4962,4962,4.270000000000001,1.5056839856565194,1.4835584039063097
4963,4963,4.271666666666668,1.5060654612039368,1.4835584039063097
4964,4964,4.273333333333332,1.5060654612039368,1.4839398794537266
4965,4965,4.275,1.5056839856565194,1.4839398794537266
4966,4966,4.276666666666667,1.5060654612039368,1.4843213550011445
4967,4967,4.278333333333334,1.5060654612039368,1.4839398794537266
4968,4968,4.280000000000001,1.5060654612039368,1.4843213550011445
4969,4969,4.281666666666668,1.5060654612039368,1.4843213550011445
4970,4970,4.283333333333333,1.5060654612039368,1.4843213550011445
4971,4971,4.285,1.5064469367513542,1.484702830548562
4972,4972,4.286666666666667,1.5060654612039368,1.484702830548562
4973,4973,4.288333333333334,1.5064469367513542,1.484702830548562
4974,4974,4.290000000000001,1.5064469367513542,1.484702830548562
4975,4975,4.291666666666668,1.5060654612039368,1.484702830548562
4976,4976,4.293333333333333,1.5064469367513542,1.484702830548562
4977,4977,4.295,1.5064469367513542,1.4850843060959793
4978,4978,4.296666666666667,1.5064469367513542,1.4850843060959793
4979,4979,4.298333333333334,1.5064469367513542,1.4850843060959793
4980,4980,4.300000000000001,1.5064469367513542,1.4854657816433967
4981,4981,4.301666666666668,1.5068284122987716,1.4850843060959793
4982,4982,4.303333333333335,1.5064469367513542,1.4854657816433967
4983,4983,4.305,1.5068284122987716,1.4854657816433967
4984,4984,4.306666666666667,1.5064469367513542,1.4854657816433967
4985,4985,4.308333333333334,1.5064469367513542,1.4854657816433967
4986,4986,4.3100000000000005,1.5068284122987716,1.4854657816433967
4987,4987,4.311666666666667,1.5068284122987716,1.485847257190814
4988,4988,4.313333333333334,1.5068284122987716,1.485847257190814
4989,4989,4.315000000000001,1.5068284122987716,1.485847257190814
4990,4990,4.316666666666666,1.5064469367513542,1.4854657816433967
4991,4991,4.318333333333333,1.5068284122987716,1.485847257190814
4992,4992,4.32,1.5072098878461888,1.485847257190814
4993,4993,4.321666666666667,1.5072098878461888,1.4862287327382315
4994,4994,4.323333333333334,1.5072098878461888,1.4862287327382315
4995,4995,4.325000000000001,1.5072098878461888,1.4862287327382315
4996,4996,4.326666666666668,1.5072098878461888,1.4866102082856492
4997,4997,4.328333333333333,1.5072098878461888,1.4862287327382315
4998,4998,4.33,1.5072098878461888,1.4862287327382315
4999,4999,4.331666666666667,1.5075913633936064,1.4866102082856492
5000,5000,4.333333333333334,1.5072098878461888,1.4862287327382315
5001,5001,4.335000000000001,1.5075913633936064,1.4866102082856492
5002,5002,4.336666666666668,1.5072098878461888,1.4866102082856492
5003,5003,4.338333333333335,1.5075913633936064,1.4869916838330663
5004,5004,4.34,1.5075913633936064,1.4869916838330663
5005,5005,4.341666666666667,1.5075913633936064,1.4866102082856492
5006,5006,4.343333333333334,1.5075913633936064,1.4869916838330663
5007,5007,4.345000000000001,1.5075913633936064,1.4869916838330663
5008,5008,4.346666666666668,1.507972838941024,1.4869916838330663
5009,5009,4.3483333333333345,1.507972838941024,1.4869916838330663
5010,5010,4.350000000000001,1.5075913633936064,1.4873731593804838
5011,5011,4.351666666666668,1.507972838941024,1.4873731593804838
5012,5012,4.353333333333332,1.507972838941024,1.4873731593804838
5013,5013,4.355,1.507972838941024,1.4877546349279012
5014,5014,4.356666666666667,1.5083543144884413,1.4873731593804838
5015,5015,4.358333333333334,1.507972838941024,1.4873731593804838
5016,5016,4.360000000000001,1.5083543144884413,1.4877546349279012
5017,5017,4.361666666666666,1.5083543144884413,1.4877546349279012
5018,5018,4.363333333333333,1.5083543144884413,1.4877546349279012
5019,5019,4.365,1.5083543144884413,1.4877546349279012
5020,5020,4.366666666666667,1.5083543144884413,1.4877546349279012
5021,5021,4.368333333333334,1.5083543144884413,1.4877546349279012
5022,5022,4.370000000000001,1.5083543144884413,1.4881361104753186
5023,5023,4.371666666666668,1.508735790035859,1.4877546349279012
5024,5024,4.373333333333333,1.508735790035859,1.4881361104753186
5025,5025,4.375,1.508735790035859,1.4877546349279012
5026,5026,4.376666666666667,1.508735790035859,1.4877546349279012
5027,5027,4.378333333333334,1.508735790035859,1.4881361104753186
5028,5028,4.380000000000001,1.508735790035859,1.4881361104753186
5029,5029,4.381666666666668,1.508735790035859,1.4885175860227358
5030,5030,4.383333333333335,1.508735790035859,1.4881361104753186
5031,5031,4.385,1.508735790035859,1.4881361104753186
5032,5032,4.386666666666667,1.5091172655832759,1.4881361104753186
5033,5033,4.388333333333334,1.5091172655832759,1.4881361104753186
5034,5034,4.390000000000001,1.5091172655832759,1.4881361104753186
5035,5035,4.3916666666666675,1.508735790035859,1.4881361104753186
5036,5036,4.393333333333334,1.5091172655832759,1.4881361104753186
5037,5037,4.395000000000001,1.5091172655832759,1.4881361104753186
5038,5038,4.396666666666668,1.5094987411306937,1.4881361104753186
5039,5039,4.398333333333332,1.5091172655832759,1.4885175860227358
5040,5040,4.4,1.5091172655832759,1.4881361104753186
5041,5041,4.401666666666667,1.5094987411306937,1.4885175860227358
5042,5042,4.403333333333334,1.5094987411306937,1.4885175860227358
5043,5043,4.405000000000001,1.5094987411306937,1.4885175860227358
5044,5044,4.406666666666668,1.5094987411306937,1.4885175860227358
5045,5045,4.408333333333333,1.5094987411306937,1.4885175860227358
5046,5046,4.41,1.5094987411306937,1.4885175860227358
5047,5047,4.411666666666667,1.5094987411306937,1.4885175860227358
5048,5048,4.413333333333334,1.5094987411306937,1.4885175860227358
5049,5049,4.415000000000001,1.5094987411306937,1.4888990615701534
5050,5050,4.416666666666668,1.5094987411306937,1.4885175860227358
5051,5051,4.418333333333333,1.5094987411306937,1.4885175860227358
5052,5052,4.42,1.5094987411306937,1.4885175860227358
5053,5053,4.421666666666667,1.509880216678111,1.4885175860227358
5054,5054,4.423333333333334,1.509880216678111,1.4885175860227358
5055,5055,4.425000000000001,1.5094987411306937,1.4885175860227358
5056,5056,4.426666666666668,1.509880216678111,1.4885175860227358
5057,5057,4.428333333333335,1.5102616922255283,1.4888990615701534
5058,5058,4.43,1.509880216678111,1.4888990615701534
5059,5059,4.431666666666667,1.5102616922255283,1.4888990615701534
5060,5060,4.433333333333334,1.509880216678111,1.4888990615701534
5061,5061,4.4350000000000005,1.509880216678111,1.4888990615701534
5062,5062,4.436666666666667,1.5102616922255283,1.4888990615701534
5063,5063,4.438333333333334,1.509880216678111,1.4888990615701534
5064,5064,4.440000000000001,1.5102616922255283,1.4888990615701534
5065,5065,4.441666666666666,1.509880216678111,1.4888990615701534
5066,5066,4.443333333333333,1.509880216678111,1.4888990615701534
5067,5067,4.445,1.5102616922255283,1.4888990615701534
5068,5068,4.446666666666667,1.509880216678111,1.4888990615701534
5069,5069,4.448333333333334,1.5102616922255283,1.4888990615701534
5070,5070,4.450000000000001,1.509880216678111,1.4888990615701534
5071,5071,4.451666666666668,1.509880216678111,1.4888990615701534
5072,5072,4.453333333333333,1.5102616922255283,1.4888990615701534
5073,5073,4.455,1.5102616922255283,1.4888990615701534
5074,5074,4.456666666666667,1.5102616922255283,1.4888990615701534
5075,5075,4.458333333333334,1.5102616922255283,1.4888990615701534
5076,5076,4.460000000000001,1.5102616922255283,1.4892805371175708
5077,5077,4.461666666666668,1.5102616922255283,1.4888990615701534
5078,5078,4.463333333333335,1.5102616922255283,1.4892805371175708
5079,5079,4.465,1.5102616922255283,1.4892805371175708
5080,5080,4.466666666666667,1.509880216678111,1.4888990615701534
5081,5081,4.468333333333334,1.5102616922255283,1.4892805371175708
5082,5082,4.470000000000001,1.5102616922255283,1.4888990615701534
5083,5083,4.471666666666668,1.5102616922255283,1.4888990615701534
5084,5084,4.4733333333333345,1.5102616922255283,1.4892805371175708
5085,5085,4.475000000000001,1.5102616922255283,1.4888990615701534
5086,5086,4.476666666666668,1.5102616922255283,1.4888990615701534
5087,5087,4.478333333333332,1.5102616922255283,1.4892805371175708
5088,5088,4.48,1.5102616922255283,1.4892805371175708
5089,5089,4.481666666666667,1.5102616922255283,1.4892805371175708
5090,5090,4.483333333333334,1.5102616922255283,1.4888990615701534
5091,5091,4.485000000000001,1.5102616922255283,1.4892805371175708
5092,5092,4.486666666666666,1.5102616922255283,1.4892805371175708
5093,5093,4.488333333333333,1.5102616922255283,1.4892805371175708
5094,5094,4.49,1.5102616922255283,1.4892805371175708
5095,5095,4.491666666666667,1.5102616922255283,1.4888990615701534
5096,5096,4.493333333333334,1.5102616922255283,1.4892805371175708
5097,5097,4.495000000000001,1.5102616922255283,1.4888990615701534
5098,5098,4.496666666666668,1.5102616922255283,1.4892805371175708
5099,5099,4.498333333333333,1.5102616922255283,1.4892805371175708
5100,5100,4.5,1.5102616922255283,1.4888990615701534
5101,5101,4.501666666666667,1.5102616922255283,1.4892805371175708
5102,5102,4.503333333333334,1.5102616922255283,1.4888990615701534
5103,5103,4.505000000000001,1.5102616922255283,1.4892805371175708
5104,5104,4.506666666666668,1.5102616922255283,1.4892805371175708
5105,5105,4.508333333333335,1.509880216678111,1.4888990615701534
5106,5106,4.51,1.509880216678111,1.4892805371175708
5107,5107,4.511666666666667,1.509880216678111,1.4888990615701534
5108,5108,4.513333333333334,1.5102616922255283,1.4892805371175708
5109,5109,4.515000000000001,1.509880216678111,1.4888990615701534
5110,5110,4.5166666666666675,1.509880216678111,1.4888990615701534
5111,5111,4.518333333333334,1.509880216678111,1.4892805371175708
5112,5112,4.520000000000001,1.509880216678111,1.4892805371175708
5113,5113,4.521666666666668,1.509880216678111,1.4892805371175708
5114,5114,4.523333333333332,1.509880216678111,1.4888990615701534
5115,5115,4.525,1.509880216678111,1.4888990615701534
5116,5116,4.526666666666667,1.509880216678111,1.4888990615701534
5117,5117,4.528333333333334,1.509880216678111,1.4888990615701534
5118,5118,4.530000000000001,1.509880216678111,1.4888990615701534
5119,5119,4.531666666666668,1.509880216678111,1.4888990615701534
5120,5120,4.533333333333333,1.509880216678111,1.4888990615701534
5121,5121,4.535,1.509880216678111,1.4888990615701534
5122,5122,4.536666666666667,1.509880216678111,1.4888990615701534
5123,5123,4.538333333333334,1.509880216678111,1.4888990615701534
5124,5124,4.540000000000001,1.5094987411306937,1.4885175860227358
5125,5125,4.541666666666668,1.5094987411306937,1.4885175860227358
5126,5126,4.543333333333333,1.5094987411306937,1.4888990615701534
5127,5127,4.545,1.5094987411306937,1.4885175860227358
5128,5128,4.546666666666667,1.5094987411306937,1.4885175860227358
5129,5129,4.548333333333334,1.5094987411306937,1.4888990615701534
5130,5130,4.550000000000001,1.5094987411306937,1.4885175860227358
5131,5131,4.551666666666668,1.5094987411306937,1.4885175860227358
5132,5132,4.553333333333335,1.5094987411306937,1.4885175860227358
5133,5133,4.555,1.5094987411306937,1.4885175860227358
5134,5134,4.556666666666667,1.5094987411306937,1.4885175860227358
5135,5135,4.558333333333334,1.5094987411306937,1.4881361104753186
5136,5136,4.5600000000000005,1.5094987411306937,1.4885175860227358
5137,5137,4.561666666666667,1.5094987411306937,1.4885175860227358
5138,5138,4.563333333333334,1.5094987411306937,1.4885175860227358
5139,5139,4.565000000000001,1.5094987411306937,1.4881361104753186
5140,5140,4.566666666666666,1.5094987411306937,1.4881361104753186
5141,5141,4.568333333333333,1.5094987411306937,1.4885175860227358
5142,5142,4.57,1.5094987411306937,1.4885175860227358
5143,5143,4.571666666666667,1.5091172655832759,1.4881361104753186
5144,5144,4.573333333333334,1.5094987411306937,1.4881361104753186
5145,5145,4.575000000000001,1.5091172655832759,1.4877546349279012
5146,5146,4.576666666666668,1.5091172655832759,1.4881361104753186
5147,5147,4.578333333333333,1.5091172655832759,1.4881361104753186
5148,5148,4.58,1.5091172655832759,1.4881361104753186
5149,5149,4.581666666666667,1.5091172655832759,1.4881361104753186
5150,5150,4.583333333333334,1.5091172655832759,1.4877546349279012
5151,5151,4.585000000000001,1.5091172655832759,1.4881361104753186
5152,5152,4.586666666666668,1.5091172655832759,1.4877546349279012
5153,5153,4.588333333333335,1.5091172655832759,1.4877546349279012
5154,5154,4.59,1.5091172655832759,1.4877546349279012
5155,5155,4.591666666666667,1.5091172655832759,1.4877546349279012
5156,5156,4.593333333333334,1.5091172655832759,1.4877546349279012
5157,5157,4.595000000000001,1.5091172655832759,1.4877546349279012
5158,5158,4.596666666666668,1.5091172655832759,1.4877546349279012
5159,5159,4.5983333333333345,1.5091172655832759,1.4873731593804838
5160,5160,4.600000000000001,1.508735790035859,1.4873731593804838
5161,5161,4.601666666666668,1.5091172655832759,1.4873731593804838
5162,5162,4.603333333333332,1.508735790035859,1.4873731593804838
5163,5163,4.605,1.5091172655832759,1.4873731593804838
5164,5164,4.606666666666667,1.5091172655832759,1.4873731593804838
5165,5165,4.608333333333334,1.508735790035859,1.4869916838330663
5166,5166,4.610000000000001,1.508735790035859,1.4873731593804838
5167,5167,4.611666666666666,1.508735790035859,1.4873731593804838
5168,5168,4.613333333333333,1.508735790035859,1.4869916838330663
5169,5169,4.615,1.5091172655832759,1.4869916838330663
5170,5170,4.616666666666667,1.508735790035859,1.4869916838330663
5171,5171,4.618333333333334,1.508735790035859,1.4866102082856492
5172,5172,4.620000000000001,1.508735790035859,1.4866102082856492
5173,5173,4.621666666666668,1.508735790035859,1.4866102082856492
5174,5174,4.623333333333333,1.5091172655832759,1.4866102082856492
5175,5175,4.625,1.508735790035859,1.4866102082856492
5176,5176,4.626666666666667,1.508735790035859,1.4866102082856492
5177,5177,4.628333333333334,1.508735790035859,1.4862287327382315
5178,5178,4.630000000000001,1.508735790035859,1.4866102082856492
5179,5179,4.631666666666668,1.508735790035859,1.4862287327382315
5180,5180,4.633333333333335,1.508735790035859,1.4862287327382315
5181,5181,4.635,1.508735790035859,1.4862287327382315
5182,5182,4.636666666666667,1.508735790035859,1.4862287327382315
5183,5183,4.638333333333334,1.508735790035859,1.4862287327382315
5184,5184,4.640000000000001,1.5083543144884413,1.4862287327382315
5185,5185,4.6416666666666675,1.5083543144884413,1.485847257190814
5186,5186,4.643333333333334,1.5083543144884413,1.485847257190814
5187,5187,4.645000000000001,1.508735790035859,1.485847257190814
5188,5188,4.646666666666668,1.508735790035859,1.485847257190814
5189,5189,4.648333333333332,1.5083543144884413,1.485847257190814
5190,5190,4.65,1.5083543144884413,1.485847257190814
5191,5191,4.651666666666667,1.5083543144884413,1.485847257190814
5192,5192,4.653333333333334,1.5083543144884413,1.485847257190814
5193,5193,4.655000000000001,1.5083543144884413,1.4854657816433967
5194,5194,4.656666666666668,1.5083543144884413,1.4854657816433967
5195,5195,4.658333333333333,1.5083543144884413,1.4854657816433967
5196,5196,4.66,1.5083543144884413,1.4854657816433967
5197,5197,4.661666666666667,1.508735790035859,1.4850843060959793
5198,5198,4.663333333333334,1.5083543144884413,1.4854657816433967
5199,5199,4.665000000000001,1.508735790035859,1.4850843060959793
5200,5200,4.666666666666668,1.5083543144884413,1.4850843060959793
5201,5201,4.668333333333333,1.5083543144884413,1.4850843060959793
5202,5202,4.67,1.5083543144884413,1.4850843060959793
5203,5203,4.671666666666667,1.5083543144884413,1.4850843060959793
5204,5204,4.673333333333334,1.5083543144884413,1.484702830548562
5205,5205,4.675000000000001,1.507972838941024,1.4843213550011445
5206,5206,4.676666666666668,1.5083543144884413,1.484702830548562
5207,5207,4.678333333333335,1.5083543144884413,1.484702830548562
5208,5208,4.68,1.5083543144884413,1.484702830548562
5209,5209,4.681666666666667,1.508735790035859,1.4843213550011445
5210,5210,4.683333333333334,1.5083543144884413,1.4839398794537266
5211,5211,4.6850000000000005,1.5083543144884413,1.4843213550011445
5212,5212,4.686666666666667,1.5083543144884413,1.4839398794537266
5213,5213,4.688333333333334,1.5083543144884413,1.4839398794537266
5214,5214,4.690000000000001,1.5083543144884413,1.4839398794537266
5215,5215,4.691666666666666,1.5083543144884413,1.4835584039063097
5216,5216,4.693333333333333,1.5083543144884413,1.4839398794537266
5217,5217,4.695,1.5083543144884413,1.4835584039063097
5218,5218,4.696666666666667,1.508735790035859,1.4835584039063097
5219,5219,4.698333333333334,1.5083543144884413,1.4835584039063097
5220,5220,4.700000000000001,1.5083543144884413,1.4831769283588925
5221,5221,4.701666666666668,1.5083543144884413,1.4835584039063097
5222,5222,4.703333333333333,1.5083543144884413,1.4831769283588925
5223,5223,4.705,1.5083543144884413,1.4831769283588925
5224,5224,4.706666666666667,1.508735790035859,1.4831769283588925
5225,5225,4.708333333333334,1.5083543144884413,1.4831769283588925
5226,5226,4.710000000000001,1.5083543144884413,1.4831769283588925
5227,5227,4.711666666666668,1.508735790035859,1.4827954528114748
5228,5228,4.713333333333335,1.508735790035859,1.4827954528114748
5229,5229,4.715,1.5083543144884413,1.4827954528114748
5230,5230,4.716666666666667,1.5083543144884413,1.4827954528114748
5231,5231,4.718333333333334,1.508735790035859,1.4827954528114748
5232,5232,4.720000000000001,1.5083543144884413,1.4824139772640574
5233,5233,4.721666666666668,1.508735790035859,1.4824139772640574
5234,5234,4.7233333333333345,1.508735790035859,1.4824139772640574
5235,5235,4.725000000000001,1.508735790035859,1.4824139772640574
5236,5236,4.726666666666668,1.508735790035859,1.48203250171664
5237,5237,4.728333333333332,1.508735790035859,1.48203250171664
5238,5238,4.73,1.5083543144884413,1.48203250171664
5239,5239,4.731666666666667,1.508735790035859,1.48203250171664
5240,5240,4.733333333333334,1.5083543144884413,1.4816510261692226
5241,5241,4.735000000000001,1.508735790035859,1.4816510261692226
5242,5242,4.736666666666666,1.508735790035859,1.4816510261692226
5243,5243,4.738333333333333,1.508735790035859,1.4812695506218052
5244,5244,4.74,1.508735790035859,1.4812695506218052
5245,5245,4.741666666666667,1.5083543144884413,1.4808880750743878
5246,5246,4.743333333333334,1.5083543144884413,1.4812695506218052
5247,5247,4.745000000000001,1.508735790035859,1.4808880750743878
5248,5248,4.746666666666668,1.508735790035859,1.4808880750743878
5249,5249,4.748333333333333,1.5083543144884413,1.4808880750743878
5250,5250,4.75,1.507972838941024,1.4805065995269704
5251,5251,4.751666666666667,1.508735790035859,1.4805065995269704
5252,5252,4.753333333333334,1.5083543144884413,1.4805065995269704
5253,5253,4.755000000000001,1.5083543144884413,1.4805065995269704
5254,5254,4.756666666666668,1.5083543144884413,1.4801251239795532
5255,5255,4.758333333333335,1.5083543144884413,1.4801251239795532
5256,5256,4.76,1.5083543144884413,1.4801251239795532
5257,5257,4.761666666666667,1.5083543144884413,1.4801251239795532
5258,5258,4.763333333333334,1.5083543144884413,1.4801251239795532
5259,5259,4.765000000000001,1.5083543144884413,1.4797436484321356
5260,5260,4.7666666666666675,1.5083543144884413,1.4797436484321356
5261,5261,4.768333333333334,1.5083543144884413,1.4797436484321356
5262,5262,4.770000000000001,1.507972838941024,1.4797436484321356
5263,5263,4.771666666666668,1.507972838941024,1.4793621728847182
5264,5264,4.773333333333332,1.507972838941024,1.4793621728847182
5265,5265,4.775,1.507972838941024,1.4789806973373008
5266,5266,4.776666666666667,1.507972838941024,1.4793621728847182
5267,5267,4.778333333333334,1.507972838941024,1.4789806973373008
5268,5268,4.780000000000001,1.5075913633936064,1.4789806973373008
5269,5269,4.781666666666668,1.507972838941024,1.4789806973373008
5270,5270,4.783333333333333,1.5075913633936064,1.4785992217898831
5271,5271,4.785,1.5075913633936064,1.4785992217898831
5272,5272,4.786666666666667,1.5075913633936064,1.4782177462424657
5273,5273,4.788333333333334,1.5075913633936064,1.4785992217898831
5274,5274,4.790000000000001,1.5075913633936064,1.4778362706950483
5275,5275,4.791666666666668,1.5075913633936064,1.4778362706950483
5276,5276,4.793333333333335,1.5072098878461888,1.4782177462424657
5277,5277,4.795,1.5072098878461888,1.4778362706950483
5278,5278,4.796666666666667,1.5072098878461888,1.4778362706950483
5279,5279,4.798333333333334,1.5072098878461888,1.4778362706950483
5280,5280,4.800000000000001,1.5072098878461888,1.4774547951476311
5281,5281,4.801666666666668,1.5072098878461888,1.4774547951476311
5282,5282,4.803333333333336,1.5072098878461888,1.4774547951476311
5283,5283,4.805,1.5072098878461888,1.4774547951476311
5284,5284,4.806666666666667,1.5068284122987716,1.4770733196002137
5285,5285,4.808333333333334,1.5068284122987716,1.4770733196002137
5286,5286,4.8100000000000005,1.5068284122987716,1.4770733196002137
5287,5287,4.811666666666667,1.5068284122987716,1.4770733196002137
5288,5288,4.813333333333334,1.5068284122987716,1.4766918440527963
5289,5289,4.815000000000003,1.5064469367513542,1.4766918440527963
5290,5290,4.816666666666666,1.5064469367513542,1.4763103685053793
5291,5291,4.818333333333333,1.5068284122987716,1.4763103685053793
5292,5292,4.82,1.5064469367513542,1.4763103685053793
5293,5293,4.821666666666667,1.5064469367513542,1.4755474174105438
5294,5294,4.823333333333334,1.5064469367513542,1.4759288929579617
5295,5295,4.825000000000003,1.5064469367513542,1.4755474174105438
5296,5296,4.826666666666668,1.5064469367513542,1.4751659418631269
5297,5297,4.828333333333333,1.5060654612039368,1.4751659418631269
5298,5298,4.83,1.5064469367513542,1.4751659418631269
5299,5299,4.831666666666667,1.5060654612039368,1.4747844663157093
5300,5300,4.833333333333334,1.5060654612039368,1.4744029907682918
5301,5301,4.835000000000001,1.5056839856565194,1.4744029907682918
5302,5302,4.836666666666668,1.5056839856565194,1.4744029907682918
5303,5303,4.8383333333333365,1.5060654612039368,1.4740215152208744
5304,5304,4.84,1.5056839856565194,1.4740215152208744
5305,5305,4.841666666666667,1.5053025101091018,1.4740215152208744
5306,5306,4.843333333333334,1.5053025101091018,1.4740215152208744
5307,5307,4.845000000000001,1.5056839856565194,1.4736400396734568
5308,5308,4.846666666666668,1.5049210345616846,1.4728770885786222
5309,5309,4.8483333333333345,1.5049210345616846,1.4728770885786222
5310,5310,4.850000000000003,1.5049210345616846,1.4728770885786222
5311,5311,4.851666666666668,1.5049210345616846,1.4724956130312048
5312,5312,4.853333333333332,1.5045395590142672,1.4724956130312048
5313,5313,4.855,1.5049210345616846,1.4721141374837874
5314,5314,4.856666666666667,1.5045395590142672,1.4721141374837874
5315,5315,4.858333333333334,1.5045395590142672,1.4713511863889526
5316,5316,4.860000000000003,1.5045395590142672,1.4713511863889526
5317,5317,4.861666666666666,1.5045395590142672,1.4713511863889526
5318,5318,4.863333333333333,1.5041580834668498,1.4713511863889526
5319,5319,4.865,1.5041580834668498,1.4709697108415352
5320,5320,4.866666666666667,1.5037766079194324,1.4702067597467003
5321,5321,4.868333333333334,1.5037766079194324,1.4702067597467003
5322,5322,4.870000000000003,1.5037766079194324,1.4698252841992832
5323,5323,4.871666666666668,1.5037766079194324,1.4698252841992832
5324,5324,4.873333333333333,1.5037766079194324,1.4698252841992832
5325,5325,4.875,1.5033951323720147,1.4694438086518655
5326,5326,4.876666666666667,1.5033951323720147,1.469062333104448
5327,5327,4.878333333333334,1.5033951323720147,1.469062333104448
5328,5328,4.880000000000001,1.5030136568245975,1.469062333104448
5329,5329,4.881666666666668,1.5030136568245975,1.4686808575570307
5330,5330,4.883333333333336,1.50263218127718,1.4682993820096133
5331,5331,4.885,1.50263218127718,1.467917906462196
5332,5332,4.886666666666667,1.50263218127718,1.467917906462196
5333,5333,4.888333333333334,1.5022507057297627,1.4671549553673606
5334,5334,4.890000000000001,1.5022507057297627,1.4675364309147785
5335,5335,4.8916666666666675,1.5022507057297627,1.4667734798199437
5336,5336,4.893333333333334,1.5018692301823453,1.4667734798199437
5337,5337,4.895000000000003,1.5018692301823453,1.4667734798199437
5338,5338,4.896666666666668,1.5014877546349281,1.4667734798199437
5339,5339,4.898333333333332,1.5014877546349281,1.4663920042725265
5340,5340,4.9,1.5011062790875105,1.4660105287251088
5341,5341,4.901666666666667,1.5011062790875105,1.4660105287251088
5342,5342,4.903333333333334,1.5011062790875105,1.4660105287251088
5343,5343,4.905000000000003,1.500724803540093,1.4656290531776914
5344,5344,4.906666666666668,1.5003433279926757,1.4652475776302742
5345,5345,4.908333333333333,1.500724803540093,1.4652475776302742
5346,5346,4.91,1.4999618524452585,1.4652475776302742
5347,5347,4.911666666666667,1.4999618524452585,1.4644846265354392
5348,5348,4.913333333333334,1.4999618524452585,1.4641031509880218
5349,5349,4.915000000000003,1.4995803768978408,1.4644846265354392
5350,5350,4.916666666666668,1.4991989013504234,1.4641031509880218
5351,5351,4.9183333333333366,1.4991989013504234,1.4637216754406044
5352,5352,4.92,1.498817425803006,1.4637216754406044
5353,5353,4.921666666666667,1.4984359502555886,1.4637216754406044
5354,5354,4.923333333333334,1.498817425803006,1.4633401998931868
5355,5355,4.925000000000001,1.4984359502555886,1.4629587243457696
5356,5356,4.926666666666668,1.4980544747081712,1.4629587243457696
5357,5357,4.928333333333336,1.4980544747081712,1.4629587243457696
5358,5358,4.93,1.4976729991607538,1.4625772487983522
5359,5359,4.931666666666667,1.4976729991607538,1.4621957732509347
5360,5360,4.933333333333334,1.496910048065919,1.4621957732509347
5361,5361,4.9350000000000005,1.496910048065919,1.4621957732509347
5362,5362,4.936666666666667,1.4965285725185016,1.4618142977035171
5363,5363,4.938333333333334,1.4961470969710842,1.4614328221561
5364,5364,4.940000000000003,1.4961470969710842,1.4614328221561
5365,5365,4.941666666666666,1.4957656214236668,1.4614328221561
5366,5366,4.943333333333333,1.4957656214236668,1.4610513466086823
5367,5367,4.945,1.4953841458762491,1.4610513466086823
5368,5368,4.946666666666667,1.4953841458762491,1.4606698710612651
5369,5369,4.948333333333334,1.4950026703288317,1.4606698710612651
5370,5370,4.950000000000003,1.4946211947814143,1.4602883955138477
5371,5371,4.951666666666668,1.4942397192339971,1.4599069199664303
5372,5372,4.953333333333333,1.4938582436865795,1.4602883955138477
5373,5373,4.955,1.4938582436865795,1.4599069199664303
5374,5374,4.956666666666667,1.4934767681391623,1.4599069199664303
5375,5375,4.958333333333334,1.4930952925917453,1.4599069199664303
5376,5376,4.960000000000001,1.4930952925917453,1.4595254444190129
5377,5377,4.961666666666668,1.4927138170443277,1.4591439688715957
5378,5378,4.9633333333333365,1.4927138170443277,1.458762493324178
5379,5379,4.965,1.4919508659494929,1.458762493324178
5380,5380,4.966666666666667,1.4915693904020753,1.458762493324178
5381,5381,4.968333333333334,1.4915693904020753,1.458762493324178
5382,5382,4.970000000000001,1.4911879148546578,1.4583810177767609
5383,5383,4.971666666666668,1.4908064393072404,1.4583810177767609
5384,5384,4.9733333333333345,1.4904249637598233,1.4579995422293432
5385,5385,4.975000000000003,1.4904249637598233,1.4579995422293432
5386,5386,4.976666666666668,1.4904249637598233,1.4579995422293432
5387,5387,4.978333333333332,1.4900434882124056,1.4576180666819258
5388,5388,4.98,1.4896620126649882,1.4572365911345084
5389,5389,4.981666666666667,1.4892805371175708,1.4572365911345084
5390,5390,4.983333333333334,1.4885175860227358,1.4568551155870908
5391,5391,4.985000000000003,1.4885175860227358,1.4568551155870908
5392,5392,4.986666666666666,1.4881361104753186,1.4568551155870908
5393,5393,4.988333333333333,1.4877546349279012,1.4564736400396736
5394,5394,4.99,1.4877546349279012,1.4560921644922562
5395,5395,4.991666666666667,1.4873731593804838,1.4560921644922562
5396,5396,4.993333333333334,1.4869916838330663,1.4560921644922562
5397,5397,4.995000000000003,1.4869916838330663,1.4560921644922562
5398,5398,4.996666666666668,1.4866102082856492,1.4557106889448388
5399,5399,4.998333333333333,1.4862287327382315,1.4557106889448388
5400,5400,5.0,1.485847257190814,1.4553292133974214
5401,5401,5.001666666666667,1.4854657816433967,1.4549477378500042
5402,5402,5.003333333333334,1.4854657816433967,1.4549477378500042
5403,5403,5.005000000000001,1.4850843060959793,1.4549477378500042
5404,5404,5.006666666666668,1.4850843060959793,1.4545662623025866
5405,5405,5.008333333333336,1.484702830548562,1.4545662623025866
5406,5406,5.01,1.4843213550011445,1.4541847867551692
5407,5407,5.011666666666667,1.4839398794537266,1.4541847867551692
5408,5408,5.013333333333334,1.4839398794537266,1.4541847867551692
5409,5409,5.015000000000001,1.4835584039063097,1.4538033112077515
5410,5410,5.0166666666666675,1.4831769283588925,1.4534218356603343
5411,5411,5.018333333333334,1.4831769283588925,1.4534218356603343
5412,5412,5.02,1.4827954528114748,1.4530403601129172
5413,5413,5.021666666666668,1.4824139772640574,1.4534218356603343
5414,5414,5.023333333333332,1.48203250171664,1.4526588845654995
5415,5415,5.025,1.4816510261692226,1.4526588845654995
5416,5416,5.026666666666667,1.4816510261692226,1.4526588845654995
5417,5417,5.028333333333334,1.4812695506218052,1.4526588845654995
5418,5418,5.029999999999999,1.4808880750743878,1.4522774090180817
5419,5419,5.031666666666668,1.4805065995269704,1.4522774090180817
5420,5420,5.033333333333333,1.4801251239795532,1.4518959334706647
5421,5421,5.035,1.4801251239795532,1.4518959334706647
5422,5422,5.036666666666667,1.4801251239795532,1.4518959334706647
5423,5423,5.038333333333334,1.4797436484321356,1.4515144579232473
5424,5424,5.039999999999999,1.4793621728847182,1.4515144579232473
5425,5425,5.041666666666668,1.4789806973373008,1.45113298237583
5426,5426,5.0433333333333366,1.4789806973373008,1.45113298237583
5427,5427,5.045,1.4785992217898831,1.4507515068284125
5428,5428,5.046666666666667,1.4778362706950483,1.4507515068284125
5429,5429,5.048333333333334,1.4778362706950483,1.450370031280995
5430,5430,5.050000000000001,1.4774547951476311,1.450370031280995
5431,5431,5.051666666666668,1.4774547951476311,1.4499885557335777
5432,5432,5.053333333333336,1.4770733196002137,1.450370031280995
5433,5433,5.055,1.4766918440527963,1.4499885557335777
5434,5434,5.056666666666667,1.4766918440527963,1.4496070801861602
5435,5435,5.058333333333334,1.4759288929579617,1.4496070801861602
5436,5436,5.0600000000000005,1.4763103685053793,1.4492256046387428
5437,5437,5.061666666666667,1.4759288929579617,1.4496070801861602
5438,5438,5.063333333333334,1.4755474174105438,1.4492256046387428
5439,5439,5.0649999999999995,1.4751659418631269,1.4492256046387428
5440,5440,5.066666666666666,1.4747844663157093,1.4488441290913254
5441,5441,5.068333333333333,1.4744029907682918,1.4488441290913254
5442,5442,5.07,1.4744029907682918,1.4488441290913254
5443,5443,5.071666666666667,1.4744029907682918,1.4484626535439082
5444,5444,5.073333333333334,1.4740215152208744,1.4484626535439082
5445,5445,5.074999999999999,1.4736400396734568,1.4480811779964906
5446,5446,5.076666666666668,1.4732585641260396,1.4480811779964906
5447,5447,5.078333333333333,1.4732585641260396,1.4480811779964906
5448,5448,5.08,1.4728770885786222,1.4476997024490732
5449,5449,5.081666666666667,1.4724956130312048,1.4476997024490732
5450,5450,5.083333333333334,1.4721141374837874,1.4473182269016558
5451,5451,5.085000000000001,1.4721141374837874,1.4473182269016558
5452,5452,5.086666666666668,1.4721141374837874,1.4473182269016558
5453,5453,5.0883333333333365,1.4717326619363702,1.4473182269016558
5454,5454,5.09,1.4713511863889526,1.4469367513542384
5455,5455,5.091666666666667,1.4709697108415352,1.446555275806821
5456,5456,5.093333333333334,1.4709697108415352,1.4469367513542384
5457,5457,5.095000000000001,1.4705882352941178,1.446555275806821
5458,5458,5.096666666666668,1.4702067597467003,1.446555275806821
5459,5459,5.0983333333333345,1.4698252841992832,1.4461738002594036
5460,5460,5.1,1.4698252841992832,1.4461738002594036
5461,5461,5.101666666666668,1.4694438086518655,1.4461738002594036
5462,5462,5.103333333333332,1.469062333104448,1.4457923247119862
5463,5463,5.105,1.469062333104448,1.4454108491645687
5464,5464,5.106666666666667,1.4686808575570307,1.4457923247119862
5465,5465,5.108333333333334,1.4682993820096133,1.445029373617151
5466,5466,5.109999999999999,1.4682993820096133,1.4454108491645687
5467,5467,5.111666666666668,1.4682993820096133,1.445029373617151
5468,5468,5.113333333333333,1.467917906462196,1.445029373617151
5469,5469,5.115,1.4675364309147785,1.445029373617151
5470,5470,5.116666666666667,1.4671549553673606,1.4446478980697337
5471,5471,5.118333333333334,1.4667734798199437,1.4446478980697337
5472,5472,5.119999999999999,1.4667734798199437,1.4446478980697337
5473,5473,5.121666666666668,1.4663920042725265,1.4446478980697337
5474,5474,5.123333333333333,1.4663920042725265,1.444266422522316
5475,5475,5.125,1.4660105287251088,1.4438849469748989
5476,5476,5.126666666666667,1.4660105287251088,1.444266422522316
5477,5477,5.128333333333334,1.4656290531776914,1.4438849469748989
5478,5478,5.130000000000001,1.4656290531776914,1.4435034714274813
5479,5479,5.131666666666668,1.4652475776302742,1.4438849469748989
5480,5480,5.133333333333336,1.4648661020828566,1.4435034714274813
5481,5481,5.135,1.4644846265354392,1.4435034714274813
5482,5482,5.136666666666667,1.4644846265354392,1.4431219958800638
5483,5483,5.138333333333334,1.4641031509880218,1.4431219958800638
5484,5484,5.140000000000001,1.4637216754406044,1.4431219958800638
5485,5485,5.1416666666666675,1.4637216754406044,1.4427405203326464
5486,5486,5.143333333333334,1.4637216754406044,1.4427405203326464
5487,5487,5.145,1.4633401998931868,1.442359044785229
5488,5488,5.146666666666668,1.4629587243457696,1.442359044785229
5489,5489,5.148333333333332,1.4629587243457696,1.4419775692378116
5490,5490,5.15,1.4625772487983522,1.4419775692378116
5491,5491,5.151666666666667,1.4625772487983522,1.4419775692378116
5492,5492,5.153333333333334,1.4621957732509347,1.4415960936903942
5493,5493,5.154999999999999,1.4618142977035171,1.4415960936903942
5494,5494,5.156666666666668,1.4614328221561,1.4415960936903942
5495,5495,5.158333333333333,1.4610513466086823,1.4412146181429768
5496,5496,5.16,1.4610513466086823,1.4412146181429768
5497,5497,5.161666666666667,1.4610513466086823,1.4412146181429768
5498,5498,5.163333333333334,1.4606698710612651,1.4412146181429768
5499,5499,5.164999999999999,1.4606698710612651,1.4408331425955594
5500,5500,5.166666666666668,1.4602883955138477,1.4408331425955594
5501,5501,5.1683333333333366,1.4602883955138477,1.4408331425955594
5502,5502,5.17,1.4595254444190129,1.4408331425955594
5503,5503,5.171666666666667,1.4595254444190129,1.440451667048142
5504,5504,5.173333333333334,1.4591439688715957,1.440451667048142
5505,5505,5.175000000000001,1.458762493324178,1.440451667048142
5506,5506,5.176666666666668,1.458762493324178,1.4400701915007246
5507,5507,5.178333333333336,1.4583810177767609,1.4400701915007246
5508,5508,5.18,1.4583810177767609,1.4400701915007246
5509,5509,5.181666666666667,1.4579995422293432,1.4393072404058898
5510,5510,5.183333333333334,1.4576180666819258,1.4393072404058898
5511,5511,5.1850000000000005,1.4576180666819258,1.4396887159533072
5512,5512,5.186666666666667,1.4576180666819258,1.4393072404058898
5513,5513,5.188333333333334,1.4572365911345084,1.4393072404058898
5514,5514,5.1899999999999995,1.4568551155870908,1.4389257648584723
5515,5515,5.191666666666666,1.4564736400396736,1.4389257648584723
5516,5516,5.193333333333333,1.4564736400396736,1.4389257648584723
5517,5517,5.195,1.4560921644922562,1.438544289311055
5518,5518,5.196666666666667,1.4560921644922562,1.438544289311055
5519,5519,5.198333333333334,1.4557106889448388,1.438544289311055
5520,5520,5.199999999999999,1.4553292133974214,1.438544289311055
5521,5521,5.201666666666668,1.4553292133974214,1.4381628137636375
5522,5522,5.203333333333333,1.4553292133974214,1.438544289311055
5523,5523,5.205,1.4549477378500042,1.4381628137636375
5524,5524,5.206666666666667,1.4549477378500042,1.4381628137636375
5525,5525,5.208333333333334,1.4541847867551692,1.4381628137636375
5526,5526,5.210000000000001,1.4545662623025866,1.4381628137636375
5527,5527,5.211666666666668,1.4538033112077515,1.43778133821622
5528,5528,5.2133333333333365,1.4534218356603343,1.4373998626688027
5529,5529,5.215,1.4534218356603343,1.4373998626688027
5530,5530,5.216666666666667,1.4530403601129172,1.4373998626688027
5531,5531,5.218333333333334,1.4530403601129172,1.4373998626688027
5532,5532,5.220000000000001,1.4526588845654995,1.4370183871213853
5533,5533,5.221666666666668,1.4526588845654995,1.4370183871213853
5534,5534,5.2233333333333345,1.4526588845654995,1.4370183871213853
5535,5535,5.225,1.4522774090180817,1.436636911573968
5536,5536,5.226666666666668,1.4522774090180817,1.436636911573968
5537,5537,5.228333333333332,1.4518959334706647,1.436636911573968
5538,5538,5.23,1.4515144579232473,1.436636911573968
5539,5539,5.231666666666667,1.4515144579232473,1.4362554360265505
5540,5540,5.233333333333334,1.45113298237583,1.4362554360265505
5541,5541,5.234999999999999,1.45113298237583,1.436636911573968
5542,5542,5.236666666666668,1.4507515068284125,1.4362554360265505
5543,5543,5.238333333333333,1.4507515068284125,1.435873960479133
5544,5544,5.24,1.450370031280995,1.4362554360265505
5545,5545,5.241666666666667,1.4499885557335777,1.435873960479133
5546,5546,5.243333333333334,1.4499885557335777,1.435873960479133
5547,5547,5.244999999999999,1.4496070801861602,1.435873960479133
5548,5548,5.246666666666668,1.4496070801861602,1.4354924849317157
5549,5549,5.248333333333333,1.4496070801861602,1.4354924849317157
5550,5550,5.25,1.4492256046387428,1.4354924849317157
5551,5551,5.251666666666667,1.4492256046387428,1.4354924849317157
5552,5552,5.253333333333334,1.4484626535439082,1.4351110093842985
5553,5553,5.255000000000001,1.4484626535439082,1.4351110093842985
5554,5554,5.256666666666668,1.4480811779964906,1.4351110093842985
5555,5555,5.258333333333336,1.4480811779964906,1.4347295338368808
5556,5556,5.26,1.4476997024490732,1.4347295338368808
5557,5557,5.261666666666667,1.4476997024490732,1.4347295338368808
5558,5558,5.263333333333334,1.4476997024490732,1.4343480582894634
5559,5559,5.265000000000001,1.4473182269016558,1.4343480582894634
5560,5560,5.2666666666666675,1.4473182269016558,1.4343480582894634
5561,5561,5.268333333333334,1.4469367513542384,1.4339665827420458
5562,5562,5.27,1.4469367513542384,1.4339665827420458
5563,5563,5.271666666666668,1.4469367513542384,1.4339665827420458
5564,5564,5.273333333333332,1.446555275806821,1.4339665827420458
5565,5565,5.275,1.4457923247119862,1.4339665827420458
5566,5566,5.276666666666667,1.4461738002594036,1.4335851071946286
5567,5567,5.278333333333334,1.4457923247119862,1.4335851071946286
5568,5568,5.279999999999999,1.4454108491645687,1.4332036316472112
5569,5569,5.281666666666668,1.4454108491645687,1.4335851071946286
5570,5570,5.283333333333333,1.4454108491645687,1.4332036316472112
5571,5571,5.285,1.4454108491645687,1.4332036316472112
5572,5572,5.286666666666667,1.445029373617151,1.4332036316472112
5573,5573,5.288333333333334,1.445029373617151,1.4332036316472112
5574,5574,5.289999999999999,1.4446478980697337,1.4328221560997938
5575,5575,5.291666666666668,1.444266422522316,1.4328221560997938
5576,5576,5.2933333333333366,1.444266422522316,1.4328221560997938
5577,5577,5.295,1.444266422522316,1.4328221560997938
5578,5578,5.296666666666667,1.444266422522316,1.4324406805523764
5579,5579,5.298333333333334,1.4435034714274813,1.4324406805523764
5580,5580,5.300000000000001,1.4435034714274813,1.4324406805523764
5581,5581,5.301666666666668,1.4435034714274813,1.4320592050049592
5582,5582,5.303333333333336,1.4431219958800638,1.4324406805523764
5583,5583,5.305,1.4431219958800638,1.4320592050049592
5584,5584,5.306666666666667,1.4431219958800638,1.4320592050049592
5585,5585,5.308333333333334,1.4427405203326464,1.4316777294575416
5586,5586,5.3100000000000005,1.4427405203326464,1.4316777294575416
5587,5587,5.311666666666667,1.442359044785229,1.4312962539101242
5588,5588,5.313333333333334,1.442359044785229,1.4312962539101242
5589,5589,5.3149999999999995,1.442359044785229,1.4309147783627068
5590,5590,5.316666666666666,1.4419775692378116,1.4309147783627068
5591,5591,5.318333333333333,1.4419775692378116,1.4309147783627068
5592,5592,5.32,1.4419775692378116,1.4309147783627068
5593,5593,5.321666666666667,1.4415960936903942,1.4309147783627068
5594,5594,5.323333333333334,1.4415960936903942,1.4309147783627068
5595,5595,5.324999999999999,1.4415960936903942,1.4309147783627068
5596,5596,5.326666666666668,1.4412146181429768,1.4305333028152891
5597,5597,5.328333333333333,1.4408331425955594,1.4305333028152891
5598,5598,5.33,1.4408331425955594,1.4305333028152891
5599,5599,5.331666666666667,1.4408331425955594,1.4305333028152891
5600,5600,5.333333333333334,1.440451667048142,1.4301518272678717
5601,5601,5.335000000000001,1.4400701915007246,1.4305333028152891
5602,5602,5.336666666666668,1.4400701915007246,1.4301518272678717
5603,5603,5.3383333333333365,1.440451667048142,1.4301518272678717
5604,5604,5.34,1.4396887159533072,1.4301518272678717
5605,5605,5.341666666666667,1.4396887159533072,1.4297703517204543
5606,5606,5.343333333333334,1.4396887159533072,1.4297703517204543
5607,5607,5.345000000000001,1.4396887159533072,1.4297703517204543
5608,5608,5.346666666666668,1.4396887159533072,1.4297703517204543
5609,5609,5.3483333333333345,1.4396887159533072,1.4297703517204543
5610,5610,5.35,1.4393072404058898,1.4293888761730371
5611,5611,5.351666666666668,1.4393072404058898,1.4293888761730371
5612,5612,5.353333333333332,1.4393072404058898,1.4290074006256197
5613,5613,5.355,1.4389257648584723,1.4290074006256197
5614,5614,5.356666666666667,1.4389257648584723,1.4290074006256197
5615,5615,5.358333333333334,1.4389257648584723,1.4286259250782023
5616,5616,5.359999999999999,1.4389257648584723,1.4286259250782023
5617,5617,5.361666666666668,1.438544289311055,1.4286259250782023
5618,5618,5.363333333333333,1.438544289311055,1.4282444495307849
5619,5619,5.365,1.438544289311055,1.4282444495307849
5620,5620,5.366666666666667,1.4381628137636375,1.4282444495307849
5621,5621,5.368333333333334,1.438544289311055,1.4278629739833677
5622,5622,5.369999999999999,1.4381628137636375,1.4278629739833677
5623,5623,5.371666666666668,1.43778133821622,1.4282444495307849
5624,5624,5.373333333333333,1.43778133821622,1.4278629739833677
5625,5625,5.375,1.4373998626688027,1.4278629739833677
5626,5626,5.376666666666667,1.4373998626688027,1.42748149843595
5627,5627,5.378333333333334,1.4373998626688027,1.42748149843595
5628,5628,5.380000000000001,1.4373998626688027,1.42748149843595
5629,5629,5.381666666666668,1.4370183871213853,1.42748149843595
5630,5630,5.383333333333336,1.4370183871213853,1.4271000228885329
5631,5631,5.385,1.4370183871213853,1.4271000228885329
5632,5632,5.386666666666667,1.4370183871213853,1.4271000228885329
5633,5633,5.388333333333334,1.4370183871213853,1.4271000228885329
5634,5634,5.390000000000001,1.4370183871213853,1.4271000228885329
5635,5635,5.3916666666666675,1.436636911573968,1.4267185473411153
5636,5636,5.393333333333334,1.436636911573968,1.4267185473411153
5637,5637,5.395,1.436636911573968,1.4271000228885329
5638,5638,5.396666666666668,1.436636911573968,1.4267185473411153
5639,5639,5.398333333333332,1.436636911573968,1.4263370717936978
5640,5640,5.4,1.4362554360265505,1.4259555962462804
5641,5641,5.401666666666667,1.4362554360265505,1.4259555962462804
5642,5642,5.403333333333334,1.4362554360265505,1.4259555962462804
5643,5643,5.404999999999999,1.435873960479133,1.4259555962462804
5644,5644,5.406666666666668,1.4362554360265505,1.4259555962462804
5645,5645,5.408333333333333,1.435873960479133,1.4259555962462804
5646,5646,5.41,1.435873960479133,1.4259555962462804
5647,5647,5.411666666666667,1.435873960479133,1.425574120698863
5648,5648,5.413333333333334,1.4354924849317157,1.425574120698863
5649,5649,5.414999999999999,1.4354924849317157,1.425574120698863
5650,5650,5.416666666666668,1.4351110093842985,1.4251926451514456
5651,5651,5.4183333333333366,1.4351110093842985,1.425574120698863
5652,5652,5.42,1.4351110093842985,1.4251926451514456
5653,5653,5.421666666666667,1.4347295338368808,1.4251926451514456
5654,5654,5.423333333333334,1.4351110093842985,1.4251926451514456
5655,5655,5.425000000000001,1.4347295338368808,1.4248111696040282
5656,5656,5.426666666666668,1.4347295338368808,1.4248111696040282
5657,5657,5.428333333333336,1.4347295338368808,1.4248111696040282
5658,5658,5.43,1.4347295338368808,1.4248111696040282
5659,5659,5.431666666666667,1.4347295338368808,1.4248111696040282
5660,5660,5.433333333333334,1.4347295338368808,1.4244296940566108
5661,5661,5.4350000000000005,1.4343480582894634,1.4244296940566108
5662,5662,5.436666666666667,1.4347295338368808,1.4244296940566108
5663,5663,5.438333333333334,1.4343480582894634,1.4248111696040282
5664,5664,5.4399999999999995,1.4339665827420458,1.4244296940566108
5665,5665,5.441666666666666,1.4339665827420458,1.4240482185091934
5666,5666,5.443333333333333,1.4339665827420458,1.4244296940566108
5667,5667,5.445,1.4339665827420458,1.4240482185091934
5668,5668,5.446666666666667,1.4339665827420458,1.4240482185091934
5669,5669,5.448333333333334,1.4339665827420458,1.4240482185091934
5670,5670,5.449999999999999,1.4335851071946286,1.423666742961776
5671,5671,5.451666666666668,1.4335851071946286,1.4240482185091934
5672,5672,5.453333333333333,1.4339665827420458,1.4240482185091934
5673,5673,5.455,1.4335851071946286,1.4240482185091934
5674,5674,5.456666666666667,1.4332036316472112,1.423666742961776
5675,5675,5.458333333333334,1.4332036316472112,1.423666742961776
5676,5676,5.460000000000001,1.4335851071946286,1.423666742961776
5677,5677,5.461666666666668,1.4335851071946286,1.423666742961776
5678,5678,5.4633333333333365,1.4335851071946286,1.423666742961776
5679,5679,5.465,1.4328221560997938,1.423666742961776
5680,5680,5.466666666666667,1.4328221560997938,1.4229037918669412
5681,5681,5.468333333333334,1.4328221560997938,1.423666742961776
5682,5682,5.470000000000001,1.4328221560997938,1.4232852674143586
5683,5683,5.471666666666668,1.4328221560997938,1.4232852674143586
5684,5684,5.4733333333333345,1.4324406805523764,1.4232852674143586
5685,5685,5.475,1.4324406805523764,1.4229037918669412
5686,5686,5.476666666666668,1.4324406805523764,1.4232852674143586
5687,5687,5.478333333333332,1.4324406805523764,1.4232852674143586
5688,5688,5.48,1.4324406805523764,1.4232852674143586
5689,5689,5.481666666666667,1.4320592050049592,1.4229037918669412
5690,5690,5.483333333333334,1.4320592050049592,1.4229037918669412
5691,5691,5.484999999999999,1.4320592050049592,1.4229037918669412
5692,5692,5.486666666666668,1.4320592050049592,1.4229037918669412
5693,5693,5.488333333333333,1.4316777294575416,1.4229037918669412
5694,5694,5.49,1.4320592050049592,1.4229037918669412
5695,5695,5.491666666666667,1.4316777294575416,1.4225223163195235
5696,5696,5.493333333333334,1.4316777294575416,1.4229037918669412
5697,5697,5.494999999999999,1.4316777294575416,1.4229037918669412
5698,5698,5.496666666666668,1.4312962539101242,1.4229037918669412
5699,5699,5.498333333333333,1.4312962539101242,1.4229037918669412
5700,5700,5.5,1.4312962539101242,1.4229037918669412
5701,5701,5.501666666666667,1.4312962539101242,1.4229037918669412
5702,5702,5.503333333333334,1.4312962539101242,1.4229037918669412
5703,5703,5.505000000000001,1.4312962539101242,1.4229037918669412
5704,5704,5.506666666666668,1.4312962539101242,1.4229037918669412
5705,5705,5.508333333333336,1.4309147783627068,1.4229037918669412
5706,5706,5.51,1.4309147783627068,1.4229037918669412
5707,5707,5.511666666666667,1.4309147783627068,1.4229037918669412
5708,5708,5.513333333333334,1.4309147783627068,1.4229037918669412
5709,5709,5.515000000000001,1.4309147783627068,1.4229037918669412
5710,5710,5.5166666666666675,1.4305333028152891,1.4229037918669412
5711,5711,5.518333333333334,1.4305333028152891,1.4229037918669412
5712,5712,5.52,1.4305333028152891,1.4229037918669412
5713,5713,5.521666666666668,1.4305333028152891,1.4232852674143586
5714,5714,5.523333333333332,1.4305333028152891,1.4232852674143586
5715,5715,5.525,1.4297703517204543,1.4229037918669412
5716,5716,5.526666666666667,1.4297703517204543,1.4232852674143586
5717,5717,5.528333333333334,1.4297703517204543,1.4232852674143586
5718,5718,5.529999999999999,1.4297703517204543,1.4232852674143586
5719,5719,5.531666666666668,1.4297703517204543,1.4232852674143586
5720,5720,5.533333333333333,1.4297703517204543,1.4232852674143586
5721,5721,5.535,1.4297703517204543,1.4232852674143586
5722,5722,5.536666666666667,1.4293888761730371,1.423666742961776
5723,5723,5.538333333333334,1.4297703517204543,1.423666742961776
5724,5724,5.539999999999999,1.4293888761730371,1.423666742961776
5725,5725,5.541666666666668,1.4290074006256197,1.4232852674143586
5726,5726,5.5433333333333366,1.4290074006256197,1.4240482185091934
5727,5727,5.545,1.4293888761730371,1.4240482185091934
5728,5728,5.546666666666667,1.4290074006256197,1.4240482185091934
5729,5729,5.548333333333334,1.4290074006256197,1.4240482185091934
5730,5730,5.550000000000001,1.4286259250782023,1.423666742961776
5731,5731,5.551666666666668,1.4290074006256197,1.4240482185091934
5732,5732,5.553333333333336,1.4290074006256197,1.4240482185091934
5733,5733,5.555,1.4286259250782023,1.4240482185091934
5734,5734,5.556666666666667,1.4286259250782023,1.4240482185091934
5735,5735,5.558333333333334,1.4286259250782023,1.4240482185091934
5736,5736,5.5600000000000005,1.4286259250782023,1.4244296940566108
5737,5737,5.561666666666667,1.4286259250782023,1.4244296940566108
5738,5738,5.563333333333334,1.4282444495307849,1.4244296940566108
5739,5739,5.5649999999999995,1.4282444495307849,1.4244296940566108
5740,5740,5.566666666666666,1.4282444495307849,1.4240482185091934
5741,5741,5.568333333333333,1.4282444495307849,1.4244296940566108
5742,5742,5.57,1.4282444495307849,1.4244296940566108
5743,5743,5.571666666666667,1.4282444495307849,1.4244296940566108
5744,5744,5.573333333333334,1.4282444495307849,1.4248111696040282
5745,5745,5.574999999999999,1.4278629739833677,1.4248111696040282
5746,5746,5.576666666666668,1.4282444495307849,1.4248111696040282
5747,5747,5.578333333333333,1.4282444495307849,1.4248111696040282
5748,5748,5.58,1.4278629739833677,1.4248111696040282
5749,5749,5.581666666666667,1.4282444495307849,1.4248111696040282
5750,5750,5.583333333333334,1.4278629739833677,1.4248111696040282
5751,5751,5.585000000000001,1.4278629739833677,1.4248111696040282
5752,5752,5.586666666666668,1.4278629739833677,1.4251926451514456
5753,5753,5.5883333333333365,1.4278629739833677,1.4251926451514456
5754,5754,5.59,1.4278629739833677,1.4251926451514456
5755,5755,5.591666666666667,1.4278629739833677,1.4251926451514456
5756,5756,5.593333333333334,1.42748149843595,1.4251926451514456
5757,5757,5.595000000000001,1.42748149843595,1.4251926451514456
5758,5758,5.596666666666668,1.4278629739833677,1.425574120698863
5759,5759,5.5983333333333345,1.4278629739833677,1.4251926451514456
5760,5760,5.6,1.4271000228885329,1.4251926451514456
5761,5761,5.601666666666668,1.42748149843595,1.425574120698863
5762,5762,5.603333333333332,1.42748149843595,1.425574120698863
5763,5763,5.605,1.4278629739833677,1.4259555962462804
5764,5764,5.606666666666667,1.42748149843595,1.425574120698863
5765,5765,5.608333333333334,1.42748149843595,1.425574120698863
5766,5766,5.609999999999999,1.4278629739833677,1.4259555962462804
5767,5767,5.611666666666668,1.42748149843595,1.425574120698863
5768,5768,5.613333333333333,1.42748149843595,1.4259555962462804
5769,5769,5.615,1.42748149843595,1.4259555962462804
5770,5770,5.616666666666667,1.4271000228885329,1.4259555962462804
5771,5771,5.618333333333334,1.42748149843595,1.4259555962462804
5772,5772,5.619999999999999,1.4271000228885329,1.4263370717936978
5773,5773,5.621666666666668,1.42748149843595,1.4259555962462804
5774,5774,5.623333333333333,1.4271000228885329,1.4263370717936978
5775,5775,5.625,1.4271000228885329,1.4263370717936978
5776,5776,5.626666666666667,1.42748149843595,1.4263370717936978
5777,5777,5.628333333333334,1.42748149843595,1.4263370717936978
5778,5778,5.630000000000001,1.42748149843595,1.4267185473411153
5779,5779,5.631666666666668,1.42748149843595,1.4267185473411153
5780,5780,5.633333333333336,1.4271000228885329,1.4263370717936978
5781,5781,5.635,1.4271000228885329,1.4271000228885329
5782,5782,5.636666666666667,1.4278629739833677,1.4267185473411153
5783,5783,5.638333333333334,1.42748149843595,1.4267185473411153
5784,5784,5.640000000000001,1.42748149843595,1.4271000228885329
5785,5785,5.6416666666666675,1.42748149843595,1.4267185473411153
5786,5786,5.643333333333334,1.4278629739833677,1.4271000228885329
5787,5787,5.645,1.42748149843595,1.4271000228885329
5788,5788,5.646666666666668,1.4278629739833677,1.4271000228885329
5789,5789,5.648333333333332,1.42748149843595,1.4271000228885329
5790,5790,5.65,1.42748149843595,1.4271000228885329
5791,5791,5.651666666666667,1.4278629739833677,1.42748149843595
5792,5792,5.653333333333334,1.4278629739833677,1.4271000228885329
5793,5793,5.654999999999999,1.4278629739833677,1.42748149843595
5794,5794,5.656666666666668,1.4278629739833677,1.42748149843595
5795,5795,5.658333333333333,1.42748149843595,1.4271000228885329
5796,5796,5.66,1.4278629739833677,1.42748149843595
5797,5797,5.661666666666667,1.4278629739833677,1.4278629739833677
5798,5798,5.663333333333334,1.4278629739833677,1.42748149843595
5799,5799,5.664999999999999,1.4278629739833677,1.4278629739833677
5800,5800,5.666666666666668,1.4278629739833677,1.4278629739833677
5801,5801,5.6683333333333366,1.4282444495307849,1.4278629739833677
5802,5802,5.67,1.4278629739833677,1.4278629739833677
5803,5803,5.671666666666667,1.4282444495307849,1.4278629739833677
5804,5804,5.673333333333334,1.4278629739833677,1.4282444495307849
5805,5805,5.675000000000001,1.4278629739833677,1.4278629739833677
5806,5806,5.676666666666668,1.4282444495307849,1.4282444495307849
5807,5807,5.678333333333336,1.4282444495307849,1.4282444495307849
5808,5808,5.68,1.4282444495307849,1.4282444495307849
5809,5809,5.681666666666667,1.4278629739833677,1.4282444495307849
5810,5810,5.683333333333334,1.4282444495307849,1.4282444495307849
5811,5811,5.6850000000000005,1.4282444495307849,1.4282444495307849
5812,5812,5.686666666666667,1.4282444495307849,1.4286259250782023
5813,5813,5.688333333333334,1.4282444495307849,1.4282444495307849
5814,5814,5.6899999999999995,1.4282444495307849,1.4286259250782023
5815,5815,5.691666666666666,1.4282444495307849,1.4290074006256197
5816,5816,5.693333333333333,1.4282444495307849,1.4290074006256197
5817,5817,5.695,1.4282444495307849,1.4290074006256197
5818,5818,5.696666666666667,1.4282444495307849,1.4290074006256197
5819,5819,5.698333333333334,1.4282444495307849,1.4293888761730371
5820,5820,5.699999999999999,1.4278629739833677,1.4293888761730371
5821,5821,5.701666666666668,1.4282444495307849,1.4293888761730371
5822,5822,5.703333333333333,1.4282444495307849,1.4297703517204543
5823,5823,5.705,1.4282444495307849,1.4293888761730371
5824,5824,5.706666666666667,1.4282444495307849,1.4293888761730371
5825,5825,5.708333333333334,1.4282444495307849,1.4293888761730371
5826,5826,5.710000000000001,1.4286259250782023,1.4297703517204543
5827,5827,5.711666666666668,1.4282444495307849,1.4297703517204543
5828,5828,5.7133333333333365,1.4286259250782023,1.4297703517204543
5829,5829,5.715,1.4282444495307849,1.4297703517204543
5830,5830,5.716666666666667,1.4282444495307849,1.4297703517204543
5831,5831,5.718333333333334,1.4282444495307849,1.4301518272678717
5832,5832,5.720000000000001,1.4286259250782023,1.4301518272678717
5833,5833,5.721666666666668,1.4286259250782023,1.4301518272678717
5834,5834,5.7233333333333345,1.4286259250782023,1.4301518272678717
5835,5835,5.725,1.4282444495307849,1.4301518272678717
5836,5836,5.726666666666668,1.4286259250782023,1.4305333028152891
5837,5837,5.728333333333332,1.4286259250782023,1.4305333028152891
5838,5838,5.73,1.4286259250782023,1.4305333028152891
5839,5839,5.731666666666667,1.4286259250782023,1.4301518272678717
5840,5840,5.733333333333334,1.4286259250782023,1.4301518272678717
5841,5841,5.734999999999999,1.4286259250782023,1.4305333028152891
5842,5842,5.736666666666668,1.4286259250782023,1.4305333028152891
5843,5843,5.738333333333333,1.4290074006256197,1.4305333028152891
5844,5844,5.74,1.4286259250782023,1.4305333028152891
5845,5845,5.741666666666667,1.4286259250782023,1.4305333028152891
5846,5846,5.743333333333334,1.4290074006256197,1.4309147783627068
5847,5847,5.744999999999999,1.4290074006256197,1.4305333028152891
5848,5848,5.746666666666668,1.4286259250782023,1.4309147783627068
5849,5849,5.748333333333333,1.4286259250782023,1.4309147783627068
5850,5850,5.75,1.4286259250782023,1.4309147783627068
5851,5851,5.751666666666667,1.4290074006256197,1.4309147783627068
5852,5852,5.753333333333334,1.4290074006256197,1.4309147783627068
5853,5853,5.755000000000001,1.4290074006256197,1.4309147783627068
5854,5854,5.756666666666668,1.4286259250782023,1.4309147783627068
5855,5855,5.758333333333336,1.4290074006256197,1.4309147783627068
5856,5856,5.76,1.4290074006256197,1.4309147783627068
5857,5857,5.761666666666667,1.4290074006256197,1.4309147783627068
5858,5858,5.763333333333334,1.4290074006256197,1.4309147783627068
5859,5859,5.765000000000001,1.4290074006256197,1.4309147783627068
5860,5860,5.7666666666666675,1.4290074006256197,1.4309147783627068
5861,5861,5.768333333333334,1.4290074006256197,1.4309147783627068
5862,5862,5.77,1.4293888761730371,1.4309147783627068
5863,5863,5.771666666666668,1.4293888761730371,1.4309147783627068
5864,5864,5.773333333333332,1.4293888761730371,1.4309147783627068
5865,5865,5.775,1.4290074006256197,1.4309147783627068
5866,5866,5.776666666666667,1.4293888761730371,1.4309147783627068
5867,5867,5.778333333333334,1.4293888761730371,1.4309147783627068
5868,5868,5.779999999999999,1.4293888761730371,1.4309147783627068
5869,5869,5.781666666666668,1.4293888761730371,1.4312962539101242
5870,5870,5.783333333333333,1.4293888761730371,1.4309147783627068
5871,5871,5.785,1.4293888761730371,1.4312962539101242
5872,5872,5.786666666666667,1.4297703517204543,1.4309147783627068
5873,5873,5.788333333333334,1.4297703517204543,1.4309147783627068
5874,5874,5.789999999999999,1.4297703517204543,1.4312962539101242
5875,5875,5.791666666666668,1.4293888761730371,1.4312962539101242
5876,5876,5.7933333333333366,1.4297703517204543,1.4309147783627068
5877,5877,5.795,1.4297703517204543,1.4309147783627068
5878,5878,5.796666666666667,1.4297703517204543,1.4309147783627068
5879,5879,5.798333333333334,1.4297703517204543,1.4309147783627068
5880,5880,5.800000000000001,1.4297703517204543,1.4309147783627068
5881,5881,5.801666666666668,1.4297703517204543,1.4309147783627068
5882,5882,5.803333333333336,1.4301518272678717,1.4309147783627068
5883,5883,5.805,1.4297703517204543,1.4309147783627068
5884,5884,5.806666666666667,1.4301518272678717,1.4309147783627068
5885,5885,5.808333333333334,1.4293888761730371,1.4309147783627068
5886,5886,5.8100000000000005,1.4297703517204543,1.4309147783627068
5887,5887,5.811666666666667,1.4301518272678717,1.4309147783627068
5888,5888,5.813333333333334,1.4301518272678717,1.4309147783627068
5889,5889,5.8149999999999995,1.4297703517204543,1.4309147783627068
5890,5890,5.816666666666666,1.4301518272678717,1.4309147783627068
5891,5891,5.818333333333333,1.4301518272678717,1.4305333028152891
5892,5892,5.82,1.4301518272678717,1.4309147783627068
5893,5893,5.821666666666667,1.4301518272678717,1.4309147783627068
5894,5894,5.823333333333334,1.4301518272678717,1.4309147783627068
5895,5895,5.824999999999999,1.4301518272678717,1.4305333028152891
5896,5896,5.826666666666668,1.4301518272678717,1.4309147783627068
5897,5897,5.828333333333333,1.4301518272678717,1.4309147783627068
5898,5898,5.83,1.4301518272678717,1.4305333028152891
5899,5899,5.831666666666667,1.4301518272678717,1.4309147783627068
5900,5900,5.833333333333334,1.4301518272678717,1.4305333028152891
5901,5901,5.835000000000001,1.4301518272678717,1.4309147783627068
5902,5902,5.836666666666668,1.4301518272678717,1.4305333028152891
5903,5903,5.8383333333333365,1.4297703517204543,1.4309147783627068
5904,5904,5.84,1.4301518272678717,1.4305333028152891
5905,5905,5.841666666666667,1.4301518272678717,1.4305333028152891
5906,5906,5.843333333333334,1.4301518272678717,1.4305333028152891
5907,5907,5.845000000000001,1.4301518272678717,1.4305333028152891
5908,5908,5.846666666666668,1.4297703517204543,1.4305333028152891
5909,5909,5.8483333333333345,1.4297703517204543,1.4305333028152891
5910,5910,5.85,1.4297703517204543,1.4301518272678717
5911,5911,5.851666666666668,1.4301518272678717,1.4301518272678717
5912,5912,5.853333333333332,1.4301518272678717,1.4301518272678717
5913,5913,5.855,1.4297703517204543,1.4305333028152891
5914,5914,5.856666666666667,1.4297703517204543,1.4301518272678717
5915,5915,5.858333333333334,1.4293888761730371,1.4297703517204543
5916,5916,5.859999999999999,1.4293888761730371,1.4301518272678717
5917,5917,5.861666666666668,1.4297703517204543,1.4301518272678717
5918,5918,5.863333333333333,1.4293888761730371,1.4301518272678717
5919,5919,5.865,1.4293888761730371,1.4301518272678717
5920,5920,5.866666666666667,1.4293888761730371,1.4297703517204543
5921,5921,5.868333333333334,1.4293888761730371,1.4297703517204543
5922,5922,5.869999999999999,1.4293888761730371,1.4297703517204543
5923,5923,5.871666666666668,1.4293888761730371,1.4297703517204543
5924,5924,5.873333333333337,1.4290074006256197,1.4297703517204543
5925,5925,5.875,1.4290074006256197,1.4293888761730371
5926,5926,5.876666666666667,1.4290074006256197,1.4293888761730371
5927,5927,5.878333333333334,1.4290074006256197,1.4293888761730371
5928,5928,5.880000000000001,1.4290074006256197,1.4297703517204543
5929,5929,5.881666666666668,1.4290074006256197,1.4290074006256197
5930,5930,5.883333333333336,1.4286259250782023,1.4293888761730371
5931,5931,5.885,1.4290074006256197,1.4290074006256197
5932,5932,5.886666666666667,1.4290074006256197,1.4290074006256197
5933,5933,5.888333333333334,1.4286259250782023,1.4290074006256197
5934,5934,5.890000000000001,1.4286259250782023,1.4286259250782023
5935,5935,5.8916666666666675,1.4286259250782023,1.4282444495307849
5936,5936,5.893333333333334,1.4282444495307849,1.4286259250782023
5937,5937,5.895,1.4286259250782023,1.4282444495307849
5938,5938,5.896666666666668,1.4282444495307849,1.4282444495307849
5939,5939,5.898333333333332,1.4282444495307849,1.4282444495307849
5940,5940,5.9,1.4282444495307849,1.4278629739833677
5941,5941,5.901666666666667,1.4282444495307849,1.4278629739833677
5942,5942,5.903333333333334,1.4282444495307849,1.4278629739833677
5943,5943,5.904999999999999,1.4278629739833677,1.4278629739833677
5944,5944,5.906666666666668,1.4278629739833677,1.4278629739833677
5945,5945,5.908333333333333,1.4278629739833677,1.42748149843595
5946,5946,5.91,1.42748149843595,1.42748149843595
5947,5947,5.911666666666667,1.42748149843595,1.42748149843595
5948,5948,5.913333333333334,1.4271000228885329,1.42748149843595
5949,5949,5.914999999999999,1.4271000228885329,1.42748149843595
5950,5950,5.916666666666668,1.4267185473411153,1.4271000228885329
5951,5951,5.9183333333333366,1.4271000228885329,1.4267185473411153
5952,5952,5.92,1.4267185473411153,1.4267185473411153
5953,5953,5.921666666666667,1.4267185473411153,1.4267185473411153
5954,5954,5.923333333333334,1.4267185473411153,1.4263370717936978
5955,5955,5.925000000000001,1.4263370717936978,1.4259555962462804
5956,5956,5.926666666666668,1.4263370717936978,1.4259555962462804
5957,5957,5.928333333333336,1.4263370717936978,1.4259555962462804
5958,5958,5.93,1.4263370717936978,1.4259555962462804
5959,5959,5.931666666666667,1.4259555962462804,1.425574120698863
5960,5960,5.933333333333334,1.4259555962462804,1.425574120698863
5961,5961,5.9350000000000005,1.4259555962462804,1.425574120698863
5962,5962,5.936666666666667,1.4259555962462804,1.4251926451514456
5963,5963,5.938333333333334,1.425574120698863,1.4251926451514456
5964,5964,5.9399999999999995,1.4251926451514456,1.4251926451514456
5965,5965,5.941666666666666,1.4251926451514456,1.4248111696040282
5966,5966,5.943333333333333,1.4251926451514456,1.4248111696040282
5967,5967,5.945,1.4251926451514456,1.4248111696040282
5968,5968,5.946666666666667,1.4248111696040282,1.4244296940566108
5969,5969,5.948333333333334,1.4244296940566108,1.4244296940566108
5970,5970,5.949999999999999,1.4240482185091934,1.4244296940566108
5971,5971,5.951666666666668,1.4240482185091934,1.4240482185091934
5972,5972,5.953333333333333,1.4240482185091934,1.4240482185091934
5973,5973,5.955,1.423666742961776,1.4240482185091934
5974,5974,5.956666666666667,1.423666742961776,1.423666742961776
5975,5975,5.958333333333334,1.423666742961776,1.4229037918669412
5976,5976,5.960000000000001,1.4232852674143586,1.4232852674143586
5977,5977,5.961666666666668,1.4232852674143586,1.4229037918669412
5978,5978,5.9633333333333365,1.4232852674143586,1.4229037918669412
5979,5979,5.965,1.4229037918669412,1.4229037918669412
5980,5980,5.966666666666667,1.4225223163195235,1.4225223163195235
5981,5981,5.968333333333334,1.4225223163195235,1.4225223163195235
5982,5982,5.970000000000001,1.4221408407721063,1.4221408407721063
5983,5983,5.971666666666668,1.421759365224689,1.421759365224689
5984,5984,5.9733333333333345,1.421759365224689,1.4221408407721063
5985,5985,5.975,1.421759365224689,1.421759365224689
5986,5986,5.976666666666668,1.4213778896772715,1.421759365224689
5987,5987,5.978333333333332,1.420996414129854,1.4213778896772715
5988,5988,5.98,1.420996414129854,1.4213778896772715
5989,5989,5.981666666666667,1.4206149385824367,1.4213778896772715
5990,5990,5.983333333333334,1.4206149385824367,1.4206149385824367
5991,5991,5.984999999999999,1.4202334630350193,1.4206149385824367
5992,5992,5.986666666666668,1.4202334630350193,1.4202334630350193
5993,5993,5.988333333333333,1.419851987487602,1.4202334630350193
5994,5994,5.99,1.4194705119401845,1.419851987487602
5995,5995,5.991666666666667,1.4194705119401845,1.4194705119401845
5996,5996,5.993333333333334,1.4190890363927668,1.4194705119401845
5997,5997,5.994999999999999,1.4190890363927668,1.4190890363927668
5998,5998,5.996666666666668,1.4187075608453497,1.4190890363927668
5999,5999,5.998333333333337,1.4183260852979322,1.4190890363927668
