,Unnamed: 0,Unnamed: 0.1,time,discharge_pressure,suction_pressure
2400,2400,2400,0.0,1.5667200732433049,1.7433432516975662
2401,2401,2401,0.0016666666666669272,1.5663385976958877,1.7433432516975662
2402,2402,2402,0.0033333333333338544,1.5667200732433049,1.7433432516975662
2403,2403,2403,0.004999999999999893,1.5667200732433049,1.7433432516975662
2404,2404,2404,0.006666666666666821,1.5663385976958877,1.7433432516975662
2405,2405,2405,0.008333333333333748,1.5663385976958877,1.7429617761501488
2406,2406,2406,0.010000000000001563,1.5667200732433049,1.7433432516975662
2407,2407,2407,0.011666666666666714,1.5663385976958877,1.7429617761501488
2408,2408,2408,0.013333333333333641,1.5667200732433049,1.7429617761501488
2409,2409,2409,0.015000000000001457,1.5663385976958877,1.7429617761501488
2410,2410,2410,0.016666666666666607,1.5663385976958877,1.7425803006027314
2411,2411,2411,0.018333333333333535,1.5659571221484705,1.7425803006027314
2412,2412,2412,0.020000000000000462,1.5659571221484705,1.7425803006027314
2413,2413,2413,0.0216666666666665,1.5663385976958877,1.742198825055314
2414,2414,2414,0.023333333333333428,1.5659571221484705,1.742198825055314
2415,2415,2415,0.025000000000000355,1.5659571221484705,1.742198825055314
2416,2416,2416,0.026666666666667282,1.5659571221484705,1.742198825055314
2417,2417,2417,0.02833333333333332,1.5659571221484705,1.742198825055314
2418,2418,2418,0.03000000000000025,1.5659571221484705,1.742198825055314
2419,2419,2419,0.031666666666667176,1.5659571221484705,1.7418173495078966
2420,2420,2420,0.033333333333333215,1.5659571221484705,1.7418173495078966
2421,2421,2421,0.03500000000000014,1.5659571221484705,1.7418173495078966
2422,2422,2422,0.03666666666666707,1.5655756466010529,1.7418173495078966
2423,2423,2423,0.038333333333333997,1.5655756466010529,1.7418173495078966
2424,2424,2424,0.040000000000000036,1.5655756466010529,1.7418173495078966
2425,2425,2425,0.04166666666666696,1.5651941710536357,1.7414358739604792
2426,2426,2426,0.04333333333333389,1.5655756466010529,1.7414358739604792
2427,2427,2427,0.04499999999999993,1.5651941710536357,1.7414358739604792
2428,2428,2428,0.046666666666666856,1.5655756466010529,1.7414358739604792
2429,2429,2429,0.04833333333333378,1.5651941710536357,1.7414358739604792
2430,2430,2430,0.04999999999999982,1.564812695506218,1.7410543984130618
2431,2431,2431,0.05166666666666675,1.5651941710536357,1.7410543984130618
2432,2432,2432,0.05333333333333368,1.564812695506218,1.7410543984130618
2433,2433,2433,0.05500000000000149,1.564812695506218,1.7410543984130618
2434,2434,2434,0.05666666666666664,1.5644312199588006,1.7410543984130618
2435,2435,2435,0.05833333333333357,1.5644312199588006,1.7410543984130618
2436,2436,2436,0.0600000000000005,1.5644312199588006,1.7410543984130618
2437,2437,2437,0.061666666666666536,1.5644312199588006,1.7410543984130618
2438,2438,2438,0.06333333333333346,1.5644312199588006,1.7406729228656443
2439,2439,2439,0.06500000000000039,1.5644312199588006,1.7406729228656443
2440,2440,2440,0.06666666666666643,1.5636682688639658,1.7402914473182267
2441,2441,2441,0.06833333333333336,1.5640497444113832,1.7406729228656443
2442,2442,2442,0.07000000000000028,1.5640497444113832,1.7402914473182267
2443,2443,2443,0.07166666666666721,1.5636682688639658,1.7406729228656443
2444,2444,2444,0.07333333333333325,1.5640497444113832,1.7402914473182267
2445,2445,2445,0.07500000000000018,1.5636682688639658,1.7402914473182267
2446,2446,2446,0.0766666666666671,1.5636682688639658,1.7399099717708095
2447,2447,2447,0.07833333333333403,1.5636682688639658,1.7399099717708095
2448,2448,2448,0.08000000000000007,1.5636682688639658,1.7399099717708095
2449,2449,2449,0.081666666666667,1.5636682688639658,1.739528496223392
2450,2450,2450,0.08333333333333393,1.5632867933165484,1.739528496223392
2451,2451,2451,0.08499999999999996,1.5632867933165484,1.7399099717708095
2452,2452,2452,0.08666666666666689,1.5632867933165484,1.739528496223392
2453,2453,2453,0.08833333333333382,1.5629053177691308,1.739528496223392
2454,2454,2454,0.08999999999999986,1.5629053177691308,1.739528496223392
2455,2455,2455,0.09166666666666679,1.5625238422217136,1.739528496223392
2456,2456,2456,0.09333333333333371,1.5629053177691308,1.7391470206759747
2457,2457,2457,0.09500000000000153,1.5629053177691308,1.7391470206759747
2458,2458,2458,0.09666666666666668,1.5625238422217136,1.7391470206759747
2459,2459,2459,0.0983333333333336,1.5625238422217136,1.7391470206759747
2460,2460,2460,0.10000000000000053,1.5625238422217136,1.7391470206759747
2461,2461,2461,0.10166666666666657,1.5621423666742962,1.7391470206759747
2462,2462,2462,0.1033333333333335,1.5621423666742962,1.7387655451285573
2463,2463,2463,0.10500000000000043,1.5617608911268788,1.7391470206759747
2464,2464,2464,0.10666666666666647,1.5621423666742962,1.7387655451285573
2465,2465,2465,0.10833333333333339,1.5617608911268788,1.7387655451285573
2466,2466,2466,0.11000000000000032,1.5613794155794614,1.7387655451285573
2467,2467,2467,0.11166666666666725,1.5613794155794614,1.7387655451285573
2468,2468,2468,0.11333333333333329,1.5613794155794614,1.73838406958114
2469,2469,2469,0.11500000000000021,1.5613794155794614,1.73838406958114
2470,2470,2470,0.11666666666666714,1.560997940032044,1.73838406958114
2471,2471,2471,0.11833333333333318,1.5613794155794614,1.73838406958114
2472,2472,2472,0.1200000000000001,1.560997940032044,1.73838406958114
2473,2473,2473,0.12166666666666703,1.560997940032044,1.73838406958114
2474,2474,2474,0.12333333333333396,1.560997940032044,1.73838406958114
2475,2475,2475,0.125,1.5606164644846263,1.7380025940337225
2476,2476,2476,0.12666666666666693,1.5606164644846263,1.7380025940337225
2477,2477,2477,0.12833333333333385,1.5606164644846263,1.7380025940337225
2478,2478,2478,0.1299999999999999,1.5602349889372091,1.7380025940337225
2479,2479,2479,0.13166666666666682,1.5602349889372091,1.7380025940337225
2480,2480,2480,0.13333333333333375,1.5602349889372091,1.7376211184863048
2481,2481,2481,0.13500000000000156,1.5602349889372091,1.7380025940337225
2482,2482,2482,0.13666666666666671,1.5598535133897915,1.7376211184863048
2483,2483,2483,0.13833333333333364,1.5602349889372091,1.7376211184863048
2484,2484,2484,0.14000000000000146,1.5598535133897915,1.7376211184863048
2485,2485,2485,0.1416666666666666,1.5594720378423743,1.7376211184863048
2486,2486,2486,0.14333333333333353,1.5598535133897915,1.7376211184863048
2487,2487,2487,0.14500000000000046,1.5594720378423743,1.7372396429388877
2488,2488,2488,0.1466666666666665,1.559090562294957,1.7372396429388877
2489,2489,2489,0.14833333333333343,1.559090562294957,1.7368581673914705
2490,2490,2490,0.15000000000000036,1.5587090867475395,1.7368581673914705
2491,2491,2491,0.15166666666666728,1.5587090867475395,1.7368581673914705
2492,2492,2492,0.15333333333333332,1.5587090867475395,1.7364766918440528
2493,2493,2493,0.15500000000000025,1.558327611200122,1.7364766918440528
2494,2494,2494,0.15666666666666718,1.558327611200122,1.7368581673914705
2495,2495,2495,0.15833333333333321,1.558327611200122,1.7364766918440528
2496,2496,2496,0.16000000000000014,1.558327611200122,1.7364766918440528
2497,2497,2497,0.16166666666666707,1.558327611200122,1.7364766918440528
2498,2498,2498,0.163333333333334,1.558327611200122,1.7360952162966354
2499,2499,2499,0.16500000000000004,1.558327611200122,1.7364766918440528
2500,2500,2500,0.16666666666666696,1.5579461356527051,1.7360952162966354
2501,2501,2501,0.1683333333333339,1.5579461356527051,1.7360952162966354
2502,2502,2502,0.16999999999999993,1.5575646601052873,1.7357137407492182
2503,2503,2503,0.17166666666666686,1.5575646601052873,1.7360952162966354
2504,2504,2504,0.17333333333333378,1.5575646601052873,1.7357137407492182
2505,2505,2505,0.1750000000000016,1.5575646601052873,1.7357137407492182
2506,2506,2506,0.17666666666666675,1.5575646601052873,1.7357137407492182
2507,2507,2507,0.17833333333333368,1.55718318455787,1.7357137407492182
2508,2508,2508,0.1800000000000015,1.55718318455787,1.7353322652018006
2509,2509,2509,0.18166666666666664,1.55718318455787,1.7353322652018006
2510,2510,2510,0.18333333333333357,1.5568017090104525,1.7353322652018006
2511,2511,2511,0.1850000000000005,1.5568017090104525,1.7353322652018006
2512,2512,2512,0.18666666666666654,1.5568017090104525,1.7353322652018006
2513,2513,2513,0.18833333333333346,1.5568017090104525,1.7349507896543832
2514,2514,2514,0.1900000000000004,1.5564202334630348,1.7349507896543832
2515,2515,2515,0.19166666666666643,1.5564202334630348,1.7345693141069658
2516,2516,2516,0.19333333333333336,1.5564202334630348,1.7345693141069658
2517,2517,2517,0.19500000000000028,1.5560387579156176,1.7345693141069658
2518,2518,2518,0.1966666666666672,1.5560387579156176,1.7341878385595484
2519,2519,2519,0.19833333333333325,1.5556572823682002,1.7345693141069658
2520,2520,2520,0.20000000000000018,1.5556572823682002,1.7341878385595484
2521,2521,2521,0.2016666666666671,1.5556572823682002,1.7341878385595484
2522,2522,2522,0.20333333333333403,1.5552758068207828,1.7338063630121308
2523,2523,2523,0.20500000000000007,1.5552758068207828,1.7338063630121308
2524,2524,2524,0.206666666666667,1.5552758068207828,1.7341878385595484
2525,2525,2525,0.20833333333333393,1.5548943312733654,1.7334248874647136
2526,2526,2526,0.20999999999999996,1.5548943312733654,1.7338063630121308
2527,2527,2527,0.2116666666666669,1.5548943312733654,1.7334248874647136
2528,2528,2528,0.21333333333333382,1.5548943312733654,1.7334248874647136
2529,2529,2529,0.21499999999999986,1.5548943312733654,1.7334248874647136
2530,2530,2530,0.21666666666666679,1.5545128557259482,1.7334248874647136
2531,2531,2531,0.2183333333333337,1.5545128557259482,1.7330434119172962
2532,2532,2532,0.22000000000000153,1.5541313801785306,1.7330434119172962
2533,2533,2533,0.22166666666666668,1.5541313801785306,1.7330434119172962
2534,2534,2534,0.2233333333333336,1.5541313801785306,1.7330434119172962
2535,2535,2535,0.22500000000000053,1.5537499046311132,1.7326619363698788
2536,2536,2536,0.22666666666666657,1.5537499046311132,1.7326619363698788
2537,2537,2537,0.2283333333333335,1.5537499046311132,1.7326619363698788
2538,2538,2538,0.23000000000000043,1.5541313801785306,1.7326619363698788
2539,2539,2539,0.23166666666666647,1.5533684290836958,1.7326619363698788
2540,2540,2540,0.2333333333333334,1.5533684290836958,1.731898985275044
2541,2541,2541,0.23500000000000032,1.5533684290836958,1.7322804608224611
2542,2542,2542,0.23666666666666725,1.5533684290836958,1.731898985275044
2543,2543,2543,0.23833333333333329,1.5529869535362784,1.731898985275044
2544,2544,2544,0.2400000000000002,1.5529869535362784,1.731898985275044
2545,2545,2545,0.24166666666666714,1.552605477988861,1.7315175097276263
2546,2546,2546,0.24333333333333318,1.5529869535362784,1.7315175097276263
2547,2547,2547,0.2450000000000001,1.5529869535362784,1.7315175097276263
2548,2548,2548,0.24666666666666703,1.552605477988861,1.7315175097276263
2549,2549,2549,0.24833333333333396,1.552605477988861,1.7311360341802091
2550,2550,2550,0.25,1.5522240024414435,1.7311360341802091
2551,2551,2551,0.2516666666666669,1.552605477988861,1.7311360341802091
2552,2552,2552,0.25333333333333385,1.5522240024414435,1.7311360341802091
2553,2553,2553,0.2549999999999999,1.5522240024414435,1.7307545586327917
2554,2554,2554,0.2566666666666668,1.5522240024414435,1.7307545586327917
2555,2555,2555,0.25833333333333375,1.551842526894026,1.7303730830853743
2556,2556,2556,0.26000000000000156,1.551842526894026,1.7307545586327917
2557,2557,2557,0.2616666666666667,1.5514610513466087,1.7303730830853743
2558,2558,2558,0.26333333333333364,1.551842526894026,1.7303730830853743
2559,2559,2559,0.26500000000000146,1.5514610513466087,1.7303730830853743
2560,2560,2560,0.2666666666666666,1.5514610513466087,1.7303730830853743
2561,2561,2561,0.26833333333333353,1.551079575799191,1.7299916075379569
2562,2562,2562,0.27000000000000046,1.551079575799191,1.7299916075379569
2563,2563,2563,0.2716666666666665,1.5503166247043565,1.7299916075379569
2564,2564,2564,0.27333333333333343,1.550698100251774,1.7299916075379569
2565,2565,2565,0.27500000000000036,1.5503166247043565,1.7296101319905397
2566,2566,2566,0.2766666666666673,1.5503166247043565,1.7296101319905397
2567,2567,2567,0.2783333333333333,1.5503166247043565,1.7296101319905397
2568,2568,2568,0.28000000000000025,1.549935149156939,1.7296101319905397
2569,2569,2569,0.2816666666666672,1.549935149156939,1.7296101319905397
2570,2570,2570,0.2833333333333332,1.549935149156939,1.7292286564431216
2571,2571,2571,0.28500000000000014,1.5495536736095217,1.7296101319905397
2572,2572,2572,0.28666666666666707,1.5495536736095217,1.7292286564431216
2573,2573,2573,0.288333333333334,1.5491721980621045,1.7292286564431216
2574,2574,2574,0.29000000000000004,1.5491721980621045,1.7292286564431216
2575,2575,2575,0.29166666666666696,1.5487907225146869,1.7288471808957049
2576,2576,2576,0.2933333333333339,1.5487907225146869,1.7288471808957049
2577,2577,2577,0.29499999999999993,1.5487907225146869,1.7288471808957049
2578,2578,2578,0.29666666666666686,1.5484092469672694,1.7284657053482873
2579,2579,2579,0.2983333333333338,1.5484092469672694,1.7284657053482873
2580,2580,2580,0.3000000000000016,1.5480277714198518,1.7284657053482873
2581,2581,2581,0.30166666666666675,1.5480277714198518,1.7284657053482873
2582,2582,2582,0.3033333333333337,1.5476462958724346,1.7280842298008698
2583,2583,2583,0.3050000000000015,1.5476462958724346,1.7280842298008698
2584,2584,2584,0.30666666666666664,1.5476462958724346,1.7280842298008698
2585,2585,2585,0.30833333333333357,1.5472648203250172,1.7280842298008698
2586,2586,2586,0.3100000000000005,1.5472648203250172,1.7280842298008698
2587,2587,2587,0.31166666666666654,1.5468833447775998,1.7277027542534524
2588,2588,2588,0.31333333333333346,1.5468833447775998,1.7277027542534524
2589,2589,2589,0.3150000000000004,1.5468833447775998,1.7277027542534524
2590,2590,2590,0.31666666666666643,1.5461203936827648,1.727321278706035
2591,2591,2591,0.31833333333333336,1.5465018692301824,1.7277027542534524
2592,2592,2592,0.3200000000000003,1.5461203936827648,1.727321278706035
2593,2593,2593,0.3216666666666672,1.5457389181353476,1.727321278706035
2594,2594,2594,0.32333333333333325,1.5457389181353476,1.727321278706035
2595,2595,2595,0.3250000000000002,1.5457389181353476,1.7269398031586176
2596,2596,2596,0.3266666666666671,1.5453574425879302,1.7269398031586176
2597,2597,2597,0.32833333333333403,1.5453574425879302,1.7269398031586176
2598,2598,2598,0.33000000000000007,1.5453574425879302,1.7265583276112002
2599,2599,2599,0.331666666666667,1.5453574425879302,1.7265583276112002
2600,2600,2600,0.3333333333333339,1.5449759670405128,1.7261768520637828
2601,2601,2601,0.33499999999999996,1.5449759670405128,1.7261768520637828
2602,2602,2602,0.3366666666666669,1.5449759670405128,1.7261768520637828
2603,2603,2603,0.3383333333333338,1.5445944914930954,1.7257953765163654
2604,2604,2604,0.33999999999999986,1.5445944914930954,1.7254139009689482
2605,2605,2605,0.3416666666666668,1.5445944914930954,1.7254139009689482
2606,2606,2606,0.3433333333333337,1.5445944914930954,1.7254139009689482
2607,2607,2607,0.3450000000000015,1.5445944914930954,1.7254139009689482
2608,2608,2608,0.3466666666666667,1.5445944914930954,1.7254139009689482
2609,2609,2609,0.3483333333333336,1.5442130159456784,1.7250324254215306
2610,2610,2610,0.35000000000000053,1.5442130159456784,1.7250324254215306
2611,2611,2611,0.35166666666666657,1.5442130159456784,1.7250324254215306
2612,2612,2612,0.3533333333333335,1.5442130159456784,1.7250324254215306
2613,2613,2613,0.3550000000000004,1.5442130159456784,1.7246509498741132
2614,2614,2614,0.35666666666666647,1.5442130159456784,1.7246509498741132
2615,2615,2615,0.3583333333333334,1.5438315403982603,1.7246509498741132
2616,2616,2616,0.3600000000000003,1.5442130159456784,1.7246509498741132
2617,2617,2617,0.36166666666666725,1.5442130159456784,1.7242694743266958
2618,2618,2618,0.3633333333333333,1.5442130159456784,1.7242694743266958
2619,2619,2619,0.3650000000000002,1.5442130159456784,1.7242694743266958
2620,2620,2620,0.36666666666666714,1.5442130159456784,1.7238879987792783
2621,2621,2621,0.3683333333333332,1.5438315403982603,1.7242694743266958
2622,2622,2622,0.3700000000000001,1.5442130159456784,1.7238879987792783
2623,2623,2623,0.37166666666666703,1.5442130159456784,1.7238879987792783
2624,2624,2624,0.37333333333333396,1.5442130159456784,1.7238879987792783
2625,2625,2625,0.375,1.5442130159456784,1.7235065232318607
2626,2626,2626,0.3766666666666669,1.5438315403982603,1.7235065232318607
2627,2627,2627,0.37833333333333385,1.5442130159456784,1.7231250476844435
2628,2628,2628,0.3799999999999999,1.5442130159456784,1.7231250476844435
2629,2629,2629,0.3816666666666668,1.5442130159456784,1.722743572137026
2630,2630,2630,0.38333333333333375,1.5438315403982603,1.722743572137026
2631,2631,2631,0.38500000000000156,1.5442130159456784,1.722743572137026
2632,2632,2632,0.3866666666666667,1.5442130159456784,1.722743572137026
2633,2633,2633,0.38833333333333364,1.5442130159456784,1.7223620965896087
2634,2634,2634,0.39000000000000146,1.5442130159456784,1.7223620965896087
2635,2635,2635,0.3916666666666666,1.5442130159456784,1.7223620965896087
2636,2636,2636,0.39333333333333353,1.5445944914930954,1.7219806210421913
2637,2637,2637,0.39500000000000046,1.5445944914930954,1.7223620965896087
2638,2638,2638,0.3966666666666665,1.5445944914930954,1.7219806210421913
2639,2639,2639,0.39833333333333343,1.5445944914930954,1.7219806210421913
2640,2640,2640,0.40000000000000036,1.5445944914930954,1.7215991454947743
2641,2641,2641,0.4016666666666673,1.5445944914930954,1.7215991454947743
2642,2642,2642,0.4033333333333333,1.5445944914930954,1.7212176699473565
2643,2643,2643,0.40500000000000025,1.5445944914930954,1.7212176699473565
2644,2644,2644,0.4066666666666672,1.5445944914930954,1.7212176699473565
2645,2645,2645,0.4083333333333332,1.5445944914930954,1.7212176699473565
2646,2646,2646,0.41000000000000014,1.5449759670405128,1.7204547188525217
2647,2647,2647,0.41166666666666707,1.5449759670405128,1.7204547188525217
2648,2648,2648,0.413333333333334,1.5445944914930954,1.7200732433051042
2649,2649,2649,0.41500000000000004,1.5449759670405128,1.7200732433051042
2650,2650,2650,0.41666666666666696,1.5449759670405128,1.7196917677576868
2651,2651,2651,0.4183333333333339,1.5445944914930954,1.7196917677576868
2652,2652,2652,0.41999999999999993,1.5445944914930954,1.7196917677576868
2653,2653,2653,0.42166666666666686,1.5445944914930954,1.7196917677576868
2654,2654,2654,0.4233333333333338,1.5449759670405128,1.7193102922102694
2655,2655,2655,0.4250000000000016,1.5445944914930954,1.7189288166628518
2656,2656,2656,0.42666666666666675,1.5445944914930954,1.7185473411154346
2657,2657,2657,0.4283333333333337,1.5449759670405128,1.7189288166628518
2658,2658,2658,0.4300000000000015,1.5449759670405128,1.7185473411154346
2659,2659,2659,0.43166666666666664,1.5445944914930954,1.7181658655680172
2660,2660,2660,0.43333333333333357,1.5445944914930954,1.7177843900205998
2661,2661,2661,0.4350000000000005,1.5445944914930954,1.7177843900205998
2662,2662,2662,0.43666666666666654,1.5445944914930954,1.7177843900205998
2663,2663,2663,0.43833333333333346,1.5445944914930954,1.7177843900205998
2664,2664,2664,0.4400000000000004,1.5445944914930954,1.7174029144731824
2665,2665,2665,0.44166666666666643,1.5442130159456784,1.7174029144731824
2666,2666,2666,0.44333333333333336,1.5445944914930954,1.7174029144731824
2667,2667,2667,0.4450000000000003,1.5442130159456784,1.7170214389257648
2668,2668,2668,0.4466666666666672,1.5445944914930954,1.7170214389257648
2669,2669,2669,0.44833333333333325,1.5442130159456784,1.7166399633783476
2670,2670,2670,0.4500000000000002,1.5442130159456784,1.7166399633783476
2671,2671,2671,0.4516666666666671,1.5442130159456784,1.7166399633783476
2672,2672,2672,0.45333333333333403,1.5442130159456784,1.7162584878309302
2673,2673,2673,0.45500000000000007,1.5442130159456784,1.7162584878309302
2674,2674,2674,0.456666666666667,1.5442130159456784,1.7162584878309302
2675,2675,2675,0.4583333333333339,1.5438315403982603,1.7158770122835127
2676,2676,2676,0.45999999999999996,1.5442130159456784,1.7162584878309302
2677,2677,2677,0.4616666666666669,1.5438315403982603,1.7158770122835127
2678,2678,2678,0.4633333333333338,1.5438315403982603,1.7158770122835127
2679,2679,2679,0.46499999999999986,1.5438315403982603,1.7158770122835127
2680,2680,2680,0.4666666666666668,1.5434500648508431,1.7154955367360951
2681,2681,2681,0.4683333333333337,1.5438315403982603,1.7154955367360951
2682,2682,2682,0.4700000000000015,1.5438315403982603,1.7154955367360951
2683,2683,2683,0.4716666666666667,1.5434500648508431,1.7154955367360951
2684,2684,2684,0.4733333333333336,1.5434500648508431,1.7154955367360951
2685,2685,2685,0.47500000000000053,1.5430685893034255,1.7151140611886782
2686,2686,2686,0.47666666666666657,1.5434500648508431,1.7154955367360951
2687,2687,2687,0.4783333333333335,1.5430685893034255,1.7151140611886782
2688,2688,2688,0.4800000000000004,1.5430685893034255,1.7151140611886782
2689,2689,2689,0.48166666666666647,1.5430685893034255,1.7151140611886782
2690,2690,2690,0.4833333333333334,1.5430685893034255,1.7147325856412603
2691,2691,2691,0.4850000000000003,1.5430685893034255,1.7154955367360951
2692,2692,2692,0.48666666666666725,1.5426871137560083,1.7151140611886782
2693,2693,2693,0.4883333333333333,1.5430685893034255,1.7147325856412603
2694,2694,2694,0.4900000000000002,1.5430685893034255,1.7151140611886782
2695,2695,2695,0.49166666666666714,1.542305638208591,1.7147325856412603
2696,2696,2696,0.4933333333333332,1.5426871137560083,1.7154955367360951
2697,2697,2697,0.4950000000000001,1.5426871137560083,1.7154955367360951
2698,2698,2698,0.49666666666666703,1.5426871137560083,1.7151140611886782
2699,2699,2699,0.49833333333333396,1.5426871137560083,1.7151140611886782
2700,2700,2700,0.5,1.542305638208591,1.7151140611886782
2701,2701,2701,0.5016666666666669,1.5426871137560083,1.7151140611886782
2702,2702,2702,0.5033333333333339,1.5426871137560083,1.7151140611886782
2703,2703,2703,0.5049999999999999,1.542305638208591,1.7151140611886782
2704,2704,2704,0.5066666666666668,1.5426871137560083,1.7151140611886782
2705,2705,2705,0.5083333333333337,1.542305638208591,1.7154955367360951
2706,2706,2706,0.5100000000000016,1.542305638208591,1.7154955367360951
2707,2707,2707,0.5116666666666667,1.542305638208591,1.7154955367360951
2708,2708,2708,0.5133333333333336,1.542305638208591,1.7151140611886782
2709,2709,2709,0.5150000000000015,1.5419241626611735,1.7154955367360951
2710,2710,2710,0.5166666666666666,1.5419241626611735,1.7158770122835127
2711,2711,2711,0.5183333333333335,1.5419241626611735,1.7154955367360951
2712,2712,2712,0.5200000000000005,1.5419241626611735,1.7158770122835127
2713,2713,2713,0.5216666666666665,1.5419241626611735,1.7154955367360951
2714,2714,2714,0.5233333333333334,1.5419241626611735,1.7158770122835127
2715,2715,2715,0.5250000000000004,1.541542687113756,1.7158770122835127
2716,2716,2716,0.5266666666666673,1.541542687113756,1.7162584878309302
2717,2717,2717,0.5283333333333333,1.5419241626611735,1.7162584878309302
2718,2718,2718,0.5300000000000002,1.541542687113756,1.7158770122835127
2719,2719,2719,0.5316666666666672,1.541542687113756,1.7166399633783476
2720,2720,2720,0.5333333333333332,1.541542687113756,1.7162584878309302
2721,2721,2721,0.5350000000000001,1.541542687113756,1.7162584878309302
2722,2722,2722,0.5366666666666671,1.5411612115663391,1.7162584878309302
2723,2723,2723,0.538333333333334,1.5411612115663391,1.7162584878309302
2724,2724,2724,0.54,1.5411612115663391,1.7162584878309302
2725,2725,2725,0.541666666666667,1.5411612115663391,1.7162584878309302
2726,2726,2726,0.5433333333333339,1.5407797360189213,1.7162584878309302
2727,2727,2727,0.5449999999999999,1.5407797360189213,1.7166399633783476
2728,2728,2728,0.5466666666666669,1.5407797360189213,1.7166399633783476
2729,2729,2729,0.5483333333333338,1.5407797360189213,1.7166399633783476
2730,2730,2730,0.5500000000000016,1.5407797360189213,1.7166399633783476
2731,2731,2731,0.5516666666666667,1.540398260471504,1.7166399633783476
2732,2732,2732,0.5533333333333337,1.540398260471504,1.7170214389257648
2733,2733,2733,0.5550000000000015,1.540398260471504,1.7170214389257648
2734,2734,2734,0.5566666666666666,1.540398260471504,1.7170214389257648
2735,2735,2735,0.5583333333333336,1.5400167849240864,1.7166399633783476
2736,2736,2736,0.5600000000000005,1.540398260471504,1.7170214389257648
2737,2737,2737,0.5616666666666665,1.5400167849240864,1.7170214389257648
2738,2738,2738,0.5633333333333335,1.5400167849240864,1.7170214389257648
2739,2739,2739,0.5650000000000004,1.5400167849240864,1.7170214389257648
2740,2740,2740,0.5666666666666664,1.5400167849240864,1.7174029144731824
2741,2741,2741,0.5683333333333334,1.5400167849240864,1.7170214389257648
2742,2742,2742,0.5700000000000003,1.5400167849240864,1.7174029144731824
2743,2743,2743,0.5716666666666672,1.5400167849240864,1.7174029144731824
2744,2744,2744,0.5733333333333333,1.539635309376669,1.7174029144731824
2745,2745,2745,0.5750000000000002,1.539635309376669,1.7174029144731824
2746,2746,2746,0.5766666666666671,1.539635309376669,1.7174029144731824
2747,2747,2747,0.578333333333334,1.539635309376669,1.7177843900205998
2748,2748,2748,0.5800000000000001,1.539635309376669,1.7181658655680172
2749,2749,2749,0.581666666666667,1.539635309376669,1.7181658655680172
2750,2750,2750,0.5833333333333339,1.5392538338292516,1.7177843900205998
2751,2751,2751,0.585,1.5392538338292516,1.7181658655680172
2752,2752,2752,0.5866666666666669,1.5392538338292516,1.7181658655680172
2753,2753,2753,0.5883333333333338,1.5392538338292516,1.7185473411154346
2754,2754,2754,0.5899999999999999,1.5392538338292516,1.7185473411154346
2755,2755,2755,0.5916666666666668,1.5392538338292516,1.7185473411154346
2756,2756,2756,0.5933333333333337,1.5392538338292516,1.7189288166628518
2757,2757,2757,0.5950000000000015,1.5388723582818342,1.7189288166628518
2758,2758,2758,0.5966666666666667,1.5392538338292516,1.7185473411154346
2759,2759,2759,0.5983333333333336,1.5392538338292516,1.7189288166628518
2760,2760,2760,0.6000000000000005,1.5388723582818342,1.7189288166628518
2761,2761,2761,0.6016666666666666,1.5388723582818342,1.7189288166628518
2762,2762,2762,0.6033333333333335,1.5388723582818342,1.7189288166628518
2763,2763,2763,0.6050000000000004,1.5388723582818342,1.7189288166628518
2764,2764,2764,0.6066666666666665,1.5388723582818342,1.7189288166628518
2765,2765,2765,0.6083333333333334,1.5384908827344168,1.7189288166628518
2766,2766,2766,0.6100000000000003,1.5388723582818342,1.7193102922102694
2767,2767,2767,0.6116666666666672,1.5388723582818342,1.7189288166628518
2768,2768,2768,0.6133333333333333,1.5388723582818342,1.7189288166628518
2769,2769,2769,0.6150000000000002,1.5388723582818342,1.7193102922102694
2770,2770,2770,0.6166666666666671,1.5381094071869994,1.7189288166628518
2771,2771,2771,0.6183333333333341,1.5384908827344168,1.7193102922102694
2772,2772,2772,0.6200000000000001,1.5384908827344168,1.7189288166628518
2773,2773,2773,0.621666666666667,1.5384908827344168,1.7189288166628518
2774,2774,2774,0.623333333333334,1.5384908827344168,1.7189288166628518
2775,2775,2775,0.625,1.5381094071869994,1.7189288166628518
2776,2776,2776,0.6266666666666669,1.5381094071869994,1.7189288166628518
2777,2777,2777,0.6283333333333339,1.5381094071869994,1.7189288166628518
2778,2778,2778,0.6299999999999999,1.5381094071869994,1.7189288166628518
2779,2779,2779,0.6316666666666668,1.5381094071869994,1.7189288166628518
2780,2780,2780,0.6333333333333337,1.537727931639582,1.7189288166628518
2781,2781,2781,0.6350000000000016,1.5381094071869994,1.7189288166628518
2782,2782,2782,0.6366666666666667,1.537727931639582,1.7185473411154346
2783,2783,2783,0.6383333333333336,1.537727931639582,1.7185473411154346
2784,2784,2784,0.6400000000000015,1.5381094071869994,1.7185473411154346
2785,2785,2785,0.6416666666666666,1.537727931639582,1.7185473411154346
2786,2786,2786,0.6433333333333335,1.537727931639582,1.7185473411154346
2787,2787,2787,0.6450000000000005,1.5373464560921646,1.7185473411154346
2788,2788,2788,0.6466666666666665,1.537727931639582,1.7181658655680172
2789,2789,2789,0.6483333333333334,1.537727931639582,1.7181658655680172
2790,2790,2790,0.6500000000000004,1.537727931639582,1.7177843900205998
2791,2791,2791,0.6516666666666673,1.537727931639582,1.7177843900205998
2792,2792,2792,0.6533333333333333,1.5373464560921646,1.7177843900205998
2793,2793,2793,0.6550000000000002,1.537727931639582,1.7177843900205998
2794,2794,2794,0.6566666666666672,1.5373464560921646,1.7174029144731824
2795,2795,2795,0.6583333333333332,1.5373464560921646,1.7174029144731824
2796,2796,2796,0.6600000000000001,1.5373464560921646,1.7174029144731824
2797,2797,2797,0.6616666666666671,1.537727931639582,1.7170214389257648
2798,2798,2798,0.663333333333334,1.5373464560921646,1.7170214389257648
2799,2799,2799,0.665,1.537727931639582,1.7170214389257648
2800,2800,2800,0.666666666666667,1.5373464560921646,1.7166399633783476
2801,2801,2801,0.6683333333333339,1.5373464560921646,1.7166399633783476
2802,2802,2802,0.6699999999999999,1.5373464560921646,1.7166399633783476
2803,2803,2803,0.6716666666666669,1.5373464560921646,1.7162584878309302
2804,2804,2804,0.6733333333333338,1.537727931639582,1.7162584878309302
2805,2805,2805,0.6750000000000016,1.5373464560921646,1.7162584878309302
2806,2806,2806,0.6766666666666667,1.537727931639582,1.7162584878309302
2807,2807,2807,0.6783333333333337,1.537727931639582,1.7158770122835127
2808,2808,2808,0.6800000000000015,1.5381094071869994,1.7158770122835127
2809,2809,2809,0.6816666666666666,1.537727931639582,1.7154955367360951
2810,2810,2810,0.6833333333333336,1.5381094071869994,1.7151140611886782
2811,2811,2811,0.6850000000000005,1.5384908827344168,1.7151140611886782
2812,2812,2812,0.6866666666666665,1.5381094071869994,1.7151140611886782
2813,2813,2813,0.6883333333333335,1.5381094071869994,1.7147325856412603
2814,2814,2814,0.6900000000000004,1.5384908827344168,1.7147325856412603
2815,2815,2815,0.6916666666666664,1.5384908827344168,1.7143511100938431
2816,2816,2816,0.6933333333333334,1.5388723582818342,1.7143511100938431
2817,2817,2817,0.6950000000000003,1.5388723582818342,1.7143511100938431
2818,2818,2818,0.6966666666666672,1.5388723582818342,1.7143511100938431
2819,2819,2819,0.6983333333333333,1.5388723582818342,1.7139696345464257
2820,2820,2820,0.7000000000000002,1.5388723582818342,1.7139696345464257
2821,2821,2821,0.7016666666666671,1.5388723582818342,1.7139696345464257
2822,2822,2822,0.703333333333334,1.5392538338292516,1.7135881589990083
2823,2823,2823,0.7050000000000001,1.5392538338292516,1.7135881589990083
2824,2824,2824,0.706666666666667,1.5392538338292516,1.7135881589990083
2825,2825,2825,0.7083333333333339,1.5392538338292516,1.7132066834515909
2826,2826,2826,0.71,1.5392538338292516,1.7135881589990083
2827,2827,2827,0.7116666666666669,1.5392538338292516,1.7135881589990083
2828,2828,2828,0.7133333333333338,1.5392538338292516,1.7132066834515909
2829,2829,2829,0.7150000000000016,1.539635309376669,1.7132066834515909
2830,2830,2830,0.7166666666666668,1.539635309376669,1.7128252079041737
2831,2831,2831,0.7183333333333337,1.539635309376669,1.7128252079041737
2832,2832,2832,0.7200000000000015,1.5400167849240864,1.7128252079041737
2833,2833,2833,0.7216666666666667,1.5400167849240864,1.7128252079041737
2834,2834,2834,0.7233333333333336,1.5400167849240864,1.7128252079041737
2835,2835,2835,0.7250000000000005,1.539635309376669,1.7124437323567558
2836,2836,2836,0.7266666666666666,1.5400167849240864,1.7124437323567558
2837,2837,2837,0.7283333333333335,1.5400167849240864,1.7120622568093389
2838,2838,2838,0.7300000000000004,1.539635309376669,1.7120622568093389
2839,2839,2839,0.7316666666666665,1.5400167849240864,1.7120622568093389
2840,2840,2840,0.7333333333333334,1.5400167849240864,1.7120622568093389
2841,2841,2841,0.7350000000000003,1.5400167849240864,1.7120622568093389
2842,2842,2842,0.7366666666666672,1.5400167849240864,1.7120622568093389
2843,2843,2843,0.7383333333333333,1.5400167849240864,1.7116807812619212
2844,2844,2844,0.7400000000000002,1.5400167849240864,1.7120622568093389
2845,2845,2845,0.7416666666666671,1.539635309376669,1.7116807812619212
2846,2846,2846,0.7433333333333341,1.5400167849240864,1.7116807812619212
2847,2847,2847,0.7450000000000001,1.5400167849240864,1.7116807812619212
2848,2848,2848,0.746666666666667,1.5400167849240864,1.7116807812619212
2849,2849,2849,0.748333333333334,1.5400167849240864,1.7116807812619212
2850,2850,2850,0.75,1.5400167849240864,1.7112993057145038
2851,2851,2851,0.7516666666666669,1.5400167849240864,1.7112993057145038
2852,2852,2852,0.7533333333333339,1.5400167849240864,1.7112993057145038
2853,2853,2853,0.7549999999999999,1.539635309376669,1.7112993057145038
2854,2854,2854,0.7566666666666668,1.539635309376669,1.7112993057145038
2855,2855,2855,0.7583333333333337,1.539635309376669,1.7109178301670864
2856,2856,2856,0.7600000000000016,1.539635309376669,1.7109178301670864
2857,2857,2857,0.7616666666666667,1.5392538338292516,1.7109178301670864
2858,2858,2858,0.7633333333333336,1.539635309376669,1.7109178301670864
2859,2859,2859,0.7650000000000015,1.539635309376669,1.7109178301670864
2860,2860,2860,0.7666666666666666,1.5388723582818342,1.710536354619669
2861,2861,2861,0.7683333333333335,1.5392538338292516,1.7109178301670864
2862,2862,2862,0.7700000000000005,1.5392538338292516,1.710536354619669
2863,2863,2863,0.7716666666666665,1.5392538338292516,1.710536354619669
2864,2864,2864,0.7733333333333334,1.5388723582818342,1.710536354619669
2865,2865,2865,0.7750000000000004,1.5388723582818342,1.710536354619669
2866,2866,2866,0.7766666666666673,1.5384908827344168,1.7101548790722516
2867,2867,2867,0.7783333333333333,1.5384908827344168,1.710536354619669
2868,2868,2868,0.7800000000000002,1.5384908827344168,1.7101548790722516
2869,2869,2869,0.7816666666666672,1.5384908827344168,1.7101548790722516
2870,2870,2870,0.7833333333333332,1.5381094071869994,1.7101548790722516
2871,2871,2871,0.7850000000000001,1.5381094071869994,1.7101548790722516
2872,2872,2872,0.7866666666666671,1.5381094071869994,1.7097734035248342
2873,2873,2873,0.788333333333334,1.537727931639582,1.7097734035248342
2874,2874,2874,0.79,1.5373464560921646,1.7097734035248342
2875,2875,2875,0.791666666666667,1.5373464560921646,1.7097734035248342
2876,2876,2876,0.7933333333333339,1.5373464560921646,1.7097734035248342
2877,2877,2877,0.7949999999999999,1.5373464560921646,1.7093919279774168
2878,2878,2878,0.7966666666666669,1.5373464560921646,1.7097734035248342
2879,2879,2879,0.7983333333333338,1.5369649805447472,1.7097734035248342
2880,2880,2880,0.8000000000000016,1.5369649805447472,1.7090104524299994
2881,2881,2881,0.8016666666666667,1.5369649805447472,1.7093919279774168
2882,2882,2882,0.8033333333333337,1.5369649805447472,1.7093919279774168
2883,2883,2883,0.8050000000000015,1.5369649805447472,1.7093919279774168
2884,2884,2884,0.8066666666666666,1.5369649805447472,1.7093919279774168
2885,2885,2885,0.8083333333333336,1.5365835049973298,1.7093919279774168
2886,2886,2886,0.8100000000000005,1.5365835049973298,1.7093919279774168
2887,2887,2887,0.8116666666666665,1.5362020294499124,1.7093919279774168
2888,2888,2888,0.8133333333333335,1.5362020294499124,1.7093919279774168
2889,2889,2889,0.8150000000000004,1.5362020294499124,1.7093919279774168
2890,2890,2890,0.8166666666666664,1.5362020294499124,1.7090104524299994
2891,2891,2891,0.8183333333333334,1.5362020294499124,1.7093919279774168
2892,2892,2892,0.8200000000000003,1.5358205539024952,1.7090104524299994
2893,2893,2893,0.8216666666666672,1.5362020294499124,1.7090104524299994
2894,2894,2894,0.8233333333333333,1.5362020294499124,1.7090104524299994
2895,2895,2895,0.8250000000000002,1.5358205539024952,1.7090104524299994
2896,2896,2896,0.8266666666666671,1.5358205539024952,1.7090104524299994
2897,2897,2897,0.828333333333334,1.5358205539024952,1.7090104524299994
2898,2898,2898,0.8300000000000001,1.5358205539024952,1.7090104524299994
2899,2899,2899,0.831666666666667,1.5354390783550775,1.7090104524299994
2900,2900,2900,0.8333333333333339,1.53505760280766,1.7086289768825818
2901,2901,2901,0.835,1.5354390783550775,1.7090104524299994
2902,2902,2902,0.8366666666666669,1.5354390783550775,1.7086289768825818
2903,2903,2903,0.8383333333333338,1.53505760280766,1.7086289768825818
2904,2904,2904,0.8400000000000016,1.53505760280766,1.7086289768825818
2905,2905,2905,0.8416666666666668,1.53505760280766,1.7082475013351646
2906,2906,2906,0.8433333333333337,1.53505760280766,1.7086289768825818
2907,2907,2907,0.8450000000000015,1.53505760280766,1.7086289768825818
2908,2908,2908,0.8466666666666667,1.53505760280766,1.7082475013351646
2909,2909,2909,0.8483333333333336,1.53505760280766,1.7082475013351646
2910,2910,2910,0.8500000000000005,1.5346761272602427,1.7082475013351646
2911,2911,2911,0.8516666666666666,1.5346761272602427,1.7082475013351646
2912,2912,2912,0.8533333333333335,1.53505760280766,1.7082475013351646
2913,2913,2913,0.8550000000000004,1.53505760280766,1.7082475013351646
2914,2914,2914,0.8566666666666665,1.53505760280766,1.7082475013351646
2915,2915,2915,0.8583333333333334,1.5346761272602427,1.7078660257877472
2916,2916,2916,0.8600000000000003,1.5346761272602427,1.7082475013351646
2917,2917,2917,0.8616666666666672,1.5346761272602427,1.7082475013351646
2918,2918,2918,0.8633333333333333,1.5346761272602427,1.7078660257877472
2919,2919,2919,0.8650000000000002,1.5346761272602427,1.7078660257877472
2920,2920,2920,0.8666666666666671,1.5346761272602427,1.7074845502403295
2921,2921,2921,0.8683333333333341,1.5346761272602427,1.7074845502403295
2922,2922,2922,0.8700000000000001,1.5346761272602427,1.7074845502403295
2923,2923,2923,0.871666666666667,1.5346761272602427,1.7074845502403295
2924,2924,2924,0.873333333333334,1.5346761272602427,1.7074845502403295
2925,2925,2925,0.875,1.5346761272602427,1.7074845502403295
2926,2926,2926,0.8766666666666669,1.5346761272602427,1.7074845502403295
2927,2927,2927,0.8783333333333339,1.5346761272602427,1.7074845502403295
2928,2928,2928,0.8799999999999999,1.5346761272602427,1.7071030746929123
2929,2929,2929,0.8816666666666668,1.5346761272602427,1.7071030746929123
2930,2930,2930,0.8833333333333337,1.5346761272602427,1.7071030746929123
2931,2931,2931,0.8850000000000016,1.5342946517128253,1.706721599145495
2932,2932,2932,0.8866666666666667,1.5346761272602427,1.7071030746929123
2933,2933,2933,0.8883333333333336,1.5346761272602427,1.706721599145495
2934,2934,2934,0.8900000000000015,1.5346761272602427,1.706721599145495
2935,2935,2935,0.8916666666666666,1.5342946517128253,1.706721599145495
2936,2936,2936,0.8933333333333335,1.5346761272602427,1.706721599145495
2937,2937,2937,0.8950000000000005,1.5346761272602427,1.7063401235980775
2938,2938,2938,0.8966666666666665,1.5346761272602427,1.7063401235980775
2939,2939,2939,0.8983333333333334,1.5342946517128253,1.7063401235980775
2940,2940,2940,0.9000000000000004,1.5342946517128253,1.7063401235980775
2941,2941,2941,0.9016666666666673,1.5342946517128253,1.7063401235980775
2942,2942,2942,0.9033333333333333,1.5346761272602427,1.7063401235980775
2943,2943,2943,0.9050000000000002,1.5342946517128253,1.7063401235980775
2944,2944,2944,0.9066666666666672,1.5342946517128253,1.7063401235980775
2945,2945,2945,0.9083333333333332,1.5342946517128253,1.70595864805066
2946,2946,2946,0.9100000000000001,1.5342946517128253,1.70595864805066
2947,2947,2947,0.9116666666666671,1.5342946517128253,1.70595864805066
2948,2948,2948,0.913333333333334,1.5342946517128253,1.7063401235980775
2949,2949,2949,0.915,1.5342946517128253,1.70595864805066
2950,2950,2950,0.916666666666667,1.5342946517128253,1.70595864805066
2951,2951,2951,0.9183333333333339,1.5346761272602427,1.7063401235980775
2952,2952,2952,0.9199999999999999,1.5342946517128253,1.7063401235980775
2953,2953,2953,0.9216666666666669,1.5342946517128253,1.7063401235980775
2954,2954,2954,0.9233333333333338,1.5342946517128253,1.7063401235980775
2955,2955,2955,0.9250000000000016,1.5342946517128253,1.70595864805066
2956,2956,2956,0.9266666666666667,1.5342946517128253,1.70595864805066
2957,2957,2957,0.9283333333333337,1.5342946517128253,1.7063401235980775
2958,2958,2958,0.9300000000000015,1.533913176165408,1.70595864805066
2959,2959,2959,0.9316666666666666,1.5342946517128253,1.7063401235980775
2960,2960,2960,0.9333333333333336,1.5342946517128253,1.70595864805066
2961,2961,2961,0.9350000000000005,1.533913176165408,1.7063401235980775
2962,2962,2962,0.9366666666666665,1.533913176165408,1.7063401235980775
2963,2963,2963,0.9383333333333335,1.533913176165408,1.7063401235980775
2964,2964,2964,0.9400000000000004,1.533913176165408,1.7063401235980775
2965,2965,2965,0.9416666666666664,1.533913176165408,1.7063401235980775
2966,2966,2966,0.9433333333333334,1.533913176165408,1.7063401235980775
2967,2967,2967,0.9450000000000003,1.533913176165408,1.7063401235980775
2968,2968,2968,0.9466666666666672,1.533913176165408,1.706721599145495
2969,2969,2969,0.9483333333333333,1.533913176165408,1.706721599145495
2970,2970,2970,0.9500000000000002,1.533913176165408,1.7063401235980775
2971,2971,2971,0.9516666666666671,1.533913176165408,1.706721599145495
2972,2972,2972,0.953333333333334,1.5335317006179905,1.706721599145495
2973,2973,2973,0.9550000000000001,1.533913176165408,1.706721599145495
2974,2974,2974,0.956666666666667,1.5335317006179905,1.7063401235980775
2975,2975,2975,0.9583333333333339,1.5335317006179905,1.706721599145495
2976,2976,2976,0.96,1.5335317006179905,1.7071030746929123
2977,2977,2977,0.9616666666666669,1.5335317006179905,1.7071030746929123
2978,2978,2978,0.9633333333333338,1.5335317006179905,1.7071030746929123
2979,2979,2979,0.9650000000000016,1.5335317006179905,1.7071030746929123
2980,2980,2980,0.9666666666666668,1.5331502250705733,1.7071030746929123
2981,2981,2981,0.9683333333333337,1.5331502250705733,1.7074845502403295
2982,2982,2982,0.9700000000000015,1.5331502250705733,1.7074845502403295
2983,2983,2983,0.9716666666666667,1.5331502250705733,1.7074845502403295
2984,2984,2984,0.9733333333333336,1.5331502250705733,1.7078660257877472
2985,2985,2985,0.9750000000000005,1.5323872739757385,1.7074845502403295
2986,2986,2986,0.9766666666666666,1.5327687495231557,1.7078660257877472
2987,2987,2987,0.9783333333333335,1.5323872739757385,1.7078660257877472
2988,2988,2988,0.9800000000000004,1.5327687495231557,1.7078660257877472
2989,2989,2989,0.9816666666666665,1.5331502250705733,1.7082475013351646
2990,2990,2990,0.9833333333333334,1.5323872739757385,1.7078660257877472
2991,2991,2991,0.9850000000000003,1.5323872739757385,1.7082475013351646
2992,2992,2992,0.9866666666666672,1.5323872739757385,1.7086289768825818
2993,2993,2993,0.9883333333333333,1.5323872739757385,1.7082475013351646
2994,2994,2994,0.9900000000000002,1.5323872739757385,1.7086289768825818
2995,2995,2995,0.9916666666666671,1.5323872739757385,1.7086289768825818
2996,2996,2996,0.9933333333333341,1.5323872739757385,1.7086289768825818
2997,2997,2997,0.9950000000000001,1.5320057984283209,1.7090104524299994
2998,2998,2998,0.996666666666667,1.5323872739757385,1.7086289768825818
2999,2999,2999,0.998333333333334,1.5320057984283209,1.7090104524299994
3000,3000,3000,1.0,1.5320057984283209,1.7090104524299994
3001,3001,3001,1.001666666666667,1.5320057984283209,1.7093919279774168
3002,3002,3002,1.0033333333333339,1.5320057984283209,1.7090104524299994
3003,3003,3003,1.005,1.5320057984283209,1.7093919279774168
3004,3004,3004,1.0066666666666668,1.5320057984283209,1.7093919279774168
3005,3005,3005,1.0083333333333337,1.5312428473334858,1.7093919279774168
3006,3006,3006,1.0100000000000016,1.5316243228809034,1.7097734035248342
3007,3007,3007,1.0116666666666667,1.5316243228809034,1.7093919279774168
3008,3008,3008,1.0133333333333336,1.5316243228809034,1.7097734035248342
3009,3009,3009,1.0150000000000015,1.5316243228809034,1.7097734035248342
3010,3010,3010,1.0166666666666666,1.5312428473334858,1.7097734035248342
3011,3011,3011,1.0183333333333335,1.5316243228809034,1.7101548790722516
3012,3012,3012,1.0200000000000005,1.5316243228809034,1.7093919279774168
3013,3013,3013,1.0216666666666665,1.5312428473334858,1.7093919279774168
3014,3014,3014,1.0233333333333334,1.5312428473334858,1.7097734035248342
3015,3015,3015,1.0250000000000004,1.5312428473334858,1.7097734035248342
3016,3016,3016,1.0266666666666673,1.5308613717860686,1.7101548790722516
3017,3017,3017,1.0283333333333333,1.5312428473334858,1.7101548790722516
3018,3018,3018,1.0300000000000002,1.5308613717860686,1.7101548790722516
3019,3019,3019,1.0316666666666672,1.5312428473334858,1.7101548790722516
3020,3020,3020,1.0333333333333332,1.5308613717860686,1.7097734035248342
3021,3021,3021,1.0350000000000001,1.5308613717860686,1.7097734035248342
3022,3022,3022,1.036666666666667,1.5308613717860686,1.7101548790722516
3023,3023,3023,1.038333333333334,1.5308613717860686,1.710536354619669
3024,3024,3024,1.04,1.5308613717860686,1.7101548790722516
3025,3025,3025,1.041666666666667,1.5308613717860686,1.7101548790722516
3026,3026,3026,1.043333333333334,1.5308613717860686,1.710536354619669
3027,3027,3027,1.045,1.5308613717860686,1.710536354619669
3028,3028,3028,1.0466666666666669,1.5308613717860686,1.710536354619669
3029,3029,3029,1.0483333333333338,1.5308613717860686,1.7101548790722516
3030,3030,3030,1.0500000000000016,1.5308613717860686,1.7101548790722516
3031,3031,3031,1.0516666666666667,1.5308613717860686,1.710536354619669
3032,3032,3032,1.0533333333333337,1.5308613717860686,1.710536354619669
3033,3033,3033,1.0550000000000015,1.5308613717860686,1.7101548790722516
3034,3034,3034,1.0566666666666666,1.5308613717860686,1.710536354619669
3035,3035,3035,1.0583333333333336,1.5308613717860686,1.7101548790722516
3036,3036,3036,1.0600000000000005,1.5308613717860686,1.7101548790722516
3037,3037,3037,1.0616666666666665,1.5308613717860686,1.710536354619669
3038,3038,3038,1.0633333333333335,1.5308613717860686,1.7101548790722516
3039,3039,3039,1.0650000000000004,1.5308613717860686,1.710536354619669
3040,3040,3040,1.0666666666666664,1.5308613717860686,1.7101548790722516
3041,3041,3041,1.0683333333333334,1.5308613717860686,1.7101548790722516
3042,3042,3042,1.0700000000000003,1.5308613717860686,1.7101548790722516
3043,3043,3043,1.0716666666666672,1.5308613717860686,1.7101548790722516
3044,3044,3044,1.0733333333333333,1.5308613717860686,1.7101548790722516
3045,3045,3045,1.0750000000000002,1.5308613717860686,1.7101548790722516
3046,3046,3046,1.076666666666667,1.5308613717860686,1.7101548790722516
3047,3047,3047,1.078333333333334,1.5312428473334858,1.7101548790722516
3048,3048,3048,1.08,1.5308613717860686,1.7101548790722516
3049,3049,3049,1.081666666666667,1.5312428473334858,1.7101548790722516
3050,3050,3050,1.083333333333334,1.5308613717860686,1.7101548790722516
3051,3051,3051,1.085,1.5308613717860686,1.7097734035248342
3052,3052,3052,1.086666666666667,1.5308613717860686,1.7101548790722516
3053,3053,3053,1.0883333333333338,1.5308613717860686,1.710536354619669
3054,3054,3054,1.0900000000000016,1.5308613717860686,1.7097734035248342
3055,3055,3055,1.0916666666666668,1.5312428473334858,1.7101548790722516
3056,3056,3056,1.0933333333333337,1.5308613717860686,1.7101548790722516
3057,3057,3057,1.0950000000000015,1.5312428473334858,1.7097734035248342
3058,3058,3058,1.0966666666666667,1.5312428473334858,1.7097734035248342
3059,3059,3059,1.0983333333333336,1.5312428473334858,1.7097734035248342
3060,3060,3060,1.1000000000000005,1.5312428473334858,1.7097734035248342
3061,3061,3061,1.1016666666666666,1.5312428473334858,1.7101548790722516
3062,3062,3062,1.1033333333333335,1.5312428473334858,1.7101548790722516
3063,3063,3063,1.1050000000000004,1.5312428473334858,1.7097734035248342
3064,3064,3064,1.1066666666666665,1.5312428473334858,1.7097734035248342
3065,3065,3065,1.1083333333333334,1.5312428473334858,1.7093919279774168
3066,3066,3066,1.1100000000000003,1.5312428473334858,1.7097734035248342
3067,3067,3067,1.1116666666666672,1.5312428473334858,1.7093919279774168
3068,3068,3068,1.1133333333333333,1.5316243228809034,1.7097734035248342
3069,3069,3069,1.1150000000000002,1.5312428473334858,1.7097734035248342
3070,3070,3070,1.1166666666666671,1.5316243228809034,1.7097734035248342
3071,3071,3071,1.118333333333334,1.5316243228809034,1.7097734035248342
3072,3072,3072,1.12,1.5316243228809034,1.7097734035248342
3073,3073,3073,1.121666666666667,1.5316243228809034,1.7097734035248342
3074,3074,3074,1.123333333333334,1.5312428473334858,1.7097734035248342
3075,3075,3075,1.125,1.5316243228809034,1.7093919279774168
3076,3076,3076,1.126666666666667,1.5316243228809034,1.7093919279774168
3077,3077,3077,1.1283333333333339,1.5316243228809034,1.7093919279774168
3078,3078,3078,1.13,1.5316243228809034,1.7093919279774168
3079,3079,3079,1.1316666666666668,1.5316243228809034,1.7093919279774168
3080,3080,3080,1.1333333333333337,1.5316243228809034,1.7090104524299994
3081,3081,3081,1.1350000000000016,1.5316243228809034,1.7093919279774168
3082,3082,3082,1.1366666666666667,1.5316243228809034,1.7093919279774168
3083,3083,3083,1.1383333333333336,1.5316243228809034,1.7090104524299994
3084,3084,3084,1.1400000000000015,1.5316243228809034,1.7090104524299994
3085,3085,3085,1.1416666666666666,1.5312428473334858,1.7090104524299994
3086,3086,3086,1.1433333333333335,1.5316243228809034,1.7090104524299994
3087,3087,3087,1.1450000000000005,1.5316243228809034,1.7090104524299994
3088,3088,3088,1.1466666666666665,1.5312428473334858,1.7090104524299994
3089,3089,3089,1.1483333333333334,1.5316243228809034,1.7090104524299994
3090,3090,3090,1.1500000000000004,1.5312428473334858,1.7086289768825818
3091,3091,3091,1.1516666666666673,1.5316243228809034,1.7090104524299994
3092,3092,3092,1.1533333333333333,1.5312428473334858,1.7090104524299994
3093,3093,3093,1.1550000000000002,1.5316243228809034,1.7086289768825818
3094,3094,3094,1.1566666666666672,1.5316243228809034,1.7086289768825818
3095,3095,3095,1.158333333333334,1.5312428473334858,1.7086289768825818
3096,3096,3096,1.1600000000000001,1.5316243228809034,1.7086289768825818
3097,3097,3097,1.161666666666667,1.5316243228809034,1.7086289768825818
3098,3098,3098,1.163333333333334,1.5312428473334858,1.7082475013351646
3099,3099,3099,1.165,1.5316243228809034,1.7082475013351646
3100,3100,3100,1.166666666666667,1.5316243228809034,1.7082475013351646
3101,3101,3101,1.168333333333334,1.5316243228809034,1.7082475013351646
3102,3102,3102,1.17,1.5316243228809034,1.7082475013351646
3103,3103,3103,1.1716666666666669,1.5316243228809034,1.7082475013351646
3104,3104,3104,1.1733333333333338,1.5316243228809034,1.7082475013351646
3105,3105,3105,1.1750000000000016,1.5312428473334858,1.7078660257877472
3106,3106,3106,1.1766666666666667,1.5316243228809034,1.7078660257877472
3107,3107,3107,1.1783333333333337,1.5316243228809034,1.7078660257877472
3108,3108,3108,1.1800000000000015,1.5316243228809034,1.7078660257877472
3109,3109,3109,1.1816666666666666,1.5312428473334858,1.7078660257877472
3110,3110,3110,1.1833333333333336,1.5312428473334858,1.7078660257877472
3111,3111,3111,1.1850000000000005,1.5312428473334858,1.7078660257877472
3112,3112,3112,1.1866666666666665,1.5312428473334858,1.7078660257877472
3113,3113,3113,1.1883333333333335,1.5312428473334858,1.7078660257877472
3114,3114,3114,1.1900000000000004,1.5312428473334858,1.7074845502403295
3115,3115,3115,1.1916666666666664,1.5308613717860686,1.7074845502403295
3116,3116,3116,1.1933333333333334,1.5312428473334858,1.7074845502403295
3117,3117,3117,1.1950000000000003,1.5312428473334858,1.7074845502403295
3118,3118,3118,1.1966666666666672,1.5312428473334858,1.7071030746929123
3119,3119,3119,1.1983333333333333,1.5312428473334858,1.7074845502403295
3120,3120,3120,1.2000000000000002,1.5308613717860686,1.7071030746929123
3121,3121,3121,1.201666666666667,1.5312428473334858,1.7071030746929123
3122,3122,3122,1.203333333333334,1.5312428473334858,1.7071030746929123
3123,3123,3123,1.205,1.5308613717860686,1.7071030746929123
3124,3124,3124,1.206666666666667,1.5308613717860686,1.7071030746929123
3125,3125,3125,1.208333333333334,1.5308613717860686,1.706721599145495
3126,3126,3126,1.21,1.5308613717860686,1.706721599145495
3127,3127,3127,1.211666666666667,1.5312428473334858,1.706721599145495
3128,3128,3128,1.2133333333333338,1.5308613717860686,1.706721599145495
3129,3129,3129,1.2150000000000016,1.5308613717860686,1.706721599145495
3130,3130,3130,1.2166666666666668,1.5308613717860686,1.7063401235980775
3131,3131,3131,1.2183333333333337,1.5308613717860686,1.7063401235980775
3132,3132,3132,1.2200000000000015,1.5308613717860686,1.7063401235980775
3133,3133,3133,1.2216666666666667,1.5308613717860686,1.7063401235980775
3134,3134,3134,1.2233333333333336,1.5308613717860686,1.7063401235980775
3135,3135,3135,1.2250000000000005,1.5308613717860686,1.70595864805066
3136,3136,3136,1.2266666666666666,1.5308613717860686,1.7063401235980775
3137,3137,3137,1.2283333333333335,1.5308613717860686,1.7063401235980775
3138,3138,3138,1.2300000000000004,1.5308613717860686,1.70595864805066
3139,3139,3139,1.2316666666666665,1.5308613717860686,1.70595864805066
3140,3140,3140,1.2333333333333334,1.5304798962386512,1.70595864805066
3141,3141,3141,1.2350000000000003,1.5304798962386512,1.70595864805066
3142,3142,3142,1.2366666666666672,1.5304798962386512,1.70595864805066
3143,3143,3143,1.2383333333333333,1.5308613717860686,1.70595864805066
3144,3144,3144,1.2400000000000002,1.5304798962386512,1.70595864805066
3145,3145,3145,1.2416666666666671,1.5300984206912338,1.70595864805066
3146,3146,3146,1.243333333333334,1.5304798962386512,1.70595864805066
3147,3147,3147,1.245,1.5304798962386512,1.7055771725032427
3148,3148,3148,1.246666666666667,1.5304798962386512,1.7055771725032427
3149,3149,3149,1.248333333333334,1.5304798962386512,1.7055771725032427
3150,3150,3150,1.25,1.5300984206912338,1.7055771725032427
3151,3151,3151,1.251666666666667,1.5300984206912338,1.7051956969558253
3152,3152,3152,1.2533333333333339,1.5300984206912338,1.7055771725032427
3153,3153,3153,1.255,1.5300984206912338,1.7055771725032427
3154,3154,3154,1.2566666666666668,1.5300984206912338,1.7051956969558253
3155,3155,3155,1.2583333333333337,1.5297169451438164,1.7051956969558253
3156,3156,3156,1.2600000000000016,1.5297169451438164,1.7051956969558253
3157,3157,3157,1.2616666666666667,1.5297169451438164,1.7051956969558253
3158,3158,3158,1.2633333333333336,1.5297169451438164,1.7051956969558253
3159,3159,3159,1.2650000000000015,1.5297169451438164,1.7051956969558253
3160,3160,3160,1.2666666666666666,1.5297169451438164,1.7051956969558253
3161,3161,3161,1.2683333333333335,1.5297169451438164,1.7048142214084083
3162,3162,3162,1.2700000000000005,1.5297169451438164,1.7051956969558253
3163,3163,3163,1.2716666666666665,1.529335469596399,1.7048142214084083
3164,3164,3164,1.2733333333333334,1.529335469596399,1.7048142214084083
3165,3165,3165,1.2750000000000004,1.529335469596399,1.7048142214084083
3166,3166,3166,1.2766666666666673,1.529335469596399,1.7048142214084083
3167,3167,3167,1.2783333333333333,1.529335469596399,1.7044327458609905
3168,3168,3168,1.2800000000000002,1.529335469596399,1.7048142214084083
3169,3169,3169,1.2816666666666672,1.529335469596399,1.7044327458609905
3170,3170,3170,1.283333333333334,1.529335469596399,1.7044327458609905
3171,3171,3171,1.2850000000000001,1.529335469596399,1.7048142214084083
3172,3172,3172,1.286666666666667,1.529335469596399,1.7044327458609905
3173,3173,3173,1.288333333333334,1.5289539940489816,1.7044327458609905
3174,3174,3174,1.29,1.5289539940489816,1.7040512703135733
3175,3175,3175,1.291666666666667,1.5289539940489816,1.7040512703135733
3176,3176,3176,1.293333333333334,1.5289539940489816,1.7040512703135733
3177,3177,3177,1.295,1.5289539940489816,1.7040512703135733
3178,3178,3178,1.2966666666666669,1.5289539940489816,1.7040512703135733
3179,3179,3179,1.2983333333333338,1.5289539940489816,1.7040512703135733
3180,3180,3180,1.3000000000000016,1.5289539940489816,1.7040512703135733
3181,3181,3181,1.3016666666666667,1.5289539940489816,1.7036697947661557
3182,3182,3182,1.3033333333333337,1.5289539940489816,1.7036697947661557
3183,3183,3183,1.3050000000000015,1.5285725185015642,1.7036697947661557
3184,3184,3184,1.3066666666666666,1.5285725185015642,1.7040512703135733
3185,3185,3185,1.3083333333333336,1.5285725185015642,1.7036697947661557
3186,3186,3186,1.3100000000000005,1.5285725185015642,1.7040512703135733
3187,3187,3187,1.3116666666666665,1.5285725185015642,1.7036697947661557
3188,3188,3188,1.3133333333333335,1.5285725185015642,1.7036697947661557
3189,3189,3189,1.3150000000000004,1.5285725185015642,1.7036697947661557
3190,3190,3190,1.3166666666666664,1.5281910429541468,1.7032883192187382
3191,3191,3191,1.3183333333333334,1.5285725185015642,1.7032883192187382
3192,3192,3192,1.3200000000000003,1.5285725185015642,1.7036697947661557
3193,3193,3193,1.3216666666666672,1.5285725185015642,1.7032883192187382
3194,3194,3194,1.3233333333333333,1.5285725185015642,1.7032883192187382
3195,3195,3195,1.3250000000000002,1.5281910429541468,1.7032883192187382
3196,3196,3196,1.326666666666667,1.5281910429541468,1.7032883192187382
3197,3197,3197,1.328333333333334,1.5281910429541468,1.7032883192187382
3198,3198,3198,1.33,1.5281910429541468,1.7032883192187382
3199,3199,3199,1.331666666666667,1.5278095674067294,1.7032883192187382
3200,3200,3200,1.333333333333334,1.5281910429541468,1.7029068436713208
3201,3201,3201,1.335,1.5278095674067294,1.7032883192187382
3202,3202,3202,1.336666666666667,1.5278095674067294,1.7032883192187382
3203,3203,3203,1.3383333333333338,1.5278095674067294,1.7032883192187382
3204,3204,3204,1.3400000000000016,1.5274280918593115,1.7029068436713208
3205,3205,3205,1.3416666666666668,1.5274280918593115,1.7029068436713208
3206,3206,3206,1.3433333333333337,1.5274280918593115,1.7029068436713208
3207,3207,3207,1.3450000000000015,1.5274280918593115,1.7029068436713208
3208,3208,3208,1.3466666666666667,1.5274280918593115,1.7029068436713208
3209,3209,3209,1.3483333333333336,1.5270466163118943,1.7029068436713208
3210,3210,3210,1.3500000000000005,1.5270466163118943,1.7025253681239034
3211,3211,3211,1.3516666666666666,1.5270466163118943,1.7029068436713208
3212,3212,3212,1.3533333333333335,1.5270466163118943,1.7025253681239034
3213,3213,3213,1.3550000000000004,1.5270466163118943,1.7029068436713208
3214,3214,3214,1.3566666666666665,1.5270466163118943,1.7025253681239034
3215,3215,3215,1.3583333333333334,1.5266651407644771,1.7025253681239034
3216,3216,3216,1.3600000000000003,1.5266651407644771,1.7025253681239034
3217,3217,3217,1.3616666666666672,1.5266651407644771,1.7025253681239034
3218,3218,3218,1.3633333333333333,1.5270466163118943,1.7025253681239034
3219,3219,3219,1.3650000000000002,1.5266651407644771,1.7025253681239034
3220,3220,3220,1.3666666666666671,1.5262836652170595,1.7025253681239034
3221,3221,3221,1.368333333333334,1.5266651407644771,1.7025253681239034
3222,3222,3222,1.37,1.5266651407644771,1.7025253681239034
3223,3223,3223,1.371666666666667,1.5262836652170595,1.7025253681239034
3224,3224,3224,1.373333333333334,1.5262836652170595,1.7025253681239034
3225,3225,3225,1.375,1.5262836652170595,1.7021438925764858
3226,3226,3226,1.3766666666666678,1.5262836652170595,1.7025253681239034
3227,3227,3227,1.3783333333333339,1.5262836652170595,1.7025253681239034
3228,3228,3228,1.3800000000000008,1.5262836652170595,1.7021438925764858
3229,3229,3229,1.3816666666666677,1.5262836652170595,1.7025253681239034
3230,3230,3230,1.3833333333333337,1.5262836652170595,1.7021438925764858
3231,3231,3231,1.3850000000000025,1.5262836652170595,1.7021438925764858
3232,3232,3232,1.3866666666666676,1.5262836652170595,1.7021438925764858
3233,3233,3233,1.3883333333333336,1.5259021896696423,1.7021438925764858
3234,3234,3234,1.3900000000000015,1.5259021896696423,1.7021438925764858
3235,3235,3235,1.3916666666666684,1.5259021896696423,1.7017624170290686
3236,3236,3236,1.3933333333333335,1.5259021896696423,1.7021438925764858
3237,3237,3237,1.3950000000000005,1.5259021896696423,1.7021438925764858
3238,3238,3238,1.3966666666666674,1.5259021896696423,1.7017624170290686
3239,3239,3239,1.3983333333333325,1.5259021896696423,1.7017624170290686
3240,3240,3240,1.4000000000000004,1.5255207141222251,1.7013809414816512
3241,3241,3241,1.4016666666666673,1.5259021896696423,1.7017624170290686
3242,3242,3242,1.4033333333333324,1.5259021896696423,1.7017624170290686
3243,3243,3243,1.4050000000000002,1.5259021896696423,1.7017624170290686
3244,3244,3244,1.4066666666666672,1.5255207141222251,1.7017624170290686
3245,3245,3245,1.408333333333334,1.5255207141222251,1.7013809414816512
3246,3246,3246,1.4100000000000001,1.5255207141222251,1.7009994659342338
3247,3247,3247,1.411666666666667,1.5255207141222251,1.7013809414816512
3248,3248,3248,1.413333333333334,1.5255207141222251,1.7013809414816512
3249,3249,3249,1.415,1.5255207141222251,1.7013809414816512
3250,3250,3250,1.4166666666666679,1.5251392385748077,1.7009994659342338
3251,3251,3251,1.418333333333334,1.5255207141222251,1.7009994659342338
3252,3252,3252,1.42,1.5255207141222251,1.7009994659342338
3253,3253,3253,1.4216666666666677,1.5251392385748077,1.7009994659342338
3254,3254,3254,1.4233333333333338,1.5251392385748077,1.7009994659342338
3255,3255,3255,1.4250000000000025,1.5251392385748077,1.7009994659342338
3256,3256,3256,1.4266666666666676,1.52475776302739,1.7009994659342338
3257,3257,3257,1.4283333333333337,1.52475776302739,1.7009994659342338
3258,3258,3258,1.4300000000000015,1.52475776302739,1.7009994659342338
3259,3259,3259,1.4316666666666684,1.52475776302739,1.7006179903868164
3260,3260,3260,1.4333333333333336,1.5243762874799731,1.7006179903868164
3261,3261,3261,1.4350000000000005,1.5243762874799731,1.7009994659342338
3262,3262,3262,1.4366666666666674,1.5243762874799731,1.7006179903868164
3263,3263,3263,1.4383333333333335,1.5243762874799731,1.7006179903868164
3264,3264,3264,1.4400000000000004,1.5243762874799731,1.7006179903868164
3265,3265,3265,1.4416666666666673,1.5243762874799731,1.7006179903868164
3266,3266,3266,1.4433333333333325,1.5243762874799731,1.7006179903868164
3267,3267,3267,1.4450000000000003,1.5239948119325553,1.7006179903868164
3268,3268,3268,1.4466666666666672,1.5243762874799731,1.7006179903868164
3269,3269,3269,1.4483333333333324,1.5239948119325553,1.7006179903868164
3270,3270,3270,1.4500000000000002,1.5239948119325553,1.7002365148393992
3271,3271,3271,1.451666666666667,1.5239948119325553,1.7002365148393992
3272,3272,3272,1.453333333333334,1.523613336385138,1.7002365148393992
3273,3273,3273,1.455,1.5239948119325553,1.7002365148393992
3274,3274,3274,1.4566666666666679,1.523613336385138,1.7002365148393992
3275,3275,3275,1.458333333333334,1.523613336385138,1.6998550392919816
3276,3276,3276,1.46,1.5239948119325553,1.7002365148393992
3277,3277,3277,1.4616666666666678,1.523613336385138,1.6998550392919816
3278,3278,3278,1.4633333333333338,1.523613336385138,1.6998550392919816
3279,3279,3279,1.4650000000000025,1.523613336385138,1.7002365148393992
3280,3280,3280,1.4666666666666677,1.5232318608377202,1.6998550392919816
3281,3281,3281,1.4683333333333337,1.523613336385138,1.7002365148393992
3282,3282,3282,1.4700000000000015,1.523613336385138,1.6998550392919816
3283,3283,3283,1.4716666666666676,1.523613336385138,1.6998550392919816
3284,3284,3284,1.4733333333333336,1.523613336385138,1.6994735637445642
3285,3285,3285,1.4750000000000005,1.5232318608377202,1.6994735637445642
3286,3286,3286,1.4766666666666675,1.523613336385138,1.6994735637445642
3287,3287,3287,1.4783333333333335,1.5232318608377202,1.6994735637445642
3288,3288,3288,1.4800000000000004,1.523613336385138,1.6994735637445642
3289,3289,3289,1.4816666666666674,1.5232318608377202,1.6994735637445642
3290,3290,3290,1.4833333333333325,1.5232318608377202,1.6990920881971467
3291,3291,3291,1.4850000000000003,1.523613336385138,1.6990920881971467
3292,3292,3292,1.4866666666666672,1.523613336385138,1.6990920881971467
3293,3293,3293,1.4883333333333324,1.5232318608377202,1.6990920881971467
3294,3294,3294,1.4900000000000002,1.5232318608377202,1.6990920881971467
3295,3295,3295,1.4916666666666671,1.5232318608377202,1.6990920881971467
3296,3296,3296,1.493333333333334,1.5232318608377202,1.6987106126497291
3297,3297,3297,1.495,1.5232318608377202,1.6987106126497291
3298,3298,3298,1.496666666666667,1.5232318608377202,1.6987106126497291
3299,3299,3299,1.498333333333334,1.5232318608377202,1.6987106126497291
3300,3300,3300,1.5,1.5232318608377202,1.6987106126497291
3301,3301,3301,1.5016666666666678,1.5232318608377202,1.6987106126497291
3302,3302,3302,1.5033333333333339,1.5232318608377202,1.6987106126497291
3303,3303,3303,1.5050000000000008,1.5228503852903028,1.6987106126497291
3304,3304,3304,1.5066666666666677,1.5232318608377202,1.698329137102312
3305,3305,3305,1.5083333333333337,1.5232318608377202,1.698329137102312
3306,3306,3306,1.5100000000000025,1.5228503852903028,1.698329137102312
3307,3307,3307,1.5116666666666676,1.5228503852903028,1.698329137102312
3308,3308,3308,1.5133333333333336,1.5228503852903028,1.698329137102312
3309,3309,3309,1.5150000000000015,1.5228503852903028,1.698329137102312
3310,3310,3310,1.5166666666666684,1.5228503852903028,1.6979476615548943
3311,3311,3311,1.5183333333333335,1.5224689097428854,1.698329137102312
3312,3312,3312,1.5200000000000005,1.5224689097428854,1.698329137102312
3313,3313,3313,1.5216666666666674,1.5228503852903028,1.698329137102312
3314,3314,3314,1.5233333333333325,1.5228503852903028,1.6979476615548943
3315,3315,3315,1.5250000000000004,1.5224689097428854,1.6979476615548943
3316,3316,3316,1.5266666666666673,1.5224689097428854,1.6979476615548943
3317,3317,3317,1.5283333333333324,1.5224689097428854,1.6979476615548943
3318,3318,3318,1.5300000000000002,1.5224689097428854,1.6979476615548943
3319,3319,3319,1.5316666666666672,1.5224689097428854,1.6979476615548943
3320,3320,3320,1.533333333333334,1.5220874341954682,1.6979476615548943
3321,3321,3321,1.5350000000000001,1.5224689097428854,1.6979476615548943
3322,3322,3322,1.536666666666667,1.5220874341954682,1.6979476615548943
3323,3323,3323,1.538333333333334,1.5220874341954682,1.6979476615548943
3324,3324,3324,1.54,1.5220874341954682,1.6975661860074769
3325,3325,3325,1.5416666666666679,1.5217059586480506,1.6975661860074769
3326,3326,3326,1.543333333333334,1.5217059586480506,1.6975661860074769
3327,3327,3327,1.545,1.5217059586480506,1.6975661860074769
3328,3328,3328,1.5466666666666677,1.5220874341954682,1.6975661860074769
3329,3329,3329,1.5483333333333338,1.5220874341954682,1.6975661860074769
3330,3330,3330,1.5500000000000025,1.5217059586480506,1.6971847104600597
3331,3331,3331,1.5516666666666676,1.5217059586480506,1.6971847104600597
3332,3332,3332,1.5533333333333337,1.5217059586480506,1.6971847104600597
3333,3333,3333,1.5550000000000015,1.5217059586480506,1.6971847104600597
3334,3334,3334,1.5566666666666684,1.5217059586480506,1.6971847104600597
3335,3335,3335,1.5583333333333336,1.5217059586480506,1.6968032349126425
3336,3336,3336,1.5600000000000005,1.5217059586480506,1.6971847104600597
3337,3337,3337,1.5616666666666674,1.5217059586480506,1.6968032349126425
3338,3338,3338,1.5633333333333335,1.5220874341954682,1.6971847104600597
3339,3339,3339,1.5650000000000004,1.5217059586480506,1.6968032349126425
3340,3340,3340,1.5666666666666673,1.5217059586480506,1.6964217593652249
3341,3341,3341,1.5683333333333325,1.5217059586480506,1.6968032349126425
3342,3342,3342,1.5700000000000003,1.5220874341954682,1.6964217593652249
3343,3343,3343,1.5716666666666672,1.5217059586480506,1.6964217593652249
3344,3344,3344,1.5733333333333324,1.5220874341954682,1.6964217593652249
3345,3345,3345,1.5750000000000002,1.5217059586480506,1.6960402838178077
3346,3346,3346,1.576666666666667,1.5217059586480506,1.6964217593652249
3347,3347,3347,1.578333333333334,1.5220874341954682,1.6964217593652249
3348,3348,3348,1.58,1.5220874341954682,1.6964217593652249
3349,3349,3349,1.5816666666666679,1.5220874341954682,1.6960402838178077
3350,3350,3350,1.583333333333334,1.5220874341954682,1.6960402838178077
3351,3351,3351,1.585,1.5220874341954682,1.6960402838178077
3352,3352,3352,1.5866666666666678,1.5224689097428854,1.6960402838178077
3353,3353,3353,1.5883333333333338,1.5220874341954682,1.6960402838178077
3354,3354,3354,1.5900000000000025,1.5224689097428854,1.6960402838178077
3355,3355,3355,1.5916666666666677,1.5220874341954682,1.69565880827039
3356,3356,3356,1.5933333333333337,1.5220874341954682,1.69565880827039
3357,3357,3357,1.5950000000000015,1.5228503852903028,1.69565880827039
3358,3358,3358,1.5966666666666676,1.5224689097428854,1.69565880827039
3359,3359,3359,1.5983333333333336,1.5228503852903028,1.69565880827039
3360,3360,3360,1.6000000000000005,1.5228503852903028,1.69565880827039
3361,3361,3361,1.6016666666666675,1.5228503852903028,1.69565880827039
3362,3362,3362,1.6033333333333335,1.5228503852903028,1.69565880827039
3363,3363,3363,1.6050000000000004,1.5228503852903028,1.69565880827039
3364,3364,3364,1.6066666666666674,1.5228503852903028,1.69565880827039
3365,3365,3365,1.6083333333333325,1.5232318608377202,1.6952773327229729
3366,3366,3366,1.6100000000000003,1.5232318608377202,1.6952773327229729
3367,3367,3367,1.6116666666666672,1.5232318608377202,1.6952773327229729
3368,3368,3368,1.6133333333333324,1.5232318608377202,1.6952773327229729
3369,3369,3369,1.6150000000000002,1.5232318608377202,1.6952773327229729
3370,3370,3370,1.6166666666666671,1.5232318608377202,1.6952773327229729
3371,3371,3371,1.618333333333334,1.5232318608377202,1.6948958571755552
3372,3372,3372,1.62,1.523613336385138,1.6952773327229729
3373,3373,3373,1.621666666666667,1.5232318608377202,1.6952773327229729
3374,3374,3374,1.623333333333334,1.523613336385138,1.6952773327229729
3375,3375,3375,1.625,1.523613336385138,1.6948958571755552
3376,3376,3376,1.6266666666666678,1.523613336385138,1.6948958571755552
3377,3377,3377,1.6283333333333339,1.523613336385138,1.6948958571755552
3378,3378,3378,1.6300000000000008,1.523613336385138,1.6948958571755552
3379,3379,3379,1.6316666666666677,1.523613336385138,1.6948958571755552
3380,3380,3380,1.6333333333333337,1.523613336385138,1.6948958571755552
3381,3381,3381,1.6350000000000025,1.523613336385138,1.6948958571755552
3382,3382,3382,1.6366666666666676,1.5239948119325553,1.6948958571755552
3383,3383,3383,1.6383333333333336,1.5239948119325553,1.6948958571755552
3384,3384,3384,1.6400000000000015,1.5239948119325553,1.6948958571755552
3385,3385,3385,1.6416666666666684,1.523613336385138,1.6945143816281378
3386,3386,3386,1.6433333333333335,1.5239948119325553,1.6945143816281378
3387,3387,3387,1.6450000000000005,1.523613336385138,1.6948958571755552
3388,3388,3388,1.6466666666666674,1.5239948119325553,1.6945143816281378
3389,3389,3389,1.6483333333333325,1.523613336385138,1.6945143816281378
3390,3390,3390,1.6500000000000004,1.523613336385138,1.6945143816281378
3391,3391,3391,1.6516666666666673,1.523613336385138,1.6945143816281378
3392,3392,3392,1.6533333333333324,1.5239948119325553,1.6945143816281378
3393,3393,3393,1.6550000000000002,1.523613336385138,1.6945143816281378
3394,3394,3394,1.6566666666666672,1.523613336385138,1.6945143816281378
3395,3395,3395,1.658333333333334,1.523613336385138,1.6945143816281378
3396,3396,3396,1.6600000000000001,1.5239948119325553,1.6945143816281378
3397,3397,3397,1.661666666666667,1.523613336385138,1.6945143816281378
3398,3398,3398,1.663333333333334,1.523613336385138,1.6945143816281378
3399,3399,3399,1.665,1.523613336385138,1.6945143816281378
3400,3400,3400,1.6666666666666679,1.5232318608377202,1.6941329060807204
3401,3401,3401,1.668333333333334,1.523613336385138,1.6945143816281378
3402,3402,3402,1.67,1.5232318608377202,1.6945143816281378
3403,3403,3403,1.6716666666666677,1.523613336385138,1.6941329060807204
3404,3404,3404,1.6733333333333338,1.5232318608377202,1.6941329060807204
3405,3405,3405,1.6750000000000025,1.5232318608377202,1.6941329060807204
3406,3406,3406,1.6766666666666676,1.5232318608377202,1.6941329060807204
3407,3407,3407,1.6783333333333337,1.5232318608377202,1.6941329060807204
3408,3408,3408,1.6800000000000015,1.5232318608377202,1.6945143816281378
3409,3409,3409,1.6816666666666684,1.5228503852903028,1.6941329060807204
3410,3410,3410,1.6833333333333336,1.5228503852903028,1.6941329060807204
3411,3411,3411,1.6850000000000005,1.5228503852903028,1.6941329060807204
3412,3412,3412,1.6866666666666674,1.5224689097428854,1.6945143816281378
3413,3413,3413,1.6883333333333335,1.5224689097428854,1.6941329060807204
3414,3414,3414,1.6900000000000004,1.5220874341954682,1.6941329060807204
3415,3415,3415,1.6916666666666673,1.5220874341954682,1.6941329060807204
3416,3416,3416,1.6933333333333325,1.5220874341954682,1.6945143816281378
3417,3417,3417,1.6950000000000003,1.5217059586480506,1.6941329060807204
3418,3418,3418,1.6966666666666672,1.5220874341954682,1.6945143816281378
3419,3419,3419,1.6983333333333341,1.5217059586480506,1.6945143816281378
3420,3420,3420,1.7000000000000002,1.5217059586480506,1.6941329060807204
3421,3421,3421,1.701666666666667,1.5213244831006332,1.6945143816281378
3422,3422,3422,1.703333333333334,1.5217059586480506,1.6945143816281378
3423,3423,3423,1.705,1.5213244831006332,1.6945143816281378
3424,3424,3424,1.7066666666666679,1.5213244831006332,1.6945143816281378
3425,3425,3425,1.708333333333334,1.5209430075532158,1.6945143816281378
3426,3426,3426,1.71,1.5209430075532158,1.6945143816281378
3427,3427,3427,1.7116666666666678,1.5209430075532158,1.6948958571755552
3428,3428,3428,1.7133333333333338,1.5209430075532158,1.6948958571755552
3429,3429,3429,1.7150000000000025,1.5205615320057984,1.6948958571755552
3430,3430,3430,1.7166666666666677,1.5205615320057984,1.6948958571755552
3431,3431,3431,1.7183333333333337,1.5205615320057984,1.6948958571755552
3432,3432,3432,1.7200000000000015,1.5201800564583807,1.6948958571755552
3433,3433,3433,1.7216666666666676,1.5201800564583807,1.6948958571755552
3434,3434,3434,1.7233333333333336,1.5201800564583807,1.6948958571755552
3435,3435,3435,1.7250000000000005,1.5201800564583807,1.6948958571755552
3436,3436,3436,1.7266666666666675,1.5197985809109635,1.6952773327229729
3437,3437,3437,1.7283333333333335,1.5201800564583807,1.6952773327229729
3438,3438,3438,1.7300000000000004,1.5197985809109635,1.6952773327229729
3439,3439,3439,1.7316666666666674,1.5197985809109635,1.6952773327229729
3440,3440,3440,1.7333333333333325,1.519417105363546,1.6952773327229729
3441,3441,3441,1.7350000000000003,1.519417105363546,1.6952773327229729
3442,3442,3442,1.7366666666666672,1.519417105363546,1.6952773327229729
3443,3443,3443,1.7383333333333324,1.5190356298161287,1.6952773327229729
3444,3444,3444,1.7400000000000002,1.519417105363546,1.6952773327229729
3445,3445,3445,1.7416666666666671,1.5190356298161287,1.6952773327229729
3446,3446,3446,1.743333333333334,1.5190356298161287,1.6952773327229729
3447,3447,3447,1.745,1.5190356298161287,1.6952773327229729
3448,3448,3448,1.746666666666667,1.5190356298161287,1.6952773327229729
3449,3449,3449,1.748333333333334,1.5186541542687113,1.6952773327229729
3450,3450,3450,1.75,1.5186541542687113,1.6952773327229729
3451,3451,3451,1.7516666666666678,1.5186541542687113,1.6952773327229729
3452,3452,3452,1.7533333333333339,1.5186541542687113,1.6952773327229729
3453,3453,3453,1.7550000000000008,1.5186541542687113,1.6952773327229729
3454,3454,3454,1.7566666666666677,1.5186541542687113,1.6952773327229729
3455,3455,3455,1.7583333333333337,1.518272678721294,1.6952773327229729
3456,3456,3456,1.7600000000000025,1.518272678721294,1.6952773327229729
3457,3457,3457,1.7616666666666676,1.518272678721294,1.6952773327229729
3458,3458,3458,1.7633333333333336,1.518272678721294,1.6952773327229729
3459,3459,3459,1.7650000000000015,1.518272678721294,1.6952773327229729
3460,3460,3460,1.7666666666666684,1.518272678721294,1.6948958571755552
3461,3461,3461,1.7683333333333335,1.518272678721294,1.6952773327229729
3462,3462,3462,1.7700000000000005,1.518272678721294,1.6948958571755552
3463,3463,3463,1.7716666666666674,1.5178912031738765,1.6948958571755552
3464,3464,3464,1.7733333333333325,1.5178912031738765,1.6952773327229729
3465,3465,3465,1.7750000000000004,1.5178912031738765,1.6948958571755552
3466,3466,3466,1.7766666666666673,1.5178912031738765,1.6948958571755552
3467,3467,3467,1.7783333333333324,1.5178912031738765,1.6948958571755552
3468,3468,3468,1.7800000000000002,1.5178912031738765,1.6948958571755552
3469,3469,3469,1.7816666666666672,1.517509727626459,1.6948958571755552
3470,3470,3470,1.783333333333334,1.517509727626459,1.6945143816281378
3471,3471,3471,1.7850000000000001,1.517509727626459,1.6945143816281378
3472,3472,3472,1.786666666666667,1.517509727626459,1.6945143816281378
3473,3473,3473,1.788333333333334,1.517509727626459,1.6945143816281378
3474,3474,3474,1.79,1.517509727626459,1.6945143816281378
3475,3475,3475,1.7916666666666679,1.5171282520790417,1.6945143816281378
3476,3476,3476,1.793333333333334,1.5171282520790417,1.6945143816281378
3477,3477,3477,1.795,1.5171282520790417,1.6945143816281378
3478,3478,3478,1.7966666666666677,1.5171282520790417,1.6945143816281378
3479,3479,3479,1.7983333333333338,1.5171282520790417,1.6945143816281378
3480,3480,3480,1.8000000000000025,1.5167467765316245,1.6941329060807204
3481,3481,3481,1.8016666666666676,1.5167467765316245,1.6945143816281378
3482,3482,3482,1.8033333333333337,1.5167467765316245,1.6945143816281378
3483,3483,3483,1.8050000000000015,1.5163653009842069,1.6945143816281378
3484,3484,3484,1.8066666666666684,1.5163653009842069,1.6945143816281378
3485,3485,3485,1.8083333333333336,1.5163653009842069,1.6941329060807204
3486,3486,3486,1.8100000000000005,1.5167467765316245,1.6941329060807204
3487,3487,3487,1.8116666666666674,1.5167467765316245,1.6941329060807204
3488,3488,3488,1.8133333333333335,1.5163653009842069,1.6945143816281378
3489,3489,3489,1.8150000000000004,1.5167467765316245,1.6945143816281378
3490,3490,3490,1.8166666666666673,1.5163653009842069,1.6941329060807204
3491,3491,3491,1.8183333333333325,1.5163653009842069,1.6941329060807204
3492,3492,3492,1.8200000000000003,1.5163653009842069,1.6941329060807204
3493,3493,3493,1.8216666666666672,1.5163653009842069,1.6945143816281378
3494,3494,3494,1.8233333333333341,1.5163653009842069,1.6945143816281378
3495,3495,3495,1.8250000000000002,1.5159838254367894,1.6948958571755552
3496,3496,3496,1.826666666666667,1.5163653009842069,1.6945143816281378
3497,3497,3497,1.828333333333334,1.5159838254367894,1.6948958571755552
3498,3498,3498,1.83,1.5159838254367894,1.6948958571755552
3499,3499,3499,1.8316666666666679,1.5159838254367894,1.6948958571755552
3500,3500,3500,1.833333333333334,1.5159838254367894,1.6948958571755552
3501,3501,3501,1.835,1.5156023498893716,1.6948958571755552
3502,3502,3502,1.8366666666666678,1.5159838254367894,1.6952773327229729
3503,3503,3503,1.8383333333333338,1.5159838254367894,1.69565880827039
3504,3504,3504,1.8400000000000025,1.5156023498893716,1.69565880827039
3505,3505,3505,1.8416666666666677,1.5156023498893716,1.69565880827039
3506,3506,3506,1.8433333333333337,1.5156023498893716,1.69565880827039
3507,3507,3507,1.8450000000000015,1.5156023498893716,1.6960402838178077
3508,3508,3508,1.8466666666666676,1.5156023498893716,1.6964217593652249
3509,3509,3509,1.8483333333333336,1.5152208743419546,1.6964217593652249
3510,3510,3510,1.8500000000000005,1.5152208743419546,1.6968032349126425
3511,3511,3511,1.8516666666666675,1.5152208743419546,1.6971847104600597
3512,3512,3512,1.8533333333333335,1.5152208743419546,1.6971847104600597
3513,3513,3513,1.8550000000000004,1.5152208743419546,1.6975661860074769
3514,3514,3514,1.8566666666666674,1.5148393987945372,1.6979476615548943
3515,3515,3515,1.8583333333333325,1.5148393987945372,1.6979476615548943
3516,3516,3516,1.8600000000000003,1.5148393987945372,1.698329137102312
3517,3517,3517,1.8616666666666672,1.5144579232471198,1.6987106126497291
3518,3518,3518,1.8633333333333324,1.5148393987945372,1.6994735637445642
3519,3519,3519,1.8650000000000002,1.5144579232471198,1.6998550392919816
3520,3520,3520,1.8666666666666671,1.5144579232471198,1.6998550392919816
3521,3521,3521,1.868333333333334,1.5140764476997024,1.7002365148393992
3522,3522,3522,1.87,1.5140764476997024,1.7006179903868164
3523,3523,3523,1.871666666666667,1.5140764476997024,1.7013809414816512
3524,3524,3524,1.873333333333334,1.513694972152285,1.7021438925764858
3525,3525,3525,1.875,1.513694972152285,1.7021438925764858
3526,3526,3526,1.8766666666666678,1.513694972152285,1.7029068436713208
3527,3527,3527,1.8783333333333339,1.513694972152285,1.7032883192187382
3528,3528,3528,1.8800000000000008,1.513694972152285,1.7040512703135733
3529,3529,3529,1.8816666666666677,1.5133134966048676,1.7044327458609905
3530,3530,3530,1.8833333333333337,1.5129320210574502,1.7051956969558253
3531,3531,3531,1.8850000000000025,1.5133134966048676,1.70595864805066
3532,3532,3532,1.8866666666666676,1.5133134966048676,1.706721599145495
3533,3533,3533,1.8883333333333336,1.5133134966048676,1.7074845502403295
3534,3534,3534,1.8900000000000015,1.5133134966048676,1.7086289768825818
3535,3535,3535,1.8916666666666684,1.5129320210574502,1.7093919279774168
3536,3536,3536,1.8933333333333335,1.5133134966048676,1.7101548790722516
3537,3537,3537,1.8950000000000005,1.5129320210574502,1.7109178301670864
3538,3538,3538,1.8966666666666674,1.5129320210574502,1.7116807812619212
3539,3539,3539,1.8983333333333325,1.5129320210574502,1.7132066834515909
3540,3540,3540,1.9000000000000004,1.5129320210574502,1.7139696345464257
3541,3541,3541,1.9016666666666673,1.5125505455100328,1.7151140611886782
3542,3542,3542,1.9033333333333324,1.5125505455100328,1.7162584878309302
3543,3543,3543,1.9050000000000002,1.5125505455100328,1.7174029144731824
3544,3544,3544,1.9066666666666672,1.5125505455100328,1.7185473411154346
3545,3545,3545,1.908333333333334,1.5125505455100328,1.7196917677576868
3546,3546,3546,1.9100000000000001,1.5121690699626154,1.7212176699473565
3547,3547,3547,1.911666666666667,1.5125505455100328,1.7223620965896087
3548,3548,3548,1.913333333333334,1.5125505455100328,1.7235065232318607
3549,3549,3549,1.915,1.5125505455100328,1.7250324254215306
3550,3550,3550,1.9166666666666679,1.5125505455100328,1.7261768520637828
3551,3551,3551,1.918333333333334,1.5125505455100328,1.7277027542534524
3552,3552,3552,1.9200000000000008,1.5125505455100328,1.7292286564431216
3553,3553,3553,1.9216666666666677,1.5125505455100328,1.7303730830853743
3554,3554,3554,1.9233333333333338,1.5125505455100328,1.7322804608224611
3555,3555,3555,1.9250000000000025,1.5125505455100328,1.7334248874647136
3556,3556,3556,1.9266666666666676,1.5125505455100328,1.7349507896543832
3557,3557,3557,1.9283333333333337,1.5125505455100328,1.7360952162966354
3558,3558,3558,1.9300000000000015,1.5129320210574502,1.7376211184863048
3559,3559,3559,1.9316666666666684,1.5125505455100328,1.7391470206759747
3560,3560,3560,1.9333333333333336,1.5125505455100328,1.7402914473182267
3561,3561,3561,1.9350000000000005,1.5129320210574502,1.7418173495078966
3562,3562,3562,1.9366666666666674,1.5129320210574502,1.7433432516975662
3563,3563,3563,1.9383333333333335,1.5129320210574502,1.744106202792401
3564,3564,3564,1.9400000000000004,1.5133134966048676,1.7452506294346533
3565,3565,3565,1.9416666666666673,1.5133134966048676,1.7463950560769057
3566,3566,3566,1.9433333333333325,1.5133134966048676,1.7475394827191577
3567,3567,3567,1.9450000000000003,1.513694972152285,1.7490653849088271
3568,3568,3568,1.9466666666666672,1.513694972152285,1.7498283360036622
3569,3569,3569,1.9483333333333341,1.513694972152285,1.7509727626459144
3570,3570,3570,1.9500000000000002,1.5140764476997024,1.7517357137407492
3571,3571,3571,1.951666666666667,1.5144579232471198,1.7524986648355838
3572,3572,3572,1.953333333333334,1.5148393987945372,1.7540245670252537
3573,3573,3573,1.955,1.5152208743419546,1.7547875181200885
3574,3574,3574,1.9566666666666679,1.5152208743419546,1.7555504692149233
3575,3575,3575,1.958333333333334,1.5152208743419546,1.7563134203097581
3576,3576,3576,1.96,1.5159838254367894,1.7574578469520103
3577,3577,3577,1.9616666666666678,1.5159838254367894,1.7582207980468454
3578,3578,3578,1.9633333333333338,1.5163653009842069,1.7589837491416802
3579,3579,3579,1.9650000000000025,1.5163653009842069,1.7597467002365148
3580,3580,3580,1.9666666666666677,1.5167467765316245,1.7601281757839324
3581,3581,3581,1.9683333333333337,1.5171282520790417,1.7608911268787673
3582,3582,3582,1.9700000000000015,1.517509727626459,1.761654077973602
3583,3583,3583,1.9716666666666676,1.5178912031738765,1.762417029068437
3584,3584,3584,1.9733333333333336,1.518272678721294,1.7627985046158543
3585,3585,3585,1.9750000000000005,1.518272678721294,1.7631799801632717
3586,3586,3586,1.9766666666666675,1.5190356298161287,1.7635614557106891
3587,3587,3587,1.9783333333333335,1.519417105363546,1.7639429312581063
3588,3588,3588,1.9800000000000004,1.5197985809109635,1.7647058823529411
3589,3589,3589,1.9816666666666674,1.5205615320057984,1.7650873579003588
3590,3590,3590,1.9833333333333325,1.5205615320057984,1.7654688334477762
3591,3591,3591,1.9850000000000003,1.5213244831006332,1.7658503089951936
3592,3592,3592,1.9866666666666672,1.5213244831006332,1.766231784542611
3593,3593,3593,1.9883333333333324,1.5224689097428854,1.7666132600900284
3594,3594,3594,1.9900000000000002,1.5228503852903028,1.7669947356374458
3595,3595,3595,1.9916666666666671,1.5232318608377202,1.7673762111848632
3596,3596,3596,1.993333333333334,1.5239948119325553,1.7681391622796985
3597,3597,3597,1.995,1.52475776302739,1.7681391622796985
3598,3598,3598,1.996666666666667,1.5255207141222251,1.7685206378271154
3599,3599,3599,1.998333333333334,1.5259021896696423,1.7685206378271154
3600,3600,3600,2.0,1.5266651407644771,1.7685206378271154
3601,3601,3601,2.001666666666668,1.5274280918593115,1.7689021133745328
3602,3602,3602,2.003333333333334,1.5281910429541468,1.7692835889219505
3603,3603,3603,2.005000000000001,1.5289539940489816,1.7696650644693677
3604,3604,3604,2.0066666666666677,1.5297169451438164,1.770046540016785
3605,3605,3605,2.0083333333333337,1.5308613717860686,1.7696650644693677
3606,3606,3606,2.0100000000000025,1.5316243228809034,1.7704280155642025
3607,3607,3607,2.0116666666666676,1.5327687495231557,1.77080949111162
3608,3608,3608,2.0133333333333336,1.5335317006179905,1.77080949111162
3609,3609,3609,2.0150000000000015,1.5342946517128253,1.7711909666590373
3610,3610,3610,2.0166666666666675,1.5358205539024952,1.77080949111162
3611,3611,3611,2.0183333333333335,1.5369649805447472,1.7715724422064547
3612,3612,3612,2.0200000000000005,1.537727931639582,1.7715724422064547
3613,3613,3613,2.0216666666666674,1.5392538338292516,1.7715724422064547
3614,3614,3614,2.0233333333333325,1.5400167849240864,1.7715724422064547
3615,3615,3615,2.0250000000000004,1.541542687113756,1.7719539177538717
3616,3616,3616,2.0266666666666673,1.5430685893034255,1.7719539177538717
3617,3617,3617,2.0283333333333324,1.5442130159456784,1.7719539177538717
3618,3618,3618,2.0300000000000002,1.5453574425879302,1.7719539177538717
3619,3619,3619,2.031666666666667,1.5468833447775998,1.7723353933012895
3620,3620,3620,2.033333333333334,1.5484092469672694,1.7723353933012895
3621,3621,3621,2.035,1.549935149156939,1.7727168688487067
3622,3622,3622,2.036666666666667,1.5514610513466087,1.7727168688487067
3623,3623,3623,2.038333333333334,1.552605477988861,1.7723353933012895
3624,3624,3624,2.04,1.5545128557259482,1.7730983443961243
3625,3625,3625,2.041666666666668,1.5556572823682002,1.7730983443961243
3626,3626,3626,2.043333333333334,1.55718318455787,1.7730983443961243
3627,3627,3627,2.045000000000001,1.5587090867475395,1.7730983443961243
3628,3628,3628,2.0466666666666677,1.5602349889372091,1.7734798199435418
3629,3629,3629,2.048333333333334,1.5617608911268788,1.7734798199435418
3630,3630,3630,2.0500000000000025,1.5629053177691308,1.7734798199435418
3631,3631,3631,2.0516666666666676,1.5644312199588006,1.7734798199435418
3632,3632,3632,2.0533333333333337,1.5655756466010529,1.7734798199435418
3633,3633,3633,2.0550000000000015,1.5671015487907225,1.7734798199435418
3634,3634,3634,2.0566666666666684,1.5682459754329747,1.7734798199435418
3635,3635,3635,2.0583333333333336,1.569390402075227,1.7734798199435418
3636,3636,3636,2.0600000000000005,1.5709163042648966,1.7738612954909592
3637,3637,3637,2.0616666666666674,1.5720607309071488,1.7738612954909592
3638,3638,3638,2.0633333333333335,1.5732051575494008,1.7738612954909592
3639,3639,3639,2.0650000000000004,1.5743495841916533,1.7738612954909592
3640,3640,3640,2.0666666666666673,1.5754940108339055,1.7738612954909592
3641,3641,3641,2.0683333333333325,1.5762569619287403,1.7738612954909592
3642,3642,3642,2.0700000000000003,1.5774013885709923,1.7738612954909592
3643,3643,3643,2.071666666666667,1.5785458152132448,1.7742427710383766
3644,3644,3644,2.073333333333334,1.5793087663080796,1.7738612954909592
3645,3645,3645,2.075,1.5800717174029144,1.7738612954909592
3646,3646,3646,2.076666666666667,1.5812161440451666,1.7742427710383766
3647,3647,3647,2.078333333333334,1.5819790951400017,1.7742427710383766
3648,3648,3648,2.08,1.5827420462348365,1.7742427710383766
3649,3649,3649,2.081666666666668,1.5835049973296709,1.774624246585794
3650,3650,3650,2.083333333333334,1.584267948424506,1.7742427710383766
3651,3651,3651,2.085,1.5850308995193407,1.774624246585794
3652,3652,3652,2.086666666666668,1.5857938506141755,1.774624246585794
3653,3653,3653,2.088333333333334,1.5865568017090104,1.7750057221332114
3654,3654,3654,2.0900000000000025,1.5869382772564278,1.774624246585794
3655,3655,3655,2.0916666666666677,1.5873197528038452,1.774624246585794
3656,3656,3656,2.0933333333333337,1.58808270389868,1.774624246585794
3657,3657,3657,2.0950000000000015,1.5888456549935148,1.774624246585794
3658,3658,3658,2.0966666666666676,1.5892271305409322,1.7750057221332114
3659,3659,3659,2.0983333333333336,1.5896086060883496,1.7750057221332114
3660,3660,3660,2.1000000000000005,1.5899900816357668,1.774624246585794
3661,3661,3661,2.1016666666666675,1.5907530327306016,1.7750057221332114
3662,3662,3662,2.1033333333333335,1.5911345082780193,1.7750057221332114
3663,3663,3663,2.1050000000000004,1.591897459372854,1.7753871976806288
3664,3664,3664,2.1066666666666674,1.5922789349202715,1.7753871976806288
3665,3665,3665,2.1083333333333325,1.5922789349202715,1.7750057221332114
3666,3666,3666,2.1100000000000003,1.5930418860151063,1.7753871976806288
3667,3667,3667,2.1116666666666672,1.5930418860151063,1.7753871976806288
3668,3668,3668,2.1133333333333324,1.5934233615625235,1.7757686732280462
3669,3669,3669,2.115,1.5941863126573586,1.7757686732280462
3670,3670,3670,2.116666666666667,1.5941863126573586,1.7753871976806288
3671,3671,3671,2.118333333333334,1.5945677882047755,1.7757686732280462
3672,3672,3672,2.12,1.5945677882047755,1.7761501487754636
3673,3673,3673,2.121666666666667,1.5949492637521934,1.7757686732280462
3674,3674,3674,2.123333333333334,1.5953307392996108,1.7761501487754636
3675,3675,3675,2.125,1.5953307392996108,1.7761501487754636
3676,3676,3676,2.126666666666668,1.5960936903944456,1.7761501487754636
3677,3677,3677,2.128333333333334,1.596475165941863,1.7761501487754636
3678,3678,3678,2.130000000000001,1.596475165941863,1.7761501487754636
3679,3679,3679,2.1316666666666677,1.5968566414892804,1.7765316243228808
3680,3680,3680,2.1333333333333337,1.5968566414892804,1.7761501487754636
3681,3681,3681,2.1350000000000025,1.5972381170366978,1.7761501487754636
3682,3682,3682,2.1366666666666676,1.5972381170366978,1.7765316243228808
3683,3683,3683,2.1383333333333336,1.5976195925841152,1.7765316243228808
3684,3684,3684,2.1400000000000015,1.5976195925841152,1.7765316243228808
3685,3685,3685,2.1416666666666675,1.5976195925841152,1.7765316243228808
3686,3686,3686,2.1433333333333335,1.5976195925841152,1.7765316243228808
3687,3687,3687,2.1450000000000005,1.59838254367895,1.7769130998702984
3688,3688,3688,2.1466666666666674,1.59838254367895,1.7769130998702984
3689,3689,3689,2.1483333333333325,1.59838254367895,1.7769130998702984
3690,3690,3690,2.1500000000000004,1.5987640192263677,1.7769130998702984
3691,3691,3691,2.1516666666666673,1.5987640192263677,1.7769130998702984
3692,3692,3692,2.1533333333333324,1.5991454947737849,1.7769130998702984
3693,3693,3693,2.1550000000000002,1.5991454947737849,1.7769130998702984
3694,3694,3694,2.156666666666667,1.5995269703212025,1.7769130998702984
3695,3695,3695,2.158333333333334,1.5991454947737849,1.7769130998702984
3696,3696,3696,2.16,1.5995269703212025,1.7772945754177158
3697,3697,3697,2.161666666666667,1.5995269703212025,1.7772945754177158
3698,3698,3698,2.163333333333334,1.5995269703212025,1.7769130998702984
3699,3699,3699,2.165,1.5999084458686197,1.7772945754177158
3700,3700,3700,2.166666666666668,1.5999084458686197,1.7769130998702984
3701,3701,3701,2.168333333333334,1.5999084458686197,1.7772945754177158
3702,3702,3702,2.170000000000001,1.5999084458686197,1.7772945754177158
3703,3703,3703,2.1716666666666677,1.5999084458686197,1.7772945754177158
3704,3704,3704,2.173333333333334,1.5999084458686197,1.7776760509651333
3705,3705,3705,2.1750000000000025,1.6002899214160369,1.7772945754177158
3706,3706,3706,2.1766666666666676,1.6002899214160369,1.7776760509651333
3707,3707,3707,2.1783333333333337,1.6002899214160369,1.7776760509651333
3708,3708,3708,2.1800000000000015,1.6002899214160369,1.7772945754177158
3709,3709,3709,2.1816666666666684,1.6002899214160369,1.7776760509651333
3710,3710,3710,2.1833333333333336,1.6002899214160369,1.7772945754177158
3711,3711,3711,2.1850000000000005,1.6002899214160369,1.7776760509651333
3712,3712,3712,2.1866666666666674,1.6006713969634545,1.7776760509651333
3713,3713,3713,2.1883333333333335,1.6006713969634545,1.7780575265125511
3714,3714,3714,2.1900000000000004,1.6006713969634545,1.7780575265125511
3715,3715,3715,2.1916666666666673,1.6006713969634545,1.7776760509651333
3716,3716,3716,2.1933333333333325,1.6006713969634545,1.7776760509651333
3717,3717,3717,2.1950000000000003,1.6006713969634545,1.7780575265125511
3718,3718,3718,2.196666666666667,1.6006713969634545,1.7780575265125511
3719,3719,3719,2.198333333333334,1.6006713969634545,1.7780575265125511
3720,3720,3720,2.2,1.6006713969634545,1.7780575265125511
3721,3721,3721,2.201666666666667,1.6006713969634545,1.778439002059968
3722,3722,3722,2.203333333333334,1.6006713969634545,1.778439002059968
3723,3723,3723,2.205,1.6006713969634545,1.778439002059968
3724,3724,3724,2.206666666666668,1.601052872510872,1.778439002059968
3725,3725,3725,2.208333333333334,1.6006713969634545,1.778439002059968
3726,3726,3726,2.21,1.601052872510872,1.778439002059968
3727,3727,3727,2.211666666666668,1.601052872510872,1.778439002059968
3728,3728,3728,2.213333333333334,1.601052872510872,1.7788204776073857
3729,3729,3729,2.2150000000000025,1.601052872510872,1.778439002059968
3730,3730,3730,2.2166666666666677,1.601052872510872,1.778439002059968
3731,3731,3731,2.2183333333333337,1.601052872510872,1.7788204776073857
3732,3732,3732,2.2200000000000015,1.601052872510872,1.7788204776073857
3733,3733,3733,2.2216666666666676,1.6006713969634545,1.7788204776073857
3734,3734,3734,2.2233333333333336,1.6006713969634545,1.7788204776073857
3735,3735,3735,2.2250000000000005,1.6006713969634545,1.7788204776073857
3736,3736,3736,2.2266666666666675,1.601052872510872,1.7788204776073857
3737,3737,3737,2.2283333333333335,1.601052872510872,1.7792019531548031
3738,3738,3738,2.2300000000000004,1.601052872510872,1.7788204776073857
3739,3739,3739,2.2316666666666674,1.6006713969634545,1.7788204776073857
3740,3740,3740,2.2333333333333325,1.6006713969634545,1.7788204776073857
3741,3741,3741,2.2350000000000003,1.6006713969634545,1.7792019531548031
3742,3742,3742,2.2366666666666672,1.6006713969634545,1.7788204776073857
3743,3743,3743,2.238333333333334,1.6006713969634545,1.7788204776073857
3744,3744,3744,2.24,1.601052872510872,1.7788204776073857
3745,3745,3745,2.241666666666667,1.6006713969634545,1.7788204776073857
3746,3746,3746,2.243333333333334,1.6006713969634545,1.7792019531548031
3747,3747,3747,2.245,1.6006713969634545,1.7792019531548031
3748,3748,3748,2.246666666666667,1.6006713969634545,1.7788204776073857
3749,3749,3749,2.248333333333334,1.6006713969634545,1.7792019531548031
3750,3750,3750,2.25,1.6006713969634545,1.7788204776073857
3751,3751,3751,2.251666666666668,1.601052872510872,1.7792019531548031
3752,3752,3752,2.253333333333334,1.6006713969634545,1.7792019531548031
3753,3753,3753,2.255000000000001,1.6006713969634545,1.7792019531548031
3754,3754,3754,2.2566666666666677,1.6006713969634545,1.7792019531548031
3755,3755,3755,2.2583333333333337,1.6002899214160369,1.7792019531548031
3756,3756,3756,2.2600000000000025,1.6002899214160369,1.7792019531548031
3757,3757,3757,2.2616666666666676,1.6006713969634545,1.7792019531548031
3758,3758,3758,2.2633333333333336,1.6006713969634545,1.7792019531548031
3759,3759,3759,2.2650000000000015,1.6006713969634545,1.7792019531548031
3760,3760,3760,2.2666666666666675,1.6002899214160369,1.7792019531548031
3761,3761,3761,2.2683333333333335,1.6002899214160369,1.7788204776073857
3762,3762,3762,2.2700000000000005,1.6002899214160369,1.7792019531548031
3763,3763,3763,2.2716666666666674,1.6002899214160369,1.7792019531548031
3764,3764,3764,2.2733333333333325,1.6002899214160369,1.7792019531548031
3765,3765,3765,2.2750000000000004,1.6002899214160369,1.7792019531548031
3766,3766,3766,2.2766666666666673,1.6006713969634545,1.7792019531548031
3767,3767,3767,2.2783333333333324,1.6002899214160369,1.7788204776073857
3768,3768,3768,2.2800000000000002,1.6002899214160369,1.7792019531548031
3769,3769,3769,2.281666666666667,1.6002899214160369,1.7792019531548031
3770,3770,3770,2.283333333333334,1.6002899214160369,1.7788204776073857
3771,3771,3771,2.285,1.6002899214160369,1.7788204776073857
3772,3772,3772,2.286666666666667,1.6002899214160369,1.7792019531548031
3773,3773,3773,2.288333333333334,1.6002899214160369,1.7788204776073857
3774,3774,3774,2.29,1.6002899214160369,1.7788204776073857
3775,3775,3775,2.291666666666668,1.6002899214160369,1.7788204776073857
3776,3776,3776,2.293333333333334,1.6002899214160369,1.7792019531548031
3777,3777,3777,2.295000000000001,1.6006713969634545,1.7788204776073857
3778,3778,3778,2.2966666666666677,1.6002899214160369,1.7792019531548031
3779,3779,3779,2.298333333333334,1.6002899214160369,1.7788204776073857
3780,3780,3780,2.3000000000000025,1.6002899214160369,1.7788204776073857
3781,3781,3781,2.3016666666666676,1.6002899214160369,1.7788204776073857
3782,3782,3782,2.3033333333333337,1.6002899214160369,1.7788204776073857
3783,3783,3783,2.3050000000000015,1.6002899214160369,1.7788204776073857
3784,3784,3784,2.3066666666666684,1.6002899214160369,1.7788204776073857
3785,3785,3785,2.3083333333333336,1.6002899214160369,1.778439002059968
3786,3786,3786,2.3100000000000005,1.6002899214160369,1.7788204776073857
3787,3787,3787,2.3116666666666674,1.6002899214160369,1.778439002059968
3788,3788,3788,2.3133333333333335,1.6002899214160369,1.778439002059968
3789,3789,3789,2.3150000000000004,1.6002899214160369,1.778439002059968
3790,3790,3790,2.3166666666666673,1.6002899214160369,1.778439002059968
3791,3791,3791,2.3183333333333325,1.6002899214160369,1.778439002059968
3792,3792,3792,2.3200000000000003,1.6002899214160369,1.778439002059968
3793,3793,3793,2.321666666666667,1.6002899214160369,1.778439002059968
3794,3794,3794,2.323333333333334,1.6006713969634545,1.778439002059968
3795,3795,3795,2.325,1.6002899214160369,1.778439002059968
3796,3796,3796,2.326666666666667,1.6002899214160369,1.778439002059968
3797,3797,3797,2.328333333333334,1.6002899214160369,1.778439002059968
3798,3798,3798,2.33,1.6002899214160369,1.7780575265125511
3799,3799,3799,2.331666666666668,1.6006713969634545,1.7780575265125511
3800,3800,3800,2.333333333333334,1.6002899214160369,1.7780575265125511
3801,3801,3801,2.335,1.6002899214160369,1.7780575265125511
3802,3802,3802,2.336666666666668,1.6002899214160369,1.7780575265125511
3803,3803,3803,2.338333333333334,1.6006713969634545,1.7780575265125511
3804,3804,3804,2.3400000000000025,1.6006713969634545,1.7780575265125511
3805,3805,3805,2.3416666666666677,1.6006713969634545,1.7780575265125511
3806,3806,3806,2.3433333333333337,1.6006713969634545,1.7780575265125511
3807,3807,3807,2.3450000000000015,1.6006713969634545,1.7780575265125511
3808,3808,3808,2.3466666666666676,1.6006713969634545,1.7776760509651333
3809,3809,3809,2.3483333333333336,1.6006713969634545,1.7780575265125511
3810,3810,3810,2.3500000000000005,1.6006713969634545,1.7776760509651333
3811,3811,3811,2.3516666666666675,1.6006713969634545,1.7780575265125511
3812,3812,3812,2.3533333333333335,1.6002899214160369,1.7780575265125511
3813,3813,3813,2.3550000000000004,1.6006713969634545,1.7776760509651333
3814,3814,3814,2.3566666666666674,1.6002899214160369,1.7776760509651333
3815,3815,3815,2.3583333333333325,1.6002899214160369,1.7776760509651333
3816,3816,3816,2.3600000000000003,1.6006713969634545,1.7776760509651333
3817,3817,3817,2.3616666666666672,1.6006713969634545,1.7776760509651333
3818,3818,3818,2.363333333333334,1.6002899214160369,1.7776760509651333
3819,3819,3819,2.365,1.6006713969634545,1.7776760509651333
3820,3820,3820,2.366666666666667,1.6002899214160369,1.7776760509651333
3821,3821,3821,2.368333333333334,1.6006713969634545,1.7776760509651333
3822,3822,3822,2.37,1.6002899214160369,1.7776760509651333
3823,3823,3823,2.371666666666667,1.6002899214160369,1.7776760509651333
3824,3824,3824,2.373333333333334,1.6002899214160369,1.7776760509651333
3825,3825,3825,2.375,1.6002899214160369,1.7772945754177158
3826,3826,3826,2.376666666666668,1.6002899214160369,1.7776760509651333
3827,3827,3827,2.378333333333334,1.6006713969634545,1.7776760509651333
3828,3828,3828,2.380000000000001,1.6006713969634545,1.7776760509651333
3829,3829,3829,2.3816666666666677,1.6006713969634545,1.7776760509651333
3830,3830,3830,2.3833333333333337,1.6002899214160369,1.7772945754177158
3831,3831,3831,2.3850000000000025,1.6002899214160369,1.7772945754177158
3832,3832,3832,2.3866666666666676,1.6002899214160369,1.7776760509651333
3833,3833,3833,2.3883333333333336,1.6002899214160369,1.7776760509651333
3834,3834,3834,2.3900000000000015,1.6006713969634545,1.7776760509651333
3835,3835,3835,2.3916666666666675,1.6002899214160369,1.7772945754177158
3836,3836,3836,2.3933333333333335,1.6002899214160369,1.7772945754177158
3837,3837,3837,2.3950000000000005,1.6006713969634545,1.7776760509651333
3838,3838,3838,2.3966666666666674,1.6002899214160369,1.7776760509651333
3839,3839,3839,2.3983333333333325,1.6002899214160369,1.7772945754177158
3840,3840,3840,2.4000000000000004,1.6002899214160369,1.7772945754177158
3841,3841,3841,2.4016666666666673,1.6002899214160369,1.7776760509651333
3842,3842,3842,2.4033333333333324,1.6002899214160369,1.7776760509651333
3843,3843,3843,2.4050000000000002,1.6002899214160369,1.7772945754177158
3844,3844,3844,2.406666666666667,1.6002899214160369,1.7772945754177158
3845,3845,3845,2.408333333333334,1.6002899214160369,1.7772945754177158
3846,3846,3846,2.41,1.6002899214160369,1.7772945754177158
3847,3847,3847,2.411666666666667,1.6002899214160369,1.7772945754177158
3848,3848,3848,2.413333333333334,1.6002899214160369,1.7772945754177158
3849,3849,3849,2.415,1.6002899214160369,1.7772945754177158
3850,3850,3850,2.416666666666668,1.5999084458686197,1.7772945754177158
3851,3851,3851,2.418333333333334,1.6002899214160369,1.7772945754177158
3852,3852,3852,2.420000000000001,1.6002899214160369,1.7772945754177158
3853,3853,3853,2.4216666666666677,1.6002899214160369,1.7772945754177158
3854,3854,3854,2.423333333333334,1.6002899214160369,1.7769130998702984
3855,3855,3855,2.4250000000000025,1.5999084458686197,1.7769130998702984
3856,3856,3856,2.4266666666666676,1.6002899214160369,1.7772945754177158
3857,3857,3857,2.4283333333333337,1.5999084458686197,1.7772945754177158
3858,3858,3858,2.4300000000000015,1.5999084458686197,1.7772945754177158
3859,3859,3859,2.4316666666666684,1.6002899214160369,1.7772945754177158
3860,3860,3860,2.4333333333333336,1.5999084458686197,1.7772945754177158
3861,3861,3861,2.4350000000000005,1.6002899214160369,1.7769130998702984
3862,3862,3862,2.4366666666666674,1.5999084458686197,1.7772945754177158
3863,3863,3863,2.4383333333333335,1.5999084458686197,1.7772945754177158
3864,3864,3864,2.4400000000000004,1.5999084458686197,1.7772945754177158
3865,3865,3865,2.4416666666666673,1.5999084458686197,1.7769130998702984
3866,3866,3866,2.4433333333333325,1.5999084458686197,1.7772945754177158
3867,3867,3867,2.4450000000000003,1.5999084458686197,1.7772945754177158
3868,3868,3868,2.446666666666667,1.5999084458686197,1.7772945754177158
3869,3869,3869,2.448333333333334,1.5999084458686197,1.7769130998702984
3870,3870,3870,2.45,1.5999084458686197,1.7769130998702984
3871,3871,3871,2.451666666666667,1.5995269703212025,1.7769130998702984
3872,3872,3872,2.453333333333334,1.5995269703212025,1.7772945754177158
3873,3873,3873,2.455,1.5999084458686197,1.7769130998702984
3874,3874,3874,2.456666666666668,1.5999084458686197,1.7769130998702984
3875,3875,3875,2.458333333333334,1.5999084458686197,1.7769130998702984
3876,3876,3876,2.460000000000001,1.5999084458686197,1.7769130998702984
3877,3877,3877,2.461666666666668,1.5999084458686197,1.7769130998702984
3878,3878,3878,2.463333333333334,1.5999084458686197,1.7769130998702984
3879,3879,3879,2.4650000000000025,1.5995269703212025,1.7769130998702984
3880,3880,3880,2.4666666666666677,1.5995269703212025,1.7769130998702984
3881,3881,3881,2.4683333333333337,1.5999084458686197,1.7769130998702984
3882,3882,3882,2.4700000000000015,1.5999084458686197,1.7769130998702984
3883,3883,3883,2.4716666666666676,1.5995269703212025,1.7769130998702984
3884,3884,3884,2.4733333333333336,1.5995269703212025,1.7769130998702984
3885,3885,3885,2.4750000000000005,1.5995269703212025,1.7769130998702984
3886,3886,3886,2.4766666666666675,1.5995269703212025,1.7769130998702984
3887,3887,3887,2.4783333333333335,1.5999084458686197,1.7769130998702984
3888,3888,3888,2.4800000000000004,1.5999084458686197,1.7769130998702984
3889,3889,3889,2.4816666666666674,1.5995269703212025,1.7765316243228808
3890,3890,3890,2.4833333333333325,1.5995269703212025,1.7769130998702984
3891,3891,3891,2.4850000000000003,1.5995269703212025,1.7769130998702984
3892,3892,3892,2.4866666666666672,1.5995269703212025,1.7769130998702984
3893,3893,3893,2.488333333333334,1.5995269703212025,1.7765316243228808
3894,3894,3894,2.49,1.5995269703212025,1.7765316243228808
3895,3895,3895,2.491666666666667,1.5995269703212025,1.7765316243228808
3896,3896,3896,2.493333333333334,1.5995269703212025,1.7765316243228808
3897,3897,3897,2.495,1.5995269703212025,1.7769130998702984
3898,3898,3898,2.496666666666667,1.5995269703212025,1.7769130998702984
3899,3899,3899,2.498333333333334,1.5995269703212025,1.7769130998702984
3900,3900,3900,2.5,1.5995269703212025,1.7769130998702984
3901,3901,3901,2.501666666666668,1.5995269703212025,1.7769130998702984
3902,3902,3902,2.503333333333334,1.5995269703212025,1.7769130998702984
3903,3903,3903,2.505000000000001,1.5995269703212025,1.7769130998702984
3904,3904,3904,2.5066666666666677,1.5991454947737849,1.7769130998702984
3905,3905,3905,2.5083333333333337,1.5991454947737849,1.7769130998702984
3906,3906,3906,2.5100000000000025,1.5991454947737849,1.7769130998702984
3907,3907,3907,2.5116666666666676,1.5995269703212025,1.7769130998702984
3908,3908,3908,2.5133333333333336,1.5991454947737849,1.7769130998702984
3909,3909,3909,2.5150000000000015,1.5991454947737849,1.7769130998702984
3910,3910,3910,2.5166666666666675,1.5991454947737849,1.7769130998702984
3911,3911,3911,2.5183333333333335,1.5991454947737849,1.7769130998702984
3912,3912,3912,2.5200000000000005,1.5991454947737849,1.7769130998702984
3913,3913,3913,2.5216666666666674,1.5991454947737849,1.7769130998702984
3914,3914,3914,2.5233333333333325,1.5991454947737849,1.7772945754177158
3915,3915,3915,2.5250000000000004,1.5991454947737849,1.7769130998702984
3916,3916,3916,2.5266666666666673,1.5987640192263677,1.7772945754177158
3917,3917,3917,2.5283333333333324,1.5991454947737849,1.7772945754177158
3918,3918,3918,2.5300000000000002,1.5991454947737849,1.7769130998702984
3919,3919,3919,2.531666666666667,1.5991454947737849,1.7772945754177158
3920,3920,3920,2.533333333333334,1.5991454947737849,1.7769130998702984
3921,3921,3921,2.535,1.5991454947737849,1.7772945754177158
3922,3922,3922,2.536666666666667,1.5991454947737849,1.7772945754177158
3923,3923,3923,2.538333333333334,1.5991454947737849,1.7769130998702984
3924,3924,3924,2.54,1.5991454947737849,1.7772945754177158
3925,3925,3925,2.541666666666668,1.5991454947737849,1.7772945754177158
3926,3926,3926,2.543333333333334,1.5991454947737849,1.7772945754177158
3927,3927,3927,2.545000000000001,1.5991454947737849,1.7769130998702984
3928,3928,3928,2.5466666666666677,1.5991454947737849,1.7772945754177158
3929,3929,3929,2.548333333333334,1.5991454947737849,1.7772945754177158
3930,3930,3930,2.5500000000000025,1.5987640192263677,1.7769130998702984
3931,3931,3931,2.5516666666666676,1.5991454947737849,1.7772945754177158
3932,3932,3932,2.5533333333333337,1.5987640192263677,1.7772945754177158
3933,3933,3933,2.5550000000000015,1.5987640192263677,1.7772945754177158
3934,3934,3934,2.5566666666666675,1.5987640192263677,1.7772945754177158
3935,3935,3935,2.5583333333333336,1.5987640192263677,1.7769130998702984
3936,3936,3936,2.5600000000000005,1.5991454947737849,1.7772945754177158
3937,3937,3937,2.5616666666666674,1.5991454947737849,1.7772945754177158
3938,3938,3938,2.5633333333333335,1.5991454947737849,1.7772945754177158
3939,3939,3939,2.5650000000000004,1.5991454947737849,1.7772945754177158
3940,3940,3940,2.5666666666666673,1.5987640192263677,1.7772945754177158
3941,3941,3941,2.5683333333333325,1.5987640192263677,1.7769130998702984
3942,3942,3942,2.5700000000000003,1.5987640192263677,1.7772945754177158
3943,3943,3943,2.571666666666667,1.5991454947737849,1.7769130998702984
3944,3944,3944,2.573333333333334,1.5991454947737849,1.7772945754177158
3945,3945,3945,2.575,1.5987640192263677,1.7772945754177158
3946,3946,3946,2.576666666666667,1.5987640192263677,1.7772945754177158
3947,3947,3947,2.578333333333334,1.5987640192263677,1.7772945754177158
3948,3948,3948,2.58,1.5987640192263677,1.7772945754177158
3949,3949,3949,2.581666666666668,1.5987640192263677,1.7772945754177158
3950,3950,3950,2.583333333333334,1.5987640192263677,1.7772945754177158
3951,3951,3951,2.585000000000001,1.5987640192263677,1.7772945754177158
3952,3952,3952,2.586666666666668,1.5987640192263677,1.7772945754177158
3953,3953,3953,2.588333333333334,1.5987640192263677,1.7772945754177158
3954,3954,3954,2.5900000000000025,1.5987640192263677,1.7772945754177158
3955,3955,3955,2.5916666666666677,1.5987640192263677,1.7772945754177158
3956,3956,3956,2.5933333333333337,1.59838254367895,1.7769130998702984
3957,3957,3957,2.5950000000000015,1.5987640192263677,1.7769130998702984
3958,3958,3958,2.5966666666666676,1.5987640192263677,1.7772945754177158
3959,3959,3959,2.5983333333333336,1.5987640192263677,1.7769130998702984
3960,3960,3960,2.6000000000000005,1.5987640192263677,1.7769130998702984
3961,3961,3961,2.6016666666666675,1.5987640192263677,1.7772945754177158
3962,3962,3962,2.6033333333333335,1.5987640192263677,1.7772945754177158
3963,3963,3963,2.6050000000000004,1.5987640192263677,1.7772945754177158
3964,3964,3964,2.6066666666666674,1.5987640192263677,1.7772945754177158
3965,3965,3965,2.6083333333333325,1.59838254367895,1.7772945754177158
3966,3966,3966,2.6100000000000003,1.59838254367895,1.7772945754177158
3967,3967,3967,2.6116666666666672,1.5987640192263677,1.7772945754177158
3968,3968,3968,2.613333333333334,1.5987640192263677,1.7772945754177158
3969,3969,3969,2.615,1.5987640192263677,1.7769130998702984
3970,3970,3970,2.616666666666667,1.59838254367895,1.7769130998702984
3971,3971,3971,2.618333333333334,1.5987640192263677,1.7772945754177158
3972,3972,3972,2.62,1.5987640192263677,1.7772945754177158
3973,3973,3973,2.621666666666667,1.5987640192263677,1.7772945754177158
3974,3974,3974,2.623333333333334,1.59838254367895,1.7772945754177158
3975,3975,3975,2.625,1.5987640192263677,1.7772945754177158
3976,3976,3976,2.626666666666668,1.5987640192263677,1.7772945754177158
3977,3977,3977,2.628333333333334,1.5987640192263677,1.7772945754177158
3978,3978,3978,2.630000000000001,1.59838254367895,1.7772945754177158
3979,3979,3979,2.6316666666666677,1.59838254367895,1.7772945754177158
3980,3980,3980,2.6333333333333337,1.59838254367895,1.7772945754177158
3981,3981,3981,2.6350000000000025,1.5987640192263677,1.7772945754177158
3982,3982,3982,2.6366666666666676,1.59838254367895,1.7772945754177158
3983,3983,3983,2.6383333333333336,1.5987640192263677,1.7772945754177158
3984,3984,3984,2.6400000000000015,1.59838254367895,1.7772945754177158
3985,3985,3985,2.6416666666666675,1.59838254367895,1.7769130998702984
3986,3986,3986,2.6433333333333335,1.5987640192263677,1.7772945754177158
3987,3987,3987,2.6450000000000005,1.5987640192263677,1.7772945754177158
3988,3988,3988,2.6466666666666674,1.5987640192263677,1.7772945754177158
3989,3989,3989,2.6483333333333325,1.5987640192263677,1.7772945754177158
3990,3990,3990,2.6500000000000004,1.59838254367895,1.7772945754177158
3991,3991,3991,2.6516666666666673,1.5987640192263677,1.7772945754177158
3992,3992,3992,2.6533333333333324,1.5987640192263677,1.7772945754177158
3993,3993,3993,2.6550000000000002,1.5987640192263677,1.7772945754177158
3994,3994,3994,2.656666666666667,1.5987640192263677,1.7772945754177158
3995,3995,3995,2.658333333333334,1.5987640192263677,1.7772945754177158
3996,3996,3996,2.66,1.5987640192263677,1.7772945754177158
3997,3997,3997,2.661666666666667,1.5987640192263677,1.7772945754177158
3998,3998,3998,2.663333333333334,1.5987640192263677,1.7772945754177158
3999,3999,3999,2.665,1.5987640192263677,1.7776760509651333
4000,4000,4000,2.666666666666668,1.59838254367895,1.7772945754177158
4001,4001,4001,2.668333333333334,1.5987640192263677,1.7772945754177158
4002,4002,4002,2.670000000000001,1.5987640192263677,1.7772945754177158
4003,4003,4003,2.6716666666666677,1.5987640192263677,1.7772945754177158
4004,4004,4004,2.673333333333334,1.5987640192263677,1.7772945754177158
4005,4005,4005,2.6750000000000025,1.5987640192263677,1.7772945754177158
4006,4006,4006,2.6766666666666676,1.5987640192263677,1.7772945754177158
4007,4007,4007,2.6783333333333337,1.5991454947737849,1.7772945754177158
4008,4008,4008,2.6800000000000015,1.5987640192263677,1.7772945754177158
4009,4009,4009,2.6816666666666675,1.5987640192263677,1.7772945754177158
4010,4010,4010,2.6833333333333336,1.5987640192263677,1.7772945754177158
4011,4011,4011,2.6850000000000005,1.5987640192263677,1.7772945754177158
4012,4012,4012,2.6866666666666674,1.5987640192263677,1.7769130998702984
4013,4013,4013,2.6883333333333335,1.5987640192263677,1.7769130998702984
4014,4014,4014,2.6900000000000004,1.5987640192263677,1.7772945754177158
4015,4015,4015,2.6916666666666673,1.5987640192263677,1.7769130998702984
4016,4016,4016,2.6933333333333325,1.5987640192263677,1.7772945754177158
4017,4017,4017,2.6950000000000003,1.5987640192263677,1.7769130998702984
4018,4018,4018,2.696666666666667,1.5987640192263677,1.7769130998702984
4019,4019,4019,2.698333333333334,1.5987640192263677,1.7769130998702984
4020,4020,4020,2.7,1.59838254367895,1.7765316243228808
4021,4021,4021,2.701666666666667,1.5987640192263677,1.7769130998702984
4022,4022,4022,2.703333333333334,1.5987640192263677,1.7769130998702984
4023,4023,4023,2.705,1.5987640192263677,1.7769130998702984
4024,4024,4024,2.706666666666668,1.5987640192263677,1.7769130998702984
4025,4025,4025,2.708333333333334,1.5987640192263677,1.7769130998702984
4026,4026,4026,2.710000000000001,1.5987640192263677,1.7769130998702984
4027,4027,4027,2.711666666666668,1.5991454947737849,1.7769130998702984
4028,4028,4028,2.713333333333334,1.5987640192263677,1.7769130998702984
4029,4029,4029,2.7150000000000025,1.5987640192263677,1.7769130998702984
4030,4030,4030,2.7166666666666677,1.5987640192263677,1.7769130998702984
4031,4031,4031,2.7183333333333337,1.5987640192263677,1.7769130998702984
4032,4032,4032,2.7200000000000015,1.5991454947737849,1.7769130998702984
4033,4033,4033,2.7216666666666676,1.5991454947737849,1.7769130998702984
4034,4034,4034,2.7233333333333336,1.5987640192263677,1.7769130998702984
4035,4035,4035,2.7250000000000005,1.5987640192263677,1.7765316243228808
4036,4036,4036,2.7266666666666675,1.5991454947737849,1.7765316243228808
4037,4037,4037,2.7283333333333335,1.5991454947737849,1.7765316243228808
4038,4038,4038,2.7300000000000004,1.5991454947737849,1.7769130998702984
4039,4039,4039,2.7316666666666674,1.5991454947737849,1.7765316243228808
4040,4040,4040,2.7333333333333325,1.5987640192263677,1.7765316243228808
4041,4041,4041,2.7350000000000003,1.5991454947737849,1.7769130998702984
4042,4042,4042,2.7366666666666672,1.5991454947737849,1.7769130998702984
4043,4043,4043,2.738333333333334,1.5987640192263677,1.7765316243228808
4044,4044,4044,2.74,1.5991454947737849,1.7765316243228808
4045,4045,4045,2.741666666666667,1.5987640192263677,1.7765316243228808
4046,4046,4046,2.743333333333334,1.5987640192263677,1.7769130998702984
4047,4047,4047,2.745,1.5987640192263677,1.7765316243228808
4048,4048,4048,2.746666666666667,1.5987640192263677,1.7769130998702984
4049,4049,4049,2.748333333333334,1.5987640192263677,1.7765316243228808
4050,4050,4050,2.75,1.5987640192263677,1.7765316243228808
4051,4051,4051,2.751666666666668,1.5991454947737849,1.7769130998702984
4052,4052,4052,2.753333333333334,1.5987640192263677,1.7765316243228808
4053,4053,4053,2.755000000000001,1.5987640192263677,1.7765316243228808
4054,4054,4054,2.7566666666666677,1.5987640192263677,1.7765316243228808
4055,4055,4055,2.7583333333333337,1.59838254367895,1.7765316243228808
4056,4056,4056,2.7600000000000025,1.5987640192263677,1.7765316243228808
4057,4057,4057,2.7616666666666676,1.5987640192263677,1.7765316243228808
4058,4058,4058,2.7633333333333336,1.5987640192263677,1.7765316243228808
4059,4059,4059,2.7650000000000015,1.59838254367895,1.7761501487754636
4060,4060,4060,2.7666666666666675,1.59838254367895,1.7761501487754636
4061,4061,4061,2.7683333333333335,1.5987640192263677,1.7765316243228808
4062,4062,4062,2.7700000000000005,1.59838254367895,1.7765316243228808
4063,4063,4063,2.7716666666666674,1.59838254367895,1.7765316243228808
4064,4064,4064,2.7733333333333325,1.59838254367895,1.7765316243228808
4065,4065,4065,2.7750000000000004,1.59838254367895,1.7761501487754636
4066,4066,4066,2.7766666666666673,1.5987640192263677,1.7761501487754636
4067,4067,4067,2.7783333333333324,1.59838254367895,1.7761501487754636
4068,4068,4068,2.7800000000000002,1.59838254367895,1.7761501487754636
4069,4069,4069,2.781666666666667,1.59838254367895,1.7761501487754636
4070,4070,4070,2.783333333333334,1.5980010681315326,1.7757686732280462
4071,4071,4071,2.785,1.5980010681315326,1.7761501487754636
4072,4072,4072,2.786666666666667,1.5980010681315326,1.7761501487754636
4073,4073,4073,2.788333333333334,1.5980010681315326,1.7761501487754636
4074,4074,4074,2.79,1.5980010681315326,1.7761501487754636
4075,4075,4075,2.791666666666668,1.5976195925841152,1.7761501487754636
4076,4076,4076,2.793333333333334,1.5980010681315326,1.7761501487754636
4077,4077,4077,2.795000000000001,1.5976195925841152,1.7761501487754636
4078,4078,4078,2.7966666666666677,1.5980010681315326,1.7761501487754636
4079,4079,4079,2.798333333333334,1.5976195925841152,1.7757686732280462
4080,4080,4080,2.8000000000000025,1.5976195925841152,1.7757686732280462
4081,4081,4081,2.8016666666666676,1.5976195925841152,1.7761501487754636
4082,4082,4082,2.8033333333333337,1.5976195925841152,1.7757686732280462
4083,4083,4083,2.8050000000000015,1.5976195925841152,1.7757686732280462
4084,4084,4084,2.8066666666666675,1.5972381170366978,1.7761501487754636
4085,4085,4085,2.8083333333333336,1.5972381170366978,1.7757686732280462
4086,4086,4086,2.8100000000000005,1.5972381170366978,1.7757686732280462
4087,4087,4087,2.8116666666666674,1.5972381170366978,1.7757686732280462
4088,4088,4088,2.8133333333333335,1.5972381170366978,1.7757686732280462
4089,4089,4089,2.8150000000000004,1.5972381170366978,1.7757686732280462
4090,4090,4090,2.8166666666666673,1.5976195925841152,1.7757686732280462
4091,4091,4091,2.8183333333333325,1.5972381170366978,1.7757686732280462
4092,4092,4092,2.8200000000000003,1.5976195925841152,1.7757686732280462
4093,4093,4093,2.821666666666667,1.5972381170366978,1.7757686732280462
4094,4094,4094,2.823333333333334,1.5976195925841152,1.7757686732280462
4095,4095,4095,2.825,1.5972381170366978,1.7753871976806288
4096,4096,4096,2.826666666666667,1.5976195925841152,1.7757686732280462
4097,4097,4097,2.828333333333334,1.5976195925841152,1.7757686732280462
4098,4098,4098,2.83,1.5972381170366978,1.7761501487754636
4099,4099,4099,2.831666666666668,1.5976195925841152,1.7757686732280462
4100,4100,4100,2.833333333333334,1.5976195925841152,1.7757686732280462
4101,4101,4101,2.835000000000001,1.5980010681315326,1.7757686732280462
4102,4102,4102,2.836666666666668,1.5980010681315326,1.7757686732280462
4103,4103,4103,2.838333333333334,1.59838254367895,1.7757686732280462
4104,4104,4104,2.8400000000000025,1.5980010681315326,1.7757686732280462
4105,4105,4105,2.8416666666666677,1.5980010681315326,1.7757686732280462
4106,4106,4106,2.8433333333333337,1.5987640192263677,1.7757686732280462
4107,4107,4107,2.8450000000000015,1.59838254367895,1.7757686732280462
4108,4108,4108,2.8466666666666676,1.5987640192263677,1.7761501487754636
4109,4109,4109,2.8483333333333336,1.5987640192263677,1.7761501487754636
4110,4110,4110,2.8500000000000005,1.5987640192263677,1.7757686732280462
4111,4111,4111,2.8516666666666675,1.5991454947737849,1.7757686732280462
4112,4112,4112,2.8533333333333335,1.5991454947737849,1.7761501487754636
4113,4113,4113,2.8550000000000004,1.5995269703212025,1.7761501487754636
4114,4114,4114,2.8566666666666674,1.5995269703212025,1.7757686732280462
4115,4115,4115,2.8583333333333325,1.5995269703212025,1.7757686732280462
4116,4116,4116,2.8600000000000003,1.5999084458686197,1.7761501487754636
4117,4117,4117,2.8616666666666672,1.6002899214160369,1.7757686732280462
4118,4118,4118,2.863333333333334,1.6002899214160369,1.7757686732280462
4119,4119,4119,2.865,1.6006713969634545,1.7757686732280462
4120,4120,4120,2.866666666666667,1.6006713969634545,1.7753871976806288
4121,4121,4121,2.868333333333334,1.6014343480582889,1.7757686732280462
4122,4122,4122,2.87,1.6014343480582889,1.7757686732280462
4123,4123,4123,2.871666666666667,1.6014343480582889,1.7757686732280462
4124,4124,4124,2.873333333333334,1.6018158236057067,1.7757686732280462
4125,4125,4125,2.875,1.6018158236057067,1.7757686732280462
4126,4126,4126,2.876666666666668,1.6021972991531244,1.7757686732280462
4127,4127,4127,2.878333333333334,1.6025787747005418,1.7757686732280462
4128,4128,4128,2.880000000000001,1.6029602502479592,1.7757686732280462
4129,4129,4129,2.8816666666666677,1.6029602502479592,1.7753871976806288
4130,4130,4130,2.8833333333333337,1.6033417257953766,1.7753871976806288
4131,4131,4131,2.8850000000000025,1.603723201342794,1.7757686732280462
4132,4132,4132,2.8866666666666676,1.6044861524376288,1.7753871976806288
4133,4133,4133,2.8883333333333336,1.6044861524376288,1.7753871976806288
4134,4134,4134,2.8900000000000015,1.6048676279850462,1.7753871976806288
4135,4135,4135,2.8916666666666675,1.6052491035324636,1.7750057221332114
4136,4136,4136,2.8933333333333335,1.6056305790798806,1.7753871976806288
4137,4137,4137,2.8950000000000005,1.6063935301747159,1.7750057221332114
4138,4138,4138,2.8966666666666674,1.607156481269551,1.7753871976806288
4139,4139,4139,2.8983333333333325,1.607537956816968,1.7753871976806288
4140,4140,4140,2.9000000000000004,1.607537956816968,1.7750057221332114
4141,4141,4141,2.9016666666666673,1.6083009079118031,1.7750057221332114
4142,4142,4142,2.9033333333333324,1.6086823834592203,1.7750057221332114
4143,4143,4143,2.9050000000000002,1.6098268101014723,1.7753871976806288
4144,4144,4144,2.906666666666667,1.6102082856488895,1.7753871976806288
4145,4145,4145,2.908333333333334,1.6109712367437248,1.7750057221332114
4146,4146,4146,2.91,1.6113527122911422,1.7750057221332114
4147,4147,4147,2.911666666666667,1.6121156633859768,1.7750057221332114
4148,4148,4148,2.913333333333334,1.6128786144808118,1.7750057221332114
4149,4149,4149,2.915,1.6136415655756466,1.7750057221332114
4150,4150,4150,2.916666666666668,1.6144045166704817,1.7750057221332114
4151,4151,4151,2.918333333333334,1.6151674677653165,1.7750057221332114
4152,4152,4152,2.920000000000001,1.6159304188601509,1.7750057221332114
4153,4153,4153,2.9216666666666677,1.617074845502403,1.7750057221332114
4154,4154,4154,2.923333333333334,1.6178377965972381,1.774624246585794
4155,4155,4155,2.9250000000000025,1.6186007476920732,1.774624246585794
4156,4156,4156,2.9266666666666676,1.6201266498817426,1.774624246585794
4157,4157,4157,2.9283333333333337,1.6212710765239948,1.7750057221332114
4158,4158,4158,2.9300000000000015,1.6224155031662466,1.7750057221332114
4159,4159,4159,2.9316666666666675,1.6235599298084993,1.7750057221332114
4160,4160,4160,2.9333333333333336,1.6247043564507515,1.774624246585794
4161,4161,4161,2.9350000000000005,1.6258487830930035,1.774624246585794
4162,4162,4162,2.9366666666666674,1.6269932097352555,1.7750057221332114
4163,4163,4163,2.9383333333333335,1.6281376363775082,1.774624246585794
4164,4164,4164,2.9400000000000004,1.6292820630197604,1.7750057221332114
4165,4165,4165,2.9416666666666673,1.6308079652094298,1.7750057221332114
4166,4166,4166,2.9433333333333325,1.6319523918516825,1.7750057221332114
4167,4167,4167,2.9450000000000003,1.6334782940413517,1.7750057221332114
4168,4168,4168,2.946666666666667,1.634622720683604,1.7750057221332114
4169,4169,4169,2.948333333333334,1.6361486228732738,1.7750057221332114
4170,4170,4170,2.95,1.637293049515526,1.7750057221332114
4171,4171,4171,2.951666666666667,1.6384374761577782,1.7753871976806288
4172,4172,4172,2.953333333333334,1.639963378347448,1.7757686732280462
4173,4173,4173,2.955,1.6414892805371175,1.7757686732280462
4174,4174,4174,2.956666666666668,1.6422522316319523,1.7757686732280462
4175,4175,4175,2.958333333333334,1.6437781338216215,1.7757686732280462
4176,4176,4176,2.960000000000001,1.6449225604638742,1.7757686732280462
4177,4177,4177,2.961666666666668,1.6464484626535438,1.7761501487754636
4178,4178,4178,2.963333333333334,1.6472114137483789,1.7765316243228808
4179,4179,4179,2.9650000000000025,1.6483558403906309,1.7765316243228808
4180,4180,4180,2.9666666666666677,1.649500267032883,1.7765316243228808
4181,4181,4181,2.9683333333333337,1.650644693675135,1.7769130998702984
4182,4182,4182,2.9700000000000015,1.6517891203173876,1.7765316243228808
4183,4183,4183,2.9716666666666676,1.6529335469596398,1.7769130998702984
4184,4184,4184,2.9733333333333336,1.654077973601892,1.7772945754177158
4185,4185,4185,2.9750000000000005,1.6548409246967268,1.7772945754177158
4186,4186,4186,2.9766666666666675,1.655985351338979,1.7772945754177158
4187,4187,4187,2.9783333333333335,1.656748302433814,1.7776760509651333
4188,4188,4188,2.9800000000000004,1.6575112535286487,1.7780575265125511
4189,4189,4189,2.9816666666666674,1.658655680170901,1.778439002059968
4190,4190,4190,2.9833333333333325,1.6590371557183183,1.7788204776073857
4191,4191,4191,2.9850000000000003,1.6601815823605706,1.7788204776073857
4192,4192,4192,2.9866666666666672,1.6609445334554054,1.7788204776073857
4193,4193,4193,2.988333333333334,1.6613260090028228,1.7792019531548031
4194,4194,4194,2.99,1.6624704356450748,1.7795834287022203
4195,4195,4195,2.991666666666667,1.6628519111924924,1.7795834287022203
4196,4196,4196,2.993333333333334,1.6639963378347449,1.7799649042496375
4197,4197,4197,2.995,1.6647592889295797,1.7799649042496375
4198,4198,4198,2.996666666666667,1.6651407644769969,1.7803463797970551
4199,4199,4199,2.998333333333334,1.6659037155718317,1.7807278553444723
4200,4200,4200,3.000000000000001,1.666285191119249,1.7807278553444723
4201,4201,4201,3.001666666666668,1.667048142214084,1.7814908064393074
4202,4202,4202,3.003333333333334,1.6674296177615011,1.7818722819867248
4203,4203,4203,3.005000000000001,1.6681925688563362,1.7822537575341422
4204,4204,4204,3.0066666666666677,1.6685740444037536,1.7822537575341422
4205,4205,4205,3.0083333333333337,1.668955519951171,1.7826352330815596
4206,4206,4206,3.0100000000000025,1.6697184710460058,1.783016708628977
4207,4207,4207,3.0116666666666676,1.6700999465934232,1.7837796597238118
4208,4208,4208,3.0133333333333336,1.6704814221408406,1.7841611352712292
4209,4209,4209,3.0150000000000015,1.670862897688258,1.7845426108186466
4210,4210,4210,3.0166666666666675,1.6712443732356754,1.784924086366064
4211,4211,4211,3.0183333333333335,1.6712443732356754,1.7853055619134814
4212,4212,4212,3.0200000000000005,1.6723887998779277,1.7856870374608989
4213,4213,4213,3.0216666666666674,1.672770275425345,1.7860685130083165
4214,4214,4214,3.0233333333333325,1.672770275425345,1.7872129396505685
4215,4215,4215,3.0250000000000004,1.6731517509727625,1.7875944151979857
4216,4216,4216,3.0266666666666673,1.6735332265201799,1.7879758907454033
4217,4217,4217,3.0283333333333324,1.6739147020675973,1.788738841840238
4218,4218,4218,3.0300000000000002,1.6739147020675973,1.7895017929350734
4219,4219,4219,3.031666666666667,1.6746776531624321,1.7902647440299078
4220,4220,4220,3.033333333333334,1.6746776531624321,1.7906462195773252
4221,4221,4221,3.035,1.6750591287098495,1.7917906462195774
4222,4222,4222,3.036666666666667,1.675440604257267,1.7925535973144122
4223,4223,4223,3.038333333333334,1.675440604257267,1.7929350728618296
4224,4224,4224,3.04,1.6758220798046843,1.7940794995040819
4225,4225,4225,3.041666666666668,1.6758220798046843,1.7948424505989171
4226,4226,4226,3.043333333333334,1.6762035553521015,1.7956054016937515
4227,4227,4227,3.045000000000001,1.6762035553521015,1.7963683527885863
4228,4228,4228,3.0466666666666677,1.6765850308995192,1.7975127794308383
4229,4229,4229,3.048333333333334,1.6769665064469366,1.797894254978256
4230,4230,4230,3.0500000000000025,1.6769665064469366,1.7986572060730908
4231,4231,4231,3.0516666666666676,1.6773479819943542,1.7994201571679256
4232,4232,4232,3.0533333333333337,1.6777294575417714,1.8005645838101778
4233,4233,4233,3.0550000000000015,1.6777294575417714,1.8013275349050126
4234,4234,4234,3.0566666666666675,1.6781109330891888,1.802090485999848
4235,4235,4235,3.0583333333333336,1.6781109330891888,1.8032349126421001
4236,4236,4236,3.0600000000000005,1.6784924086366062,1.8039978637369345
4237,4237,4237,3.0616666666666674,1.6784924086366062,1.804760814831769
4238,4238,4238,3.0633333333333335,1.6788738841840236,1.805905241474021
4239,4239,4239,3.0650000000000004,1.6788738841840236,1.8066681925688564
4240,4240,4240,3.0666666666666673,1.6784924086366062,1.8074311436636912
4241,4241,4241,3.0683333333333325,1.6788738841840236,1.808575570305944
4242,4242,4242,3.0700000000000003,1.6792553597314408,1.809719996948196
4243,4243,4243,3.071666666666667,1.6792553597314408,1.8104829480430304
4244,4244,4244,3.073333333333334,1.6792553597314408,1.8112458991378653
4245,4245,4245,3.075,1.6792553597314408,1.8120088502327
4246,4246,4246,3.076666666666667,1.6800183108262765,1.812771801327535
4247,4247,4247,3.078333333333334,1.6800183108262765,1.8135347524223693
4248,4248,4248,3.08,1.6803997863736937,1.8142977035172043
4249,4249,4249,3.081666666666668,1.6803997863736937,1.81506065461204
4250,4250,4250,3.083333333333334,1.6803997863736937,1.8154421301594568
4251,4251,4251,3.085000000000001,1.6807812619211109,1.816205081254292
4252,4252,4252,3.086666666666668,1.6807812619211109,1.8169680323491264
4253,4253,4253,3.088333333333334,1.6807812619211109,1.817349507896544
4254,4254,4254,3.0900000000000025,1.6811627374685283,1.8181124589913784
4255,4255,4255,3.0916666666666677,1.6807812619211109,1.818493934538796
4256,4256,4256,3.0933333333333337,1.681544213015946,1.8188754100862128
4257,4257,4257,3.0950000000000015,1.681544213015946,1.8196383611810485
4258,4258,4258,3.0966666666666676,1.681544213015946,1.8200198367284657
4259,4259,4259,3.0983333333333336,1.6811627374685283,1.8200198367284657
4260,4260,4260,3.1000000000000005,1.681544213015946,1.8204013122758829
4261,4261,4261,3.1016666666666675,1.681544213015946,1.8207827878233005
4262,4262,4262,3.1033333333333335,1.6819256885633629,1.8215457389181355
4263,4263,4263,3.1050000000000004,1.6819256885633629,1.8215457389181355
4264,4264,4264,3.1066666666666674,1.6819256885633629,1.8219272144655527
4265,4265,4265,3.1083333333333325,1.6819256885633629,1.8219272144655527
4266,4266,4266,3.1100000000000003,1.6823071641107807,1.82230869001297
4267,4267,4267,3.1116666666666672,1.6823071641107807,1.82230869001297
4268,4268,4268,3.113333333333334,1.6823071641107807,1.8226901655603875
4269,4269,4269,3.115,1.6819256885633629,1.8230716411078047
4270,4270,4270,3.116666666666667,1.6823071641107807,1.8230716411078047
4271,4271,4271,3.118333333333334,1.6823071641107807,1.8234531166552224
4272,4272,4272,3.12,1.6823071641107807,1.8234531166552224
4273,4273,4273,3.121666666666667,1.6823071641107807,1.8234531166552224
4274,4274,4274,3.123333333333334,1.6826886396581984,1.8238345922026398
4275,4275,4275,3.125000000000001,1.6823071641107807,1.8238345922026398
4276,4276,4276,3.126666666666668,1.6826886396581984,1.8242160677500567
4277,4277,4277,3.128333333333334,1.6823071641107807,1.8242160677500567
4278,4278,4278,3.130000000000001,1.6830701152056156,1.8242160677500567
4279,4279,4279,3.1316666666666677,1.6826886396581984,1.8245975432974744
4280,4280,4280,3.1333333333333337,1.6826886396581984,1.8245975432974744
4281,4281,4281,3.1350000000000025,1.6830701152056156,1.824979018844892
4282,4282,4282,3.1366666666666676,1.6826886396581984,1.824979018844892
4283,4283,4283,3.1383333333333336,1.6830701152056156,1.824979018844892
4284,4284,4284,3.1400000000000015,1.6830701152056156,1.8253604943923087
4285,4285,4285,3.1416666666666675,1.6826886396581984,1.8253604943923087
4286,4286,4286,3.1433333333333335,1.6834515907530332,1.8253604943923087
4287,4287,4287,3.1450000000000005,1.6830701152056156,1.8257419699397268
4288,4288,4288,3.1466666666666674,1.6834515907530332,1.826123445487144
4289,4289,4289,3.1483333333333325,1.6830701152056156,1.8257419699397268
4290,4290,4290,3.1500000000000004,1.6830701152056156,1.826123445487144
4291,4291,4291,3.1516666666666673,1.6830701152056156,1.826123445487144
4292,4292,4292,3.1533333333333324,1.6834515907530332,1.8265049210345616
4293,4293,4293,3.1550000000000002,1.6830701152056156,1.8265049210345616
4294,4294,4294,3.156666666666667,1.6830701152056156,1.8265049210345616
4295,4295,4295,3.158333333333334,1.6830701152056156,1.826886396581979
4296,4296,4296,3.16,1.6830701152056156,1.826886396581979
4297,4297,4297,3.161666666666667,1.6830701152056156,1.826886396581979
4298,4298,4298,3.163333333333334,1.6830701152056156,1.8276493476768136
4299,4299,4299,3.165,1.6826886396581984,1.8272678721293965
4300,4300,4300,3.166666666666668,1.6823071641107807,1.8276493476768136
4301,4301,4301,3.168333333333334,1.6823071641107807,1.8280308232242315
4302,4302,4302,3.170000000000001,1.6819256885633629,1.8280308232242315
4303,4303,4303,3.1716666666666677,1.6819256885633629,1.8280308232242315
4304,4304,4304,3.173333333333334,1.681544213015946,1.8284122987716493
4305,4305,4305,3.1750000000000025,1.6811627374685283,1.8284122987716493
4306,4306,4306,3.1766666666666676,1.6811627374685283,1.8287937743190656
4307,4307,4307,3.1783333333333337,1.6807812619211109,1.8287937743190656
4308,4308,4308,3.1800000000000015,1.6803997863736937,1.8287937743190656
4309,4309,4309,3.1816666666666675,1.6800183108262765,1.8287937743190656
4310,4310,4310,3.1833333333333336,1.6796368352788584,1.8287937743190656
4311,4311,4311,3.1850000000000005,1.6792553597314408,1.8287937743190656
4312,4312,4312,3.1866666666666674,1.6788738841840236,1.8291752498664835
4313,4313,4313,3.1883333333333335,1.6788738841840236,1.8291752498664835
4314,4314,4314,3.1900000000000004,1.6781109330891888,1.8291752498664835
4315,4315,4315,3.1916666666666673,1.6773479819943542,1.8291752498664835
4316,4316,4316,3.1933333333333325,1.6773479819943542,1.829556725413901
4317,4317,4317,3.1950000000000003,1.6765850308995192,1.829556725413901
4318,4318,4318,3.196666666666667,1.6762035553521015,1.829556725413901
4319,4319,4319,3.198333333333334,1.6762035553521015,1.829556725413901
4320,4320,4320,3.2,1.675440604257267,1.829556725413901
4321,4321,4321,3.201666666666667,1.6750591287098495,1.829556725413901
4322,4322,4322,3.203333333333334,1.6746776531624321,1.8299382009613183
4323,4323,4323,3.205,1.6739147020675973,1.8299382009613183
4324,4324,4324,3.206666666666668,1.6735332265201799,1.8299382009613183
4325,4325,4325,3.208333333333334,1.6731517509727625,1.8299382009613183
4326,4326,4326,3.210000000000001,1.672770275425345,1.8299382009613183
4327,4327,4327,3.211666666666668,1.6723887998779277,1.8303196765087357
4328,4328,4328,3.213333333333334,1.6716258487830928,1.8299382009613183
4329,4329,4329,3.2150000000000025,1.670862897688258,1.8299382009613183
4330,4330,4330,3.2166666666666677,1.670862897688258,1.8299382009613183
4331,4331,4331,3.2183333333333337,1.6700999465934232,1.8299382009613183
4332,4332,4332,3.2200000000000015,1.6697184710460058,1.8299382009613183
4333,4333,4333,3.2216666666666676,1.6693369954985884,1.8303196765087357
4334,4334,4334,3.2233333333333336,1.6685740444037536,1.8299382009613183
4335,4335,4335,3.2249999999999996,1.6681925688563362,1.8299382009613183
4336,4336,4336,3.2266666666666675,1.6678110933089187,1.8299382009613183
4337,4337,4337,3.2283333333333326,1.6674296177615011,1.8299382009613183
4338,4338,4338,3.2300000000000004,1.6674296177615011,1.829556725413901
4339,4339,4339,3.2316666666666674,1.6666666666666663,1.8299382009613183
4340,4340,4340,3.2333333333333316,1.6659037155718317,1.829556725413901
4341,4341,4341,3.2350000000000003,1.6659037155718317,1.829556725413901
4342,4342,4342,3.2366666666666672,1.6655222400244143,1.829556725413901
4343,4343,4343,3.238333333333334,1.6651407644769969,1.829556725413901
4344,4344,4344,3.24,1.6647592889295797,1.829556725413901
4345,4345,4345,3.241666666666667,1.6643778133821618,1.8291752498664835
4346,4346,4346,3.243333333333334,1.6643778133821618,1.8291752498664835
4347,4347,4347,3.245,1.6636148622873272,1.8291752498664835
4348,4348,4348,3.246666666666667,1.6636148622873272,1.8291752498664835
4349,4349,4349,3.248333333333334,1.6632333867399098,1.8291752498664835
4350,4350,4350,3.250000000000001,1.6628519111924924,1.8287937743190656
4351,4351,4351,3.251666666666668,1.6628519111924924,1.8287937743190656
4352,4352,4352,3.253333333333334,1.6628519111924924,1.8287937743190656
4353,4353,4353,3.255000000000001,1.6624704356450748,1.8287937743190656
4354,4354,4354,3.2566666666666677,1.6620889600976576,1.8284122987716493
4355,4355,4355,3.2583333333333337,1.6620889600976576,1.8284122987716493
4356,4356,4356,3.2600000000000025,1.6613260090028228,1.8280308232242315
4357,4357,4357,3.2616666666666676,1.6613260090028228,1.8280308232242315
4358,4358,4358,3.2633333333333336,1.6613260090028228,1.8280308232242315
4359,4359,4359,3.2650000000000015,1.6613260090028228,1.8276493476768136
4360,4360,4360,3.2666666666666675,1.6609445334554054,1.8276493476768136
4361,4361,4361,3.2683333333333326,1.6609445334554054,1.8272678721293965
4362,4362,4362,3.2699999999999996,1.6605630579079882,1.8272678721293965
4363,4363,4363,3.2716666666666674,1.6605630579079882,1.826886396581979
4364,4364,4364,3.2733333333333308,1.6605630579079882,1.826886396581979
4365,4365,4365,3.2750000000000004,1.6601815823605706,1.826886396581979
4366,4366,4366,3.2766666666666673,1.6605630579079882,1.8265049210345616
4367,4367,4367,3.2783333333333324,1.6605630579079882,1.8265049210345616
4368,4368,4368,3.2800000000000002,1.6601815823605706,1.8265049210345616
4369,4369,4369,3.281666666666667,1.6601815823605706,1.826123445487144
4370,4370,4370,3.283333333333334,1.6598001068131532,1.8257419699397268
4371,4371,4371,3.285,1.6601815823605706,1.826123445487144
4372,4372,4372,3.286666666666667,1.6598001068131532,1.826123445487144
4373,4373,4373,3.288333333333334,1.6601815823605706,1.826123445487144
4374,4374,4374,3.29,1.6598001068131532,1.8257419699397268
4375,4375,4375,3.291666666666668,1.6598001068131532,1.8253604943923087
4376,4376,4376,3.293333333333334,1.6598001068131532,1.8257419699397268
4377,4377,4377,3.295000000000001,1.6598001068131532,1.8253604943923087
4378,4378,4378,3.2966666666666677,1.6598001068131532,1.8253604943923087
4379,4379,4379,3.298333333333334,1.6598001068131532,1.8253604943923087
4380,4380,4380,3.3000000000000025,1.6594186312657355,1.824979018844892
4381,4381,4381,3.3016666666666676,1.6598001068131532,1.824979018844892
4382,4382,4382,3.3033333333333337,1.6598001068131532,1.8253604943923087
4383,4383,4383,3.3050000000000015,1.6594186312657355,1.824979018844892
4384,4384,4384,3.3066666666666675,1.6594186312657355,1.824979018844892
4385,4385,4385,3.3083333333333336,1.6594186312657355,1.8245975432974744
4386,4386,4386,3.3099999999999996,1.6594186312657355,1.8245975432974744
4387,4387,4387,3.3116666666666674,1.6594186312657355,1.8242160677500567
4388,4388,4388,3.3133333333333326,1.6594186312657355,1.8242160677500567
4389,4389,4389,3.3150000000000004,1.6594186312657355,1.8242160677500567
4390,4390,4390,3.3166666666666673,1.6590371557183183,1.8238345922026398
4391,4391,4391,3.3183333333333325,1.6594186312657355,1.8242160677500567
4392,4392,4392,3.3200000000000003,1.6594186312657355,1.8242160677500567
4393,4393,4393,3.321666666666667,1.658655680170901,1.8242160677500567
4394,4394,4394,3.323333333333334,1.6590371557183183,1.8242160677500567
4395,4395,4395,3.325,1.658655680170901,1.8242160677500567
4396,4396,4396,3.326666666666667,1.658655680170901,1.8238345922026398
4397,4397,4397,3.328333333333334,1.658655680170901,1.8238345922026398
4398,4398,4398,3.33,1.658655680170901,1.8238345922026398
4399,4399,4399,3.331666666666668,1.6582742046234835,1.8238345922026398
4400,4400,4400,3.333333333333334,1.658655680170901,1.8238345922026398
4401,4401,4401,3.335000000000001,1.6582742046234835,1.8238345922026398
4402,4402,4402,3.336666666666668,1.6582742046234835,1.8234531166552224
4403,4403,4403,3.338333333333334,1.6582742046234835,1.8234531166552224
4404,4404,4404,3.3400000000000025,1.6582742046234835,1.8238345922026398
4405,4405,4405,3.3416666666666677,1.657892729076066,1.8234531166552224
4406,4406,4406,3.3433333333333337,1.657892729076066,1.8234531166552224
4407,4407,4407,3.3450000000000015,1.657892729076066,1.8234531166552224
4408,4408,4408,3.3466666666666676,1.657892729076066,1.8234531166552224
4409,4409,4409,3.3483333333333336,1.657892729076066,1.8234531166552224
4410,4410,4410,3.3499999999999996,1.6575112535286487,1.8230716411078047
4411,4411,4411,3.3516666666666675,1.6575112535286487,1.8234531166552224
4412,4412,4412,3.3533333333333326,1.6575112535286487,1.8234531166552224
4413,4413,4413,3.3550000000000004,1.6575112535286487,1.8234531166552224
4414,4414,4414,3.3566666666666674,1.6571297779812313,1.8234531166552224
4415,4415,4415,3.3583333333333316,1.6571297779812313,1.8230716411078047
4416,4416,4416,3.3600000000000003,1.6571297779812313,1.8230716411078047
4417,4417,4417,3.3616666666666672,1.656748302433814,1.8230716411078047
4418,4418,4418,3.363333333333334,1.656748302433814,1.8230716411078047
4419,4419,4419,3.365,1.6563668268863965,1.8230716411078047
4420,4420,4420,3.366666666666667,1.6563668268863965,1.8230716411078047
4421,4421,4421,3.368333333333334,1.6563668268863965,1.8230716411078047
4422,4422,4422,3.37,1.655985351338979,1.8230716411078047
4423,4423,4423,3.371666666666667,1.6556038757915617,1.8230716411078047
4424,4424,4424,3.373333333333334,1.6556038757915617,1.8230716411078047
4425,4425,4425,3.375000000000001,1.6552224002441442,1.8230716411078047
4426,4426,4426,3.376666666666668,1.6552224002441442,1.8230716411078047
4427,4427,4427,3.378333333333334,1.6552224002441442,1.8230716411078047
4428,4428,4428,3.380000000000001,1.6548409246967268,1.8230716411078047
4429,4429,4429,3.3816666666666677,1.6548409246967268,1.8230716411078047
4430,4430,4430,3.3833333333333337,1.6544594491493094,1.8230716411078047
4431,4431,4431,3.3850000000000025,1.6544594491493094,1.8230716411078047
4432,4432,4432,3.3866666666666676,1.6544594491493094,1.8230716411078047
4433,4433,4433,3.3883333333333336,1.6544594491493094,1.8230716411078047
4434,4434,4434,3.3900000000000015,1.654077973601892,1.8230716411078047
4435,4435,4435,3.3916666666666675,1.654077973601892,1.8226901655603875
4436,4436,4436,3.3933333333333326,1.6536964980544746,1.8226901655603875
4437,4437,4437,3.3949999999999996,1.6536964980544746,1.8226901655603875
4438,4438,4438,3.3966666666666674,1.6533150225070572,1.8226901655603875
4439,4439,4439,3.3983333333333308,1.6533150225070572,1.8226901655603875
4440,4440,4440,3.4000000000000004,1.6529335469596398,1.8226901655603875
4441,4441,4441,3.4016666666666673,1.6533150225070572,1.8226901655603875
4442,4442,4442,3.4033333333333324,1.6529335469596398,1.82230869001297
4443,4443,4443,3.4050000000000002,1.6529335469596398,1.8226901655603875
4444,4444,4444,3.406666666666667,1.6525520714122224,1.8226901655603875
4445,4445,4445,3.408333333333334,1.6525520714122224,1.82230869001297
4446,4446,4446,3.41,1.6525520714122224,1.8226901655603875
4447,4447,4447,3.411666666666667,1.6525520714122224,1.8226901655603875
4448,4448,4448,3.413333333333334,1.652170595864805,1.82230869001297
4449,4449,4449,3.415,1.652170595864805,1.82230869001297
4450,4450,4450,3.416666666666668,1.6517891203173876,1.82230869001297
4451,4451,4451,3.418333333333334,1.652170595864805,1.8226901655603875
4452,4452,4452,3.420000000000001,1.6517891203173876,1.82230869001297
4453,4453,4453,3.4216666666666677,1.6517891203173876,1.82230869001297
4454,4454,4454,3.423333333333334,1.6517891203173876,1.82230869001297
4455,4455,4455,3.4250000000000025,1.6514076447699702,1.82230869001297
4456,4456,4456,3.4266666666666676,1.6514076447699702,1.82230869001297
4457,4457,4457,3.4283333333333337,1.6514076447699702,1.82230869001297
4458,4458,4458,3.4300000000000015,1.6514076447699702,1.82230869001297
4459,4459,4459,3.4316666666666675,1.6514076447699702,1.82230869001297
4460,4460,4460,3.4333333333333336,1.6510261692225527,1.82230869001297
4461,4461,4461,3.4349999999999996,1.6510261692225527,1.8219272144655527
4462,4462,4462,3.4366666666666674,1.650644693675135,1.8219272144655527
4463,4463,4463,3.4383333333333326,1.650263218127718,1.8219272144655527
4464,4464,4464,3.4400000000000004,1.650644693675135,1.8219272144655527
4465,4465,4465,3.4416666666666673,1.650644693675135,1.8219272144655527
4466,4466,4466,3.4433333333333325,1.650644693675135,1.8219272144655527
4467,4467,4467,3.4450000000000003,1.650644693675135,1.8219272144655527
4468,4468,4468,3.446666666666667,1.650263218127718,1.8215457389181355
4469,4469,4469,3.448333333333334,1.650263218127718,1.8219272144655527
4470,4470,4470,3.45,1.650263218127718,1.8215457389181355
4471,4471,4471,3.451666666666667,1.6498817425803003,1.8215457389181355
4472,4472,4472,3.453333333333334,1.6498817425803003,1.8215457389181355
4473,4473,4473,3.455,1.6498817425803003,1.8219272144655527
4474,4474,4474,3.456666666666668,1.6498817425803003,1.8215457389181355
4475,4475,4475,3.458333333333334,1.6498817425803003,1.821164263370718
4476,4476,4476,3.460000000000001,1.6498817425803003,1.821164263370718
4477,4477,4477,3.461666666666668,1.649500267032883,1.8215457389181355
4478,4478,4478,3.463333333333334,1.649500267032883,1.821164263370718
4479,4479,4479,3.4650000000000025,1.6498817425803003,1.821164263370718
4480,4480,4480,3.4666666666666677,1.649500267032883,1.821164263370718
4481,4481,4481,3.4683333333333337,1.649500267032883,1.821164263370718
4482,4482,4482,3.4700000000000015,1.649500267032883,1.821164263370718
4483,4483,4483,3.4716666666666676,1.649500267032883,1.821164263370718
4484,4484,4484,3.4733333333333336,1.649500267032883,1.821164263370718
4485,4485,4485,3.4749999999999996,1.6491187914854657,1.821164263370718
4486,4486,4486,3.4766666666666675,1.6491187914854657,1.8207827878233005
4487,4487,4487,3.4783333333333326,1.6491187914854657,1.8207827878233005
4488,4488,4488,3.4800000000000004,1.6491187914854657,1.821164263370718
4489,4489,4489,3.4816666666666674,1.6491187914854657,1.821164263370718
4490,4490,4490,3.4833333333333316,1.6487373159380485,1.821164263370718
4491,4491,4491,3.4850000000000003,1.6491187914854657,1.821164263370718
4492,4492,4492,3.4866666666666672,1.6491187914854657,1.8207827878233005
4493,4493,4493,3.488333333333334,1.6487373159380485,1.8207827878233005
4494,4494,4494,3.49,1.6487373159380485,1.8207827878233005
4495,4495,4495,3.491666666666667,1.6487373159380485,1.8207827878233005
4496,4496,4496,3.493333333333334,1.6487373159380485,1.821164263370718
4497,4497,4497,3.495,1.6483558403906309,1.8207827878233005
4498,4498,4498,3.496666666666667,1.6487373159380485,1.821164263370718
4499,4499,4499,3.498333333333334,1.6483558403906309,1.8207827878233005
4500,4500,4500,3.500000000000001,1.6483558403906309,1.8204013122758829
4501,4501,4501,3.501666666666668,1.6487373159380485,1.8207827878233005
4502,4502,4502,3.503333333333334,1.6483558403906309,1.8207827878233005
4503,4503,4503,3.505000000000001,1.6483558403906309,1.8207827878233005
4504,4504,4504,3.5066666666666677,1.6483558403906309,1.8207827878233005
4505,4505,4505,3.5083333333333337,1.6483558403906309,1.8204013122758829
4506,4506,4506,3.5100000000000025,1.6479743648432137,1.8204013122758829
4507,4507,4507,3.5116666666666676,1.6479743648432137,1.8204013122758829
4508,4508,4508,3.5133333333333336,1.6479743648432137,1.8207827878233005
4509,4509,4509,3.5150000000000015,1.6479743648432137,1.8204013122758829
4510,4510,4510,3.5166666666666675,1.6475928892957958,1.8204013122758829
4511,4511,4511,3.5183333333333326,1.6479743648432137,1.8204013122758829
4512,4512,4512,3.5199999999999996,1.6479743648432137,1.8204013122758829
4513,4513,4513,3.5216666666666674,1.6479743648432137,1.8204013122758829
4514,4514,4514,3.5233333333333308,1.6479743648432137,1.8204013122758829
4515,4515,4515,3.5250000000000004,1.6479743648432137,1.8204013122758829
4516,4516,4516,3.5266666666666673,1.6479743648432137,1.8204013122758829
4517,4517,4517,3.5283333333333324,1.6479743648432137,1.8200198367284657
4518,4518,4518,3.5300000000000002,1.6475928892957958,1.8204013122758829
4519,4519,4519,3.531666666666667,1.6475928892957958,1.8204013122758829
4520,4520,4520,3.533333333333334,1.6475928892957958,1.8204013122758829
4521,4521,4521,3.535,1.6475928892957958,1.8204013122758829
4522,4522,4522,3.536666666666667,1.6479743648432137,1.8200198367284657
4523,4523,4523,3.538333333333334,1.6475928892957958,1.8200198367284657
4524,4524,4524,3.540000000000001,1.6475928892957958,1.8200198367284657
4525,4525,4525,3.541666666666668,1.6475928892957958,1.8200198367284657
4526,4526,4526,3.543333333333334,1.6475928892957958,1.8200198367284657
4527,4527,4527,3.545000000000001,1.6475928892957958,1.8200198367284657
4528,4528,4528,3.5466666666666677,1.6475928892957958,1.8200198367284657
4529,4529,4529,3.548333333333334,1.6475928892957958,1.8200198367284657
4530,4530,4530,3.5500000000000025,1.6475928892957958,1.8200198367284657
4531,4531,4531,3.5516666666666676,1.6475928892957958,1.8200198367284657
4532,4532,4532,3.5533333333333337,1.6475928892957958,1.8200198367284657
4533,4533,4533,3.5550000000000015,1.6475928892957958,1.8200198367284657
4534,4534,4534,3.5566666666666675,1.6475928892957958,1.8200198367284657
4535,4535,4535,3.5583333333333336,1.6475928892957958,1.8200198367284657
4536,4536,4536,3.5599999999999996,1.6472114137483789,1.8200198367284657
4537,4537,4537,3.5616666666666674,1.6475928892957958,1.8196383611810485
4538,4538,4538,3.5633333333333326,1.6475928892957958,1.8200198367284657
4539,4539,4539,3.5650000000000004,1.6475928892957958,1.8196383611810485
4540,4540,4540,3.5666666666666673,1.6472114137483789,1.8196383611810485
4541,4541,4541,3.5683333333333325,1.6475928892957958,1.8196383611810485
4542,4542,4542,3.5700000000000003,1.6475928892957958,1.8196383611810485
4543,4543,4543,3.571666666666667,1.6475928892957958,1.8200198367284657
4544,4544,4544,3.573333333333334,1.6472114137483789,1.8200198367284657
4545,4545,4545,3.575,1.6472114137483789,1.8196383611810485
4546,4546,4546,3.576666666666667,1.6475928892957958,1.8192568856336309
4547,4547,4547,3.578333333333334,1.6472114137483789,1.8200198367284657
4548,4548,4548,3.58,1.6475928892957958,1.8196383611810485
4549,4549,4549,3.581666666666668,1.6472114137483789,1.8192568856336309
4550,4550,4550,3.583333333333334,1.6472114137483789,1.8196383611810485
4551,4551,4551,3.585000000000001,1.6472114137483789,1.8196383611810485
4552,4552,4552,3.586666666666668,1.6472114137483789,1.8196383611810485
4553,4553,4553,3.588333333333334,1.6472114137483789,1.8196383611810485
4554,4554,4554,3.5900000000000025,1.6472114137483789,1.8196383611810485
4555,4555,4555,3.5916666666666677,1.6472114137483789,1.8192568856336309
4556,4556,4556,3.5933333333333337,1.6472114137483789,1.8196383611810485
4557,4557,4557,3.5950000000000015,1.6472114137483789,1.8196383611810485
4558,4558,4558,3.5966666666666676,1.6472114137483789,1.8192568856336309
4559,4559,4559,3.5983333333333336,1.6472114137483789,1.8192568856336309
4560,4560,4560,3.5999999999999996,1.6472114137483789,1.8192568856336309
4561,4561,4561,3.6016666666666675,1.6472114137483789,1.8192568856336309
4562,4562,4562,3.6033333333333326,1.6472114137483789,1.8192568856336309
4563,4563,4563,3.6050000000000004,1.6472114137483789,1.8192568856336309
4564,4564,4564,3.6066666666666674,1.6472114137483789,1.8192568856336309
4565,4565,4565,3.6083333333333316,1.6472114137483789,1.8192568856336309
4566,4566,4566,3.6100000000000003,1.6472114137483789,1.8192568856336309
4567,4567,4567,3.6116666666666672,1.6472114137483789,1.8192568856336309
4568,4568,4568,3.613333333333334,1.6472114137483789,1.8192568856336309
4569,4569,4569,3.615,1.6472114137483789,1.8192568856336309
4570,4570,4570,3.616666666666667,1.6472114137483789,1.8192568856336309
4571,4571,4571,3.618333333333334,1.6472114137483789,1.8192568856336309
4572,4572,4572,3.62,1.6472114137483789,1.8188754100862128
4573,4573,4573,3.621666666666667,1.6472114137483789,1.8192568856336309
4574,4574,4574,3.623333333333334,1.6472114137483789,1.8188754100862128
4575,4575,4575,3.625000000000001,1.6472114137483789,1.8192568856336309
4576,4576,4576,3.626666666666668,1.6472114137483789,1.8192568856336309
4577,4577,4577,3.628333333333334,1.6472114137483789,1.8192568856336309
4578,4578,4578,3.630000000000001,1.6472114137483789,1.8196383611810485
4579,4579,4579,3.6316666666666677,1.6472114137483789,1.8192568856336309
4580,4580,4580,3.6333333333333337,1.6468299382009612,1.8192568856336309
4581,4581,4581,3.6350000000000025,1.6472114137483789,1.8196383611810485
4582,4582,4582,3.6366666666666676,1.6468299382009612,1.8196383611810485
4583,4583,4583,3.6383333333333336,1.6472114137483789,1.8196383611810485
4584,4584,4584,3.6400000000000015,1.6472114137483789,1.8196383611810485
4585,4585,4585,3.6416666666666675,1.6468299382009612,1.8192568856336309
4586,4586,4586,3.6433333333333326,1.6472114137483789,1.8196383611810485
4587,4587,4587,3.6449999999999996,1.6472114137483789,1.8196383611810485
4588,4588,4588,3.6466666666666674,1.6472114137483789,1.8196383611810485
4589,4589,4589,3.6483333333333308,1.6472114137483789,1.8196383611810485
4590,4590,4590,3.6500000000000004,1.6468299382009612,1.8196383611810485
4591,4591,4591,3.6516666666666673,1.6468299382009612,1.8196383611810485
4592,4592,4592,3.6533333333333324,1.6468299382009612,1.8196383611810485
4593,4593,4593,3.6550000000000002,1.6468299382009612,1.8196383611810485
4594,4594,4594,3.656666666666667,1.6472114137483789,1.8196383611810485
4595,4595,4595,3.658333333333334,1.6468299382009612,1.8196383611810485
4596,4596,4596,3.66,1.6472114137483789,1.8196383611810485
4597,4597,4597,3.661666666666667,1.6472114137483789,1.8196383611810485
4598,4598,4598,3.663333333333334,1.6468299382009612,1.8196383611810485
4599,4599,4599,3.665000000000001,1.6472114137483789,1.8200198367284657
4600,4600,4600,3.666666666666668,1.6468299382009612,1.8196383611810485
4601,4601,4601,3.668333333333334,1.6472114137483789,1.8200198367284657
4602,4602,4602,3.670000000000001,1.6472114137483789,1.8200198367284657
4603,4603,4603,3.6716666666666677,1.6472114137483789,1.8200198367284657
4604,4604,4604,3.673333333333334,1.6468299382009612,1.8196383611810485
4605,4605,4605,3.6750000000000025,1.6468299382009612,1.8196383611810485
4606,4606,4606,3.6766666666666676,1.6468299382009612,1.8200198367284657
4607,4607,4607,3.6783333333333337,1.6468299382009612,1.8196383611810485
4608,4608,4608,3.6800000000000015,1.6468299382009612,1.8200198367284657
4609,4609,4609,3.6816666666666675,1.6468299382009612,1.8196383611810485
4610,4610,4610,3.6833333333333336,1.6468299382009612,1.8200198367284657
4611,4611,4611,3.6849999999999996,1.6468299382009612,1.8200198367284657
4612,4612,4612,3.6866666666666674,1.6468299382009612,1.8196383611810485
4613,4613,4613,3.6883333333333326,1.6468299382009612,1.8196383611810485
4614,4614,4614,3.6900000000000004,1.6468299382009612,1.8200198367284657
4615,4615,4615,3.6916666666666673,1.6468299382009612,1.8196383611810485
4616,4616,4616,3.6933333333333325,1.6468299382009612,1.8196383611810485
4617,4617,4617,3.6950000000000003,1.6468299382009612,1.8196383611810485
4618,4618,4618,3.696666666666667,1.6468299382009612,1.8196383611810485
4619,4619,4619,3.698333333333334,1.6472114137483789,1.8196383611810485
4620,4620,4620,3.7,1.6468299382009612,1.8196383611810485
4621,4621,4621,3.701666666666667,1.6468299382009612,1.8200198367284657
4622,4622,4622,3.703333333333334,1.6468299382009612,1.8196383611810485
4623,4623,4623,3.705,1.6468299382009612,1.8196383611810485
4624,4624,4624,3.706666666666668,1.6468299382009612,1.8196383611810485
4625,4625,4625,3.708333333333334,1.6468299382009612,1.8192568856336309
4626,4626,4626,3.710000000000001,1.6468299382009612,1.8196383611810485
4627,4627,4627,3.711666666666668,1.6468299382009612,1.8196383611810485
4628,4628,4628,3.713333333333334,1.6468299382009612,1.8196383611810485
4629,4629,4629,3.7150000000000025,1.6468299382009612,1.8196383611810485
4630,4630,4630,3.7166666666666677,1.6464484626535438,1.8192568856336309
4631,4631,4631,3.7183333333333337,1.6468299382009612,1.8196383611810485
4632,4632,4632,3.7200000000000015,1.6468299382009612,1.8192568856336309
4633,4633,4633,3.7216666666666676,1.6464484626535438,1.8196383611810485
4634,4634,4634,3.7233333333333336,1.6464484626535438,1.8196383611810485
4635,4635,4635,3.7249999999999996,1.6464484626535438,1.8192568856336309
4636,4636,4636,3.7266666666666675,1.6464484626535438,1.8196383611810485
4637,4637,4637,3.7283333333333326,1.6468299382009612,1.8192568856336309
4638,4638,4638,3.7300000000000004,1.6464484626535438,1.8196383611810485
4639,4639,4639,3.7316666666666674,1.6468299382009612,1.8196383611810485
4640,4640,4640,3.7333333333333316,1.6464484626535438,1.8192568856336309
4641,4641,4641,3.7350000000000003,1.6468299382009612,1.8196383611810485
4642,4642,4642,3.7366666666666672,1.6464484626535438,1.8196383611810485
4643,4643,4643,3.738333333333334,1.6464484626535438,1.8196383611810485
4644,4644,4644,3.74,1.6464484626535438,1.8196383611810485
4645,4645,4645,3.741666666666667,1.6464484626535438,1.8192568856336309
4646,4646,4646,3.743333333333334,1.6468299382009612,1.8196383611810485
4647,4647,4647,3.745,1.6464484626535438,1.8196383611810485
4648,4648,4648,3.746666666666667,1.6464484626535438,1.8196383611810485
4649,4649,4649,3.748333333333334,1.6468299382009612,1.8192568856336309
4650,4650,4650,3.750000000000001,1.6464484626535438,1.8192568856336309
4651,4651,4651,3.751666666666668,1.6468299382009612,1.8192568856336309
4652,4652,4652,3.753333333333334,1.6468299382009612,1.8196383611810485
4653,4653,4653,3.755000000000001,1.6468299382009612,1.8192568856336309
4654,4654,4654,3.7566666666666677,1.6468299382009612,1.8196383611810485
4655,4655,4655,3.7583333333333337,1.6464484626535438,1.8192568856336309
4656,4656,4656,3.7600000000000025,1.6468299382009612,1.8196383611810485
4657,4657,4657,3.7616666666666676,1.6468299382009612,1.8192568856336309
4658,4658,4658,3.7633333333333336,1.6464484626535438,1.8196383611810485
4659,4659,4659,3.7650000000000015,1.6468299382009612,1.8192568856336309
4660,4660,4660,3.7666666666666675,1.6464484626535438,1.8192568856336309
4661,4661,4661,3.7683333333333326,1.6464484626535438,1.8192568856336309
4662,4662,4662,3.7699999999999996,1.6468299382009612,1.8196383611810485
4663,4663,4663,3.7716666666666674,1.6468299382009612,1.8192568856336309
4664,4664,4664,3.7733333333333308,1.6464484626535438,1.8192568856336309
4665,4665,4665,3.7750000000000004,1.6464484626535438,1.8192568856336309
4666,4666,4666,3.7766666666666673,1.6464484626535438,1.8196383611810485
4667,4667,4667,3.7783333333333324,1.6464484626535438,1.8192568856336309
4668,4668,4668,3.7800000000000002,1.6464484626535438,1.8196383611810485
4669,4669,4669,3.781666666666667,1.6468299382009612,1.8196383611810485
4670,4670,4670,3.783333333333334,1.6464484626535438,1.8192568856336309
4671,4671,4671,3.785,1.6464484626535438,1.8192568856336309
4672,4672,4672,3.786666666666667,1.6464484626535438,1.8196383611810485
4673,4673,4673,3.788333333333334,1.6464484626535438,1.8192568856336309
4674,4674,4674,3.790000000000001,1.6464484626535438,1.8192568856336309
4675,4675,4675,3.791666666666668,1.6464484626535438,1.8192568856336309
4676,4676,4676,3.793333333333334,1.6464484626535438,1.8196383611810485
4677,4677,4677,3.795000000000001,1.6464484626535438,1.8196383611810485
4678,4678,4678,3.7966666666666677,1.6464484626535438,1.8192568856336309
4679,4679,4679,3.798333333333334,1.6464484626535438,1.8192568856336309
4680,4680,4680,3.8000000000000025,1.6460669871061264,1.8192568856336309
4681,4681,4681,3.8016666666666676,1.6464484626535438,1.8192568856336309
4682,4682,4682,3.8033333333333337,1.6460669871061264,1.8192568856336309
4683,4683,4683,3.8050000000000015,1.6464484626535438,1.8196383611810485
4684,4684,4684,3.8066666666666675,1.6460669871061264,1.8192568856336309
4685,4685,4685,3.8083333333333336,1.6460669871061264,1.8188754100862128
4686,4686,4686,3.8099999999999996,1.6460669871061264,1.8192568856336309
4687,4687,4687,3.8116666666666674,1.6460669871061264,1.8192568856336309
4688,4688,4688,3.8133333333333326,1.6460669871061264,1.8192568856336309
4689,4689,4689,3.8150000000000004,1.6460669871061264,1.8192568856336309
4690,4690,4690,3.8166666666666673,1.6460669871061264,1.8188754100862128
4691,4691,4691,3.8183333333333325,1.6456855115587088,1.8188754100862128
4692,4692,4692,3.8200000000000003,1.6456855115587088,1.8188754100862128
4693,4693,4693,3.821666666666667,1.6460669871061264,1.8188754100862128
4694,4694,4694,3.823333333333334,1.6456855115587088,1.8188754100862128
4695,4695,4695,3.825,1.6456855115587088,1.8188754100862128
4696,4696,4696,3.826666666666667,1.6460669871061264,1.8188754100862128
4697,4697,4697,3.828333333333334,1.6456855115587088,1.8188754100862128
4698,4698,4698,3.83,1.6456855115587088,1.8188754100862128
4699,4699,4699,3.831666666666668,1.6456855115587088,1.8188754100862128
4700,4700,4700,3.833333333333334,1.6453040360112916,1.818493934538796
4701,4701,4701,3.835000000000001,1.6456855115587088,1.8188754100862128
4702,4702,4702,3.836666666666668,1.6453040360112916,1.8188754100862128
4703,4703,4703,3.838333333333334,1.6453040360112916,1.818493934538796
4704,4704,4704,3.8400000000000025,1.6453040360112916,1.818493934538796
4705,4705,4705,3.8416666666666677,1.6453040360112916,1.818493934538796
4706,4706,4706,3.8433333333333337,1.6453040360112916,1.8188754100862128
4707,4707,4707,3.8450000000000015,1.6453040360112916,1.818493934538796
4708,4708,4708,3.8466666666666676,1.6453040360112916,1.818493934538796
4709,4709,4709,3.8483333333333336,1.6453040360112916,1.818493934538796
4710,4710,4710,3.8499999999999996,1.6453040360112916,1.8181124589913784
4711,4711,4711,3.8516666666666675,1.6453040360112916,1.818493934538796
4712,4712,4712,3.8533333333333326,1.6449225604638742,1.818493934538796
4713,4713,4713,3.8550000000000004,1.6449225604638742,1.818493934538796
4714,4714,4714,3.8566666666666674,1.6453040360112916,1.8181124589913784
4715,4715,4715,3.8583333333333325,1.6453040360112916,1.8181124589913784
4716,4716,4716,3.8600000000000003,1.6453040360112916,1.8181124589913784
4717,4717,4717,3.8616666666666672,1.6453040360112916,1.8181124589913784
4718,4718,4718,3.863333333333334,1.6453040360112916,1.8181124589913784
4719,4719,4719,3.865,1.6453040360112916,1.8181124589913784
4720,4720,4720,3.866666666666667,1.6449225604638742,1.8181124589913784
4721,4721,4721,3.868333333333334,1.6449225604638742,1.8181124589913784
4722,4722,4722,3.87,1.6453040360112916,1.8181124589913784
4723,4723,4723,3.871666666666667,1.6453040360112916,1.8181124589913784
4724,4724,4724,3.873333333333334,1.6453040360112916,1.8181124589913784
4725,4725,4725,3.875000000000001,1.6449225604638742,1.8181124589913784
4726,4726,4726,3.876666666666668,1.6449225604638742,1.8181124589913784
4727,4727,4727,3.878333333333334,1.6449225604638742,1.8181124589913784
4728,4728,4728,3.880000000000001,1.6449225604638742,1.8177309834439608
4729,4729,4729,3.8816666666666677,1.6449225604638742,1.8181124589913784
4730,4730,4730,3.8833333333333337,1.6449225604638742,1.8177309834439608
4731,4731,4731,3.8850000000000025,1.6453040360112916,1.8177309834439608
4732,4732,4732,3.8866666666666676,1.6453040360112916,1.8177309834439608
4733,4733,4733,3.8883333333333336,1.6449225604638742,1.8177309834439608
4734,4734,4734,3.8900000000000015,1.6453040360112916,1.817349507896544
4735,4735,4735,3.8916666666666675,1.6453040360112916,1.8177309834439608
4736,4736,4736,3.8933333333333326,1.6453040360112916,1.8177309834439608
4737,4737,4737,3.8949999999999996,1.6453040360112916,1.8177309834439608
4738,4738,4738,3.8966666666666674,1.6449225604638742,1.8177309834439608
4739,4739,4739,3.8983333333333308,1.6453040360112916,1.817349507896544
4740,4740,4740,3.9000000000000004,1.6449225604638742,1.817349507896544
4741,4741,4741,3.9016666666666673,1.6449225604638742,1.8177309834439608
4742,4742,4742,3.9033333333333324,1.6453040360112916,1.817349507896544
4743,4743,4743,3.9050000000000002,1.6449225604638742,1.817349507896544
4744,4744,4744,3.906666666666667,1.6453040360112916,1.817349507896544
4745,4745,4745,3.908333333333334,1.6449225604638742,1.817349507896544
4746,4746,4746,3.91,1.6449225604638742,1.817349507896544
4747,4747,4747,3.911666666666667,1.6453040360112916,1.817349507896544
4748,4748,4748,3.913333333333334,1.6449225604638742,1.817349507896544
4749,4749,4749,3.915000000000001,1.6449225604638742,1.8169680323491264
4750,4750,4750,3.916666666666668,1.6449225604638742,1.8169680323491264
4751,4751,4751,3.918333333333334,1.6453040360112916,1.8169680323491264
4752,4752,4752,3.920000000000001,1.6449225604638742,1.817349507896544
4753,4753,4753,3.9216666666666677,1.6453040360112916,1.8169680323491264
4754,4754,4754,3.923333333333334,1.6449225604638742,1.817349507896544
4755,4755,4755,3.9250000000000025,1.6445410849164568,1.816586556801709
4756,4756,4756,3.9266666666666676,1.6449225604638742,1.8169680323491264
4757,4757,4757,3.9283333333333337,1.6445410849164568,1.8169680323491264
4758,4758,4758,3.9300000000000015,1.6449225604638742,1.8169680323491264
4759,4759,4759,3.9316666666666675,1.6449225604638742,1.8169680323491264
4760,4760,4760,3.9333333333333336,1.6449225604638742,1.816586556801709
4761,4761,4761,3.9349999999999996,1.6449225604638742,1.8169680323491264
4762,4762,4762,3.9366666666666674,1.6449225604638742,1.816586556801709
4763,4763,4763,3.9383333333333326,1.6449225604638742,1.816586556801709
4764,4764,4764,3.9400000000000004,1.6449225604638742,1.816586556801709
4765,4765,4765,3.9416666666666673,1.6449225604638742,1.816205081254292
4766,4766,4766,3.9433333333333325,1.6449225604638742,1.816586556801709
4767,4767,4767,3.9450000000000003,1.6449225604638742,1.816586556801709
4768,4768,4768,3.946666666666667,1.6445410849164568,1.816586556801709
4769,4769,4769,3.948333333333334,1.6449225604638742,1.816586556801709
4770,4770,4770,3.95,1.6449225604638742,1.816205081254292
4771,4771,4771,3.951666666666667,1.6449225604638742,1.816586556801709
4772,4772,4772,3.953333333333334,1.6449225604638742,1.816586556801709
4773,4773,4773,3.955,1.6449225604638742,1.816205081254292
4774,4774,4774,3.956666666666668,1.6449225604638742,1.816586556801709
4775,4775,4775,3.958333333333334,1.6445410849164568,1.816205081254292
4776,4776,4776,3.960000000000001,1.6449225604638742,1.816205081254292
4777,4777,4777,3.961666666666668,1.6449225604638742,1.816205081254292
4778,4778,4778,3.963333333333334,1.6449225604638742,1.8158236057068744
4779,4779,4779,3.9650000000000025,1.6449225604638742,1.816205081254292
4780,4780,4780,3.9666666666666677,1.6445410849164568,1.8158236057068744
4781,4781,4781,3.9683333333333337,1.6449225604638742,1.816205081254292
4782,4782,4782,3.9700000000000015,1.6445410849164568,1.816205081254292
4783,4783,4783,3.9716666666666676,1.6445410849164568,1.816205081254292
4784,4784,4784,3.9733333333333336,1.6445410849164568,1.816205081254292
4785,4785,4785,3.9749999999999996,1.6445410849164568,1.816205081254292
4786,4786,4786,3.9766666666666675,1.6445410849164568,1.8158236057068744
4787,4787,4787,3.9783333333333326,1.6449225604638742,1.8158236057068744
4788,4788,4788,3.9800000000000004,1.6445410849164568,1.8158236057068744
4789,4789,4789,3.9816666666666674,1.6449225604638742,1.816205081254292
4790,4790,4790,3.9833333333333325,1.6445410849164568,1.8158236057068744
4791,4791,4791,3.9850000000000003,1.6445410849164568,1.816205081254292
4792,4792,4792,3.9866666666666672,1.6449225604638742,1.816205081254292
4793,4793,4793,3.988333333333334,1.6445410849164568,1.8158236057068744
4794,4794,4794,3.99,1.6449225604638742,1.816205081254292
4795,4795,4795,3.991666666666667,1.6445410849164568,1.8158236057068744
4796,4796,4796,3.993333333333334,1.6449225604638742,1.8158236057068744
4797,4797,4797,3.995,1.6445410849164568,1.8158236057068744
4798,4798,4798,3.996666666666667,1.6445410849164568,1.8158236057068744
4799,4799,4799,3.998333333333334,1.6445410849164568,1.8158236057068744
4800,4800,4800,4.0,1.6445410849164568,1.8158236057068744
4801,4801,4801,4.001666666666667,1.6445410849164568,1.8158236057068744
4802,4802,4802,4.003333333333334,1.6445410849164568,1.8158236057068744
4803,4803,4803,4.005000000000001,1.6445410849164568,1.8158236057068744
4804,4804,4804,4.006666666666668,1.6443522991942698,1.8154421301594568
4805,4805,4805,4.008333333333335,1.6439356325276029,1.8158236057068744
4806,4806,4806,4.01,1.6435189658609368,1.8158236057068744
4807,4807,4807,4.011666666666667,1.64310229919427,1.8158236057068744
4808,4808,4808,4.013333333333334,1.6426856325276034,1.8158236057068744
4809,4809,4809,4.015000000000001,1.642650441408354,1.8158236057068744
4810,4810,4810,4.0166666666666675,1.6418522991942701,1.8154421301594568
4811,4811,4811,4.018333333333334,1.6414356325276032,1.8158236057068744
4812,4812,4812,4.020000000000001,1.6410189658609364,1.8158236057068744
4813,4813,4813,4.021666666666668,1.64060229919427,1.8158236057068744
4814,4814,4814,4.023333333333332,1.639804156980186,1.8154421301594568
4815,4815,4815,4.025,1.639768965860937,1.8158236057068744
4816,4816,4816,4.026666666666667,1.6389708236468523,1.8158236057068744
4817,4817,4817,4.028333333333334,1.6389356325276032,1.8154421301594568
4818,4818,4818,4.030000000000001,1.6385189658609365,1.8158236057068744
4819,4819,4819,4.031666666666668,1.6381022991942698,1.8158236057068744
4820,4820,4820,4.033333333333333,1.637304156980186,1.8158236057068744
4821,4821,4821,4.035,1.636887490313519,1.8158236057068744
4822,4822,4822,4.036666666666667,1.6364708236468526,1.8158236057068744
4823,4823,4823,4.038333333333334,1.636054156980186,1.8158236057068744
4824,4824,4824,4.040000000000001,1.6356374903135191,1.8158236057068744
4825,4825,4825,4.041666666666668,1.6352208236468524,1.815740360244844
4826,4826,4826,4.043333333333333,1.634804156980186,1.8153236935781771
4827,4827,4827,4.045,1.6347689658609368,1.8145255513640932
4828,4828,4828,4.046666666666667,1.63435229919427,1.814490360244844
4829,4829,4829,4.048333333333334,1.6335541569801861,1.8136922180307595
4830,4830,4830,4.050000000000001,1.6331374903135192,1.812894075816676
4831,4831,4831,4.051666666666668,1.6327208236468524,1.813240360244844
4832,4832,4832,4.053333333333335,1.6323041569801855,1.8128236935781767
4833,4833,4833,4.055,1.6318874903135194,1.812025551364093
4834,4834,4834,4.056666666666667,1.6314708236468527,1.8116088846974263
4835,4835,4835,4.058333333333334,1.6306726814327683,1.81119221803076
4836,4836,4836,4.0600000000000005,1.6302560147661016,1.8107755513640929
4837,4837,4837,4.061666666666667,1.6298393480994349,1.810358884697426
4838,4838,4838,4.063333333333334,1.6298041569801858,1.8099422180307596
4839,4839,4839,4.065000000000001,1.6290060147661014,1.8095255513640929
4840,4840,4840,4.066666666666666,1.6282078725520182,1.8091088846974264
4841,4841,4841,4.068333333333333,1.6277912058853512,1.80869221803076
4842,4842,4842,4.07,1.6269930636712668,1.8082755513640931
4843,4843,4843,4.071666666666667,1.6265763970046003,1.8078588846974264
4844,4844,4844,4.073333333333334,1.625778254790516,1.8074422180307597
4845,4845,4845,4.075000000000001,1.6249801125764318,1.8070255513640927
4846,4846,4846,4.076666666666668,1.624563445909765,1.806608884697426
4847,4847,4847,4.078333333333333,1.6237653036956816,1.80619221803076
4848,4848,4848,4.08,1.6229671614815977,1.8057755513640932
4849,4849,4849,4.081666666666667,1.6221690192675131,1.8053588846974264
4850,4850,4850,4.083333333333334,1.6213708770534292,1.8045607424833423
4851,4851,4851,4.085000000000001,1.6205727348393448,1.804144075816676
4852,4852,4852,4.086666666666668,1.6197745926252611,1.804108884697426
4853,4853,4853,4.088333333333335,1.6189764504111768,1.8033107424833417
4854,4854,4854,4.09,1.6185597837445105,1.8032755513640932
4855,4855,4855,4.091666666666667,1.617380165983009,1.8028588846974265
4856,4856,4856,4.093333333333334,1.6169634993163422,1.8020607424833424
4857,4857,4857,4.095000000000001,1.6161653571022583,1.801644075816676
4858,4858,4858,4.096666666666668,1.6149857393407565,1.8012274091500091
4859,4859,4859,4.0983333333333345,1.6141875971266724,1.8008107424833422
4860,4860,4860,4.1,1.613389454912589,1.800394075816676
4861,4861,4861,4.101666666666668,1.6125913126985043,1.7999774091500091
4862,4862,4862,4.103333333333332,1.6117931704844204,1.7995607424833424
4863,4863,4863,4.105,1.6106135527229188,1.7991440758166757
4864,4864,4864,4.106666666666667,1.6101968860562519,1.7987274091500092
4865,4865,4865,4.108333333333334,1.6090172682947503,1.7983107424833422
4866,4866,4866,4.110000000000001,1.6082191260806664,1.7978940758166757
4867,4867,4867,4.111666666666666,1.6074209838665825,1.7974774091500092
4868,4868,4868,4.113333333333333,1.6062413661050812,1.7970607424833425
4869,4869,4869,4.115,1.6050617483435796,1.7966440758166755
4870,4870,4870,4.116666666666667,1.6042636061294957,1.7958459336025914
4871,4871,4871,4.118333333333334,1.6034654639154111,1.7954292669359246
4872,4872,4872,4.120000000000001,1.6026673217013274,1.7950126002692581
4873,4873,4873,4.121666666666668,1.6018691794872428,1.7945959336025912
4874,4874,4874,4.123333333333333,1.6010710372731594,1.7941792669359249
4875,4875,4875,4.125,1.5998914195116578,1.7933811247218403
4876,4876,4876,4.126666666666667,1.5987118017501565,1.7933459336025914
4877,4877,4877,4.128333333333334,1.597913659536072,1.7925477913885068
4878,4878,4878,4.130000000000001,1.597115517321988,1.792512600269258
4879,4879,4879,4.131666666666668,1.5963173751079038,1.7920959336025912
4880,4880,4880,4.133333333333335,1.5951377573464018,1.7912977913885069
4881,4881,4881,4.135,1.5947210906797358,1.7908811247218406
4882,4882,4882,4.136666666666667,1.593922948465652,1.7904644580551738
4883,4883,4883,4.138333333333334,1.5931248062515675,1.7900477913885071
4884,4884,4884,4.140000000000001,1.5919451884900662,1.7896311247218404
4885,4885,4885,4.1416666666666675,1.591147046275982,1.7888329825077565
4886,4886,4886,4.143333333333334,1.5907303796093153,1.7884163158410895
4887,4887,4887,4.145000000000001,1.5895507618478135,1.7879996491744232
4888,4888,4888,4.146666666666668,1.58875261963373,1.7875829825077567
4889,4889,4889,4.148333333333332,1.5879544774196461,1.78716631584109
4890,4890,4890,4.15,1.5875378107529792,1.7867496491744232
4891,4891,4891,4.151666666666667,1.5863581929914776,1.7863329825077563
4892,4892,4892,4.153333333333334,1.585560050777393,1.7855348402936722
4893,4893,4893,4.155000000000001,1.5851433841107263,1.7851181736270054
4894,4894,4894,4.156666666666668,1.5843452418966426,1.7847015069603387
4895,4895,4895,4.158333333333333,1.5835470996825591,1.7842848402936724
4896,4896,4896,4.16,1.5827489574684748,1.7838681736270057
4897,4897,4897,4.161666666666667,1.5823322908018083,1.7830700314129218
4898,4898,4898,4.163333333333334,1.5815341485877243,1.782653364746255
4899,4899,4899,4.165000000000001,1.5811174819210572,1.7822366980795885
4900,4900,4900,4.166666666666668,1.580319339706973,1.7818200314129216
4901,4901,4901,4.168333333333333,1.5799026730403067,1.7817848402936725
4902,4902,4902,4.17,1.5791045308262226,1.7809866980795883
4903,4903,4903,4.171666666666667,1.5779249130647208,1.7805700314129218
4904,4904,4904,4.173333333333334,1.5775082463980543,1.7797718891988377
4905,4905,4905,4.175000000000001,1.5770915797313876,1.779355222532171
4906,4906,4906,4.176666666666668,1.5766749130647209,1.7789385558655042
4907,4907,4907,4.178333333333335,1.5758767708506367,1.7785218891988377
4908,4908,4908,4.18,1.5754601041839704,1.7781052225321712
4909,4909,4909,4.181666666666667,1.5746619619698865,1.7776885558655044
4910,4910,4910,4.183333333333334,1.5742452953032198,1.7768904136514199
4911,4911,4911,4.1850000000000005,1.5738286286365533,1.7764737469847534
4912,4912,4912,4.186666666666667,1.573030486422469,1.7760570803180866
4913,4913,4913,4.188333333333334,1.572613819755802,1.7752589381040025
4914,4914,4914,4.190000000000001,1.5721971530891352,1.7748422714373358
4915,4915,4915,4.191666666666666,1.5713990108750513,1.7744256047706697
4916,4916,4916,4.193333333333333,1.5709823442083846,1.7736274625565858
4917,4917,4917,4.195,1.5705656775417178,1.7732107958899188
4918,4918,4918,4.196666666666667,1.569767535327634,1.7720311781284177
4919,4919,4919,4.198333333333334,1.5697323442083844,1.7712330359143331
4920,4920,4920,4.200000000000001,1.5689342019943004,1.7708163692476664
4921,4921,4921,4.201666666666668,1.5685175353276335,1.7700182270335822
4922,4922,4922,4.203333333333333,1.5681008686609674,1.769220084819499
4923,4923,4923,4.205,1.567302726446883,1.7684219426054146
4924,4924,4924,4.206666666666667,1.5668860597802163,1.7676238003913305
4925,4925,4925,4.208333333333334,1.5660879175661324,1.7668256581772463
4926,4926,4926,4.210000000000001,1.5660527264468829,1.7656460404157448
4927,4927,4927,4.211666666666668,1.5652545842327992,1.7648478982016604
4928,4928,4928,4.213333333333335,1.5644564420187148,1.7640497559875759
4929,4929,4929,4.215,1.5644212508994657,1.7636330893209098
4930,4930,4930,4.216666666666667,1.5636231086853818,1.762453471559409
4931,4931,4931,4.218333333333334,1.563206442018715,1.761655329345324
4932,4932,4932,4.220000000000001,1.5627897753520483,1.7608571871312402
4933,4933,4933,4.221666666666668,1.561991633137964,1.7596775693697384
4934,4934,4934,4.2233333333333345,1.5615749664712972,1.7588794271556545
4935,4935,4935,4.225,1.561158299804631,1.7580812849415708
4936,4936,4936,4.226666666666668,1.5607416331379642,1.7572831427274864
4937,4937,4937,4.228333333333332,1.5603249664712977,1.7564850005134027
4938,4938,4938,4.23,1.5599082998046307,1.755305382751901
4939,4939,4939,4.231666666666667,1.5591101575905468,1.7545072405378168
4940,4940,4940,4.233333333333334,1.5586934909238797,1.7533276227763153
4941,4941,4941,4.235000000000001,1.5578953487097962,1.7525294805622311
4942,4942,4942,4.236666666666666,1.55747868204313,1.751731338348147
4943,4943,4943,4.238333333333333,1.5570620153764632,1.750551720586646
4944,4944,4944,4.24,1.5562638731623788,1.7497535783725615
4945,4945,4945,4.241666666666667,1.5558472064957118,1.7485739606110602
4946,4946,4946,4.243333333333334,1.5554305398290451,1.7477758183969756
4947,4947,4947,4.245000000000001,1.5546323976149614,1.7469776761828917
4948,4948,4948,4.246666666666668,1.554215730948295,1.7457980584213904
4949,4949,4949,4.248333333333333,1.5534175887342103,1.7449999162073064
4950,4950,4950,4.25,1.5526194465201266,1.743820298445805
4951,4951,4951,4.251666666666667,1.55220277985346,1.7434036317791384
4952,4952,4952,4.253333333333334,1.5514046376393755,1.7422240140176368
4953,4953,4953,4.255000000000001,1.5513694465201264,1.7414258718035531
4954,4954,4954,4.256666666666668,1.5505713043060425,1.7402462540420514
4955,4955,4955,4.258333333333335,1.549773162091958,1.7394481118279668
4956,4956,4956,4.26,1.549356495425292,1.7386499696138833
4957,4957,4957,4.261666666666667,1.5489398287586251,1.7378518273997992
4958,4958,4958,4.263333333333334,1.5481416865445412,1.737053685185715
4959,4959,4959,4.265000000000001,1.5477250198778745,1.7358740674242137
4960,4960,4960,4.2666666666666675,1.54692687766379,1.735075925210129
4961,4961,4961,4.268333333333334,1.5465102109971232,1.7342777829960452
4962,4962,4962,4.270000000000001,1.5457120687830392,1.733479640781961
4963,4963,4963,4.271666666666668,1.5452954021163732,1.7330629741152948
4964,4964,4964,4.273333333333332,1.5444972599022888,1.7318833563537932
4965,4965,4965,4.275,1.543699117688205,1.7314666896871265
4966,4966,4966,4.276666666666667,1.5432824510215382,1.7306685474730428
4967,4967,4967,4.278333333333334,1.5424843088074538,1.7298704052589582
4968,4968,4968,4.280000000000001,1.5420676421407868,1.7290722630448738
4969,4969,4969,4.281666666666668,1.5416509754741203,1.7282741208307901
4970,4970,4970,4.283333333333333,1.5408528332600364,1.7274759786167062
4971,4971,4971,4.285,1.5404361665933697,1.7270593119500397
4972,4972,4972,4.286666666666667,1.5396380243792855,1.7262611697359551
4973,4973,4973,4.288333333333334,1.5392213577126188,1.7254630275218712
4974,4974,4974,4.290000000000001,1.5384232154985351,1.7246648853077868
4975,4975,4975,4.291666666666668,1.5376250732844503,1.72424821864112
4976,4976,4976,4.293333333333333,1.5372084066177842,1.7238315519744538
4977,4977,4977,4.295,1.5364102644037003,1.7226519342129527
4978,4978,4978,4.296666666666667,1.5359935977370336,1.722235267546286
4979,4979,4979,4.298333333333334,1.5351954555229497,1.7214371253322016
4980,4980,4980,4.300000000000001,1.5343973133088653,1.7206389831181177
4981,4981,4981,4.301666666666668,1.5339806466421986,1.7202223164514507
4982,4982,4982,4.303333333333335,1.5335639799755318,1.7198056497847842
4983,4983,4983,4.305,1.532765837761448,1.7190075075707003
4984,4984,4984,4.306666666666667,1.5323491710947814,1.7185908409040336
4985,4985,4985,4.308333333333334,1.531932504428115,1.7181741742373668
4986,4986,4986,4.3100000000000005,1.5311343622140308,1.7173760320232827
4987,4987,4987,4.311666666666667,1.5303362199999464,1.716959365356616
4988,4988,4988,4.313333333333334,1.5299195533332797,1.7161612231425318
4989,4989,4989,4.315000000000001,1.5291214111191958,1.7157445564758649
4990,4990,4990,4.316666666666666,1.5283232689051118,1.7149464142617814
4991,4991,4991,4.318333333333333,1.5279066022384449,1.714529747595115
4992,4992,4992,4.32,1.5271084600243603,1.7137316053810303
4993,4993,4993,4.321666666666667,1.5266917933576938,1.7133149387143638
4994,4994,4994,4.323333333333334,1.526275126691027,1.7128982720476966
4995,4995,4995,4.325000000000001,1.5254769844769434,1.712100129833613
4996,4996,4996,4.326666666666668,1.5250603178102766,1.7116834631669462
4997,4997,4997,4.328333333333333,1.5242621755961931,1.7108853209528632
4998,4998,4998,4.33,1.5238455089295262,1.7104686542861958
4999,4999,4999,4.331666666666667,1.5234288422628597,1.710051987619529
5000,5000,5000,4.333333333333334,1.5226307000487758,1.7092538454054451
5001,5001,5001,4.335000000000001,1.5222140333821086,1.7088371787387782
5002,5002,5002,4.336666666666668,1.5214158911680244,1.708039036524694
5003,5003,5003,4.338333333333335,1.5209992245013575,1.7076223698580273
5004,5004,5004,4.34,1.5202010822872742,1.7072057031913608
5005,5005,5005,4.341666666666667,1.51940294007319,1.7064075609772769
5006,5006,5006,4.343333333333334,1.5189862734065231,1.7059908943106097
5007,5007,5007,4.345000000000001,1.5185696067398564,1.7055742276439434
5008,5008,5008,4.346666666666668,1.5181529400731897,1.7047760854298593
5009,5009,5009,4.3483333333333345,1.5173547978591055,1.703977943215775
5010,5010,5010,4.350000000000001,1.5169381311924388,1.703179801001691
5011,5011,5011,4.351666666666668,1.5165214645257723,1.703144609882442
5012,5012,5012,4.353333333333332,1.5157233223116884,1.7023464676683582
5013,5013,5013,4.355,1.5153066556450216,1.7019298010016912
5014,5014,5014,4.356666666666667,1.5145085134309375,1.7015131343350245
5015,5015,5015,4.358333333333334,1.5140918467642708,1.7003335165735234
5016,5016,5016,4.360000000000001,1.513675180097604,1.6999168499068562
5017,5017,5017,4.361666666666666,1.51287703788352,1.69950018324019
5018,5018,5018,4.363333333333333,1.512841846764271,1.6990835165735232
5019,5019,5019,4.365,1.5120437045501869,1.6982853743594393
5020,5020,5020,4.366666666666667,1.5116270378835202,1.6978687076927723
5021,5021,5021,4.368333333333334,1.5108288956694356,1.6970705654786884
5022,5022,5022,4.370000000000001,1.5104122290027688,1.6966538988120217
5023,5023,5023,4.371666666666668,1.509614086788685,1.6958557565979373
5024,5024,5024,4.373333333333333,1.5091974201220186,1.695439089931271
5025,5025,5025,4.375,1.5083992779079345,1.6946409477171869
5026,5026,5026,4.376666666666667,1.5079826112412678,1.6938428055031027
5027,5027,5027,4.378333333333334,1.5075659445746008,1.693426138836436
5028,5028,5028,4.380000000000001,1.5071492779079343,1.692627996622352
5029,5029,5029,4.381666666666668,1.5063511356938502,1.6922113299556851
5030,5030,5030,4.383333333333335,1.5059344690271832,1.6914131877416008
5031,5031,5031,4.385,1.5051363268130995,1.6909965210749347
5032,5032,5032,4.386666666666667,1.5047196601464332,1.690579854408268
5033,5033,5033,4.388333333333334,1.5043029934797665,1.6897817121941836
5034,5034,5034,4.390000000000001,1.5038863268130995,1.6889835699800997
5035,5035,5035,4.3916666666666675,1.5030881845990156,1.6885669033134332
5036,5036,5036,4.393333333333334,1.5026715179323489,1.6881502366467662
5037,5037,5037,4.395000000000001,1.502254851265682,1.6873520944326819
5038,5038,5038,4.396666666666668,1.501838184599016,1.6865539522185984
5039,5039,5039,4.398333333333332,1.5010400423849315,1.6861372855519317
5040,5040,5040,4.4,1.5002419001708476,1.6853391433378475
5041,5041,5041,4.401666666666667,1.4998252335041808,1.6849224766711808
5042,5042,5042,4.403333333333334,1.499408566837514,1.6841243344570966
5043,5043,5043,4.405000000000001,1.4986104246234295,1.68370766779043
5044,5044,5044,4.406666666666668,1.4985752335041806,1.6829095255763458
5045,5045,5045,4.408333333333333,1.497395615742679,1.6824928589096797
5046,5046,5046,4.41,1.4969789490760126,1.6820761922430127
5047,5047,5047,4.411666666666667,1.496562282409346,1.681659525576346
5048,5048,5048,4.413333333333334,1.4961456157426791,1.680861383362262
5049,5049,5049,4.415000000000001,1.4957289490760124,1.6804447166955951
5050,5050,5050,4.416666666666668,1.4949308068619285,1.6800280500289284
5051,5051,5051,4.418333333333333,1.4945141401952617,1.6792299078148447
5052,5052,5052,4.42,1.4940974735285952,1.6784317656007608
5053,5053,5053,4.421666666666667,1.493299331314511,1.6783965744815112
5054,5054,5054,4.423333333333334,1.4928826646478444,1.6775984322674269
5055,5055,5055,4.425000000000001,1.4920845224337602,1.6771817656007604
5056,5056,5056,4.426666666666668,1.4916678557670937,1.676383623386676
5057,5057,5057,4.428333333333335,1.4908697135530091,1.6759669567200093
5058,5058,5058,4.43,1.490453046886343,1.6755502900533428
5059,5059,5059,4.431666666666667,1.4900363802196763,1.6747521478392589
5060,5060,5060,4.433333333333334,1.4896197135530096,1.6743354811725923
5061,5061,5061,4.4350000000000005,1.4892030468863429,1.6735373389585075
5062,5062,5062,4.436666666666667,1.4884049046722587,1.6731206722918412
5063,5063,5063,4.438333333333334,1.487988238005592,1.6727040056251743
5064,5064,5064,4.440000000000001,1.4871900957915078,1.6722873389585078
5065,5065,5065,4.441666666666666,1.4867734291248416,1.6718706722918415
5066,5066,5066,4.443333333333333,1.4863567624581748,1.6714540056251748
5067,5067,5067,4.445,1.485558620244091,1.671037338958508
5068,5068,5068,4.446666666666667,1.4847604780300063,1.6706206722918413
5069,5069,5069,4.448333333333334,1.4843438113633398,1.6698225300777574
5070,5070,5070,4.450000000000001,1.483927144696673,1.6694058634110909
5071,5071,5071,4.451666666666668,1.4835104780300064,1.6689891967444241
5072,5072,5072,4.453333333333333,1.48309381136334,1.6685725300777576
5073,5073,5073,4.455,1.4822956691492557,1.6677743878636735
5074,5074,5074,4.456666666666667,1.4818790024825892,1.6677391967444242
5075,5075,5075,4.458333333333334,1.4810808602685048,1.66694105453034
5076,5076,5076,4.460000000000001,1.4806641936018383,1.6665243878636733
5077,5077,5077,4.461666666666668,1.4802475269351716,1.6661077211970066
5078,5078,5078,4.463333333333335,1.4794493847210874,1.6656910545303398
5079,5079,5079,4.465,1.4790327180544212,1.6652743878636735
5080,5080,5080,4.466666666666667,1.4786160513877544,1.6648577211970068
5081,5081,5081,4.468333333333334,1.4774364336262529,1.66444105453034
5082,5082,5082,4.470000000000001,1.477019766959586,1.6640243878636731
5083,5083,5083,4.471666666666668,1.4766031002929194,1.6636077211970066
5084,5084,5084,4.4733333333333345,1.4758049580788355,1.6628095789829227
5085,5085,5085,4.475000000000001,1.4753882914121688,1.662392912316256
5086,5086,5086,4.476666666666668,1.4749716247455025,1.6619762456495897
5087,5087,5087,4.478333333333332,1.474173482531418,1.661559578982923
5088,5088,5088,4.48,1.4737568158647514,1.6611429123162562
5089,5089,5089,4.481666666666667,1.472958673650667,1.6607262456495897
5090,5090,5090,4.483333333333334,1.4725420069840005,1.6599281034355051
5091,5091,5091,4.485000000000001,1.4725068158647512,1.6595114367688384
5092,5092,5092,4.486666666666666,1.4713271981032503,1.6590947701021719
5093,5093,5093,4.488333333333333,1.4709105314365836,1.6586781034355054
5094,5094,5094,4.49,1.4704938647699168,1.6578799612214212
5095,5095,5095,4.491666666666667,1.4700771981032499,1.6574632945547545
5096,5096,5096,4.493333333333334,1.4696605314365834,1.6570466278880878
5097,5097,5097,4.495000000000001,1.4692438647699166,1.6566299612214208
5098,5098,5098,4.496666666666668,1.46882719810325,1.655831819007337
5099,5099,5099,4.498333333333333,1.468029055889166,1.6554151523406706
5100,5100,5100,4.5,1.4672309136750816,1.654998485674004
5101,5101,5101,4.501666666666667,1.4668142470084151,1.6545818190073371
5102,5102,5102,4.503333333333334,1.4660161047943312,1.6537836767932532
5103,5103,5103,4.505000000000001,1.4655994381276642,1.6533670101265865
5104,5104,5104,4.506666666666668,1.4651827714609975,1.6529503434599198
5105,5105,5105,4.508333333333335,1.4647661047943308,1.652533676793253
5106,5106,5106,4.51,1.4639679625802469,1.6521170101265867
5107,5107,5107,4.511666666666667,1.46355129591358,1.65170034345992
5108,5108,5108,4.513333333333334,1.4631346292469134,1.6512836767932533
5109,5109,5109,4.515000000000001,1.4627179625802469,1.650485534579169
5110,5110,5110,4.5166666666666675,1.4619198203661627,1.6500688679125022
5111,5111,5111,4.518333333333334,1.4618846292469132,1.6496522012458354
5112,5112,5112,4.520000000000001,1.4614679625802465,1.6492355345791687
5113,5113,5113,4.521666666666668,1.4610512959135802,1.6488188679125024
5114,5114,5114,4.523333333333332,1.4606346292469137,1.6480207256984185
5115,5115,5115,4.525,1.4598364870328295,1.6476040590317516
5116,5116,5116,4.526666666666667,1.4594198203661628,1.6471873923650853
5117,5117,5117,4.528333333333334,1.4593846292469133,1.6467707256984183
5118,5118,5118,4.530000000000001,1.4585864870328291,1.6463540590317514
5119,5119,5119,4.531666666666668,1.4581698203661626,1.6459373923650846
5120,5120,5120,4.533333333333333,1.457371678152079,1.6451392501510012
5121,5121,5121,4.535,1.4573364870328296,1.6447225834843344
5122,5122,5122,4.536666666666667,1.4569198203661629,1.6443059168176677
5123,5123,5123,4.538333333333334,1.456503153699496,1.643889250151001
5124,5124,5124,4.540000000000001,1.4560864870328294,1.6430911079369166
5125,5125,5125,4.541666666666668,1.4556698203661629,1.6426744412702494
5126,5126,5126,4.543333333333333,1.4552531536994964,1.6422577746035836
5127,5127,5127,4.545,1.4548364870328296,1.6418411079369168
5128,5128,5128,4.546666666666667,1.454419820366163,1.64142444127025
5129,5129,5129,4.548333333333334,1.4540031536994962,1.6406262990561662
5130,5130,5130,4.550000000000001,1.4532050114854118,1.6402096323894992
5131,5131,5131,4.551666666666668,1.4527883448187453,1.6397929657228325
5132,5132,5132,4.553333333333335,1.4527531536994958,1.6393762990561658
5133,5133,5133,4.555,1.4523364870328297,1.6385781568420819
5134,5134,5134,4.556666666666667,1.451919820366163,1.6381614901754151
5135,5135,5135,4.558333333333334,1.4511216781520788,1.6373633479613312
5136,5136,5136,4.5600000000000005,1.4510864870328295,1.637328156842082
5137,5137,5137,4.561666666666667,1.4506698203661628,1.6369114901754152
5138,5138,5138,4.563333333333334,1.4502531536994958,1.636113347961331
5139,5139,5139,4.565000000000001,1.4498364870328293,1.6360781568420817
5140,5140,5140,4.566666666666666,1.449419820366163,1.6352800146279982
5141,5141,5141,4.568333333333333,1.4490031536994965,1.6348633479613313
5142,5142,5142,4.57,1.4485864870328296,1.6344466812946643
5143,5143,5143,4.571666666666667,1.4481698203661628,1.6340300146279978
5144,5144,5144,4.573333333333334,1.4477531536994959,1.633613347961331
5145,5145,5145,4.575000000000001,1.4473364870328294,1.6328152057472467
5146,5146,5146,4.576666666666668,1.4469198203661626,1.6323985390805802
5147,5147,5147,4.578333333333333,1.4465031536994963,1.6319818724139141
5148,5148,5148,4.58,1.4460864870328296,1.6315652057472472
5149,5149,5149,4.581666666666667,1.4456698203661629,1.6311485390805804
5150,5150,5150,4.583333333333334,1.445253153699496,1.6307318724139137
5151,5151,5151,4.585000000000001,1.4448364870328294,1.6299337301998296
5152,5152,5152,4.586666666666668,1.444419820366163,1.6295170635331628
5153,5153,5153,4.588333333333335,1.4440031536994957,1.6291003968664959
5154,5154,5154,4.59,1.4435864870328297,1.6286837301998298
5155,5155,5155,4.591666666666667,1.443169820366163,1.6278855879857457
5156,5156,5156,4.593333333333334,1.4427531536994962,1.6278503968664964
5157,5157,5157,4.595000000000001,1.4423364870328297,1.6274337301998296
5158,5158,5158,4.596666666666668,1.441538344818745,1.6266355879857457
5159,5159,5159,4.5983333333333345,1.4411216781520786,1.6262189213190787
5160,5160,5160,4.600000000000001,1.440705011485412,1.625802254652412
5161,5161,5161,4.601666666666668,1.440669820366163,1.6253855879857455
5162,5162,5162,4.603333333333332,1.4402531536994962,1.624968921319079
5163,5163,5163,4.605,1.4398364870328295,1.6245522546524125
5164,5164,5164,4.606666666666667,1.4394198203661628,1.6241355879857455
5165,5165,5165,4.608333333333334,1.4390031536994958,1.6233374457716614
5166,5166,5166,4.610000000000001,1.438205011485412,1.6229207791049949
5167,5167,5167,4.611666666666666,1.4377883448187456,1.6225041124383284
5168,5168,5168,4.613333333333333,1.437371678152079,1.6220874457716616
5169,5169,5169,4.615,1.4369550114854122,1.6216707791049951
5170,5170,5170,4.616666666666667,1.4365383448187454,1.6212541124383282
5171,5171,5171,4.618333333333334,1.4361216781520787,1.6204559702242445
5172,5172,5172,4.620000000000001,1.4357050114854117,1.6200393035575769
5173,5173,5173,4.621666666666668,1.4352883448187452,1.6192411613434934
5174,5174,5174,4.623333333333333,1.434871678152079,1.6188244946768269
5175,5175,5175,4.625,1.4340735359379948,1.6184078280101604
5176,5176,5176,4.626666666666667,1.4340383448187457,1.6179911613434936
5177,5177,5177,4.628333333333334,1.4336216781520787,1.617574494676827
5178,5178,5178,4.630000000000001,1.4332050114854118,1.6171578280101602
5179,5179,5179,4.631666666666668,1.432406869271328,1.6163596857960756
5180,5180,5180,4.633333333333335,1.4319902026046611,1.6159430191294084
5181,5181,5181,4.635,1.4315735359379949,1.6155263524627426
5182,5182,5182,4.636666666666667,1.431156869271328,1.6151096857960758
5183,5183,5183,4.638333333333334,1.4307402026046614,1.614693019129409
5184,5184,5184,4.640000000000001,1.4303235359379949,1.6146578280101602
5185,5185,5185,4.6416666666666675,1.4299068692713282,1.6134782102486585
5186,5186,5186,4.643333333333334,1.4294902026046612,1.6134430191294091
5187,5187,5187,4.645000000000001,1.4290735359379945,1.6130263524627422
5188,5188,5188,4.646666666666668,1.4286568692713282,1.612609685796076
5189,5189,5189,4.648333333333332,1.4282402026046614,1.6118115435819922
5190,5190,5190,4.65,1.4274420603905773,1.6113948769153252
5191,5191,5191,4.651666666666667,1.4274068692713282,1.6109782102486585
5192,5192,5192,4.653333333333334,1.4266087270572438,1.6105615435819918
5193,5193,5193,4.655000000000001,1.426192060390577,1.6101448769153248
5194,5194,5194,4.656666666666668,1.4261568692713278,1.6097282102486583
5195,5195,5195,4.658333333333333,1.425358727057244,1.6089300680345746
5196,5196,5196,4.66,1.4249420603905774,1.608513401367908
5197,5197,5197,4.661666666666667,1.4249068692713283,1.6080967347012411
5198,5198,5198,4.663333333333334,1.4241087270572441,1.6076800680345744
5199,5199,5199,4.665000000000001,1.4240735359379946,1.6068819258204905
5200,5200,5200,4.666666666666668,1.4232753937239104,1.6064652591538235
5201,5201,5201,4.668333333333333,1.422858727057244,1.6064300680345749
5202,5202,5202,4.67,1.4224420603905774,1.6056319258204903
5203,5203,5203,4.671666666666667,1.422025393723911,1.6052152591538238
5204,5204,5204,4.673333333333334,1.4216087270572442,1.604798592487157
5205,5205,5205,4.675000000000001,1.4208105848431598,1.6043819258204903
5206,5206,5206,4.676666666666668,1.4207753937239105,1.6039652591538236
5207,5207,5207,4.678333333333335,1.4199772515098263,1.6035485924871569
5208,5208,5208,4.68,1.4195605848431598,1.6031319258204906
5209,5209,5209,4.681666666666667,1.419143918176493,1.6023337836064062
5210,5210,5210,4.683333333333334,1.4187272515098266,1.6022985924871571
5211,5211,5211,4.6850000000000005,1.4179291092957425,1.6018819258204904
5212,5212,5212,4.686666666666667,1.4182753937239103,1.6014652591538237
5213,5213,5213,4.688333333333334,1.4174772515098264,1.6006671169397393
5214,5214,5214,4.690000000000001,1.4170605848431597,1.6002504502730726
5215,5215,5215,4.691666666666666,1.416262442629076,1.5998337836064065
5216,5216,5216,4.693333333333333,1.4158457759624092,1.5994171169397395
5217,5217,5217,4.695,1.4154291092957425,1.5990004502730728
5218,5218,5218,4.696666666666667,1.4150124426290758,1.598583783606406
5219,5219,5219,4.698333333333334,1.414595775962409,1.5981671169397391
5220,5220,5220,4.700000000000001,1.4141791092957423,1.5973689747256556
5221,5221,5221,4.701666666666668,1.4133809670816582,1.5969523080589891
5222,5222,5222,4.703333333333333,1.4133457759624093,1.5965356413923226
5223,5223,5223,4.705,1.4129291092957426,1.596118974725656
5224,5224,5224,4.706666666666667,1.4125124426290758,1.5957023080589892
5225,5225,5225,4.708333333333334,1.4117143004149917,1.5949041658449046
5226,5226,5226,4.710000000000001,1.4112976337483247,1.5944874991782378
5227,5227,5227,4.711666666666668,1.4108809670816582,1.594452308058989
5228,5228,5228,4.713333333333335,1.4104643004149915,1.5940356413923222
5229,5229,5229,4.715,1.4100476337483252,1.5932374991782379
5230,5230,5230,4.716666666666667,1.4092494915342408,1.5924393569641544
5231,5231,5231,4.718333333333334,1.4092143004149915,1.5924041658449046
5232,5232,5232,4.720000000000001,1.4087976337483248,1.5916060236308212
5233,5233,5233,4.721666666666668,1.4079994915342409,1.5915708325115712
5234,5234,5234,4.7233333333333345,1.4079643004149915,1.5911541658449044
5235,5235,5235,4.725000000000001,1.4071661582009074,1.5899745480834035
5236,5236,5236,4.726666666666668,1.4067494915342411,1.5899393569641544
5237,5237,5237,4.728333333333332,1.4063328248675744,1.589904165844905
5238,5238,5238,4.73,1.4059161582009077,1.5891060236308212
5239,5239,5239,4.731666666666667,1.4051180159868235,1.5886893569641545
5240,5240,5240,4.733333333333334,1.4050828248675742,1.5882726902974875
5241,5241,5241,4.735000000000001,1.40428468265349,1.5878560236308208
5242,5242,5242,4.736666666666666,1.4038680159868238,1.5874393569641545
5243,5243,5243,4.738333333333333,1.4034513493201568,1.5870226902974878
5244,5244,5244,4.74,1.4030346826534903,1.586606023630821
5245,5245,5245,4.741666666666667,1.4026180159868236,1.585807881416737
5246,5246,5246,4.743333333333334,1.4022013493201568,1.5857726902974876
5247,5247,5247,4.745000000000001,1.40178468265349,1.5853560236308208
5248,5248,5248,4.746666666666668,1.4013680159868234,1.584939356964154
5249,5249,5249,4.748333333333333,1.4009513493201569,1.5841412147500702
5250,5250,5250,4.75,1.400153207106073,1.5833430725359856
5251,5251,5251,4.751666666666667,1.3997365404394062,1.5833078814167367
5252,5252,5252,4.753333333333334,1.3993198737727397,1.58289121475007
5253,5253,5253,4.755000000000001,1.3989032071060727,1.5824745480834033
5254,5254,5254,4.756666666666668,1.398486540439406,1.5820578814167363
5255,5255,5255,4.758333333333335,1.397688398225322,1.5816412147500698
5256,5256,5256,4.76,1.397653207106073,1.5812245480834035
5257,5257,5257,4.761666666666667,1.3972365404394065,1.5808078814167368
5258,5258,5258,4.763333333333334,1.3968198737727395,1.58039121475007
5259,5259,5259,4.765000000000001,1.3960217315586554,1.579974548083403
5260,5260,5260,4.7666666666666675,1.3956050648919889,1.5791764058693192
5261,5261,5261,4.768333333333334,1.3951883982253221,1.57914121475007
5262,5262,5262,4.770000000000001,1.3947717315586552,1.5787245480834031
5263,5263,5263,4.771666666666668,1.394355064891989,1.5783078814167368
5264,5264,5264,4.773333333333332,1.3939383982253222,1.5778912147500699
5265,5265,5265,4.775,1.3931402560112378,1.5774745480834034
5266,5266,5266,4.776666666666667,1.3927235893445709,1.5770578814167366
5267,5267,5267,4.778333333333334,1.3923069226779043,1.57664121475007
5268,5268,5268,4.780000000000001,1.3918902560112376,1.5762245480834032
5269,5269,5269,4.781666666666668,1.3914735893445709,1.575426405869319
5270,5270,5270,4.783333333333333,1.3906754471304874,1.5750097392026527
5271,5271,5271,4.785,1.390640256011238,1.5749745480834034
5272,5272,5272,4.786666666666667,1.3898421137971542,1.5745578814167367
5273,5273,5273,4.788333333333334,1.3894254471304872,1.57414121475007
5274,5274,5274,4.790000000000001,1.3890087804638205,1.5733430725359858
5275,5275,5275,4.791666666666668,1.388210638249736,1.572926405869319
5276,5276,5276,4.793333333333335,1.388175447130487,1.5725097392026524
5277,5277,5277,4.795,1.3877587804638207,1.5720930725359856
5278,5278,5278,4.796666666666667,1.3869606382497364,1.5716764058693191
5279,5279,5279,4.798333333333334,1.3865439715830696,1.5712597392026526
5280,5280,5280,4.800000000000001,1.386127304916403,1.5704615969885685
5281,5281,5281,4.801666666666668,1.3857106382497362,1.5704264058693191
5282,5282,5282,4.803333333333336,1.3849124960356525,1.5700097392026524
5283,5283,5283,4.805,1.384495829368986,1.569593072535986
5284,5284,5284,4.806666666666667,1.3840791627023192,1.5691764058693194
5285,5285,5285,4.808333333333334,1.3840439715830697,1.5687597392026529
5286,5286,5286,4.8100000000000005,1.383627304916403,1.5683430725359857
5287,5287,5287,4.811666666666667,1.382829162702319,1.5679264058693192
5288,5288,5288,4.813333333333334,1.3824124960356523,1.5675097392026525
5289,5289,5289,4.815000000000003,1.3819958293689856,1.5667115969885683
5290,5290,5290,4.816666666666666,1.3815791627023193,1.5662949303219018
5291,5291,5291,4.818333333333333,1.3811624960356526,1.5658782636552353
5292,5292,5292,4.82,1.3807458293689858,1.5654615969885686
5293,5293,5293,4.821666666666667,1.380329162702319,1.5650449303219018
5294,5294,5294,4.823333333333334,1.3799124960356524,1.564628263655235
5295,5295,5295,4.825000000000003,1.3791143538215682,1.5642115969885684
5296,5296,5296,4.826666666666668,1.3790791627023191,1.5637949303219016
5297,5297,5297,4.828333333333333,1.3782810204882352,1.5633782636552354
5298,5298,5298,4.83,1.3778643538215685,1.5629615969885686
5299,5299,5299,4.831666666666667,1.3774476871549015,1.5625449303219017
5300,5300,5300,4.833333333333334,1.377031020488235,1.5617467881078175
5301,5301,5301,4.835000000000001,1.3766143538215685,1.5613301214411508
5302,5302,5302,4.836666666666668,1.3761976871549015,1.560913454774484
5303,5303,5303,4.8383333333333365,1.3757810204882348,1.5604967881078171
5304,5304,5304,4.84,1.3753643538215683,1.5600801214411508
5305,5305,5305,4.841666666666667,1.3745662116074842,1.5596634547744843
5306,5306,5306,4.843333333333334,1.374531020488235,1.5592467881078176
5307,5307,5307,4.845000000000001,1.3741143538215683,1.5588301214411509
5308,5308,5308,4.846666666666668,1.3736976871549016,1.558413454774484
5309,5309,5309,4.8483333333333345,1.3728995449408172,1.5579967881078174
5310,5310,5310,4.850000000000003,1.3724828782741505,1.5571986458937337
5311,5311,5311,4.851666666666668,1.3720662116074842,1.5567819792270672
5312,5312,5312,4.853333333333332,1.3716495449408177,1.5563653125604004
5313,5313,5313,4.855,1.3712328782741507,1.556330121441151
5314,5314,5314,4.856666666666667,1.3708162116074842,1.555531979227067
5315,5315,5315,4.858333333333334,1.3700180693933999,1.5547338370129828
5316,5316,5316,4.860000000000003,1.3699828782741506,1.5546986458937335
5317,5317,5317,4.861666666666666,1.3695662116074845,1.5542819792270672
5318,5318,5318,4.863333333333333,1.3691495449408175,1.5534838370129833
5319,5319,5319,4.865,1.3683514027267336,1.5534486458937338
5320,5320,5320,4.866666666666667,1.3679347360600669,1.5526505036796496
5321,5321,5321,4.868333333333334,1.3675180693934,1.5522338370129833
5322,5322,5322,4.870000000000003,1.3671014027267334,1.5518171703463162
5323,5323,5323,4.871666666666668,1.366684736060067,1.5517819792270668
5324,5324,5324,4.873333333333333,1.3662680693934004,1.5509838370129831
5325,5325,5325,4.875,1.3658514027267337,1.5505671703463164
5326,5326,5326,4.876666666666667,1.3650532605126495,1.5501505036796497
5327,5327,5327,4.878333333333334,1.3646365938459828,1.5497338370129832
5328,5328,5328,4.880000000000001,1.3642199271793165,1.5493171703463162
5329,5329,5329,4.881666666666668,1.363421784965232,1.5489005036796497
5330,5330,5330,4.883333333333336,1.3633865938459828,1.5481023614655651
5331,5331,5331,4.885,1.3625884516318991,1.5476856947988993
5332,5332,5332,4.886666666666667,1.3621717849652322,1.5472690281322323
5333,5333,5333,4.888333333333334,1.3617551182985654,1.5468523614655656
5334,5334,5334,4.890000000000001,1.3613384516318987,1.5464356947988989
5335,5335,5335,4.8916666666666675,1.360921784965232,1.546019028132232
5336,5336,5336,4.893333333333334,1.3605051182985652,1.5456023614655654
5337,5337,5337,4.895000000000003,1.3600884516318985,1.545185694798899
5338,5338,5338,4.896666666666668,1.3596717849652322,1.5447690281322324
5339,5339,5339,4.898333333333332,1.3588736427511483,1.5443523614655656
5340,5340,5340,4.9,1.3584569760844816,1.5439356947988994
5341,5341,5341,4.901666666666667,1.3580403094178148,1.5435190281322322
5342,5342,5342,4.903333333333334,1.357623642751148,1.5431023614655657
5343,5343,5343,4.905000000000003,1.3572069760844814,1.5426856947988987
5344,5344,5344,4.906666666666668,1.3567903094178146,1.5422690281322318
5345,5345,5345,4.908333333333333,1.3559921672037307,1.5418523614655653
5346,5346,5346,4.91,1.3559569760844816,1.5414356947988992
5347,5347,5347,4.911666666666667,1.3551588338703973,1.5406375525848148
5348,5348,5348,4.913333333333334,1.3547421672037303,1.540220885918148
5349,5349,5349,4.915000000000003,1.3547069760844814,1.5401856947988988
5350,5350,5350,4.916666666666668,1.3539088338703968,1.5397690281322318
5351,5351,5351,4.9183333333333366,1.3534921672037303,1.5393523614655653
5352,5352,5352,4.92,1.353075500537064,1.5389356947988992
5353,5353,5353,4.921666666666667,1.352658833870397,1.5381375525848149
5354,5354,5354,4.923333333333334,1.3522421672037306,1.5381023614655656
5355,5355,5355,4.925000000000001,1.3514440249896464,1.5373042192514814
5356,5356,5356,4.926666666666668,1.3510273583229797,1.5372690281322319
5357,5357,5357,4.928333333333336,1.350610691656313,1.5368523614655654
5358,5358,5358,4.93,1.3501940249896467,1.5364356947988993
5359,5359,5359,4.931666666666667,1.3497773583229802,1.5360190281322323
5360,5360,5360,4.933333333333334,1.3493606916563132,1.5352208859181482
5361,5361,5361,4.9350000000000005,1.3489440249896465,1.5348042192514817
5362,5362,5362,4.936666666666667,1.3485273583229798,1.534769028132232
5363,5363,5363,4.938333333333334,1.348110691656313,1.5343523614655654
5364,5364,5364,4.940000000000003,1.3476940249896463,1.533935694798899
5365,5365,5365,4.941666666666666,1.3468958827755626,1.533137552584815
5366,5366,5366,4.943333333333333,1.3468606916563133,1.5331023614655657
5367,5367,5367,4.945,1.3460625494422291,1.5326856947988994
5368,5368,5368,4.946666666666667,1.3456458827755624,1.5322690281322322
5369,5369,5369,4.948333333333334,1.3452292161088957,1.531470885918148
5370,5370,5370,4.950000000000003,1.344812549442229,1.531054219251481
5371,5371,5371,4.951666666666668,1.3443958827755622,1.5306375525848146
5372,5372,5372,4.953333333333333,1.3439792161088961,1.5306023614655655
5373,5373,5373,4.955,1.3435625494422292,1.5298042192514816
5374,5374,5374,4.956666666666667,1.342764407228145,1.5293875525848148
5375,5375,5375,4.958333333333334,1.3423477405614783,1.528970885918148
5376,5376,5376,4.960000000000001,1.3419310738948116,1.5285542192514814
5377,5377,5377,4.961666666666668,1.3415144072281449,1.5285190281322318
5378,5378,5378,4.9633333333333365,1.341097740561478,1.5277208859181481
5379,5379,5379,4.965,1.3406810738948118,1.5273042192514816
5380,5380,5380,4.966666666666667,1.3398829316807277,1.5265060770373975
5381,5381,5381,4.968333333333334,1.339466265014061,1.5264708859181482
5382,5382,5382,4.970000000000001,1.3394310738948116,1.5260542192514814
5383,5383,5383,4.971666666666668,1.3386329316807275,1.5252560770373975
5384,5384,5384,4.9733333333333345,1.3382162650140608,1.5248394103707308
5385,5385,5385,4.975000000000003,1.3374181227999764,1.5244227437040638
5386,5386,5386,4.976666666666668,1.33700145613331,1.5240060770373978
5387,5387,5387,4.978333333333332,1.336966265014061,1.523589410370731
5388,5388,5388,4.98,1.3365495983473945,1.5231727437040643
5389,5389,5389,4.981666666666667,1.3361329316807276,1.5227560770373976
5390,5390,5390,4.983333333333334,1.3353347894666432,1.5223394103707308
5391,5391,5391,4.985000000000003,1.3349181227999765,1.5219227437040639
5392,5392,5392,4.986666666666666,1.3345014561333102,1.5215060770373978
5393,5393,5393,4.988333333333333,1.3340847894666434,1.521089410370731
5394,5394,5394,4.99,1.3336681227999767,1.5210542192514815
5395,5395,5395,4.991666666666667,1.3328699805858928,1.5202560770373976
5396,5396,5396,4.993333333333334,1.3324533139192258,1.5198394103707311
5397,5397,5397,4.995000000000003,1.332036647252559,1.5194227437040642
5398,5398,5398,4.996666666666668,1.3320014561333098,1.5186246014899796
5399,5399,5399,4.998333333333333,1.3312033139192263,1.5185894103707311
5400,5400,5400,5.0,1.3307866472525591,1.5181727437040649
5401,5401,5401,5.001666666666667,1.3303699805858928,1.5173746014899798
5402,5402,5402,5.003333333333334,1.3299533139192259,1.5169579348233133
5403,5403,5403,5.005000000000001,1.3295366472525594,1.5165412681566464
5404,5404,5404,5.006666666666668,1.3291199805858926,1.5161246014899796
5405,5405,5405,5.008333333333336,1.3287033139192257,1.5157079348233133
5406,5406,5406,5.01,1.3279051717051422,1.5152912681566466
5407,5407,5407,5.011666666666667,1.3278699805858931,1.51487460148998
5408,5408,5408,5.013333333333334,1.3274533139192262,1.5144579348233131
5409,5409,5409,5.015000000000001,1.3270366472525594,1.5140412681566464
5410,5410,5410,5.0166666666666675,1.3262385050384753,1.5132431259425625
5411,5411,5411,5.018333333333334,1.3262033139192257,1.5128264592758955
5412,5412,5412,5.02,1.3257866472525592,1.5127912681566462
5413,5413,5413,5.021666666666668,1.3249885050384755,1.5119931259425623
5414,5414,5414,5.023333333333332,1.3245718383718088,1.5115764592758958
5415,5415,5415,5.025,1.324155171705142,1.5107783170618116
5416,5416,5416,5.026666666666667,1.3237385050384751,1.5107431259425623
5417,5417,5417,5.028333333333334,1.3233218383718086,1.5099449837284782
5418,5418,5418,5.029999999999999,1.322905171705142,1.5099097926092289
5419,5419,5419,5.031666666666668,1.3224885050384751,1.5091116503951447
5420,5420,5420,5.033333333333333,1.3220718383718089,1.5090764592758958
5421,5421,5421,5.035,1.321655171705142,1.5082783170618117
5422,5422,5422,5.036666666666667,1.3216199805858928,1.5078616503951452
5423,5423,5423,5.038333333333334,1.3208218383718089,1.5074449837284782
5424,5424,5424,5.039999999999999,1.3204051717051422,1.5070283170618115
5425,5425,5425,5.041666666666668,1.3199885050384752,1.50584869930031
5426,5426,5426,5.0433333333333366,1.3195718383718085,1.5058135081810604
5427,5427,5427,5.045,1.3191551717051422,1.505396841514394
5428,5428,5428,5.046666666666667,1.3187385050384757,1.5045986993003102
5429,5429,5429,5.048333333333334,1.318703313919226,1.5041820326336437
5430,5430,5430,5.050000000000001,1.3175236961577246,1.5037653659669767
5431,5431,5431,5.051666666666668,1.3178699805858929,1.50334869930031
5432,5432,5432,5.053333333333336,1.3170718383718083,1.5029320326336433
5433,5433,5433,5.055,1.3166551717051422,1.502515365966977
5434,5434,5434,5.056666666666667,1.3162385050384755,1.5020986993003105
5435,5435,5435,5.058333333333334,1.3158218383718088,1.5016820326336435
5436,5436,5436,5.0600000000000005,1.315405171705142,1.5008838904195594
5437,5437,5437,5.061666666666667,1.3149885050384753,1.50084869930031
5438,5438,5438,5.063333333333334,1.3145718383718086,1.5000505570862257
5439,5439,5439,5.0649999999999995,1.3141551717051418,1.4996338904195592
5440,5440,5440,5.066666666666666,1.3137385050384756,1.4992172237528931
5441,5441,5441,5.068333333333333,1.3133218383718088,1.4984190815388088
5442,5442,5442,5.07,1.312905171705142,1.4983838904195594
5443,5443,5443,5.071666666666667,1.3124885050384754,1.4975857482054753
5444,5444,5444,5.073333333333334,1.3120718383718086,1.4971690815388086
5445,5445,5445,5.074999999999999,1.3112736961577245,1.4967524148721418
5446,5446,5446,5.076666666666668,1.3112385050384752,1.496335748205475
5447,5447,5447,5.078333333333333,1.3104403628243917,1.4959190815388088
5448,5448,5448,5.08,1.3100236961577247,1.4955024148721419
5449,5449,5449,5.081666666666667,1.3099885050384754,1.4950857482054754
5450,5450,5450,5.083333333333334,1.3091903628243913,1.4946690815388086
5451,5451,5451,5.085000000000001,1.3087736961577243,1.494252414872142
5452,5452,5452,5.086666666666668,1.3083570294910578,1.4934542726580575
5453,5453,5453,5.0883333333333365,1.3079403628243909,1.4934190815388084
5454,5454,5454,5.09,1.3075236961577248,1.493002414872142
5455,5455,5455,5.091666666666667,1.3071070294910578,1.4922042726580584
5456,5456,5456,5.093333333333334,1.306690362824391,1.4917876059913913
5457,5457,5457,5.095000000000001,1.3062736961577246,1.4913709393247243
5458,5458,5458,5.096666666666668,1.305857029491058,1.4909542726580578
5459,5459,5459,5.0983333333333345,1.3054403628243911,1.4901561304439734
5460,5460,5460,5.1,1.3046422206103072,1.4897394637773067
5461,5461,5461,5.101666666666668,1.304607029491058,1.4893227971106404
5462,5462,5462,5.103333333333332,1.3041903628243914,1.4889061304439737
5463,5463,5463,5.105,1.3033922206103072,1.488489463777307
5464,5464,5464,5.106666666666667,1.3029755539436405,1.4880727971106398
5465,5465,5465,5.108333333333334,1.3021774117295564,1.4872746548965563
5466,5466,5466,5.109999999999999,1.3021422206103073,1.4872394637773068
5467,5467,5467,5.111666666666668,1.301344078396223,1.4868227971106398
5468,5468,5468,5.113333333333333,1.3009274117295566,1.4860246548965566
5469,5469,5469,5.115,1.30051074506289,1.4856079882298898
5470,5470,5470,5.116666666666667,1.3000940783962232,1.485191321563223
5471,5471,5471,5.118333333333334,1.2996774117295564,1.4847746548965564
5472,5472,5472,5.119999999999999,1.2988792695154718,1.4843579882298896
5473,5473,5473,5.121666666666668,1.298462602848805,1.4839413215632231
5474,5474,5474,5.123333333333333,1.298427411729557,1.4831431793491394
5475,5475,5475,5.125,1.2972477939680551,1.482726512682473
5476,5476,5476,5.126666666666667,1.2972126028488056,1.482309846015806
5477,5477,5477,5.128333333333334,1.2967959361821388,1.4815117038017216
5478,5478,5478,5.130000000000001,1.295997793968055,1.4810950371350549
5479,5479,5479,5.131666666666668,1.2955811273013882,1.480678370468388
5480,5480,5480,5.133333333333336,1.2951644606347217,1.4802617038017214
5481,5481,5481,5.135,1.2947477939680552,1.4794635615876377
5482,5482,5482,5.136666666666667,1.2939496517539708,1.4790468949209712
5483,5483,5483,5.138333333333334,1.2939144606347217,1.4786302282543042
5484,5484,5484,5.140000000000001,1.293497793968055,1.4782135615876375
5485,5485,5485,5.1416666666666675,1.2926996517539706,1.4777968949209708
5486,5486,5486,5.143333333333334,1.292282985087304,1.477380228254304
5487,5487,5487,5.145,1.2918663184206371,1.4769635615876373
5488,5488,5488,5.146666666666668,1.2914496517539709,1.476546894920971
5489,5489,5489,5.148333333333332,1.291032985087304,1.4761302282543045
5490,5490,5490,5.15,1.2902348428732202,1.47533208604022
5491,5491,5491,5.151666666666667,1.2898181762065537,1.4752968949209708
5492,5492,5492,5.153333333333334,1.2894015095398867,1.4744987527068865
5493,5493,5493,5.154999999999999,1.28898484287322,1.4740820860402195
5494,5494,5494,5.156666666666668,1.2885681762065533,1.473665419373553
5495,5495,5495,5.158333333333333,1.2877700339924698,1.4732487527068867
5496,5496,5496,5.16,1.2877348428732205,1.47283208604022
5497,5497,5497,5.161666666666667,1.2869367006591366,1.4724154193735532
5498,5498,5498,5.163333333333334,1.2869015095398868,1.471617277159469
5499,5499,5499,5.164999999999999,1.286103367325803,1.4715820860402198
5500,5500,5500,5.166666666666668,1.2856867006591364,1.470783943826136
5501,5501,5501,5.1683333333333366,1.2852700339924696,1.4703672771594691
5502,5502,5502,5.17,1.2848533673258034,1.4699506104928028
5503,5503,5503,5.171666666666667,1.2844367006591366,1.469533943826136
5504,5504,5504,5.173333333333334,1.283638558445052,1.4687358016120518
5505,5505,5505,5.175000000000001,1.2832218917783853,1.4683191349453852
5506,5506,5506,5.176666666666668,1.2828052251117186,1.468283943826136
5507,5507,5507,5.178333333333336,1.2823885584450518,1.4674858016120518
5508,5508,5508,5.18,1.2819718917783856,1.4670691349453855
5509,5509,5509,5.181666666666667,1.2815552251117188,1.4666524682787188
5510,5510,5510,5.183333333333334,1.2807570828976345,1.4662358016120518
5511,5511,5511,5.1850000000000005,1.2803404162309675,1.4658191349453853
5512,5512,5512,5.186666666666667,1.279923749564301,1.4650209927313012
5513,5513,5513,5.188333333333334,1.2791256073502173,1.4649858016120518
5514,5514,5514,5.1899999999999995,1.2787089406835506,1.4641876593979677
5515,5515,5515,5.191666666666666,1.2779107984694666,1.4637709927313014
5516,5516,5516,5.193333333333333,1.2774941318028,1.463354326064635
5517,5517,5517,5.195,1.2770774651361332,1.4629376593979682
5518,5518,5518,5.196666666666667,1.2766607984694665,1.4625209927313012
5519,5519,5519,5.198333333333334,1.2758626562553823,1.462104326064635
5520,5520,5520,5.199999999999999,1.2754459895887158,1.4613061838505503
5521,5521,5521,5.201666666666668,1.275029322922049,1.4608895171838836
5522,5522,5522,5.203333333333333,1.2746126562553828,1.460472850517217
5523,5523,5523,5.205,1.2741959895887158,1.459674708303133
5524,5524,5524,5.206666666666667,1.2733978473746317,1.459639517183884
5525,5525,5525,5.208333333333334,1.272981180707965,1.4584598994223823
5526,5526,5526,5.210000000000001,1.2725645140412982,1.4584247083031328
5527,5527,5527,5.211666666666668,1.2721478473746315,1.4580080416364658
5528,5528,5528,5.2133333333333365,1.2717311807079648,1.4575913749697993
5529,5529,5529,5.215,1.2713145140412985,1.4567932327557158
5530,5530,5530,5.216666666666667,1.270516371827214,1.456376566089049
5531,5531,5531,5.218333333333334,1.2700997051605474,1.4559598994223824
5532,5532,5532,5.220000000000001,1.2696830384938806,1.4555432327557156
5533,5533,5533,5.221666666666668,1.2692663718272141,1.455126566089049
5534,5534,5534,5.2233333333333345,1.2688497051605472,1.4547098994223822
5535,5535,5535,5.225,1.2680515629464633,1.4542932327557154
5536,5536,5536,5.226666666666668,1.2676348962797972,1.4538765660890491
5537,5537,5537,5.228333333333332,1.2672182296131302,1.4534598994223824
5538,5538,5538,5.23,1.2668015629464635,1.4526617572082985
5539,5539,5539,5.231666666666667,1.2663848962797968,1.4522450905416315
5540,5540,5540,5.233333333333334,1.2652052785182952,1.4518284238749648
5541,5541,5541,5.234999999999999,1.2647886118516285,1.451411757208298
5542,5542,5542,5.236666666666668,1.2647534207323792,1.4506136149942142
5543,5543,5543,5.238333333333333,1.2643367540657129,1.450578423874965
5544,5544,5544,5.24,1.2635386118516287,1.4501617572082983
5545,5545,5545,5.241666666666667,1.2631219451849618,1.4493636149942142
5546,5546,5546,5.243333333333334,1.2627052785182953,1.4489469483275474
5547,5547,5547,5.244999999999999,1.2619071363042111,1.4485302816608807
5548,5548,5548,5.246666666666668,1.2618719451849618,1.4481136149942142
5549,5549,5549,5.248333333333333,1.261073802970878,1.4473154727801298
5550,5550,5550,5.25,1.260275660756794,1.446898806113463
5551,5551,5551,5.251666666666667,1.2602404696375449,1.4464821394467966
5552,5552,5552,5.253333333333334,1.2594423274234603,1.44606547278013
5553,5553,5553,5.255000000000001,1.2590256607567938,1.4456488061134631
5554,5554,5554,5.256666666666668,1.2586089940901268,1.4452321394467964
5555,5555,5555,5.258333333333336,1.2581923274234603,1.4444339972327125
5556,5556,5556,5.26,1.2577756607567938,1.4440173305660462
5557,5557,5557,5.261666666666667,1.2573589940901273,1.4436006638993797
5558,5558,5558,5.263333333333334,1.2569423274234606,1.4431839972327127
5559,5559,5559,5.265000000000001,1.2561441852093764,1.442767330566046
5560,5560,5560,5.2666666666666675,1.2557275185427097,1.4419691883519616
5561,5561,5561,5.268333333333334,1.255310851876043,1.4419339972327123
5562,5562,5562,5.27,1.2548941852093762,1.4411358550186282
5563,5563,5563,5.271666666666668,1.2540960429952923,1.4403377128045447
5564,5564,5564,5.273333333333332,1.2536793763286258,1.4403025216852952
5565,5565,5565,5.275,1.253262709661959,1.4395043794712112
5566,5566,5566,5.276666666666667,1.2528460429952923,1.4390877128045445
5567,5567,5567,5.278333333333334,1.2520479007812082,1.4386710461378778
5568,5568,5568,5.279999999999999,1.2516312341145417,1.4382543794712108
5569,5569,5569,5.281666666666668,1.2512145674478747,1.437456237257127
5570,5570,5570,5.283333333333333,1.250416425233791,1.4370395705904606
5571,5571,5571,5.285,1.2503812341145415,1.436622903923794
5572,5572,5572,5.286666666666667,1.2495830919004576,1.4362062372571271
5573,5573,5573,5.288333333333334,1.2491664252337908,1.4357895705904604
5574,5574,5574,5.289999999999999,1.248749758567124,1.435372903923794
5575,5575,5575,5.291666666666668,1.24795161635304,1.4345747617097095
5576,5576,5576,5.2933333333333366,1.2475349496863732,1.4341580950430428
5577,5577,5577,5.295,1.247118283019707,1.4337414283763763
5578,5578,5578,5.296666666666667,1.2467016163530402,1.4333247617097098
5579,5579,5579,5.298333333333334,1.2462849496863737,1.4329080950430433
5580,5580,5580,5.300000000000001,1.2454868074722891,1.4321099528289591
5581,5581,5581,5.301666666666668,1.2450701408056226,1.4316932861622924
5582,5582,5582,5.303333333333336,1.244653474138956,1.4312766194956257
5583,5583,5583,5.305,1.2442368074722896,1.4308599528289594
5584,5584,5584,5.306666666666667,1.2438201408056229,1.4300618106148753
5585,5585,5585,5.308333333333334,1.2430219985915385,1.4296451439482083
5586,5586,5586,5.3100000000000005,1.2426053319248718,1.4292284772815418
5587,5587,5587,5.311666666666667,1.241807189710788,1.428811810614875
5588,5588,5588,5.313333333333334,1.2413905230441211,1.4283951439482083
5589,5589,5589,5.3149999999999995,1.2409738563774544,1.4279784772815416
5590,5590,5590,5.316666666666666,1.240557189710788,1.4271803350674577
5591,5591,5591,5.318333333333333,1.2401405230441214,1.426763668400791
5592,5592,5592,5.32,1.2393423808300372,1.4263470017341242
5593,5593,5593,5.321666666666667,1.2389257141633705,1.4259303350674577
5594,5594,5594,5.323333333333334,1.2385090474967035,1.4255136684007907
5595,5595,5595,5.324999999999999,1.2380923808300368,1.4247155261867068
5596,5596,5596,5.326666666666668,1.237294238615953,1.4246803350674573
5597,5597,5597,5.328333333333333,1.2372590474967038,1.4238821928533738
5598,5598,5598,5.33,1.23646090528262,1.4234655261867066
5599,5599,5599,5.331666666666667,1.2360442386159531,1.4226673839726227
5600,5600,5600,5.333333333333334,1.2356275719492864,1.4222507173059562
5601,5601,5601,5.335000000000001,1.2348294297352025,1.4218340506392892
5602,5602,5602,5.336666666666668,1.2344127630685355,1.4214173839726223
5603,5603,5603,5.3383333333333365,1.2336146208544512,1.4210007173059558
5604,5604,5604,5.34,1.2331979541877849,1.4202025750918719
5605,5605,5605,5.341666666666667,1.2327812875211182,1.4197859084252054
5606,5606,5606,5.343333333333334,1.2319831453070342,1.4189877662111212
5607,5607,5607,5.345000000000001,1.2315664786403675,1.418952575091872
5608,5608,5608,5.346666666666668,1.2311498119737008,1.4185359084252052
5609,5609,5609,5.3483333333333345,1.2307331453070343,1.4181192417585384
5610,5610,5610,5.35,1.22993500309295,1.4169396239970369
5611,5611,5611,5.351666666666668,1.2295183364262838,1.416904432877788
5612,5612,5612,5.353333333333332,1.229101669759617,1.4164877662111213
5613,5613,5613,5.355,1.2286850030929504,1.4160710995444543
5614,5614,5614,5.356666666666667,1.2282683364262836,1.4156544328777878
5615,5615,5615,5.358333333333334,1.2274701942121993,1.4148562906637037
5616,5616,5616,5.359999999999999,1.2270535275455323,1.4144396239970367
5617,5617,5617,5.361666666666668,1.2262553853314486,1.4140229573303702
5618,5618,5618,5.363333333333333,1.2258387186647823,1.413606290663704
5619,5619,5619,5.365,1.2254220519981156,1.4131896239970372
5620,5620,5620,5.366666666666667,1.2246239097840312,1.412391481782953
5621,5621,5621,5.368333333333334,1.2242072431173645,1.4119748151162863
5622,5622,5622,5.369999999999999,1.2234091009032804,1.4115581484496196
5623,5623,5623,5.371666666666668,1.223373909784031,1.4111414817829528
5624,5624,5624,5.373333333333333,1.2225757675699471,1.4103433395688691
5625,5625,5625,5.375,1.2217776253558632,1.4099266729022024
5626,5626,5626,5.376666666666667,1.221742434236614,1.4095100062355357
5627,5627,5627,5.378333333333334,1.2209442920225295,1.4090933395688692
5628,5628,5628,5.380000000000001,1.2201461498084456,1.4086766729022022
5629,5629,5629,5.381666666666668,1.2197294831417789,1.407878530688118
5630,5630,5630,5.383333333333336,1.219312816475112,1.4074618640214511
5631,5631,5631,5.385,1.218896149808446,1.4074266729022025
5632,5632,5632,5.386666666666667,1.2180980075943617,1.4066285306881183
5633,5633,5633,5.388333333333334,1.217681340927695,1.4062118640214516
5634,5634,5634,5.390000000000001,1.2172646742610282,1.4054137218073677
5635,5635,5635,5.3916666666666675,1.216466532046944,1.404615579593283
5636,5636,5636,5.393333333333334,1.2160498653802772,1.404580388474034
5637,5637,5637,5.395,1.2156331987136104,1.40378224625995
5638,5638,5638,5.396666666666668,1.2148350564995272,1.4033655795932836
5639,5639,5639,5.398333333333332,1.2144183898328602,1.4029489129266168
5640,5640,5640,5.4,1.2140017231661937,1.4021507707125327
5641,5641,5641,5.401666666666667,1.2135850564995267,1.4017341040458657
5642,5642,5642,5.403333333333334,1.21316838983286,1.4013174373791992
5643,5643,5643,5.404999999999999,1.2127517231661933,1.4009007707125325
5644,5644,5644,5.406666666666668,1.2119535809521091,1.4001026284984484
5645,5645,5645,5.408333333333333,1.2115369142854429,1.4000674373791997
5646,5646,5646,5.41,1.211120247618776,1.3992692951651151
5647,5647,5647,5.411666666666667,1.2103221054046922,1.3988526284984486
5648,5648,5648,5.413333333333334,1.2095239631906078,1.398435961831782
5649,5649,5649,5.414999999999999,1.2094887720713583,1.3976378196176975
5650,5650,5650,5.416666666666668,1.2086906298572744,1.397221152951031
5651,5651,5651,5.4183333333333366,1.2082739631906076,1.3968044862843645
5652,5652,5652,5.42,1.2078572965239414,1.396387819617698
5653,5653,5653,5.421666666666667,1.2074406298572746,1.3959711529510312
5654,5654,5654,5.423333333333334,1.207023963190608,1.3955544862843643
5655,5655,5655,5.425000000000001,1.2062258209765238,1.3947563440702804
5656,5656,5656,5.426666666666668,1.2058091543098568,1.3943396774036136
5657,5657,5657,5.428333333333336,1.2053924876431903,1.3939230107369471
5658,5658,5658,5.43,1.2049758209765236,1.3935063440702802
5659,5659,5659,5.431666666666667,1.2045591543098573,1.3927082018561965
5660,5660,5660,5.433333333333334,1.2041424876431903,1.3922915351895295
5661,5661,5661,5.4350000000000005,1.2037258209765238,1.3918748685228628
5662,5662,5662,5.436666666666667,1.2033091543098569,1.3910767263087789
5663,5663,5663,5.438333333333334,1.2028924876431903,1.390660059642112
5664,5664,5664,5.4399999999999995,1.2024758209765236,1.3902433929754454
5665,5665,5665,5.441666666666666,1.202059154309857,1.3898267263087791
5666,5666,5666,5.443333333333333,1.2016424876431906,1.3894100596421124
5667,5667,5667,5.445,1.201225820976524,1.388611917428028
5668,5668,5668,5.446666666666667,1.2008091543098571,1.387813775213944
5669,5669,5669,5.448333333333334,1.2003924876431904,1.3873971085472774
5670,5670,5670,5.449999999999999,1.1995943454291058,1.3869804418806106
5671,5671,5671,5.451666666666668,1.199559154309857,1.386563775213944
5672,5672,5672,5.453333333333333,1.1991424876431906,1.3861471085472776
5673,5673,5673,5.455,1.1987258209765241,1.385730441880611
5674,5674,5674,5.456666666666667,1.1983091543098572,1.3853137752139442
5675,5675,5675,5.458333333333334,1.1975110120957728,1.38451563299986
5676,5676,5676,5.460000000000001,1.1974758209765235,1.3840989663331933
5677,5677,5677,5.461666666666668,1.197059154309857,1.3833008241191092
5678,5678,5678,5.4633333333333365,1.1966424876431905,1.3828841574524424
5679,5679,5679,5.465,1.1962258209765242,1.382467490785776
5680,5680,5680,5.466666666666667,1.1958091543098572,1.3816693485716922
5681,5681,5681,5.468333333333334,1.1953924876431905,1.381634157452443
5682,5682,5682,5.470000000000001,1.1949758209765238,1.3808360152383583
5683,5683,5683,5.471666666666668,1.1945591543098568,1.3804193485716918
5684,5684,5684,5.4733333333333345,1.1941424876431903,1.3800026819050248
5685,5685,5685,5.475,1.1937258209765236,1.3792045396909407
5686,5686,5686,5.476666666666668,1.1936906298572747,1.3787878730242744
5687,5687,5687,5.478333333333332,1.1928924876431906,1.3783712063576077
5688,5688,5688,5.48,1.1924758209765238,1.377954539690941
5689,5689,5689,5.481666666666667,1.1920591543098569,1.377156397476857
5690,5690,5690,5.483333333333334,1.1916424876431904,1.3763582552627731
5691,5691,5691,5.484999999999999,1.1912258209765236,1.3759415885961064
5692,5692,5692,5.486666666666668,1.190809154309857,1.3751434463820218
5693,5693,5693,5.488333333333333,1.1903924876431906,1.3747267797153555
5694,5694,5694,5.49,1.189975820976524,1.374310113048689
5695,5695,5695,5.491666666666667,1.1895591543098571,1.3735119708346049
5696,5696,5696,5.493333333333334,1.1891424876431904,1.373095304167938
5697,5697,5697,5.494999999999999,1.1887258209765237,1.3726786375012714
5698,5698,5698,5.496666666666668,1.188309154309857,1.3722619708346049
5699,5699,5699,5.498333333333333,1.1882739631906079,1.3714638286205212
5700,5700,5700,5.5,1.1874758209765242,1.3710471619538545
5701,5701,5701,5.501666666666667,1.1874406298572746,1.3706304952871875
5702,5702,5702,5.503333333333334,1.1866424876431905,1.3698323530731034
5703,5703,5703,5.505000000000001,1.1862258209765235,1.3694156864064366
5704,5704,5704,5.506666666666668,1.1858091543098568,1.36899901973977
5705,5705,5705,5.508333333333336,1.1853924876431905,1.3682008775256858
5706,5706,5706,5.51,1.1849758209765242,1.3677842108590197
5707,5707,5707,5.511666666666667,1.1845591543098573,1.3673675441923527
5708,5708,5708,5.513333333333334,1.1841424876431903,1.366950877525686
5709,5709,5709,5.515000000000001,1.1837258209765238,1.3665342108590193
5710,5710,5710,5.5166666666666675,1.1829276787624394,1.3657360686449351
5711,5711,5711,5.518333333333334,1.1825110120957727,1.3653194019782684
5712,5712,5712,5.52,1.182094345429106,1.3645212597641845
5713,5713,5713,5.521666666666668,1.1816776787624397,1.3641045930975182
5714,5714,5714,5.523333333333332,1.181261012095773,1.3636879264308512
5715,5715,5715,5.525,1.1808443454291062,1.3632712597641845
5716,5716,5716,5.526666666666667,1.1804276787624397,1.3628545930975178
5717,5717,5717,5.528333333333334,1.1796295365483556,1.3620564508834334
5718,5718,5718,5.529999999999999,1.179594345429106,1.361639784216767
5719,5719,5719,5.531666666666668,1.1791776787624393,1.3612231175501002
5720,5720,5720,5.533333333333333,1.1783795365483558,1.3608064508834337
5721,5721,5721,5.535,1.1779628698816889,1.360389784216767
5722,5722,5722,5.536666666666667,1.1779276787624395,1.359591642002683
5723,5723,5723,5.538333333333334,1.1771295365483556,1.3591749753360165
5724,5724,5724,5.539999999999999,1.1767128698816889,1.3587583086693495
5725,5725,5725,5.541666666666668,1.1762962032150222,1.3583416420026828
5726,5726,5726,5.5433333333333366,1.1758795365483554,1.357543499788599
5727,5727,5727,5.545,1.1754628698816891,1.3571268331219324
5728,5728,5728,5.546666666666667,1.1750462032150224,1.357091642002683
5729,5729,5729,5.548333333333334,1.1746295365483557,1.3566749753360163
5730,5730,5730,5.550000000000001,1.1738313943342713,1.3558768331219322
5731,5731,5731,5.551666666666668,1.1734147276676046,1.3554601664552657
5732,5732,5732,5.553333333333336,1.1733795365483557,1.3550434997885987
5733,5733,5733,5.555,1.1725813943342709,1.3546268331219322
5734,5734,5734,5.556666666666667,1.1721647276676048,1.3542101664552657
5735,5735,5735,5.558333333333334,1.171366585453521,1.353793499788599
5736,5736,5736,5.5600000000000005,1.1713313943342714,1.3533768331219322
5737,5737,5737,5.561666666666667,1.1709147276676046,1.3525786909078479
5738,5738,5738,5.563333333333334,1.1701165854535207,1.3525434997885988
5739,5739,5739,5.5649999999999995,1.1700813943342712,1.352126833121932
5740,5740,5740,5.566666666666666,1.1692832521201877,1.3517101664552658
5741,5741,5741,5.568333333333333,1.168866585453521,1.351293499788599
5742,5742,5742,5.57,1.1684499187868542,1.3508768331219323
5743,5743,5743,5.571666666666667,1.16765177657277,1.3504601664552656
5744,5744,5744,5.573333333333334,1.1676165854535208,1.3500434997885988
5745,5745,5745,5.574999999999999,1.1668184432394364,1.349626833121932
5746,5746,5746,5.576666666666668,1.1667832521201873,1.3492101664552654
5747,5747,5747,5.578333333333333,1.1659851099061034,1.348793499788599
5748,5748,5748,5.58,1.1655684432394366,1.3483768331219321
5749,5749,5749,5.581666666666667,1.1651517765727701,1.3479601664552656
5750,5750,5750,5.583333333333334,1.1647351099061032,1.3475434997885989
5751,5751,5751,5.585000000000001,1.1639369676920193,1.3471268331219322
5752,5752,5752,5.586666666666668,1.1639017765727695,1.3467101664552654
5753,5753,5753,5.5883333333333365,1.1631036343586858,1.3462934997885987
5754,5754,5754,5.59,1.1626869676920195,1.3458768331219324
5755,5755,5755,5.591666666666667,1.1618888254779351,1.3454601664552657
5756,5756,5756,5.593333333333334,1.161853634358686,1.3454249753360163
5757,5757,5757,5.595000000000001,1.161436967692019,1.3450083086693496
5758,5758,5758,5.596666666666668,1.1610203010253526,1.3445916420026829
5759,5759,5759,5.5983333333333345,1.160603634358686,1.3441749753360162
5760,5760,5760,5.6,1.1598054921446015,1.3433768331219322
5761,5761,5761,5.601666666666668,1.1593888254779352,1.3433416420026831
5762,5762,5762,5.603333333333332,1.1589721588112685,1.3429249753360164
5763,5763,5763,5.605,1.1585554921446015,1.3425083086693497
5764,5764,5764,5.606666666666667,1.158138825477935,1.3424731175501
5765,5765,5765,5.608333333333334,1.1573406832638513,1.3416749753360162
5766,5766,5766,5.609999999999999,1.1569240165971846,1.3416397842167669
5767,5767,5767,5.611666666666668,1.1565073499305178,1.3412231175501002
5768,5768,5768,5.613333333333333,1.1560906832638516,1.3408064508834336
5769,5769,5769,5.615,1.1560554921446018,1.3403897842167671
5770,5770,5770,5.616666666666667,1.155257349930518,1.3395916420026828
5771,5771,5771,5.618333333333334,1.1544592077164335,1.3395564508834334
5772,5772,5772,5.619999999999999,1.1544240165971846,1.3391397842167667
5773,5773,5773,5.621666666666668,1.1536258743831005,1.3387231175501
5774,5774,5774,5.623333333333333,1.1532092077164342,1.3383064508834337
5775,5775,5775,5.625,1.1527925410497672,1.3378897842167672
5776,5776,5776,5.626666666666667,1.1523758743831003,1.3374731175501002
5777,5777,5777,5.628333333333334,1.1519592077164338,1.3374379264308511
5778,5778,5778,5.630000000000001,1.151542541049767,1.3370212597641844
5779,5779,5779,5.631666666666668,1.1511258743831003,1.3366045930975177
5780,5780,5780,5.633333333333336,1.1507092077164336,1.3361879264308507
5781,5781,5781,5.635,1.1502925410497673,1.336152735311602
5782,5782,5782,5.636666666666667,1.1494943988356834,1.335736068644935
5783,5783,5783,5.638333333333334,1.1494592077164338,1.3353194019782686
5784,5784,5784,5.640000000000001,1.1486610655023501,1.334902735311602
5785,5785,5785,5.6416666666666675,1.1482443988356832,1.3344860686449351
5786,5786,5786,5.643333333333334,1.1478277321690165,1.3344508775256858
5787,5787,5787,5.645,1.1474110655023495,1.334034210859019
5788,5788,5788,5.646666666666668,1.1473758743831006,1.3336175441923528
5789,5789,5789,5.648333333333332,1.146196256621599,1.333200877525686
5790,5790,5790,5.65,1.14616106550235,1.332784210859019
5791,5791,5791,5.651666666666667,1.1453629232882656,1.33274901973977
5792,5792,5792,5.653333333333334,1.1453277321690165,1.3323323530731033
5793,5793,5793,5.654999999999999,1.1445295899549317,1.3319156864064363
5794,5794,5794,5.656666666666668,1.1441129232882654,1.3314990197397698
5795,5795,5795,5.658333333333333,1.1433147810741815,1.3310823530731035
5796,5796,5796,5.66,1.1432795899549324,1.3306656864064368
5797,5797,5797,5.661666666666667,1.1428629232882657,1.33024901973977
5798,5798,5798,5.663333333333334,1.1424462566215992,1.330213828620521
5799,5799,5799,5.664999999999999,1.1416481144075146,1.3297971619538542
5800,5800,5800,5.666666666666668,1.1412314477408478,1.3293804952871875
5801,5801,5801,5.6683333333333366,1.1411962566215987,1.329345304167938
5802,5802,5802,5.67,1.1403981144075148,1.3285471619538545
5803,5803,5803,5.671666666666667,1.1399814477408479,1.3285119708346045
5804,5804,5804,5.673333333333334,1.1391833055267642,1.3280953041679382
5805,5805,5805,5.675000000000001,1.1387666388600974,1.3272971619538545
5806,5806,5806,5.676666666666668,1.1383499721934307,1.3272619708346047
5807,5807,5807,5.678333333333336,1.1383147810741812,1.326845304167938
5808,5808,5808,5.68,1.1375166388600972,1.3264286375012713
5809,5809,5809,5.681666666666667,1.137099972193431,1.326011970834605
5810,5810,5810,5.683333333333334,1.1366833055267642,1.3255953041679382
5811,5811,5811,5.6850000000000005,1.1362666388600977,1.3251786375012715
5812,5812,5812,5.686666666666667,1.1358499721934308,1.3247619708346048
5813,5813,5813,5.688333333333334,1.135433305526764,1.3243453041679378
5814,5814,5814,5.6899999999999995,1.1350166388600973,1.323928637501271
5815,5815,5815,5.691666666666666,1.134599972193431,1.3231304952871878
5816,5816,5816,5.693333333333333,1.1341833055267645,1.3230953041679383
5817,5817,5817,5.695,1.1337666388600975,1.3226786375012716
5818,5818,5818,5.696666666666667,1.1329684966460134,1.3222619708346048
5819,5819,5819,5.698333333333334,1.132933305526764,1.3218453041679379
5820,5820,5820,5.699999999999999,1.13213516331268,1.3214286375012714
5821,5821,5821,5.701666666666668,1.1320999721934306,1.3210119708346046
5822,5822,5822,5.703333333333333,1.1316833055267643,1.3205953041679384
5823,5823,5823,5.705,1.1312666388600976,1.3201786375012716
5824,5824,5824,5.706666666666667,1.1304684966460137,1.319761970834605
5825,5825,5825,5.708333333333334,1.1300518299793467,1.3193453041679382
5826,5826,5826,5.710000000000001,1.12963516331268,1.3185471619538542
5827,5827,5827,5.711666666666668,1.1292184966460133,1.3185119708346047
5828,5828,5828,5.7133333333333365,1.1288018299793463,1.3177138286205208
5829,5829,5829,5.715,1.1287666388600976,1.3176786375012717
5830,5830,5830,5.716666666666667,1.1279684966460135,1.3168804952871878
5831,5831,5831,5.718333333333334,1.1275518299793468,1.316463828620521
5832,5832,5832,5.720000000000001,1.12713516331268,1.3164286375012717
5833,5833,5833,5.721666666666668,1.126718496646013,1.3156304952871876
5834,5834,5834,5.7233333333333345,1.1263018299793466,1.3152138286205208
5835,5835,5835,5.725,1.1258851633126798,1.3144156864064365
5836,5836,5836,5.726666666666668,1.1254684966460136,1.3143804952871878
5837,5837,5837,5.728333333333332,1.1250518299793468,1.3135823530731034
5838,5838,5838,5.73,1.1246351633126799,1.3131656864064367
5839,5839,5839,5.731666666666667,1.1242184966460134,1.31274901973977
5840,5840,5840,5.733333333333334,1.1238018299793466,1.3119508775256858
5841,5841,5841,5.734999999999999,1.12338516331268,1.3119156864064363
5842,5842,5842,5.736666666666668,1.1229684966460132,1.3111175441923524
5843,5843,5843,5.738333333333333,1.1229333055267643,1.310319401978269
5844,5844,5844,5.74,1.1221351633126802,1.309902735311602
5845,5845,5845,5.741666666666667,1.1217184966460134,1.3094860686449352
5846,5846,5846,5.743333333333334,1.121301829979347,1.3086879264308509
5847,5847,5847,5.744999999999999,1.1212666388600974,1.3082712597641843
5848,5848,5848,5.746666666666668,1.1204684966460132,1.3078545930975176
5849,5849,5849,5.748333333333333,1.1204333055267643,1.307437926430851
5850,5850,5850,5.75,1.1200166388600976,1.3066397842167672
5851,5851,5851,5.751666666666667,1.1199814477408478,1.3062231175501002
5852,5852,5852,5.753333333333334,1.119183305526764,1.3054249753360163
5853,5853,5853,5.755000000000001,1.1191481144075146,1.3050083086693496
5854,5854,5854,5.756666666666668,1.1191129232882655,1.3049731175501
5855,5855,5855,5.758333333333336,1.1183147810741811,1.304174975336016
5856,5856,5856,5.76,1.1182795899549325,1.3037583086693498
5857,5857,5857,5.761666666666667,1.1178629232882658,1.3033416420026829
5858,5858,5858,5.763333333333334,1.117446256621599,1.3029249753360168
5859,5859,5859,5.765000000000001,1.1170295899549323,1.3021268331219322
5860,5860,5860,5.7666666666666675,1.1166129232882656,1.3017101664552655
5861,5861,5861,5.768333333333334,1.1165777321690165,1.3012934997885988
5862,5862,5862,5.77,1.1161610655023495,1.3008768331219323
5863,5863,5863,5.771666666666668,1.1157443988356834,1.3000786909078483
5864,5864,5864,5.773333333333332,1.114946256621599,1.2996620242411816
5865,5865,5865,5.775,1.11491106550235,1.2992453575745149
5866,5866,5866,5.776666666666667,1.1144943988356832,1.298828690907848
5867,5867,5867,5.778333333333334,1.1140777321690165,1.298030548693763
5868,5868,5868,5.779999999999999,1.1136610655023498,1.2976138820270968
5869,5869,5869,5.781666666666668,1.1136258743831002,1.2971972153604303
5870,5870,5870,5.783333333333333,1.1128277321690168,1.2963990731463468
5871,5871,5871,5.785,1.1127925410497672,1.2959824064796799
5872,5872,5872,5.786666666666667,1.1123758743831005,1.2951842642655955
5873,5873,5873,5.788333333333334,1.1119592077164338,1.2951490731463466
5874,5874,5874,5.789999999999999,1.1115425410497672,1.2943509309322625
5875,5875,5875,5.791666666666668,1.1111258743831005,1.2935527887181784
5876,5876,5876,5.7933333333333366,1.1110906832638512,1.2935175975989288
5877,5877,5877,5.795,1.110674016597185,1.2931009309322623
5878,5878,5878,5.796666666666667,1.1102573499305182,1.2923027887181786
5879,5879,5879,5.798333333333334,1.1098406832638514,1.291886122051512
5880,5880,5880,5.800000000000001,1.1094240165971847,1.2910879798374275
5881,5881,5881,5.801666666666668,1.1090073499305182,1.290671313170761
5882,5882,5882,5.803333333333336,1.1085906832638512,1.2902546465040945
5883,5883,5883,5.805,1.1085554921446017,1.2898379798374275
5884,5884,5884,5.806666666666667,1.1077573499305182,1.2894213131707613
5885,5885,5885,5.808333333333334,1.1073406832638517,1.2890046465040943
5886,5886,5886,5.8100000000000005,1.1073054921446015,1.2885879798374278
5887,5887,5887,5.811666666666667,1.106888825477935,1.288171313170761
5888,5888,5888,5.813333333333334,1.1064721588112685,1.2873731709566771
5889,5889,5889,5.8149999999999995,1.1060554921446015,1.2873379798374276
5890,5890,5890,5.816666666666666,1.1052573499305185,1.2865398376233441
5891,5891,5891,5.818333333333333,1.1052221588112685,1.2861231709566772
5892,5892,5892,5.82,1.1044240165971848,1.2857065042900104
5893,5893,5893,5.821666666666667,1.104007349930518,1.2849083620759263
5894,5894,5894,5.823333333333334,1.1035906832638511,1.2844916954092596
5895,5895,5895,5.824999999999999,1.1031740165971846,1.2840750287425928
5896,5896,5896,5.826666666666668,1.102757349930518,1.283658362075926
5897,5897,5897,5.828333333333333,1.1023406832638516,1.2828602198618426
5898,5898,5898,5.83,1.1019240165971849,1.282825028742593
5899,5899,5899,5.831666666666667,1.101507349930518,1.2824083620759263
5900,5900,5900,5.833333333333334,1.1010906832638514,1.2816102198618424
5901,5901,5901,5.835000000000001,1.100674016597185,1.2811935531951757
5902,5902,5902,5.836666666666668,1.1002573499305182,1.280776886528509
5903,5903,5903,5.8383333333333365,1.0998406832638512,1.2803602198618422
5904,5904,5904,5.84,1.0990425410497673,1.279943553195176
5905,5905,5905,5.841666666666667,1.0986258743831006,1.2791454109810911
5906,5906,5906,5.843333333333334,1.0985906832638517,1.2791102198618425
5907,5907,5907,5.845000000000001,1.097792541049767,1.2783120776477577
5908,5908,5908,5.846666666666668,1.0973758743831004,1.2778954109810907
5909,5909,5909,5.8483333333333345,1.0969592077164336,1.2774787443144242
5910,5910,5910,5.85,1.0961610655023497,1.2766806021003407
5911,5911,5911,5.851666666666668,1.0957443988356834,1.2762639354336744
5912,5912,5912,5.853333333333332,1.095327732169017,1.2762287443144245
5913,5913,5913,5.855,1.0952925410497671,1.2754306021003414
5914,5914,5914,5.856666666666667,1.0944943988356832,1.2750139354336745
5915,5915,5915,5.858333333333334,1.0936962566215989,1.2745972687670075
5916,5916,5916,5.859999999999999,1.093279589954932,1.2741806021003408
5917,5917,5917,5.861666666666668,1.093244398835683,1.273763935433674
5918,5918,5918,5.863333333333333,1.092446256621599,1.27296579321959
5919,5919,5919,5.865,1.0920295899549324,1.2725491265529234
5920,5920,5920,5.866666666666667,1.091231447740848,1.2717509843388393
5921,5921,5921,5.868333333333334,1.0908147810741813,1.27171579321959
5922,5922,5922,5.869999999999999,1.0903981144075146,1.2712991265529228
5923,5923,5923,5.871666666666668,1.0895999721934306,1.270500984338839
5924,5924,5924,5.873333333333337,1.0891833055267641,1.2700843176721723
5925,5925,5925,5.875,1.0887666388600976,1.2696676510055058
5926,5926,5926,5.876666666666667,1.0883499721934309,1.269250984338839
5927,5927,5927,5.878333333333334,1.087933305526764,1.2688343176721726
5928,5928,5928,5.880000000000001,1.0871351633126802,1.268417651005506
5929,5929,5929,5.881666666666668,1.0867184966460133,1.2680009843388391
5930,5930,5930,5.883333333333336,1.0863018299793463,1.267202842124755
5931,5931,5931,5.885,1.0858851633126805,1.2671676510055059
5932,5932,5932,5.886666666666667,1.085087021098596,1.2667509843388394
5933,5933,5933,5.888333333333334,1.0846703544319294,1.2659528421247552
5934,5934,5934,5.890000000000001,1.0842536877652629,1.2655361754580885
5935,5935,5935,5.8916666666666675,1.0834555455511783,1.2651195087914218
5936,5936,5936,5.893333333333334,1.0834203544319292,1.264702842124755
5937,5937,5937,5.895,1.082622212217845,1.2642861754580883
5938,5938,5938,5.896666666666668,1.0822055455511788,1.263869508791422
5939,5939,5939,5.898333333333332,1.081788878884512,1.2634528421247553
5940,5940,5940,5.9,1.0813722122178453,1.2626546999106711
5941,5941,5941,5.901666666666667,1.0809555455511786,1.2622380332440044
5942,5942,5942,5.903333333333334,1.0805388788845118,1.2622028421247549
5943,5943,5943,5.904999999999999,1.080122212217845,1.2617861754580884
5944,5944,5944,5.906666666666668,1.0793240700037612,1.2613695087914216
5945,5945,5945,5.908333333333333,1.078907403337095,1.260571366577338
5946,5946,5946,5.91,1.0784907366704282,1.2601546999106712
5947,5947,5947,5.911666666666667,1.0780740700037614,1.2597380332440045
5948,5948,5948,5.913333333333334,1.0776574033370947,1.2593213665773375
5949,5949,5949,5.914999999999999,1.0768592611230103,1.258904699910671
5950,5950,5950,5.916666666666668,1.0768240700037612,1.2581065576965869
5951,5951,5951,5.9183333333333366,1.0760259277896769,1.2580713665773375
5952,5952,5952,5.92,1.0756092611230106,1.2576546999106712
5953,5953,5953,5.921666666666667,1.075192594456344,1.2568565576965869
5954,5954,5954,5.923333333333334,1.0747759277896771,1.2568213665773378
5955,5955,5955,5.925000000000001,1.0743592611230104,1.2560232243632536
5956,5956,5956,5.926666666666668,1.0739425944563437,1.255606557696587
5957,5957,5957,5.928333333333336,1.073525927789677,1.2551898910299202
5958,5958,5958,5.93,1.0727277855755928,1.2547732243632534
5959,5959,5959,5.931666666666667,1.0723111189089265,1.2543565576965872
5960,5960,5960,5.933333333333334,1.0718944522422598,1.2539398910299204
5961,5961,5961,5.9350000000000005,1.0718592611230104,1.2531417488158365
5962,5962,5962,5.936666666666667,1.0714425944563437,1.2527250821491696
5963,5963,5963,5.938333333333334,1.0706444522422596,1.2523084154825028
5964,5964,5964,5.9399999999999995,1.0702277855755928,1.2518917488158359
5965,5965,5965,5.941666666666666,1.0694296433615091,1.2514750821491698
5966,5966,5966,5.943333333333333,1.0690129766948424,1.2510584154825029
5967,5967,5967,5.945,1.0685963100281757,1.250260273268419
5968,5968,5968,5.946666666666667,1.068179643361509,1.2502250821491696
5969,5969,5969,5.948333333333334,1.0677629766948422,1.2498084154825029
5970,5970,5970,5.949999999999999,1.0673463100281757,1.248628797721001
5971,5971,5971,5.951666666666668,1.0669296433615088,1.248593606601752
5972,5972,5972,5.953333333333333,1.0665129766948425,1.2485584154825031
5973,5973,5973,5.955,1.0657148344807583,1.2473787977210016
5974,5974,5974,5.956666666666667,1.065679643361509,1.2469621310543348
5975,5975,5975,5.958333333333334,1.0648815011474249,1.246545464387668
5976,5976,5976,5.960000000000001,1.064464834480758,1.2461287977210014
5977,5977,5977,5.961666666666668,1.0644296433615088,1.2457121310543349
5978,5978,5978,5.9633333333333365,1.064012976694842,1.245295464387668
5979,5979,5979,5.965,1.0632148344807584,1.2444973221735844
5980,5980,5980,5.966666666666667,1.0627981678140916,1.2440806555069177
5981,5981,5981,5.968333333333334,1.0623815011474251,1.243663988840251
5982,5982,5982,5.970000000000001,1.0619648344807582,1.2436287977210014
5983,5983,5983,5.971666666666668,1.0615481678140914,1.2428306555069175
5984,5984,5984,5.9733333333333345,1.0611315011474247,1.2424139888402508
5985,5985,5985,5.975,1.0603333589333406,1.241997322173584
5986,5986,5986,5.976666666666668,1.0602981678140917,1.241962131054335
5987,5987,5987,5.978333333333332,1.059881501147425,1.241163988840251
5988,5988,5988,5.98,1.0594648344807582,1.2407473221735843
5989,5989,5989,5.981666666666667,1.058666692266674,1.2403306555069176
5990,5990,5990,5.983333333333334,1.0582500256000074,1.2395325132928332
5991,5991,5991,5.984999999999999,1.0578333589333406,1.2391158466261665
5992,5992,5992,5.986666666666668,1.0574166922666741,1.2390806555069174
5993,5993,5993,5.988333333333333,1.0570000256000076,1.2386639888402509
5994,5994,5994,5.99,1.0565833589333409,1.2378658466261667
5995,5995,5995,5.991666666666667,1.0557852167192567,1.2374491799595
5996,5996,5996,5.993333333333334,1.05536855005259,1.2370325132928333
5997,5997,5997,5.994999999999999,1.0549518833859233,1.2366158466261663
5998,5998,5998,5.996666666666668,1.0545352167192563,1.2361991799594998
5999,5999,5999,5.998333333333337,1.0545000256000072,1.235782513292833
