,Unnamed: 0,Unnamed: 0.1,time,discharge_pressure,suction_pressure
2400,2400,2400,0.0,1.8741893644617384,2.026016632333868
2401,2401,2401,0.0016666666666669272,1.8734264133669032,2.026016632333868
2402,2402,2402,0.0033333333333338544,1.8730449378194856,2.026016632333868
2403,2403,2403,0.004999999999999893,1.8734264133669032,2.026016632333868
2404,2404,2404,0.006666666666666821,1.8738078889143208,2.0263981078812847
2405,2405,2405,0.008333333333333748,1.8738078889143208,2.02563515678645
2406,2406,2406,0.010000000000001563,1.8730449378194856,2.026016632333868
2407,2407,2407,0.011666666666666714,1.8741893644617384,2.0263981078812847
2408,2408,2408,0.013333333333333641,1.8753337911039905,2.026016632333868
2409,2409,2409,0.015000000000001457,1.8741893644617384,2.0263981078812847
2410,2410,2410,0.016666666666666607,1.874570840009156,2.02563515678645
2411,2411,2411,0.018333333333333535,1.8753337911039905,2.02563515678645
2412,2412,2412,0.020000000000000462,1.8741893644617384,2.0252536812390325
2413,2413,2413,0.0216666666666665,1.874570840009156,2.02563515678645
2414,2414,2414,0.023333333333333428,1.8734264133669032,2.0252536812390325
2415,2415,2415,0.025000000000000355,1.8719005111772336,2.0252536812390325
2416,2416,2416,0.026666666666667282,1.872281986724651,2.02563515678645
2417,2417,2417,0.02833333333333332,1.872281986724651,2.0263981078812847
2418,2418,2418,0.03000000000000025,1.872281986724651,2.0263981078812847
2419,2419,2419,0.031666666666667176,1.8734264133669032,2.0252536812390325
2420,2420,2420,0.033333333333333215,1.8730449378194856,2.02563515678645
2421,2421,2421,0.03500000000000014,1.872281986724651,2.0263981078812847
2422,2422,2422,0.03666666666666707,1.872281986724651,2.026016632333868
2423,2423,2423,0.038333333333333997,1.8726634622720684,2.02563515678645
2424,2424,2424,0.040000000000000036,1.8715190356298161,2.02563515678645
2425,2425,2425,0.04166666666666696,1.8719005111772336,2.026016632333868
2426,2426,2426,0.04333333333333389,1.8734264133669032,2.0267795834287017
2427,2427,2427,0.04499999999999993,1.8730449378194856,2.026016632333868
2428,2428,2428,0.046666666666666856,1.8715190356298161,2.02563515678645
2429,2429,2429,0.04833333333333378,1.8715190356298161,2.0263981078812847
2430,2430,2430,0.04999999999999982,1.8730449378194856,2.026016632333868
2431,2431,2431,0.05166666666666675,1.8741893644617384,2.0252536812390325
2432,2432,2432,0.05333333333333368,1.8741893644617384,2.026016632333868
2433,2433,2433,0.05500000000000149,1.8734264133669032,2.0267795834287017
2434,2434,2434,0.05666666666666664,1.8738078889143208,2.0263981078812847
2435,2435,2435,0.05833333333333357,1.8730449378194856,2.02563515678645
2436,2436,2436,0.0600000000000005,1.8734264133669032,2.026016632333868
2437,2437,2437,0.061666666666666536,1.8726634622720684,2.0263981078812847
2438,2438,2438,0.06333333333333346,1.8719005111772336,2.027542534523537
2439,2439,2439,0.06500000000000039,1.8726634622720684,2.0267795834287017
2440,2440,2440,0.06666666666666643,1.8726634622720684,2.02563515678645
2441,2441,2441,0.06833333333333336,1.872281986724651,2.02563515678645
2442,2442,2442,0.07000000000000028,1.8726634622720684,2.0252536812390325
2443,2443,2443,0.07166666666666721,1.8730449378194856,2.026016632333868
2444,2444,2444,0.07333333333333325,1.8730449378194856,2.0263981078812847
2445,2445,2445,0.07500000000000018,1.8738078889143208,2.0263981078812847
2446,2446,2446,0.0766666666666671,1.8730449378194856,2.0263981078812847
2447,2447,2447,0.07833333333333403,1.8726634622720684,2.024872205691615
2448,2448,2448,0.08000000000000007,1.8738078889143208,2.024872205691615
2449,2449,2449,0.081666666666667,1.8730449378194856,2.026016632333868
2450,2450,2450,0.08333333333333393,1.8715190356298161,2.026016632333868
2451,2451,2451,0.08499999999999996,1.8719005111772336,2.026016632333868
2452,2452,2452,0.08666666666666689,1.8734264133669032,2.0267795834287017
2453,2453,2453,0.08833333333333382,1.8734264133669032,2.026016632333868
2454,2454,2454,0.08999999999999986,1.8730449378194856,2.024872205691615
2455,2455,2455,0.09166666666666679,1.8726634622720684,2.0252536812390325
2456,2456,2456,0.09333333333333371,1.8719005111772336,2.0252536812390325
2457,2457,2457,0.09500000000000153,1.8711375600823987,2.0252536812390325
2458,2458,2458,0.09666666666666668,1.8719005111772336,2.02563515678645
2459,2459,2459,0.0983333333333336,1.8734264133669032,2.026016632333868
2460,2460,2460,0.10000000000000053,1.8734264133669032,2.0263981078812847
2461,2461,2461,0.10166666666666657,1.8730449378194856,2.026016632333868
2462,2462,2462,0.1033333333333335,1.8730449378194856,2.0252536812390325
2463,2463,2463,0.10500000000000043,1.8726634622720684,2.0244907301441977
2464,2464,2464,0.10666666666666647,1.8726634622720684,2.024872205691615
2465,2465,2465,0.10833333333333339,1.8730449378194856,2.0252536812390325
2466,2466,2466,0.11000000000000032,1.8734264133669032,2.0252536812390325
2467,2467,2467,0.11166666666666725,1.8734264133669032,2.0252536812390325
2468,2468,2468,0.11333333333333329,1.8730449378194856,2.0252536812390325
2469,2469,2469,0.11500000000000021,1.8730449378194856,2.02563515678645
2470,2470,2470,0.11666666666666714,1.8730449378194856,2.02563515678645
2471,2471,2471,0.11833333333333318,1.8749523155565728,2.02563515678645
2472,2472,2472,0.1200000000000001,1.8741893644617384,2.026016632333868
2473,2473,2473,0.12166666666666703,1.8734264133669032,2.02563515678645
2474,2474,2474,0.12333333333333396,1.8738078889143208,2.0244907301441977
2475,2475,2475,0.125,1.8734264133669032,2.0241092545967803
2476,2476,2476,0.12666666666666693,1.8734264133669032,2.0252536812390325
2477,2477,2477,0.12833333333333385,1.8741893644617384,2.0252536812390325
2478,2478,2478,0.1299999999999999,1.8734264133669032,2.024872205691615
2479,2479,2479,0.13166666666666682,1.8734264133669032,2.024872205691615
2480,2480,2480,0.13333333333333375,1.8738078889143208,2.0263981078812847
2481,2481,2481,0.13500000000000156,1.8738078889143208,2.0263981078812847
2482,2482,2482,0.13666666666666671,1.8730449378194856,2.0252536812390325
2483,2483,2483,0.13833333333333364,1.8730449378194856,2.026016632333868
2484,2484,2484,0.14000000000000146,1.8730449378194856,2.02563515678645
2485,2485,2485,0.1416666666666666,1.872281986724651,2.0252536812390325
2486,2486,2486,0.14333333333333353,1.8726634622720684,2.0252536812390325
2487,2487,2487,0.14500000000000046,1.8726634622720684,2.0241092545967803
2488,2488,2488,0.1466666666666665,1.8730449378194856,2.023346303501945
2489,2489,2489,0.14833333333333343,1.8730449378194856,2.0241092545967803
2490,2490,2490,0.15000000000000036,1.8738078889143208,2.0241092545967803
2491,2491,2491,0.15166666666666728,1.8734264133669032,2.024872205691615
2492,2492,2492,0.15333333333333332,1.8726634622720684,2.0252536812390325
2493,2493,2493,0.15500000000000025,1.8730449378194856,2.0244907301441977
2494,2494,2494,0.15666666666666718,1.8738078889143208,2.0244907301441977
2495,2495,2495,0.15833333333333321,1.8726634622720684,2.0241092545967803
2496,2496,2496,0.16000000000000014,1.8730449378194856,2.0237277790493637
2497,2497,2497,0.16166666666666707,1.8741893644617384,2.0241092545967803
2498,2498,2498,0.163333333333334,1.8749523155565728,2.024872205691615
2499,2499,2499,0.16500000000000004,1.8741893644617384,2.0252536812390325
2500,2500,2500,0.16666666666666696,1.8738078889143208,2.024872205691615
2501,2501,2501,0.1683333333333339,1.8741893644617384,2.0237277790493637
2502,2502,2502,0.16999999999999993,1.8741893644617384,2.0244907301441977
2503,2503,2503,0.17166666666666686,1.8738078889143208,2.0252536812390325
2504,2504,2504,0.17333333333333378,1.8730449378194856,2.0263981078812847
2505,2505,2505,0.1750000000000016,1.8730449378194856,2.02563515678645
2506,2506,2506,0.17666666666666675,1.8730449378194856,2.02563515678645
2507,2507,2507,0.17833333333333368,1.8734264133669032,2.0252536812390325
2508,2508,2508,0.1800000000000015,1.8734264133669032,2.0252536812390325
2509,2509,2509,0.18166666666666664,1.8734264133669032,2.0252536812390325
2510,2510,2510,0.18333333333333357,1.8741893644617384,2.0244907301441977
2511,2511,2511,0.1850000000000005,1.874570840009156,2.0244907301441977
2512,2512,2512,0.18666666666666654,1.8730449378194856,2.0252536812390325
2513,2513,2513,0.18833333333333346,1.8730449378194856,2.024872205691615
2514,2514,2514,0.1900000000000004,1.8730449378194856,2.024872205691615
2515,2515,2515,0.19166666666666643,1.8730449378194856,2.024872205691615
2516,2516,2516,0.19333333333333336,1.8738078889143208,2.024872205691615
2517,2517,2517,0.19500000000000028,1.8741893644617384,2.02563515678645
2518,2518,2518,0.1966666666666672,1.8734264133669032,2.0252536812390325
2519,2519,2519,0.19833333333333325,1.8734264133669032,2.024872205691615
2520,2520,2520,0.20000000000000018,1.8738078889143208,2.024872205691615
2521,2521,2521,0.2016666666666671,1.8734264133669032,2.0252536812390325
2522,2522,2522,0.20333333333333403,1.8738078889143208,2.0244907301441977
2523,2523,2523,0.20500000000000007,1.8749523155565728,2.0244907301441977
2524,2524,2524,0.206666666666667,1.8741893644617384,2.0244907301441977
2525,2525,2525,0.20833333333333393,1.8734264133669032,2.0252536812390325
2526,2526,2526,0.20999999999999996,1.8734264133669032,2.0252536812390325
2527,2527,2527,0.2116666666666669,1.8719005111772336,2.0241092545967803
2528,2528,2528,0.21333333333333382,1.8730449378194856,2.0241092545967803
2529,2529,2529,0.21499999999999986,1.8734264133669032,2.0237277790493637
2530,2530,2530,0.21666666666666679,1.8730449378194856,2.02258335240711
2531,2531,2531,0.2183333333333337,1.8734264133669032,2.0241092545967803
2532,2532,2532,0.22000000000000153,1.8734264133669032,2.0252536812390325
2533,2533,2533,0.22166666666666668,1.8734264133669032,2.0244907301441977
2534,2534,2534,0.2233333333333336,1.8730449378194856,2.024872205691615
2535,2535,2535,0.22500000000000053,1.8738078889143208,2.0241092545967803
2536,2536,2536,0.22666666666666657,1.8738078889143208,2.0244907301441977
2537,2537,2537,0.2283333333333335,1.8738078889143208,2.024872205691615
2538,2538,2538,0.23000000000000043,1.8753337911039905,2.024872205691615
2539,2539,2539,0.23166666666666647,1.8741893644617384,2.024872205691615
2540,2540,2540,0.2333333333333334,1.8726634622720684,2.0244907301441977
2541,2541,2541,0.23500000000000032,1.8730449378194856,2.0241092545967803
2542,2542,2542,0.23666666666666725,1.8734264133669032,2.0237277790493637
2543,2543,2543,0.23833333333333329,1.8730449378194856,2.0244907301441977
2544,2544,2544,0.2400000000000002,1.8730449378194856,2.02563515678645
2545,2545,2545,0.24166666666666714,1.8726634622720684,2.024872205691615
2546,2546,2546,0.24333333333333318,1.8730449378194856,2.0244907301441977
2547,2547,2547,0.2450000000000001,1.8734264133669032,2.0244907301441977
2548,2548,2548,0.24666666666666703,1.8726634622720684,2.0237277790493637
2549,2549,2549,0.24833333333333396,1.8726634622720684,2.0244907301441977
2550,2550,2550,0.25,1.8730449378194856,2.0244907301441977
2551,2551,2551,0.2516666666666669,1.8730449378194856,2.024872205691615
2552,2552,2552,0.25333333333333385,1.8738078889143208,2.024872205691615
2553,2553,2553,0.2549999999999999,1.8738078889143208,2.0252536812390325
2554,2554,2554,0.2566666666666668,1.8730449378194856,2.0241092545967803
2555,2555,2555,0.25833333333333375,1.8726634622720684,2.0237277790493637
2556,2556,2556,0.26000000000000156,1.8734264133669032,2.0241092545967803
2557,2557,2557,0.2616666666666667,1.8730449378194856,2.0241092545967803
2558,2558,2558,0.26333333333333364,1.8730449378194856,2.0237277790493637
2559,2559,2559,0.26500000000000146,1.8738078889143208,2.0241092545967803
2560,2560,2560,0.2666666666666666,1.8726634622720684,2.0237277790493637
2561,2561,2561,0.26833333333333353,1.8726634622720684,2.0237277790493637
2562,2562,2562,0.27000000000000046,1.8730449378194856,2.0244907301441977
2563,2563,2563,0.2716666666666665,1.8730449378194856,2.024872205691615
2564,2564,2564,0.27333333333333343,1.8734264133669032,2.0237277790493637
2565,2565,2565,0.27500000000000036,1.8734264133669032,2.022964827954528
2566,2566,2566,0.2766666666666673,1.8734264133669032,2.0244907301441977
2567,2567,2567,0.2783333333333333,1.8738078889143208,2.0244907301441977
2568,2568,2568,0.28000000000000025,1.8741893644617384,2.023346303501945
2569,2569,2569,0.2816666666666672,1.8734264133669032,2.0241092545967803
2570,2570,2570,0.2833333333333332,1.8730449378194856,2.024872205691615
2571,2571,2571,0.28500000000000014,1.8738078889143208,2.0241092545967803
2572,2572,2572,0.28666666666666707,1.8734264133669032,2.022201876859693
2573,2573,2573,0.288333333333334,1.8738078889143208,2.021057450217441
2574,2574,2574,0.29000000000000004,1.8734264133669032,2.020675974670024
2575,2575,2575,0.29166666666666696,1.8734264133669032,2.0199130235751888
2576,2576,2576,0.2933333333333339,1.8734264133669032,2.019150072480354
2577,2577,2577,0.29499999999999993,1.8730449378194856,2.019150072480354
2578,2578,2578,0.29666666666666686,1.8726634622720684,2.0187685969329365
2579,2579,2579,0.2983333333333338,1.8730449378194856,2.019531548027772
2580,2580,2580,0.3000000000000016,1.8738078889143208,2.019531548027772
2581,2581,2581,0.30166666666666675,1.8734264133669032,2.019531548027772
2582,2582,2582,0.3033333333333337,1.8730449378194856,2.019531548027772
2583,2583,2583,0.3050000000000015,1.8726634622720684,2.0202944991226057
2584,2584,2584,0.30666666666666664,1.8726634622720684,2.0199130235751888
2585,2585,2585,0.30833333333333357,1.872281986724651,2.018387121385519
2586,2586,2586,0.3100000000000005,1.8726634622720684,2.018387121385519
2587,2587,2587,0.31166666666666654,1.872281986724651,2.018387121385519
2588,2588,2588,0.31333333333333346,1.872281986724651,2.0187685969329365
2589,2589,2589,0.3150000000000004,1.8730449378194856,2.019531548027772
2590,2590,2590,0.31666666666666643,1.8734264133669032,2.019531548027772
2591,2591,2591,0.31833333333333336,1.8730449378194856,2.018387121385519
2592,2592,2592,0.3200000000000003,1.8734264133669032,2.0187685969329365
2593,2593,2593,0.3216666666666672,1.8730449378194856,2.0187685969329365
2594,2594,2594,0.32333333333333325,1.8726634622720684,2.018387121385519
2595,2595,2595,0.3250000000000002,1.8719005111772336,2.019150072480354
2596,2596,2596,0.3266666666666671,1.8726634622720684,2.019150072480354
2597,2597,2597,0.32833333333333403,1.8730449378194856,2.019150072480354
2598,2598,2598,0.33000000000000007,1.8726634622720684,2.019150072480354
2599,2599,2599,0.331666666666667,1.8730449378194856,2.0180056458381017
2600,2600,2600,0.3333333333333339,1.8730449378194856,2.017242694743267
2601,2601,2601,0.33499999999999996,1.8738078889143208,2.0187685969329365
2602,2602,2602,0.3366666666666669,1.8734264133669032,2.0187685969329365
2603,2603,2603,0.3383333333333338,1.8719005111772336,2.018387121385519
2604,2604,2604,0.33999999999999986,1.870374608987564,2.0187685969329365
2605,2605,2605,0.3416666666666668,1.8707560845349809,2.0187685969329365
2606,2606,2606,0.3433333333333337,1.870374608987564,2.0180056458381017
2607,2607,2607,0.3450000000000015,1.8699931334401465,2.018387121385519
2608,2608,2608,0.3466666666666667,1.870374608987564,2.019531548027772
2609,2609,2609,0.3483333333333336,1.870374608987564,2.019150072480354
2610,2610,2610,0.35000000000000053,1.869611657892729,2.019531548027772
2611,2611,2611,0.35166666666666657,1.8707560845349809,2.0199130235751888
2612,2612,2612,0.3533333333333335,1.8707560845349809,2.018387121385519
2613,2613,2613,0.3550000000000004,1.869611657892729,2.0176241702906843
2614,2614,2614,0.35666666666666647,1.8699931334401465,2.018387121385519
2615,2615,2615,0.3583333333333334,1.869611657892729,2.0180056458381017
2616,2616,2616,0.3600000000000003,1.869611657892729,2.0180056458381017
2617,2617,2617,0.36166666666666725,1.8688487067978945,2.0180056458381017
2618,2618,2618,0.3633333333333333,1.869611657892729,2.0180056458381017
2619,2619,2619,0.3650000000000002,1.870374608987564,2.0187685969329365
2620,2620,2620,0.36666666666666714,1.870374608987564,2.019150072480354
2621,2621,2621,0.3683333333333332,1.870374608987564,2.0176241702906843
2622,2622,2622,0.3700000000000001,1.8699931334401465,2.0180056458381017
2623,2623,2623,0.37166666666666703,1.8699931334401465,2.018387121385519
2624,2624,2624,0.37333333333333396,1.870374608987564,2.018387121385519
2625,2625,2625,0.375,1.869611657892729,2.019150072480354
2626,2626,2626,0.3766666666666669,1.8699931334401465,2.0187685969329365
2627,2627,2627,0.37833333333333385,1.869611657892729,2.018387121385519
2628,2628,2628,0.3799999999999999,1.8692301823453117,2.0180056458381017
2629,2629,2629,0.3816666666666668,1.8692301823453117,2.0187685969329365
2630,2630,2630,0.38333333333333375,1.8692301823453117,2.018387121385519
2631,2631,2631,0.38500000000000156,1.870374608987564,2.019150072480354
2632,2632,2632,0.3866666666666667,1.8699931334401465,2.019531548027772
2633,2633,2633,0.38833333333333364,1.8688487067978945,2.0180056458381017
2634,2634,2634,0.39000000000000146,1.869611657892729,2.0180056458381017
2635,2635,2635,0.3916666666666666,1.869611657892729,2.018387121385519
2636,2636,2636,0.39333333333333353,1.8699931334401465,2.0187685969329365
2637,2637,2637,0.39500000000000046,1.8699931334401465,2.0187685969329365
2638,2638,2638,0.3966666666666665,1.869611657892729,2.019150072480354
2639,2639,2639,0.39833333333333343,1.869611657892729,2.019531548027772
2640,2640,2640,0.40000000000000036,1.8692301823453117,2.019150072480354
2641,2641,2641,0.4016666666666673,1.8688487067978945,2.019531548027772
2642,2642,2642,0.4033333333333333,1.8677042801556416,2.0187685969329365
2643,2643,2643,0.40500000000000025,1.8673228046082249,2.0187685969329365
2644,2644,2644,0.4066666666666672,1.8665598535133896,2.019150072480354
2645,2645,2645,0.4083333333333332,1.865796902418555,2.0187685969329365
2646,2646,2646,0.41000000000000014,1.8646524757763028,2.0187685969329365
2647,2647,2647,0.41166666666666707,1.86503395132372,2.0187685969329365
2648,2648,2648,0.413333333333334,1.86503395132372,2.019150072480354
2649,2649,2649,0.41500000000000004,1.86503395132372,2.018387121385519
2650,2650,2650,0.41666666666666696,1.8642710002288847,2.0180056458381017
2651,2651,2651,0.4183333333333339,1.86503395132372,2.0176241702906843
2652,2652,2652,0.41999999999999993,1.8646524757763028,2.0187685969329365
2653,2653,2653,0.42166666666666686,1.8642710002288847,2.019150072480354
2654,2654,2654,0.4233333333333338,1.8642710002288847,2.019150072480354
2655,2655,2655,0.4250000000000016,1.86503395132372,2.0180056458381017
2656,2656,2656,0.42666666666666675,1.8646524757763028,2.018387121385519
2657,2657,2657,0.4283333333333337,1.8642710002288847,2.018387121385519
2658,2658,2658,0.4300000000000015,1.8646524757763028,2.0176241702906843
2659,2659,2659,0.43166666666666664,1.8646524757763028,2.0176241702906843
2660,2660,2660,0.43333333333333357,1.8646524757763028,2.017242694743267
2661,2661,2661,0.4350000000000005,1.8646524757763028,2.0176241702906843
2662,2662,2662,0.43666666666666654,1.8646524757763028,2.0180056458381017
2663,2663,2663,0.43833333333333346,1.8646524757763028,2.0180056458381017
2664,2664,2664,0.4400000000000004,1.86503395132372,2.017242694743267
2665,2665,2665,0.44166666666666643,1.8642710002288847,2.0176241702906843
2666,2666,2666,0.44333333333333336,1.8642710002288847,2.017242694743267
2667,2667,2667,0.4450000000000003,1.8642710002288847,2.016861219195849
2668,2668,2668,0.4466666666666672,1.8654154268711376,2.016861219195849
2669,2669,2669,0.44833333333333325,1.8646524757763028,2.016861219195849
2670,2670,2670,0.4500000000000002,1.8635080491340503,2.016861219195849
2671,2671,2671,0.4516666666666671,1.863889524681468,2.017242694743267
2672,2672,2672,0.45333333333333403,1.8642710002288847,2.016861219195849
2673,2673,2673,0.45500000000000007,1.8646524757763028,2.016861219195849
2674,2674,2674,0.456666666666667,1.86503395132372,2.017242694743267
2675,2675,2675,0.4583333333333339,1.86503395132372,2.0160982681010147
2676,2676,2676,0.45999999999999996,1.8646524757763028,2.0149538414587624
2677,2677,2677,0.4616666666666669,1.8646524757763028,2.014190890363928
2678,2678,2678,0.4633333333333338,1.8635080491340503,2.014190890363928
2679,2679,2679,0.46499999999999986,1.8646524757763028,2.012664988174258
2680,2680,2680,0.4666666666666668,1.8654154268711376,2.012664988174258
2681,2681,2681,0.4683333333333337,1.8654154268711376,2.013427939269093
2682,2682,2682,0.4700000000000015,1.8646524757763028,2.012664988174258
2683,2683,2683,0.4716666666666667,1.8654154268711376,2.0122835126268406
2684,2684,2684,0.4733333333333336,1.8654154268711376,2.0130464637216754
2685,2685,2685,0.47500000000000053,1.8646524757763028,2.012664988174258
2686,2686,2686,0.47666666666666657,1.8646524757763028,2.0122835126268406
2687,2687,2687,0.4783333333333335,1.8646524757763028,2.0122835126268406
2688,2688,2688,0.4800000000000004,1.8646524757763028,2.011902037079423
2689,2689,2689,0.48166666666666647,1.8654154268711376,2.0115205615320058
2690,2690,2690,0.4833333333333334,1.8646524757763028,2.011902037079423
2691,2691,2691,0.4850000000000003,1.8642710002288847,2.0122835126268406
2692,2692,2692,0.48666666666666725,1.8654154268711376,2.012664988174258
2693,2693,2693,0.4883333333333333,1.863889524681468,2.0122835126268406
2694,2694,2694,0.4900000000000002,1.8627450980392157,2.0122835126268406
2695,2695,2695,0.49166666666666714,1.8642710002288847,2.011902037079423
2696,2696,2696,0.4933333333333332,1.865796902418555,2.011902037079423
2697,2697,2697,0.4950000000000001,1.8646524757763028,2.0122835126268406
2698,2698,2698,0.49666666666666703,1.8642710002288847,2.011902037079423
2699,2699,2699,0.49833333333333396,1.8627450980392157,2.0122835126268406
2700,2700,2700,0.5,1.8627450980392157,2.0115205615320058
2701,2701,2701,0.5016666666666669,1.8631265735866327,2.0115205615320058
2702,2702,2702,0.5033333333333339,1.8627450980392157,2.011902037079423
2703,2703,2703,0.5049999999999999,1.8635080491340503,2.0115205615320058
2704,2704,2704,0.5066666666666668,1.8642710002288847,2.0122835126268406
2705,2705,2705,0.5083333333333337,1.863889524681468,2.0115205615320058
2706,2706,2706,0.5100000000000016,1.8631265735866327,2.0111390859845883
2707,2707,2707,0.5116666666666667,1.8627450980392157,2.0115205615320058
2708,2708,2708,0.5133333333333336,1.861982146944381,2.0115205615320058
2709,2709,2709,0.5150000000000015,1.8623636224917983,2.011902037079423
2710,2710,2710,0.5166666666666666,1.8631265735866327,2.0115205615320058
2711,2711,2711,0.5183333333333335,1.8631265735866327,2.0115205615320058
2712,2712,2712,0.5200000000000005,1.8635080491340503,2.0115205615320058
2713,2713,2713,0.5216666666666665,1.8631265735866327,2.0115205615320058
2714,2714,2714,0.5233333333333334,1.861982146944381,2.0115205615320058
2715,2715,2715,0.5250000000000004,1.8623636224917983,2.0111390859845883
2716,2716,2716,0.5266666666666673,1.8623636224917983,2.0111390859845883
2717,2717,2717,0.5283333333333333,1.8623636224917983,2.009994659342336
2718,2718,2718,0.5300000000000002,1.8627450980392157,2.0084687571526665
2719,2719,2719,0.5316666666666672,1.8627450980392157,2.006942854962997
2720,2720,2720,0.5333333333333332,1.8627450980392157,2.0073243305104143
2721,2721,2721,0.5350000000000001,1.8623636224917983,2.0077058060578317
2722,2722,2722,0.5366666666666671,1.861982146944381,2.0073243305104143
2723,2723,2723,0.538333333333334,1.8623636224917983,2.0077058060578317
2724,2724,2724,0.54,1.861982146944381,2.0077058060578317
2725,2725,2725,0.541666666666667,1.8612191958495456,2.006942854962997
2726,2726,2726,0.5433333333333339,1.8616006713969635,2.0065613794155794
2727,2727,2727,0.5449999999999999,1.861982146944381,2.006942854962997
2728,2728,2728,0.5466666666666669,1.8623636224917983,2.006942854962997
2729,2729,2729,0.5483333333333338,1.861982146944381,2.006942854962997
2730,2730,2730,0.5500000000000016,1.861982146944381,2.006942854962997
2731,2731,2731,0.5516666666666667,1.8608377203021291,2.006942854962997
2732,2732,2732,0.5533333333333337,1.8596932936598765,2.0065613794155794
2733,2733,2733,0.5550000000000015,1.8596932936598765,2.0073243305104143
2734,2734,2734,0.5566666666666666,1.8596932936598765,2.006942854962997
2735,2735,2735,0.5583333333333336,1.8600747692072936,2.0065613794155794
2736,2736,2736,0.5600000000000005,1.8600747692072936,2.006942854962997
2737,2737,2737,0.5616666666666665,1.8600747692072936,2.006942854962997
2738,2738,2738,0.5633333333333335,1.8593118181124588,2.0061799038681616
2739,2739,2739,0.5650000000000004,1.8596932936598765,2.0065613794155794
2740,2740,2740,0.5666666666666664,1.8596932936598765,2.006942854962997
2741,2741,2741,0.5683333333333334,1.8589303425650416,2.0073243305104143
2742,2742,2742,0.5700000000000003,1.8589303425650416,2.0061799038681616
2743,2743,2743,0.5716666666666672,1.8596932936598765,2.0061799038681616
2744,2744,2744,0.5733333333333333,1.8589303425650416,2.0057984283207446
2745,2745,2745,0.5750000000000002,1.8589303425650416,2.0065613794155794
2746,2746,2746,0.5766666666666671,1.8596932936598765,2.006942854962997
2747,2747,2747,0.578333333333334,1.858548867017624,2.0073243305104143
2748,2748,2748,0.5800000000000001,1.8589303425650416,2.0065613794155794
2749,2749,2749,0.581666666666667,1.858548867017624,2.0073243305104143
2750,2750,2750,0.5833333333333339,1.8581673914702068,2.0065613794155794
2751,2751,2751,0.585,1.858548867017624,2.0061799038681616
2752,2752,2752,0.5866666666666669,1.8581673914702068,2.006942854962997
2753,2753,2753,0.5883333333333338,1.857404440375372,2.0073243305104143
2754,2754,2754,0.5899999999999999,1.8577859159227887,2.0073243305104143
2755,2755,2755,0.5916666666666668,1.8577859159227887,2.006942854962997
2756,2756,2756,0.5933333333333337,1.8566414892805367,2.0073243305104143
2757,2757,2757,0.5950000000000015,1.8570229648279544,2.006942854962997
2758,2758,2758,0.5966666666666667,1.8581673914702068,2.006942854962997
2759,2759,2759,0.5983333333333336,1.8577859159227887,2.0065613794155794
2760,2760,2760,0.6000000000000005,1.857404440375372,2.0065613794155794
2761,2761,2761,0.6016666666666666,1.8577859159227887,2.0065613794155794
2762,2762,2762,0.6033333333333335,1.857404440375372,2.006942854962997
2763,2763,2763,0.6050000000000004,1.8589303425650416,2.0057984283207446
2764,2764,2764,0.6066666666666665,1.8581673914702068,2.0061799038681616
2765,2765,2765,0.6083333333333334,1.8581673914702068,2.0065613794155794
2766,2766,2766,0.6100000000000003,1.8581673914702068,2.0054169527733268
2767,2767,2767,0.6116666666666672,1.857404440375372,2.0054169527733268
2768,2768,2768,0.6133333333333333,1.8570229648279544,2.006942854962997
2769,2769,2769,0.6150000000000002,1.857404440375372,2.006942854962997
2770,2770,2770,0.6166666666666671,1.8577859159227887,2.0061799038681616
2771,2771,2771,0.6183333333333341,1.857404440375372,2.0054169527733268
2772,2772,2772,0.6200000000000001,1.8581673914702068,2.0046540016784924
2773,2773,2773,0.621666666666667,1.8577859159227887,2.00503547722591
2774,2774,2774,0.623333333333334,1.8577859159227887,2.0046540016784924
2775,2775,2775,0.625,1.857404440375372,2.0046540016784924
2776,2776,2776,0.6266666666666669,1.857404440375372,2.0054169527733268
2777,2777,2777,0.6283333333333339,1.857404440375372,2.0061799038681616
2778,2778,2778,0.6299999999999999,1.858548867017624,2.00503547722591
2779,2779,2779,0.6316666666666668,1.858548867017624,2.0046540016784924
2780,2780,2780,0.6333333333333337,1.8577859159227887,2.0038910505836576
2781,2781,2781,0.6350000000000016,1.8581673914702068,2.0038910505836576
2782,2782,2782,0.6366666666666667,1.8581673914702068,2.0046540016784924
2783,2783,2783,0.6383333333333336,1.8570229648279544,2.0054169527733268
2784,2784,2784,0.6400000000000015,1.8566414892805367,2.0046540016784924
2785,2785,2785,0.6416666666666666,1.8570229648279544,2.00503547722591
2786,2786,2786,0.6433333333333335,1.8577859159227887,2.004272526131075
2787,2787,2787,0.6450000000000005,1.8570229648279544,2.00350957503624
2788,2788,2788,0.6466666666666665,1.8551155870908675,2.0038910505836576
2789,2789,2789,0.6483333333333334,1.8543526359960327,2.004272526131075
2790,2790,2790,0.6500000000000004,1.8543526359960327,2.00350957503624
2791,2791,2791,0.6516666666666673,1.8547341115434501,2.0038910505836576
2792,2792,2792,0.6533333333333333,1.8543526359960327,2.0046540016784924
2793,2793,2793,0.6550000000000002,1.853589684901198,2.0038910505836576
2794,2794,2794,0.6566666666666672,1.8547341115434501,2.0038910505836576
2795,2795,2795,0.6583333333333332,1.855497062638285,2.0038910505836576
2796,2796,2796,0.6600000000000001,1.855497062638285,2.0038910505836576
2797,2797,2797,0.6616666666666671,1.8547341115434501,2.0031280994888228
2798,2798,2798,0.663333333333334,1.8532082093537805,2.0031280994888228
2799,2799,2799,0.665,1.8539711604486155,2.00350957503624
2800,2800,2800,0.666666666666667,1.8543526359960327,2.00350957503624
2801,2801,2801,0.6683333333333339,1.853589684901198,2.004272526131075
2802,2802,2802,0.6699999999999999,1.8539711604486155,2.004272526131075
2803,2803,2803,0.6716666666666669,1.853589684901198,2.0038910505836576
2804,2804,2804,0.6733333333333338,1.852826733806363,2.0027466239414053
2805,2805,2805,0.6750000000000016,1.8532082093537805,2.002365148393988
2806,2806,2806,0.6766666666666667,1.8539711604486155,2.002365148393988
2807,2807,2807,0.6783333333333337,1.8539711604486155,2.0031280994888228
2808,2808,2808,0.6800000000000015,1.8547341115434501,2.0031280994888228
2809,2809,2809,0.6816666666666666,1.8539711604486155,2.0031280994888228
2810,2810,2810,0.6833333333333336,1.8532082093537805,2.0031280994888228
2811,2811,2811,0.6850000000000005,1.853589684901198,2.0027466239414053
2812,2812,2812,0.6866666666666665,1.8532082093537805,2.0031280994888228
2813,2813,2813,0.6883333333333335,1.852826733806363,2.0031280994888228
2814,2814,2814,0.6900000000000004,1.853589684901198,2.0027466239414053
2815,2815,2815,0.6916666666666664,1.8547341115434501,2.002365148393988
2816,2816,2816,0.6933333333333334,1.8543526359960327,2.0031280994888228
2817,2817,2817,0.6950000000000003,1.853589684901198,2.0019836728465705
2818,2818,2818,0.6966666666666672,1.852826733806363,2.0019836728465705
2819,2819,2819,0.6983333333333333,1.853589684901198,2.0027466239414053
2820,2820,2820,0.7000000000000002,1.853589684901198,2.002365148393988
2821,2821,2821,0.7016666666666671,1.853589684901198,2.001602197299153
2822,2822,2822,0.703333333333334,1.853589684901198,2.0012207217517357
2823,2823,2823,0.7050000000000001,1.8543526359960327,2.0019836728465705
2824,2824,2824,0.706666666666667,1.853589684901198,2.001602197299153
2825,2825,2825,0.7083333333333339,1.852826733806363,2.0008392462043183
2826,2826,2826,0.71,1.8532082093537805,2.000457770656901
2827,2827,2827,0.7116666666666669,1.852826733806363,2.0012207217517357
2828,2828,2828,0.7133333333333338,1.8520637827115285,2.0008392462043183
2829,2829,2829,0.7150000000000016,1.852826733806363,1.9996948195620656
2830,2830,2830,0.7166666666666668,1.8532082093537805,2.000457770656901
2831,2831,2831,0.7183333333333337,1.8532082093537805,2.0012207217517357
2832,2832,2832,0.7200000000000015,1.8532082093537805,2.000457770656901
2833,2833,2833,0.7216666666666667,1.852826733806363,2.000457770656901
2834,2834,2834,0.7233333333333336,1.852826733806363,2.0000762951094835
2835,2835,2835,0.7250000000000005,1.8532082093537805,2.0000762951094835
2836,2836,2836,0.7266666666666666,1.852826733806363,2.000457770656901
2837,2837,2837,0.7283333333333335,1.852826733806363,2.000457770656901
2838,2838,2838,0.7300000000000004,1.852826733806363,2.0000762951094835
2839,2839,2839,0.7316666666666665,1.8524452582589457,1.9993133440146489
2840,2840,2840,0.7333333333333334,1.8524452582589457,1.9985503929198136
2841,2841,2841,0.7350000000000003,1.8524452582589457,1.9985503929198136
2842,2842,2842,0.7366666666666672,1.852826733806363,1.9985503929198136
2843,2843,2843,0.7383333333333333,1.852826733806363,1.9981689173723964
2844,2844,2844,0.7400000000000002,1.8532082093537805,1.9985503929198136
2845,2845,2845,0.7416666666666671,1.8520637827115285,1.9985503929198136
2846,2846,2846,0.7433333333333341,1.8513008316166928,1.9977874418249788
2847,2847,2847,0.7450000000000001,1.8520637827115285,1.9977874418249788
2848,2848,2848,0.746666666666667,1.8520637827115285,1.9977874418249788
2849,2849,2849,0.748333333333334,1.8520637827115285,1.9974059662775616
2850,2850,2850,0.75,1.8539711604486155,1.9977874418249788
2851,2851,2851,0.7516666666666669,1.8539711604486155,1.9981689173723964
2852,2852,2852,0.7533333333333339,1.8524452582589457,1.997024490730144
2853,2853,2853,0.7549999999999999,1.8524452582589457,1.9966430151827268
2854,2854,2854,0.7566666666666668,1.8520637827115285,1.995880064087892
2855,2855,2855,0.7583333333333337,1.8516823071641109,1.99473563744564
2856,2856,2856,0.7600000000000016,1.8524452582589457,1.9935912108033875
2857,2857,2857,0.7616666666666667,1.852826733806363,1.993972686350805
2858,2858,2858,0.7633333333333336,1.8524452582589457,1.99473563744564
2859,2859,2859,0.7650000000000015,1.8532082093537805,1.9951171129930567
2860,2860,2860,0.7666666666666666,1.852826733806363,1.9943541618982223
2861,2861,2861,0.7683333333333335,1.8520637827115285,1.9932097352559701
2862,2862,2862,0.7700000000000005,1.8520637827115285,1.993972686350805
2863,2863,2863,0.7716666666666665,1.852826733806363,1.9943541618982223
2864,2864,2864,0.7733333333333334,1.852826733806363,1.9935912108033875
2865,2865,2865,0.7750000000000004,1.852826733806363,1.9932097352559701
2866,2866,2866,0.7766666666666673,1.8532082093537805,1.9932097352559701
2867,2867,2867,0.7783333333333333,1.8532082093537805,1.9943541618982223
2868,2868,2868,0.7800000000000002,1.852826733806363,1.9951171129930567
2869,2869,2869,0.7816666666666672,1.852826733806363,1.99473563744564
2870,2870,2870,0.7833333333333332,1.853589684901198,1.9935912108033875
2871,2871,2871,0.7850000000000001,1.8524452582589457,1.9932097352559701
2872,2872,2872,0.7866666666666671,1.8532082093537805,1.9935912108033875
2873,2873,2873,0.788333333333334,1.852826733806363,1.9932097352559701
2874,2874,2874,0.79,1.8524452582589457,1.9928282597085527
2875,2875,2875,0.791666666666667,1.853589684901198,1.9932097352559701
2876,2876,2876,0.7933333333333339,1.852826733806363,1.9928282597085527
2877,2877,2877,0.7949999999999999,1.8516823071641109,1.9924467841611355
2878,2878,2878,0.7966666666666669,1.852826733806363,1.9924467841611355
2879,2879,2879,0.7983333333333338,1.852826733806363,1.9932097352559701
2880,2880,2880,0.8000000000000016,1.8524452582589457,1.9928282597085527
2881,2881,2881,0.8016666666666667,1.8532082093537805,1.9932097352559701
2882,2882,2882,0.8033333333333337,1.8532082093537805,1.9928282597085527
2883,2883,2883,0.8050000000000015,1.8532082093537805,1.9924467841611355
2884,2884,2884,0.8066666666666666,1.853589684901198,1.9928282597085527
2885,2885,2885,0.8083333333333336,1.8524452582589457,1.9916838330663005
2886,2886,2886,0.8100000000000005,1.8520637827115285,1.9920653086137177
2887,2887,2887,0.8116666666666665,1.8520637827115285,1.9924467841611355
2888,2888,2888,0.8133333333333335,1.8516823071641109,1.9932097352559701
2889,2889,2889,0.8150000000000004,1.850919356069276,1.9924467841611355
2890,2890,2890,0.8166666666666664,1.8513008316166928,1.9920653086137177
2891,2891,2891,0.8183333333333334,1.8513008316166928,1.9920653086137177
2892,2892,2892,0.8200000000000003,1.8513008316166928,1.9924467841611355
2893,2893,2893,0.8216666666666672,1.8513008316166928,1.9924467841611355
2894,2894,2894,0.8233333333333333,1.850919356069276,1.9920653086137177
2895,2895,2895,0.8250000000000002,1.8516823071641109,1.9924467841611355
2896,2896,2896,0.8266666666666671,1.8513008316166928,1.9928282597085527
2897,2897,2897,0.828333333333334,1.849774929427024,1.9920653086137177
2898,2898,2898,0.8300000000000001,1.8501564049744408,1.9916838330663005
2899,2899,2899,0.831666666666667,1.8501564049744408,1.9913023575188828
2900,2900,2900,0.8333333333333339,1.849774929427024,1.9909208819714648
2901,2901,2901,0.835,1.849774929427024,1.9909208819714648
2902,2902,2902,0.8366666666666669,1.8493934538796064,1.9916838330663005
2903,2903,2903,0.8383333333333338,1.8501564049744408,1.9920653086137177
2904,2904,2904,0.8400000000000016,1.8505378805218584,1.9920653086137177
2905,2905,2905,0.8416666666666668,1.8493934538796064,1.9916838330663005
2906,2906,2906,0.8433333333333337,1.849011978332189,1.9913023575188828
2907,2907,2907,0.8450000000000015,1.8493934538796064,1.9916838330663005
2908,2908,2908,0.8466666666666667,1.849774929427024,1.9916838330663005
2909,2909,2909,0.8483333333333336,1.849011978332189,1.9913023575188828
2910,2910,2910,0.8500000000000005,1.8486305027847718,1.9913023575188828
2911,2911,2911,0.8516666666666666,1.849011978332189,1.9916838330663005
2912,2912,2912,0.8533333333333335,1.849011978332189,1.990539406424048
2913,2913,2913,0.8550000000000004,1.849011978332189,1.9909208819714648
2914,2914,2914,0.8566666666666665,1.849011978332189,1.9913023575188828
2915,2915,2915,0.8583333333333334,1.849011978332189,1.9913023575188828
2916,2916,2916,0.8600000000000003,1.8478675516899368,1.9913023575188828
2917,2917,2917,0.8616666666666672,1.8478675516899368,1.9913023575188828
2918,2918,2918,0.8633333333333333,1.84748607614252,1.990539406424048
2919,2919,2919,0.8650000000000002,1.8471046005951015,1.9901579308766304
2920,2920,2920,0.8666666666666671,1.8467231250476843,1.9901579308766304
2921,2921,2921,0.8683333333333341,1.8471046005951015,1.9901579308766304
2922,2922,2922,0.8700000000000001,1.8471046005951015,1.9909208819714648
2923,2923,2923,0.871666666666667,1.8463416495002671,1.9924467841611355
2924,2924,2924,0.873333333333334,1.8448157473105973,1.9920653086137177
2925,2925,2925,0.875,1.8448157473105973,1.990539406424048
2926,2926,2926,0.8766666666666669,1.8440527962157631,1.990539406424048
2927,2927,2927,0.8783333333333339,1.8440527962157631,1.9901579308766304
2928,2928,2928,0.8799999999999999,1.84443427176318,1.9901579308766304
2929,2929,2929,0.8816666666666668,1.84443427176318,1.990539406424048
2930,2930,2930,0.8833333333333337,1.84443427176318,1.9913023575188828
2931,2931,2931,0.8850000000000016,1.8440527962157631,1.9909208819714648
2932,2932,2932,0.8866666666666667,1.8432898451209283,1.9916838330663005
2933,2933,2933,0.8883333333333336,1.8440527962157631,1.990539406424048
2934,2934,2934,0.8900000000000015,1.84443427176318,1.990539406424048
2935,2935,2935,0.8916666666666666,1.8440527962157631,1.9901579308766304
2936,2936,2936,0.8933333333333335,1.8448157473105973,1.9909208819714648
2937,2937,2937,0.8950000000000005,1.84443427176318,1.9913023575188828
2938,2938,2938,0.8966666666666665,1.8432898451209283,1.990539406424048
2939,2939,2939,0.8983333333333334,1.8432898451209283,1.9913023575188828
2940,2940,2940,0.9000000000000004,1.8436713206683453,1.9909208819714648
2941,2941,2941,0.9016666666666673,1.8429083695735105,1.9909208819714648
2942,2942,2942,0.9033333333333333,1.8440527962157631,1.9909208819714648
2943,2943,2943,0.9050000000000002,1.8436713206683453,1.9913023575188828
2944,2944,2944,0.9066666666666672,1.842145418478676,1.990539406424048
2945,2945,2945,0.9083333333333332,1.842145418478676,1.9909208819714648
2946,2946,2946,0.9100000000000001,1.8429083695735105,1.990539406424048
2947,2947,2947,0.9116666666666671,1.842145418478676,1.9913023575188828
2948,2948,2948,0.913333333333334,1.8425268940260928,1.9916838330663005
2949,2949,2949,0.915,1.8429083695735105,1.9901579308766304
2950,2950,2950,0.916666666666667,1.842145418478676,1.9901579308766304
2951,2951,2951,0.9183333333333339,1.8417639429312584,1.9909208819714648
2952,2952,2952,0.9199999999999999,1.842145418478676,1.9913023575188828
2953,2953,2953,0.9216666666666669,1.8429083695735105,1.9909208819714648
2954,2954,2954,0.9233333333333338,1.8429083695735105,1.9909208819714648
2955,2955,2955,0.9250000000000016,1.8425268940260928,1.9909208819714648
2956,2956,2956,0.9266666666666667,1.842145418478676,1.9916838330663005
2957,2957,2957,0.9283333333333337,1.8417639429312584,1.9913023575188828
2958,2958,2958,0.9300000000000015,1.8417639429312584,1.990539406424048
2959,2959,2959,0.9316666666666666,1.8413824673838408,1.990539406424048
2960,2960,2960,0.9333333333333336,1.8417639429312584,1.9901579308766304
2961,2961,2961,0.9350000000000005,1.8417639429312584,1.9897764553292128
2962,2962,2962,0.9366666666666665,1.841000991836424,1.9897764553292128
2963,2963,2963,0.9383333333333335,1.842145418478676,1.9901579308766304
2964,2964,2964,0.9400000000000004,1.8413824673838408,1.9897764553292128
2965,2965,2965,0.9416666666666664,1.841000991836424,1.9901579308766304
2966,2966,2966,0.9433333333333334,1.8413824673838408,1.9901579308766304
2967,2967,2967,0.9450000000000003,1.8417639429312584,1.990539406424048
2968,2968,2968,0.9466666666666672,1.8417639429312584,1.9909208819714648
2969,2969,2969,0.9483333333333333,1.8417639429312584,1.9901579308766304
2970,2970,2970,0.9500000000000002,1.8402380407415888,1.9897764553292128
2971,2971,2971,0.9516666666666671,1.8398565651941712,1.990539406424048
2972,2972,2972,0.953333333333334,1.841000991836424,1.9897764553292128
2973,2973,2973,0.9550000000000001,1.8402380407415888,1.9897764553292128
2974,2974,2974,0.956666666666667,1.8402380407415888,1.9897764553292128
2975,2975,2975,0.9583333333333339,1.8413824673838408,1.9901579308766304
2976,2976,2976,0.96,1.8413824673838408,1.9913023575188828
2977,2977,2977,0.9616666666666669,1.841000991836424,1.9909208819714648
2978,2978,2978,0.9633333333333338,1.841000991836424,1.9901579308766304
2979,2979,2979,0.9650000000000016,1.841000991836424,1.9901579308766304
2980,2980,2980,0.9666666666666668,1.8413824673838408,1.990539406424048
2981,2981,2981,0.9683333333333337,1.8417639429312584,1.990539406424048
2982,2982,2982,0.9700000000000015,1.841000991836424,1.990539406424048
2983,2983,2983,0.9716666666666667,1.8398565651941712,1.9901579308766304
2984,2984,2984,0.9733333333333336,1.8406195162890056,1.990539406424048
2985,2985,2985,0.9750000000000005,1.8413824673838408,1.990539406424048
2986,2986,2986,0.9766666666666666,1.8398565651941712,1.9909208819714648
2987,2987,2987,0.9783333333333335,1.8406195162890056,1.990539406424048
2988,2988,2988,0.9800000000000004,1.8417639429312584,1.990539406424048
2989,2989,2989,0.9816666666666665,1.8413824673838408,1.9901579308766304
2990,2990,2990,0.9833333333333334,1.8406195162890056,1.9897764553292128
2991,2991,2991,0.9850000000000003,1.8406195162890056,1.9901579308766304
2992,2992,2992,0.9866666666666672,1.839475089646753,1.989394979781796
2993,2993,2993,0.9883333333333333,1.839475089646753,1.9897764553292128
2994,2994,2994,0.9900000000000002,1.8406195162890056,1.990539406424048
2995,2995,2995,0.9916666666666671,1.8398565651941712,1.989394979781796
2996,2996,2996,0.9933333333333341,1.8402380407415888,1.989394979781796
2997,2997,2997,0.9950000000000001,1.8413824673838408,1.9897764553292128
2998,2998,2998,0.996666666666667,1.8406195162890056,1.989394979781796
2999,2999,2999,0.998333333333334,1.839475089646753,1.989394979781796
3000,3000,3000,1.0,1.8398565651941712,1.989394979781796
3001,3001,3001,1.001666666666667,1.8398565651941712,1.9897764553292128
3002,3002,3002,1.0033333333333339,1.8402380407415888,1.9897764553292128
3003,3003,3003,1.005,1.8398565651941712,1.9897764553292128
3004,3004,3004,1.0066666666666668,1.8398565651941712,1.989394979781796
3005,3005,3005,1.0083333333333337,1.8398565651941712,1.9890135042343784
3006,3006,3006,1.0100000000000016,1.8406195162890056,1.990539406424048
3007,3007,3007,1.0116666666666667,1.841000991836424,1.9901579308766304
3008,3008,3008,1.0133333333333336,1.8402380407415888,1.9901579308766304
3009,3009,3009,1.0150000000000015,1.8406195162890056,1.9901579308766304
3010,3010,3010,1.0166666666666666,1.8402380407415888,1.9897764553292128
3011,3011,3011,1.0183333333333335,1.8406195162890056,1.9890135042343784
3012,3012,3012,1.0200000000000005,1.8398565651941712,1.9897764553292128
3013,3013,3013,1.0216666666666665,1.8398565651941712,1.989394979781796
3014,3014,3014,1.0233333333333334,1.8398565651941712,1.9897764553292128
3015,3015,3015,1.0250000000000004,1.8390936140993364,1.9897764553292128
3016,3016,3016,1.0266666666666673,1.839475089646753,1.989394979781796
3017,3017,3017,1.0283333333333333,1.8398565651941712,1.9890135042343784
3018,3018,3018,1.0300000000000002,1.8398565651941712,1.9890135042343784
3019,3019,3019,1.0316666666666672,1.8402380407415888,1.9890135042343784
3020,3020,3020,1.0333333333333332,1.8402380407415888,1.9890135042343784
3021,3021,3021,1.0350000000000001,1.839475089646753,1.989394979781796
3022,3022,3022,1.036666666666667,1.839475089646753,1.989394979781796
3023,3023,3023,1.038333333333334,1.8398565651941712,1.988632028686961
3024,3024,3024,1.04,1.839475089646753,1.988632028686961
3025,3025,3025,1.041666666666667,1.839475089646753,1.989394979781796
3026,3026,3026,1.043333333333334,1.8398565651941712,1.9897764553292128
3027,3027,3027,1.045,1.839475089646753,1.9897764553292128
3028,3028,3028,1.0466666666666669,1.839475089646753,1.989394979781796
3029,3029,3029,1.0483333333333338,1.8402380407415888,1.989394979781796
3030,3030,3030,1.0500000000000016,1.8402380407415888,1.9890135042343784
3031,3031,3031,1.0516666666666667,1.8398565651941712,1.989394979781796
3032,3032,3032,1.0533333333333337,1.8402380407415888,1.989394979781796
3033,3033,3033,1.0550000000000015,1.8406195162890056,1.989394979781796
3034,3034,3034,1.0566666666666666,1.839475089646753,1.9882505531395438
3035,3035,3035,1.0583333333333336,1.839475089646753,1.9890135042343784
3036,3036,3036,1.0600000000000005,1.8398565651941712,1.989394979781796
3037,3037,3037,1.0616666666666665,1.839475089646753,1.988632028686961
3038,3038,3038,1.0633333333333335,1.839475089646753,1.9890135042343784
3039,3039,3039,1.0650000000000004,1.8398565651941712,1.989394979781796
3040,3040,3040,1.0666666666666664,1.8390936140993364,1.989394979781796
3041,3041,3041,1.0683333333333334,1.839475089646753,1.9890135042343784
3042,3042,3042,1.0700000000000003,1.8390936140993364,1.988632028686961
3043,3043,3043,1.0716666666666672,1.838712138551919,1.9878690775921264
3044,3044,3044,1.0733333333333333,1.8390936140993364,1.9878690775921264
3045,3045,3045,1.0750000000000002,1.839475089646753,1.9882505531395438
3046,3046,3046,1.076666666666667,1.8390936140993364,1.9878690775921264
3047,3047,3047,1.078333333333334,1.8390936140993364,1.9882505531395438
3048,3048,3048,1.08,1.8402380407415888,1.989394979781796
3049,3049,3049,1.081666666666667,1.8402380407415888,1.989394979781796
3050,3050,3050,1.083333333333334,1.8398565651941712,1.988632028686961
3051,3051,3051,1.085,1.8398565651941712,1.988632028686961
3052,3052,3052,1.086666666666667,1.8398565651941712,1.9890135042343784
3053,3053,3053,1.0883333333333338,1.839475089646753,1.989394979781796
3054,3054,3054,1.0900000000000016,1.839475089646753,1.989394979781796
3055,3055,3055,1.0916666666666668,1.8390936140993364,1.9882505531395438
3056,3056,3056,1.0933333333333337,1.8390936140993364,1.9878690775921264
3057,3057,3057,1.0950000000000015,1.8390936140993364,1.9890135042343784
3058,3058,3058,1.0966666666666667,1.839475089646753,1.9890135042343784
3059,3059,3059,1.0983333333333336,1.8390936140993364,1.9878690775921264
3060,3060,3060,1.1000000000000005,1.839475089646753,1.9890135042343784
3061,3061,3061,1.1016666666666666,1.8390936140993364,1.989394979781796
3062,3062,3062,1.1033333333333335,1.8390936140993364,1.9890135042343784
3063,3063,3063,1.1050000000000004,1.838712138551919,1.9882505531395438
3064,3064,3064,1.1066666666666665,1.838712138551919,1.9882505531395438
3065,3065,3065,1.1083333333333334,1.8390936140993364,1.987106126497292
3066,3066,3066,1.1100000000000003,1.8390936140993364,1.9878690775921264
3067,3067,3067,1.1116666666666672,1.8402380407415888,1.9882505531395438
3068,3068,3068,1.1133333333333333,1.8398565651941712,1.9878690775921264
3069,3069,3069,1.1150000000000002,1.838712138551919,1.988632028686961
3070,3070,3070,1.1166666666666671,1.838712138551919,1.988632028686961
3071,3071,3071,1.118333333333334,1.838712138551919,1.9878690775921264
3072,3072,3072,1.12,1.8379491874570841,1.9874876020447088
3073,3073,3073,1.121666666666667,1.8383306630045009,1.9878690775921264
3074,3074,3074,1.123333333333334,1.8383306630045009,1.9878690775921264
3075,3075,3075,1.125,1.8383306630045009,1.9882505531395438
3076,3076,3076,1.126666666666667,1.8390936140993364,1.9878690775921264
3077,3077,3077,1.1283333333333339,1.8383306630045009,1.9878690775921264
3078,3078,3078,1.13,1.8383306630045009,1.9882505531395438
3079,3079,3079,1.1316666666666668,1.838712138551919,1.9890135042343784
3080,3080,3080,1.1333333333333337,1.8390936140993364,1.9882505531395438
3081,3081,3081,1.1350000000000016,1.838712138551919,1.9882505531395438
3082,3082,3082,1.1366666666666667,1.8379491874570841,1.988632028686961
3083,3083,3083,1.1383333333333336,1.8379491874570841,1.988632028686961
3084,3084,3084,1.1400000000000015,1.8390936140993364,1.9878690775921264
3085,3085,3085,1.1416666666666666,1.8390936140993364,1.9874876020447088
3086,3086,3086,1.1433333333333335,1.8383306630045009,1.9878690775921264
3087,3087,3087,1.1450000000000005,1.8383306630045009,1.9874876020447088
3088,3088,3088,1.1466666666666665,1.838712138551919,1.987106126497292
3089,3089,3089,1.1483333333333334,1.8390936140993364,1.9874876020447088
3090,3090,3090,1.1500000000000004,1.8390936140993364,1.9882505531395438
3091,3091,3091,1.1516666666666673,1.8383306630045009,1.9878690775921264
3092,3092,3092,1.1533333333333333,1.838712138551919,1.9882505531395438
3093,3093,3093,1.1550000000000002,1.8383306630045009,1.9878690775921264
3094,3094,3094,1.1566666666666672,1.8379491874570841,1.9878690775921264
3095,3095,3095,1.158333333333334,1.8375677119096667,1.9874876020447088
3096,3096,3096,1.1600000000000001,1.838712138551919,1.9874876020447088
3097,3097,3097,1.161666666666667,1.838712138551919,1.9878690775921264
3098,3098,3098,1.163333333333334,1.8379491874570841,1.9874876020447088
3099,3099,3099,1.165,1.8379491874570841,1.9874876020447088
3100,3100,3100,1.166666666666667,1.8375677119096667,1.9874876020447088
3101,3101,3101,1.168333333333334,1.8371862363622489,1.9874876020447088
3102,3102,3102,1.17,1.8383306630045009,1.9878690775921264
3103,3103,3103,1.1716666666666669,1.8383306630045009,1.9878690775921264
3104,3104,3104,1.1733333333333338,1.8375677119096667,1.9878690775921264
3105,3105,3105,1.1750000000000016,1.8375677119096667,1.9882505531395438
3106,3106,3106,1.1766666666666667,1.838712138551919,1.9878690775921264
3107,3107,3107,1.1783333333333337,1.8383306630045009,1.987106126497292
3108,3108,3108,1.1800000000000015,1.8383306630045009,1.9874876020447088
3109,3109,3109,1.1816666666666666,1.839475089646753,1.9878690775921264
3110,3110,3110,1.1833333333333336,1.838712138551919,1.9874876020447088
3111,3111,3111,1.1850000000000005,1.8375677119096667,1.9878690775921264
3112,3112,3112,1.1866666666666665,1.8375677119096667,1.9878690775921264
3113,3113,3113,1.1883333333333335,1.8375677119096667,1.9874876020447088
3114,3114,3114,1.1900000000000004,1.8371862363622489,1.9874876020447088
3115,3115,3115,1.1916666666666664,1.8379491874570841,1.987106126497292
3116,3116,3116,1.1933333333333334,1.8383306630045009,1.9874876020447088
3117,3117,3117,1.1950000000000003,1.8371862363622489,1.9874876020447088
3118,3118,3118,1.1966666666666672,1.836804760814832,1.9878690775921264
3119,3119,3119,1.1983333333333333,1.8379491874570841,1.9874876020447088
3120,3120,3120,1.2000000000000002,1.8375677119096667,1.9874876020447088
3121,3121,3121,1.201666666666667,1.8379491874570841,1.988632028686961
3122,3122,3122,1.203333333333334,1.8390936140993364,1.988632028686961
3123,3123,3123,1.205,1.8383306630045009,1.9878690775921264
3124,3124,3124,1.206666666666667,1.8375677119096667,1.988632028686961
3125,3125,3125,1.208333333333334,1.8371862363622489,1.9878690775921264
3126,3126,3126,1.21,1.8371862363622489,1.9878690775921264
3127,3127,3127,1.211666666666667,1.8375677119096667,1.9878690775921264
3128,3128,3128,1.2133333333333338,1.838712138551919,1.9874876020447088
3129,3129,3129,1.2150000000000016,1.8379491874570841,1.9874876020447088
3130,3130,3130,1.2166666666666668,1.8379491874570841,1.9874876020447088
3131,3131,3131,1.2183333333333337,1.8379491874570841,1.9874876020447088
3132,3132,3132,1.2200000000000015,1.8383306630045009,1.9878690775921264
3133,3133,3133,1.2216666666666667,1.8383306630045009,1.9878690775921264
3134,3134,3134,1.2233333333333336,1.8375677119096667,1.9874876020447088
3135,3135,3135,1.2250000000000005,1.8364232852674145,1.9874876020447088
3136,3136,3136,1.2266666666666666,1.8371862363622489,1.987106126497292
3137,3137,3137,1.2283333333333335,1.8371862363622489,1.987106126497292
3138,3138,3138,1.2300000000000004,1.8371862363622489,1.9874876020447088
3139,3139,3139,1.2316666666666665,1.8375677119096667,1.9878690775921264
3140,3140,3140,1.2333333333333334,1.8375677119096667,1.9882505531395438
3141,3141,3141,1.2350000000000003,1.8375677119096667,1.9878690775921264
3142,3142,3142,1.2366666666666672,1.836804760814832,1.987106126497292
3143,3143,3143,1.2383333333333333,1.8364232852674145,1.9878690775921264
3144,3144,3144,1.2400000000000002,1.8371862363622489,1.987106126497292
3145,3145,3145,1.2416666666666671,1.836804760814832,1.986724650949874
3146,3146,3146,1.243333333333334,1.8371862363622489,1.987106126497292
3147,3147,3147,1.245,1.8371862363622489,1.987106126497292
3148,3148,3148,1.246666666666667,1.8371862363622489,1.9874876020447088
3149,3149,3149,1.248333333333334,1.836804760814832,1.987106126497292
3150,3150,3150,1.25,1.8364232852674145,1.986724650949874
3151,3151,3151,1.251666666666667,1.8371862363622489,1.9874876020447088
3152,3152,3152,1.2533333333333339,1.8379491874570841,1.9874876020447088
3153,3153,3153,1.255,1.8375677119096667,1.9878690775921264
3154,3154,3154,1.2566666666666668,1.836804760814832,1.9874876020447088
3155,3155,3155,1.2583333333333337,1.8364232852674145,1.986724650949874
3156,3156,3156,1.2600000000000016,1.836804760814832,1.9874876020447088
3157,3157,3157,1.2616666666666667,1.8375677119096667,1.9878690775921264
3158,3158,3158,1.2633333333333336,1.836804760814832,1.9874876020447088
3159,3159,3159,1.2650000000000015,1.8371862363622489,1.986724650949874
3160,3160,3160,1.2666666666666666,1.8375677119096667,1.987106126497292
3161,3161,3161,1.2683333333333335,1.8379491874570841,1.9878690775921264
3162,3162,3162,1.2700000000000005,1.8371862363622489,1.9878690775921264
3163,3163,3163,1.2716666666666665,1.8364232852674145,1.9878690775921264
3164,3164,3164,1.2733333333333334,1.8364232852674145,1.9874876020447088
3165,3165,3165,1.2750000000000004,1.8364232852674145,1.987106126497292
3166,3166,3166,1.2766666666666673,1.8360418097199969,1.986724650949874
3167,3167,3167,1.2783333333333333,1.8360418097199969,1.986724650949874
3168,3168,3168,1.2800000000000002,1.8364232852674145,1.986724650949874
3169,3169,3169,1.2816666666666672,1.8375677119096667,1.9874876020447088
3170,3170,3170,1.283333333333334,1.8371862363622489,1.9874876020447088
3171,3171,3171,1.2850000000000001,1.836804760814832,1.9863431754024563
3172,3172,3172,1.286666666666667,1.836804760814832,1.986724650949874
3173,3173,3173,1.288333333333334,1.836804760814832,1.9863431754024563
3174,3174,3174,1.29,1.8364232852674145,1.9859616998550391
3175,3175,3175,1.291666666666667,1.8364232852674145,1.987106126497292
3176,3176,3176,1.293333333333334,1.836804760814832,1.986724650949874
3177,3177,3177,1.295,1.8371862363622489,1.9863431754024563
3178,3178,3178,1.2966666666666669,1.8371862363622489,1.986724650949874
3179,3179,3179,1.2983333333333338,1.836804760814832,1.987106126497292
3180,3180,3180,1.3000000000000016,1.836804760814832,1.986724650949874
3181,3181,3181,1.3016666666666667,1.8364232852674145,1.9874876020447088
3182,3182,3182,1.3033333333333337,1.83566033417258,1.9878690775921264
3183,3183,3183,1.3050000000000015,1.8348973830777449,1.986724650949874
3184,3184,3184,1.3066666666666666,1.8348973830777449,1.9863431754024563
3185,3185,3185,1.3083333333333336,1.8345159075303272,1.9863431754024563
3186,3186,3186,1.3100000000000005,1.8345159075303272,1.9863431754024563
3187,3187,3187,1.3116666666666665,1.8348973830777449,1.9863431754024563
3188,3188,3188,1.3133333333333335,1.8348973830777449,1.987106126497292
3189,3189,3189,1.3150000000000004,1.835278858625162,1.986724650949874
3190,3190,3190,1.3166666666666664,1.8341344319829096,1.9851987487602043
3191,3191,3191,1.3183333333333334,1.8345159075303272,1.9859616998550391
3192,3192,3192,1.3200000000000003,1.8348973830777449,1.986724650949874
3193,3193,3193,1.3216666666666672,1.8348973830777449,1.986724650949874
3194,3194,3194,1.3233333333333333,1.8341344319829096,1.987106126497292
3195,3195,3195,1.3250000000000002,1.8345159075303272,1.9874876020447088
3196,3196,3196,1.326666666666667,1.8348973830777449,1.986724650949874
3197,3197,3197,1.328333333333334,1.8345159075303272,1.986724650949874
3198,3198,3198,1.33,1.8337529564354924,1.9859616998550391
3199,3199,3199,1.331666666666667,1.8337529564354924,1.9859616998550391
3200,3200,3200,1.333333333333334,1.8337529564354924,1.9863431754024563
3201,3201,3201,1.335,1.8337529564354924,1.9859616998550391
3202,3202,3202,1.336666666666667,1.833371480888075,1.9851987487602043
3203,3203,3203,1.3383333333333338,1.833371480888075,1.984817273212787
3204,3204,3204,1.3400000000000016,1.8337529564354924,1.984817273212787
3205,3205,3205,1.3416666666666668,1.8326085297932402,1.984817273212787
3206,3206,3206,1.3433333333333337,1.8326085297932402,1.984817273212787
3207,3207,3207,1.3450000000000015,1.8341344319829096,1.984054322117952
3208,3208,3208,1.3466666666666667,1.8341344319829096,1.9836728465705349
3209,3209,3209,1.3483333333333336,1.8326085297932402,1.984054322117952
3210,3210,3210,1.3500000000000005,1.8326085297932402,1.9836728465705349
3211,3211,3211,1.3516666666666666,1.833371480888075,1.984054322117952
3212,3212,3212,1.3533333333333335,1.8337529564354924,1.9844357976653693
3213,3213,3213,1.3550000000000004,1.8341344319829096,1.984054322117952
3214,3214,3214,1.3566666666666665,1.8341344319829096,1.9832913710231173
3215,3215,3215,1.3583333333333334,1.8337529564354924,1.9829098954756998
3216,3216,3216,1.3600000000000003,1.8329900053406576,1.9832913710231173
3217,3217,3217,1.3616666666666672,1.8326085297932402,1.9836728465705349
3218,3218,3218,1.3633333333333333,1.8326085297932402,1.9836728465705349
3219,3219,3219,1.3650000000000002,1.8326085297932402,1.9836728465705349
3220,3220,3220,1.3666666666666671,1.833371480888075,1.9836728465705349
3221,3221,3221,1.368333333333334,1.8345159075303272,1.984054322117952
3222,3222,3222,1.37,1.8341344319829096,1.9829098954756998
3223,3223,3223,1.371666666666667,1.833371480888075,1.9836728465705349
3224,3224,3224,1.373333333333334,1.8337529564354924,1.984054322117952
3225,3225,3225,1.375,1.8337529564354924,1.9836728465705349
3226,3226,3226,1.3766666666666678,1.8337529564354924,1.9832913710231173
3227,3227,3227,1.3783333333333339,1.8337529564354924,1.9829098954756998
3228,3228,3228,1.3800000000000008,1.833371480888075,1.9829098954756998
3229,3229,3229,1.3816666666666677,1.833371480888075,1.9832913710231173
3230,3230,3230,1.3833333333333337,1.833371480888075,1.9836728465705349
3231,3231,3231,1.3850000000000025,1.8329900053406576,1.9836728465705349
3232,3232,3232,1.3866666666666676,1.8326085297932402,1.9832913710231173
3233,3233,3233,1.3883333333333336,1.833371480888075,1.984054322117952
3234,3234,3234,1.3900000000000015,1.8329900053406576,1.984054322117952
3235,3235,3235,1.3916666666666684,1.8326085297932402,1.9829098954756998
3236,3236,3236,1.3933333333333335,1.833371480888075,1.9825284199282824
3237,3237,3237,1.3950000000000005,1.8322270542458228,1.9832913710231173
3238,3238,3238,1.3966666666666674,1.8318455786984047,1.9829098954756998
3239,3239,3239,1.3983333333333325,1.8322270542458228,1.982146944380865
3240,3240,3240,1.4000000000000004,1.8326085297932402,1.9829098954756998
3241,3241,3241,1.4016666666666673,1.8329900053406576,1.9832913710231173
3242,3242,3242,1.4033333333333324,1.8337529564354924,1.984054322117952
3243,3243,3243,1.4050000000000002,1.8337529564354924,1.9836728465705349
3244,3244,3244,1.4066666666666672,1.8326085297932402,1.9836728465705349
3245,3245,3245,1.408333333333334,1.8318455786984047,1.9832913710231173
3246,3246,3246,1.4100000000000001,1.8322270542458228,1.9829098954756998
3247,3247,3247,1.411666666666667,1.833371480888075,1.9829098954756998
3248,3248,3248,1.413333333333334,1.8337529564354924,1.9832913710231173
3249,3249,3249,1.415,1.8329900053406576,1.9832913710231173
3250,3250,3250,1.4166666666666679,1.8329900053406576,1.9836728465705349
3251,3251,3251,1.418333333333334,1.8329900053406576,1.9836728465705349
3252,3252,3252,1.42,1.8326085297932402,1.9829098954756998
3253,3253,3253,1.4216666666666677,1.8341344319829096,1.9825284199282824
3254,3254,3254,1.4233333333333338,1.8337529564354924,1.9825284199282824
3255,3255,3255,1.4250000000000025,1.8337529564354924,1.9817654688334483
3256,3256,3256,1.4266666666666676,1.8337529564354924,1.9813839932860304
3257,3257,3257,1.4283333333333337,1.833371480888075,1.9817654688334483
3258,3258,3258,1.4300000000000015,1.8322270542458228,1.9810025177386128
3259,3259,3259,1.4316666666666684,1.8322270542458228,1.9810025177386128
3260,3260,3260,1.4333333333333336,1.833371480888075,1.9813839932860304
3261,3261,3261,1.4350000000000005,1.8329900053406576,1.982146944380865
3262,3262,3262,1.4366666666666674,1.833371480888075,1.9810025177386128
3263,3263,3263,1.4383333333333335,1.8329900053406576,1.9810025177386128
3264,3264,3264,1.4400000000000004,1.8329900053406576,1.9813839932860304
3265,3265,3265,1.4416666666666673,1.8337529564354924,1.9813839932860304
3266,3266,3266,1.4433333333333325,1.833371480888075,1.9810025177386128
3267,3267,3267,1.4450000000000003,1.8326085297932402,1.980621042191196
3268,3268,3268,1.4466666666666672,1.8329900053406576,1.980621042191196
3269,3269,3269,1.4483333333333324,1.8322270542458228,1.9810025177386128
3270,3270,3270,1.4500000000000002,1.8322270542458228,1.9810025177386128
3271,3271,3271,1.451666666666667,1.8318455786984047,1.9794766155489432
3272,3272,3272,1.453333333333334,1.8318455786984047,1.9794766155489432
3273,3273,3273,1.455,1.8318455786984047,1.9794766155489432
3274,3274,3274,1.4566666666666679,1.8310826276035703,1.9790951400015253
3275,3275,3275,1.458333333333334,1.8303196765087357,1.9787136644541083
3276,3276,3276,1.46,1.8303196765087357,1.9790951400015253
3277,3277,3277,1.4616666666666678,1.8307011520561527,1.9783321889066907
3278,3278,3278,1.4633333333333338,1.8303196765087357,1.977569237811856
3279,3279,3279,1.4650000000000025,1.8303196765087357,1.9783321889066907
3280,3280,3280,1.4666666666666677,1.8310826276035703,1.9787136644541083
3281,3281,3281,1.4683333333333337,1.831464103150988,1.977569237811856
3282,3282,3282,1.4700000000000015,1.8299382009613183,1.9768062867170213
3283,3283,3283,1.4716666666666676,1.8299382009613183,1.9771877622644387
3284,3284,3284,1.4733333333333336,1.8307011520561527,1.977569237811856
3285,3285,3285,1.4750000000000005,1.829556725413901,1.9779507133592733
3286,3286,3286,1.4766666666666675,1.8291752498664835,1.9779507133592733
3287,3287,3287,1.4783333333333335,1.8287937743190656,1.977569237811856
3288,3288,3288,1.4800000000000004,1.8291752498664835,1.9768062867170213
3289,3289,3289,1.4816666666666674,1.8299382009613183,1.9760433356221865
3290,3290,3290,1.4833333333333325,1.8291752498664835,1.9760433356221865
3291,3291,3291,1.4850000000000003,1.8287937743190656,1.9756618600747688
3292,3292,3292,1.4866666666666672,1.829556725413901,1.9756618600747688
3293,3293,3293,1.4883333333333324,1.8287937743190656,1.9768062867170213
3294,3294,3294,1.4900000000000002,1.8276493476768136,1.976424811169604
3295,3295,3295,1.4916666666666671,1.8280308232242315,1.9756618600747688
3296,3296,3296,1.493333333333334,1.8280308232242315,1.9756618600747688
3297,3297,3297,1.495,1.8284122987716493,1.9756618600747688
3298,3298,3298,1.496666666666667,1.8291752498664835,1.9748989089799345
3299,3299,3299,1.498333333333334,1.829556725413901,1.9756618600747688
3300,3300,3300,1.5,1.8284122987716493,1.9748989089799345
3301,3301,3301,1.5016666666666678,1.8291752498664835,1.9745174334325168
3302,3302,3302,1.5033333333333339,1.8291752498664835,1.9741359578851
3303,3303,3303,1.5050000000000008,1.8287937743190656,1.9745174334325168
3304,3304,3304,1.5066666666666677,1.8284122987716493,1.9733730067902648
3305,3305,3305,1.5083333333333337,1.8291752498664835,1.9726100556954296
3306,3306,3306,1.5100000000000025,1.829556725413901,1.9726100556954296
3307,3307,3307,1.5116666666666676,1.8291752498664835,1.971847104600595
3308,3308,3308,1.5133333333333336,1.8287937743190656,1.9722285801480124
3309,3309,3309,1.5150000000000015,1.8284122987716493,1.9722285801480124
3310,3310,3310,1.5166666666666684,1.8284122987716493,1.9707026779583428
3311,3311,3311,1.5183333333333335,1.8287937743190656,1.9710841535057602
3312,3312,3312,1.5200000000000005,1.8299382009613183,1.9710841535057602
3313,3313,3313,1.5216666666666674,1.8291752498664835,1.9710841535057602
3314,3314,3314,1.5233333333333325,1.8287937743190656,1.971847104600595
3315,3315,3315,1.5250000000000004,1.8284122987716493,1.971847104600595
3316,3316,3316,1.5266666666666673,1.8280308232242315,1.9714656290531776
3317,3317,3317,1.5283333333333324,1.8272678721293965,1.9710841535057602
3318,3318,3318,1.5300000000000002,1.8284122987716493,1.9707026779583428
3319,3319,3319,1.5316666666666672,1.8287937743190656,1.9707026779583428
3320,3320,3320,1.533333333333334,1.8284122987716493,1.9714656290531776
3321,3321,3321,1.5350000000000001,1.8291752498664835,1.9710841535057602
3322,3322,3322,1.536666666666667,1.8287937743190656,1.9710841535057602
3323,3323,3323,1.538333333333334,1.8287937743190656,1.9710841535057602
3324,3324,3324,1.54,1.8284122987716493,1.9707026779583428
3325,3325,3325,1.5416666666666679,1.8284122987716493,1.9710841535057602
3326,3326,3326,1.543333333333334,1.8291752498664835,1.971847104600595
3327,3327,3327,1.545,1.8287937743190656,1.9714656290531776
3328,3328,3328,1.5466666666666677,1.8276493476768136,1.9714656290531776
3329,3329,3329,1.5483333333333338,1.8280308232242315,1.9714656290531776
3330,3330,3330,1.5500000000000025,1.8272678721293965,1.970321202410925
3331,3331,3331,1.5516666666666676,1.8265049210345616,1.970321202410925
3332,3332,3332,1.5533333333333337,1.826886396581979,1.970321202410925
3333,3333,3333,1.5550000000000015,1.826886396581979,1.9707026779583428
3334,3334,3334,1.5566666666666684,1.8272678721293965,1.9707026779583428
3335,3335,3335,1.5583333333333336,1.826886396581979,1.970321202410925
3336,3336,3336,1.5600000000000005,1.826123445487144,1.970321202410925
3337,3337,3337,1.5616666666666674,1.826886396581979,1.9707026779583428
3338,3338,3338,1.5633333333333335,1.8272678721293965,1.9707026779583428
3339,3339,3339,1.5650000000000004,1.8265049210345616,1.970321202410925
3340,3340,3340,1.5666666666666673,1.8257419699397268,1.970321202410925
3341,3341,3341,1.5683333333333325,1.8257419699397268,1.969939726863508
3342,3342,3342,1.5700000000000003,1.826886396581979,1.969939726863508
3343,3343,3343,1.5716666666666672,1.826123445487144,1.969939726863508
3344,3344,3344,1.5733333333333324,1.824979018844892,1.969939726863508
3345,3345,3345,1.5750000000000002,1.8253604943923087,1.9707026779583428
3346,3346,3346,1.576666666666667,1.824979018844892,1.9707026779583428
3347,3347,3347,1.578333333333334,1.824979018844892,1.970321202410925
3348,3348,3348,1.58,1.824979018844892,1.969939726863508
3349,3349,3349,1.5816666666666679,1.8245975432974744,1.9695582513160903
3350,3350,3350,1.583333333333334,1.8238345922026398,1.969939726863508
3351,3351,3351,1.585,1.8245975432974744,1.9695582513160903
3352,3352,3352,1.5866666666666678,1.8238345922026398,1.969939726863508
3353,3353,3353,1.5883333333333338,1.8230716411078047,1.9710841535057602
3354,3354,3354,1.5900000000000025,1.8234531166552224,1.9707026779583428
3355,3355,3355,1.5916666666666677,1.8226901655603875,1.9691767757686731
3356,3356,3356,1.5933333333333337,1.8230716411078047,1.969939726863508
3357,3357,3357,1.5950000000000015,1.8238345922026398,1.970321202410925
3358,3358,3358,1.5966666666666676,1.8238345922026398,1.9687953002212557
3359,3359,3359,1.5983333333333336,1.8226901655603875,1.9691767757686731
3360,3360,3360,1.6000000000000005,1.82230869001297,1.9684138246738383
3361,3361,3361,1.6016666666666675,1.8226901655603875,1.9691767757686731
3362,3362,3362,1.6033333333333335,1.8215457389181355,1.969939726863508
3363,3363,3363,1.6050000000000004,1.8215457389181355,1.9687953002212557
3364,3364,3364,1.6066666666666674,1.8215457389181355,1.9687953002212557
3365,3365,3365,1.6083333333333325,1.8215457389181355,1.9695582513160903
3366,3366,3366,1.6100000000000003,1.8219272144655527,1.9684138246738383
3367,3367,3367,1.6116666666666672,1.821164263370718,1.967650873579004
3368,3368,3368,1.6133333333333324,1.8204013122758829,1.9684138246738383
3369,3369,3369,1.6150000000000002,1.8204013122758829,1.9680323491264209
3370,3370,3370,1.6166666666666671,1.8207827878233005,1.9687953002212557
3371,3371,3371,1.618333333333334,1.8204013122758829,1.9695582513160903
3372,3372,3372,1.62,1.8204013122758829,1.9691767757686731
3373,3373,3373,1.621666666666667,1.8204013122758829,1.9684138246738383
3374,3374,3374,1.623333333333334,1.8196383611810485,1.9687953002212557
3375,3375,3375,1.625,1.8200198367284657,1.9691767757686731
3376,3376,3376,1.6266666666666678,1.8192568856336309,1.9687953002212557
3377,3377,3377,1.6283333333333339,1.818493934538796,1.9684138246738383
3378,3378,3378,1.6300000000000008,1.818493934538796,1.9691767757686731
3379,3379,3379,1.6316666666666677,1.818493934538796,1.9695582513160903
3380,3380,3380,1.6333333333333337,1.8177309834439608,1.9687953002212557
3381,3381,3381,1.6350000000000025,1.8181124589913784,1.9684138246738383
3382,3382,3382,1.6366666666666676,1.8181124589913784,1.9684138246738383
3383,3383,3383,1.6383333333333336,1.8181124589913784,1.9684138246738383
3384,3384,3384,1.6400000000000015,1.8177309834439608,1.9691767757686731
3385,3385,3385,1.6416666666666684,1.8177309834439608,1.9695582513160903
3386,3386,3386,1.6433333333333335,1.818493934538796,1.9687953002212557
3387,3387,3387,1.6450000000000005,1.8177309834439608,1.9684138246738383
3388,3388,3388,1.6466666666666674,1.817349507896544,1.9684138246738383
3389,3389,3389,1.6483333333333325,1.817349507896544,1.967650873579004
3390,3390,3390,1.6500000000000004,1.8177309834439608,1.967650873579004
3391,3391,3391,1.6516666666666673,1.8181124589913784,1.9687953002212557
3392,3392,3392,1.6533333333333324,1.8181124589913784,1.9687953002212557
3393,3393,3393,1.6550000000000002,1.8181124589913784,1.9684138246738383
3394,3394,3394,1.6566666666666672,1.8177309834439608,1.9691767757686731
3395,3395,3395,1.658333333333334,1.8181124589913784,1.9684138246738383
3396,3396,3396,1.6600000000000001,1.8177309834439608,1.9687953002212557
3397,3397,3397,1.661666666666667,1.817349507896544,1.9680323491264209
3398,3398,3398,1.663333333333334,1.817349507896544,1.9687953002212557
3399,3399,3399,1.665,1.8181124589913784,1.9691767757686731
3400,3400,3400,1.6666666666666679,1.8181124589913784,1.9684138246738383
3401,3401,3401,1.668333333333334,1.8181124589913784,1.9680323491264209
3402,3402,3402,1.67,1.8177309834439608,1.9680323491264209
3403,3403,3403,1.6716666666666677,1.8177309834439608,1.9672693980315856
3404,3404,3404,1.6733333333333338,1.8177309834439608,1.9672693980315856
3405,3405,3405,1.6750000000000025,1.8177309834439608,1.9672693980315856
3406,3406,3406,1.6766666666666676,1.817349507896544,1.9672693980315856
3407,3407,3407,1.6783333333333337,1.817349507896544,1.9680323491264209
3408,3408,3408,1.6800000000000015,1.8169680323491264,1.9672693980315856
3409,3409,3409,1.6816666666666684,1.817349507896544,1.9672693980315856
3410,3410,3410,1.6833333333333336,1.816205081254292,1.9672693980315856
3411,3411,3411,1.6850000000000005,1.8169680323491264,1.9680323491264209
3412,3412,3412,1.6866666666666674,1.817349507896544,1.9668879224841689
3413,3413,3413,1.6883333333333335,1.8177309834439608,1.966506446936752
3414,3414,3414,1.6900000000000004,1.817349507896544,1.9672693980315856
3415,3415,3415,1.6916666666666673,1.817349507896544,1.9680323491264209
3416,3416,3416,1.6933333333333325,1.8181124589913784,1.9668879224841689
3417,3417,3417,1.6950000000000003,1.8177309834439608,1.9672693980315856
3418,3418,3418,1.6966666666666672,1.817349507896544,1.967650873579004
3419,3419,3419,1.6983333333333341,1.8169680323491264,1.966506446936752
3420,3420,3420,1.7000000000000002,1.8158236057068744,1.9672693980315856
3421,3421,3421,1.701666666666667,1.816586556801709,1.9668879224841689
3422,3422,3422,1.703333333333334,1.8169680323491264,1.966506446936752
3423,3423,3423,1.705,1.816586556801709,1.966506446936752
3424,3424,3424,1.7066666666666679,1.816586556801709,1.967650873579004
3425,3425,3425,1.708333333333334,1.8177309834439608,1.9661249713893336
3426,3426,3426,1.71,1.817349507896544,1.9661249713893336
3427,3427,3427,1.7116666666666678,1.816586556801709,1.966506446936752
3428,3428,3428,1.7133333333333338,1.817349507896544,1.966506446936752
3429,3429,3429,1.7150000000000025,1.816586556801709,1.966506446936752
3430,3430,3430,1.7166666666666677,1.8158236057068744,1.967650873579004
3431,3431,3431,1.7183333333333337,1.816586556801709,1.9668879224841689
3432,3432,3432,1.7200000000000015,1.8169680323491264,1.966506446936752
3433,3433,3433,1.7216666666666676,1.8158236057068744,1.9672693980315856
3434,3434,3434,1.7233333333333336,1.8158236057068744,1.9668879224841689
3435,3435,3435,1.7250000000000005,1.816586556801709,1.9657434958419164
3436,3436,3436,1.7266666666666675,1.817349507896544,1.966506446936752
3437,3437,3437,1.7283333333333335,1.8169680323491264,1.9672693980315856
3438,3438,3438,1.7300000000000004,1.816586556801709,1.966506446936752
3439,3439,3439,1.7316666666666674,1.816205081254292,1.967650873579004
3440,3440,3440,1.7333333333333325,1.816205081254292,1.966506446936752
3441,3441,3441,1.7350000000000003,1.8158236057068744,1.9661249713893336
3442,3442,3442,1.7366666666666672,1.8158236057068744,1.9668879224841689
3443,3443,3443,1.7383333333333324,1.8158236057068744,1.9668879224841689
3444,3444,3444,1.7400000000000002,1.8158236057068744,1.966506446936752
3445,3445,3445,1.7416666666666671,1.8169680323491264,1.9672693980315856
3446,3446,3446,1.743333333333334,1.816205081254292,1.9668879224841689
3447,3447,3447,1.745,1.8154421301594568,1.9668879224841689
3448,3448,3448,1.746666666666667,1.8158236057068744,1.967650873579004
3449,3449,3449,1.748333333333334,1.816205081254292,1.966506446936752
3450,3450,3450,1.75,1.8154421301594568,1.966506446936752
3451,3451,3451,1.7516666666666678,1.8154421301594568,1.9668879224841689
3452,3452,3452,1.7533333333333339,1.816205081254292,1.9672693980315856
3453,3453,3453,1.7550000000000008,1.8158236057068744,1.966506446936752
3454,3454,3454,1.7566666666666677,1.8154421301594568,1.9672693980315856
3455,3455,3455,1.7583333333333337,1.8142977035172043,1.9668879224841689
3456,3456,3456,1.7600000000000025,1.81506065461204,1.9668879224841689
3457,3457,3457,1.7616666666666676,1.81506065461204,1.9668879224841689
3458,3458,3458,1.7633333333333336,1.81506065461204,1.9668879224841689
3459,3459,3459,1.7650000000000015,1.814679179064622,1.9661249713893336
3460,3460,3460,1.7666666666666684,1.8154421301594568,1.9657434958419164
3461,3461,3461,1.7683333333333335,1.8154421301594568,1.9657434958419164
3462,3462,3462,1.7700000000000005,1.814679179064622,1.9661249713893336
3463,3463,3463,1.7716666666666674,1.8142977035172043,1.9672693980315856
3464,3464,3464,1.7733333333333325,1.814679179064622,1.9672693980315856
3465,3465,3465,1.7750000000000004,1.814679179064622,1.966506446936752
3466,3466,3466,1.7766666666666673,1.8139162279697871,1.9668879224841689
3467,3467,3467,1.7783333333333324,1.8139162279697871,1.967650873579004
3468,3468,3468,1.7800000000000002,1.814679179064622,1.966506446936752
3469,3469,3469,1.7816666666666672,1.8154421301594568,1.9668879224841689
3470,3470,3470,1.783333333333334,1.8142977035172043,1.966506446936752
3471,3471,3471,1.7850000000000001,1.8139162279697871,1.9668879224841689
3472,3472,3472,1.786666666666667,1.8135347524223693,1.9668879224841689
3473,3473,3473,1.788333333333334,1.8139162279697871,1.9672693980315856
3474,3474,3474,1.79,1.8135347524223693,1.9668879224841689
3475,3475,3475,1.7916666666666679,1.8139162279697871,1.966506446936752
3476,3476,3476,1.793333333333334,1.8142977035172043,1.9672693980315856
3477,3477,3477,1.795,1.8139162279697871,1.9668879224841689
3478,3478,3478,1.7966666666666677,1.814679179064622,1.966506446936752
3479,3479,3479,1.7983333333333338,1.8142977035172043,1.966506446936752
3480,3480,3480,1.8000000000000025,1.8135347524223693,1.966506446936752
3481,3481,3481,1.8016666666666676,1.8139162279697871,1.9661249713893336
3482,3482,3482,1.8033333333333337,1.8142977035172043,1.9661249713893336
3483,3483,3483,1.8050000000000015,1.8135347524223693,1.966506446936752
3484,3484,3484,1.8066666666666684,1.8131532768749523,1.966506446936752
3485,3485,3485,1.8083333333333336,1.8131532768749523,1.9668879224841689
3486,3486,3486,1.8100000000000005,1.8131532768749523,1.9668879224841689
3487,3487,3487,1.8116666666666674,1.8131532768749523,1.9668879224841689
3488,3488,3488,1.8133333333333335,1.8139162279697871,1.9668879224841689
3489,3489,3489,1.8150000000000004,1.8139162279697871,1.967650873579004
3490,3490,3490,1.8166666666666673,1.8131532768749523,1.9672693980315856
3491,3491,3491,1.8183333333333325,1.8131532768749523,1.9672693980315856
3492,3492,3492,1.8200000000000003,1.8131532768749523,1.9657434958419164
3493,3493,3493,1.8216666666666672,1.8131532768749523,1.9657434958419164
3494,3494,3494,1.8233333333333341,1.8142977035172043,1.9661249713893336
3495,3495,3495,1.8250000000000002,1.8142977035172043,1.966506446936752
3496,3496,3496,1.826666666666667,1.8131532768749523,1.9661249713893336
3497,3497,3497,1.828333333333334,1.8139162279697871,1.9668879224841689
3498,3498,3498,1.83,1.8135347524223693,1.9672693980315856
3499,3499,3499,1.8316666666666679,1.814679179064622,1.9668879224841689
3500,3500,3500,1.833333333333334,1.816586556801709,1.9661249713893336
3501,3501,3501,1.835,1.8188754100862128,1.966506446936752
3502,3502,3502,1.8366666666666678,1.821164263370718,1.9657434958419164
3503,3503,3503,1.8383333333333338,1.8245975432974744,1.9657434958419164
3504,3504,3504,1.8400000000000025,1.8245975432974744,1.9672693980315856
3505,3505,3505,1.8416666666666677,1.8238345922026398,1.9661249713893336
3506,3506,3506,1.8433333333333337,1.8238345922026398,1.9661249713893336
3507,3507,3507,1.8450000000000015,1.8245975432974744,1.9661249713893336
3508,3508,3508,1.8466666666666676,1.8245975432974744,1.9668879224841689
3509,3509,3509,1.8483333333333336,1.8230716411078047,1.9672693980315856
3510,3510,3510,1.8500000000000005,1.8230716411078047,1.9672693980315856
3511,3511,3511,1.8516666666666675,1.8245975432974744,1.9668879224841689
3512,3512,3512,1.8533333333333335,1.8242160677500567,1.966506446936752
3513,3513,3513,1.8550000000000004,1.8238345922026398,1.9661249713893336
3514,3514,3514,1.8566666666666674,1.8234531166552224,1.9657434958419164
3515,3515,3515,1.8583333333333325,1.8238345922026398,1.9657434958419164
3516,3516,3516,1.8600000000000003,1.8242160677500567,1.9661249713893336
3517,3517,3517,1.8616666666666672,1.8242160677500567,1.9668879224841689
3518,3518,3518,1.8633333333333324,1.8234531166552224,1.9672693980315856
3519,3519,3519,1.8650000000000002,1.8234531166552224,1.9661249713893336
3520,3520,3520,1.8666666666666671,1.8230716411078047,1.9661249713893336
3521,3521,3521,1.868333333333334,1.8234531166552224,1.966506446936752
3522,3522,3522,1.87,1.8234531166552224,1.966506446936752
3523,3523,3523,1.871666666666667,1.8238345922026398,1.9661249713893336
3524,3524,3524,1.873333333333334,1.8234531166552224,1.9661249713893336
3525,3525,3525,1.875,1.8234531166552224,1.9668879224841689
3526,3526,3526,1.8766666666666678,1.8242160677500567,1.9661249713893336
3527,3527,3527,1.8783333333333339,1.8242160677500567,1.9657434958419164
3528,3528,3528,1.8800000000000008,1.8230716411078047,1.965362020294499
3529,3529,3529,1.8816666666666677,1.8234531166552224,1.9657434958419164
3530,3530,3530,1.8833333333333337,1.8242160677500567,1.9657434958419164
3531,3531,3531,1.8850000000000025,1.8242160677500567,1.965362020294499
3532,3532,3532,1.8866666666666676,1.8230716411078047,1.9661249713893336
3533,3533,3533,1.8883333333333336,1.8230716411078047,1.9668879224841689
3534,3534,3534,1.8900000000000015,1.8234531166552224,1.9661249713893336
3535,3535,3535,1.8916666666666684,1.8238345922026398,1.9649805447470816
3536,3536,3536,1.8933333333333335,1.8230716411078047,1.965362020294499
3537,3537,3537,1.8950000000000005,1.8230716411078047,1.9657434958419164
3538,3538,3538,1.8966666666666674,1.8226901655603875,1.9657434958419164
3539,3539,3539,1.8983333333333325,1.8230716411078047,1.9649805447470816
3540,3540,3540,1.9000000000000004,1.8226901655603875,1.965362020294499
3541,3541,3541,1.9016666666666673,1.8238345922026398,1.9661249713893336
3542,3542,3542,1.9033333333333324,1.8230716411078047,1.9657434958419164
3543,3543,3543,1.9050000000000002,1.8226901655603875,1.965362020294499
3544,3544,3544,1.9066666666666672,1.8234531166552224,1.9649805447470816
3545,3545,3545,1.908333333333334,1.8234531166552224,1.9649805447470816
3546,3546,3546,1.9100000000000001,1.8234531166552224,1.9649805447470816
3547,3547,3547,1.911666666666667,1.8238345922026398,1.9657434958419164
3548,3548,3548,1.913333333333334,1.8234531166552224,1.965362020294499
3549,3549,3549,1.915,1.8238345922026398,1.9649805447470816
3550,3550,3550,1.9166666666666679,1.8238345922026398,1.965362020294499
3551,3551,3551,1.918333333333334,1.8230716411078047,1.965362020294499
3552,3552,3552,1.9200000000000008,1.8238345922026398,1.965362020294499
3553,3553,3553,1.9216666666666677,1.8242160677500567,1.965362020294499
3554,3554,3554,1.9233333333333338,1.8245975432974744,1.965362020294499
3555,3555,3555,1.9250000000000025,1.824979018844892,1.965362020294499
3556,3556,3556,1.9266666666666676,1.824979018844892,1.9649805447470816
3557,3557,3557,1.9283333333333337,1.824979018844892,1.9649805447470816
3558,3558,3558,1.9300000000000015,1.8257419699397268,1.9649805447470816
3559,3559,3559,1.9316666666666684,1.824979018844892,1.9649805447470816
3560,3560,3560,1.9333333333333336,1.8253604943923087,1.9649805447470816
3561,3561,3561,1.9350000000000005,1.8265049210345616,1.965362020294499
3562,3562,3562,1.9366666666666674,1.8272678721293965,1.9649805447470816
3563,3563,3563,1.9383333333333335,1.826886396581979,1.9649805447470816
3564,3564,3564,1.9400000000000004,1.8265049210345616,1.9649805447470816
3565,3565,3565,1.9416666666666673,1.8276493476768136,1.9642175936522468
3566,3566,3566,1.9433333333333325,1.826886396581979,1.9649805447470816
3567,3567,3567,1.9450000000000003,1.826886396581979,1.965362020294499
3568,3568,3568,1.9466666666666672,1.826886396581979,1.965362020294499
3569,3569,3569,1.9483333333333341,1.8280308232242315,1.9649805447470816
3570,3570,3570,1.9500000000000002,1.8284122987716493,1.965362020294499
3571,3571,3571,1.951666666666667,1.8284122987716493,1.965362020294499
3572,3572,3572,1.953333333333334,1.8280308232242315,1.9668879224841689
3573,3573,3573,1.955,1.8284122987716493,1.9684138246738383
3574,3574,3574,1.9566666666666679,1.8284122987716493,1.9707026779583428
3575,3575,3575,1.958333333333334,1.8284122987716493,1.9733730067902648
3576,3576,3576,1.96,1.8280308232242315,1.9760433356221865
3577,3577,3577,1.9616666666666678,1.8272678721293965,1.9752803845273519
3578,3578,3578,1.9633333333333338,1.8280308232242315,1.9752803845273519
3579,3579,3579,1.9650000000000025,1.8284122987716493,1.9756618600747688
3580,3580,3580,1.9666666666666677,1.8287937743190656,1.9752803845273519
3581,3581,3581,1.9683333333333337,1.8287937743190656,1.9748989089799345
3582,3582,3582,1.9700000000000015,1.8284122987716493,1.9741359578851
3583,3583,3583,1.9716666666666676,1.8284122987716493,1.9748989089799345
3584,3584,3584,1.9733333333333336,1.8280308232242315,1.9756618600747688
3585,3585,3585,1.9750000000000005,1.8287937743190656,1.9748989089799345
3586,3586,3586,1.9766666666666675,1.8291752498664835,1.9752803845273519
3587,3587,3587,1.9783333333333335,1.8284122987716493,1.9748989089799345
3588,3588,3588,1.9800000000000004,1.8287937743190656,1.9752803845273519
3589,3589,3589,1.9816666666666674,1.829556725413901,1.9760433356221865
3590,3590,3590,1.9833333333333325,1.8287937743190656,1.9752803845273519
3591,3591,3591,1.9850000000000003,1.8287937743190656,1.9745174334325168
3592,3592,3592,1.9866666666666672,1.829556725413901,1.9748989089799345
3593,3593,3593,1.9883333333333324,1.829556725413901,1.9748989089799345
3594,3594,3594,1.9900000000000002,1.829556725413901,1.9748989089799345
3595,3595,3595,1.9916666666666671,1.8291752498664835,1.9748989089799345
3596,3596,3596,1.993333333333334,1.8287937743190656,1.9752803845273519
3597,3597,3597,1.995,1.829556725413901,1.9752803845273519
3598,3598,3598,1.996666666666667,1.8299382009613183,1.9752803845273519
3599,3599,3599,1.998333333333334,1.8291752498664835,1.976424811169604
3600,3600,3600,2.0,1.8291752498664835,1.9756618600747688
3601,3601,3601,2.001666666666668,1.8299382009613183,1.9756618600747688
3602,3602,3602,2.003333333333334,1.8299382009613183,1.9760433356221865
3603,3603,3603,2.005000000000001,1.8303196765087357,1.9768062867170213
3604,3604,3604,2.0066666666666677,1.8303196765087357,1.9760433356221865
3605,3605,3605,2.0083333333333337,1.829556725413901,1.9752803845273519
3606,3606,3606,2.0100000000000025,1.8303196765087357,1.9752803845273519
3607,3607,3607,2.0116666666666676,1.8303196765087357,1.9760433356221865
3608,3608,3608,2.0133333333333336,1.8307011520561527,1.9760433356221865
3609,3609,3609,2.0150000000000015,1.8303196765087357,1.9752803845273519
3610,3610,3610,2.0166666666666675,1.8299382009613183,1.9756618600747688
3611,3611,3611,2.0183333333333335,1.8299382009613183,1.9756618600747688
3612,3612,3612,2.0200000000000005,1.829556725413901,1.9752803845273519
3613,3613,3613,2.0216666666666674,1.8303196765087357,1.9756618600747688
3614,3614,3614,2.0233333333333325,1.8307011520561527,1.9760433356221865
3615,3615,3615,2.0250000000000004,1.8291752498664835,1.9748989089799345
3616,3616,3616,2.0266666666666673,1.8287937743190656,1.9752803845273519
3617,3617,3617,2.0283333333333324,1.8299382009613183,1.9760433356221865
3618,3618,3618,2.0300000000000002,1.829556725413901,1.9760433356221865
3619,3619,3619,2.031666666666667,1.8287937743190656,1.976424811169604
3620,3620,3620,2.033333333333334,1.8287937743190656,1.9760433356221865
3621,3621,3621,2.035,1.8291752498664835,1.9756618600747688
3622,3622,3622,2.036666666666667,1.8299382009613183,1.976424811169604
3623,3623,3623,2.038333333333334,1.829556725413901,1.976424811169604
3624,3624,3624,2.04,1.8291752498664835,1.9756618600747688
3625,3625,3625,2.041666666666668,1.8287937743190656,1.976424811169604
3626,3626,3626,2.043333333333334,1.829556725413901,1.9768062867170213
3627,3627,3627,2.045000000000001,1.8287937743190656,1.9771877622644387
3628,3628,3628,2.0466666666666677,1.8291752498664835,1.9779507133592733
3629,3629,3629,2.048333333333334,1.8287937743190656,1.977569237811856
3630,3630,3630,2.0500000000000025,1.8291752498664835,1.9779507133592733
3631,3631,3631,2.0516666666666676,1.829556725413901,1.9779507133592733
3632,3632,3632,2.0533333333333337,1.829556725413901,1.977569237811856
3633,3633,3633,2.0550000000000015,1.8291752498664835,1.9787136644541083
3634,3634,3634,2.0566666666666684,1.8303196765087357,1.9794766155489432
3635,3635,3635,2.0583333333333336,1.8299382009613183,1.980239566643778
3636,3636,3636,2.0600000000000005,1.8287937743190656,1.9798580910963608
3637,3637,3637,2.0616666666666674,1.8299382009613183,1.980239566643778
3638,3638,3638,2.0633333333333335,1.8307011520561527,1.9810025177386128
3639,3639,3639,2.0650000000000004,1.829556725413901,1.980621042191196
3640,3640,3640,2.0666666666666673,1.829556725413901,1.980239566643778
3641,3641,3641,2.0683333333333325,1.829556725413901,1.9810025177386128
3642,3642,3642,2.0700000000000003,1.8291752498664835,1.9817654688334483
3643,3643,3643,2.071666666666667,1.8299382009613183,1.982146944380865
3644,3644,3644,2.073333333333334,1.8291752498664835,1.9817654688334483
3645,3645,3645,2.075,1.8287937743190656,1.9817654688334483
3646,3646,3646,2.076666666666667,1.8287937743190656,1.982146944380865
3647,3647,3647,2.078333333333334,1.8299382009613183,1.9817654688334483
3648,3648,3648,2.08,1.8299382009613183,1.9813839932860304
3649,3649,3649,2.081666666666668,1.8299382009613183,1.9810025177386128
3650,3650,3650,2.083333333333334,1.8303196765087357,1.9810025177386128
3651,3651,3651,2.085,1.8299382009613183,1.9817654688334483
3652,3652,3652,2.086666666666668,1.8299382009613183,1.982146944380865
3653,3653,3653,2.088333333333334,1.829556725413901,1.982146944380865
3654,3654,3654,2.0900000000000025,1.8299382009613183,1.9825284199282824
3655,3655,3655,2.0916666666666677,1.8291752498664835,1.9817654688334483
3656,3656,3656,2.0933333333333337,1.8291752498664835,1.9817654688334483
3657,3657,3657,2.0950000000000015,1.8303196765087357,1.982146944380865
3658,3658,3658,2.0966666666666676,1.8299382009613183,1.9829098954756998
3659,3659,3659,2.0983333333333336,1.8303196765087357,1.9829098954756998
3660,3660,3660,2.1000000000000005,1.8303196765087357,1.982146944380865
3661,3661,3661,2.1016666666666675,1.8291752498664835,1.9825284199282824
3662,3662,3662,2.1033333333333335,1.829556725413901,1.9832913710231173
3663,3663,3663,2.1050000000000004,1.8299382009613183,1.9825284199282824
3664,3664,3664,2.1066666666666674,1.8307011520561527,1.9825284199282824
3665,3665,3665,2.1083333333333325,1.8307011520561527,1.9829098954756998
3666,3666,3666,2.1100000000000003,1.8307011520561527,1.9832913710231173
3667,3667,3667,2.1116666666666672,1.8307011520561527,1.9829098954756998
3668,3668,3668,2.1133333333333324,1.8299382009613183,1.9829098954756998
3669,3669,3669,2.115,1.8299382009613183,1.9825284199282824
3670,3670,3670,2.116666666666667,1.8291752498664835,1.9836728465705349
3671,3671,3671,2.118333333333334,1.8299382009613183,1.9832913710231173
3672,3672,3672,2.12,1.8307011520561527,1.9829098954756998
3673,3673,3673,2.121666666666667,1.8310826276035703,1.984054322117952
3674,3674,3674,2.123333333333334,1.8307011520561527,1.9832913710231173
3675,3675,3675,2.125,1.8303196765087357,1.9836728465705349
3676,3676,3676,2.126666666666668,1.8307011520561527,1.984054322117952
3677,3677,3677,2.128333333333334,1.8303196765087357,1.984054322117952
3678,3678,3678,2.130000000000001,1.8299382009613183,1.9836728465705349
3679,3679,3679,2.1316666666666677,1.8307011520561527,1.9836728465705349
3680,3680,3680,2.1333333333333337,1.8310826276035703,1.984054322117952
3681,3681,3681,2.1350000000000025,1.8303196765087357,1.984054322117952
3682,3682,3682,2.1366666666666676,1.8303196765087357,1.984054322117952
3683,3683,3683,2.1383333333333336,1.8310826276035703,1.984054322117952
3684,3684,3684,2.1400000000000015,1.8307011520561527,1.9836728465705349
3685,3685,3685,2.1416666666666675,1.8307011520561527,1.9836728465705349
3686,3686,3686,2.1433333333333335,1.8310826276035703,1.984054322117952
3687,3687,3687,2.1450000000000005,1.8303196765087357,1.9836728465705349
3688,3688,3688,2.1466666666666674,1.831464103150988,1.9829098954756998
3689,3689,3689,2.1483333333333325,1.8310826276035703,1.9832913710231173
3690,3690,3690,2.1500000000000004,1.8299382009613183,1.9832913710231173
3691,3691,3691,2.1516666666666673,1.8303196765087357,1.9829098954756998
3692,3692,3692,2.1533333333333324,1.8310826276035703,1.9825284199282824
3693,3693,3693,2.1550000000000002,1.831464103150988,1.9829098954756998
3694,3694,3694,2.156666666666667,1.8310826276035703,1.9836728465705349
3695,3695,3695,2.158333333333334,1.8307011520561527,1.9836728465705349
3696,3696,3696,2.16,1.831464103150988,1.9832913710231173
3697,3697,3697,2.161666666666667,1.8310826276035703,1.9825284199282824
3698,3698,3698,2.163333333333334,1.8310826276035703,1.9832913710231173
3699,3699,3699,2.165,1.831464103150988,1.9825284199282824
3700,3700,3700,2.166666666666668,1.831464103150988,1.9825284199282824
3701,3701,3701,2.168333333333334,1.831464103150988,1.9829098954756998
3702,3702,3702,2.170000000000001,1.8318455786984047,1.9825284199282824
3703,3703,3703,2.1716666666666677,1.8318455786984047,1.9832913710231173
3704,3704,3704,2.173333333333334,1.831464103150988,1.9836728465705349
3705,3705,3705,2.1750000000000025,1.8322270542458228,1.9829098954756998
3706,3706,3706,2.1766666666666676,1.8322270542458228,1.9832913710231173
3707,3707,3707,2.1783333333333337,1.8318455786984047,1.9844357976653693
3708,3708,3708,2.1800000000000015,1.831464103150988,1.9832913710231173
3709,3709,3709,2.1816666666666684,1.8318455786984047,1.9825284199282824
3710,3710,3710,2.1833333333333336,1.8322270542458228,1.984054322117952
3711,3711,3711,2.1850000000000005,1.8326085297932402,1.984054322117952
3712,3712,3712,2.1866666666666674,1.8322270542458228,1.9829098954756998
3713,3713,3713,2.1883333333333335,1.8329900053406576,1.9832913710231173
3714,3714,3714,2.1900000000000004,1.833371480888075,1.9829098954756998
3715,3715,3715,2.1916666666666673,1.833371480888075,1.9832913710231173
3716,3716,3716,2.1933333333333325,1.8322270542458228,1.984054322117952
3717,3717,3717,2.1950000000000003,1.8322270542458228,1.9825284199282824
3718,3718,3718,2.196666666666667,1.833371480888075,1.982146944380865
3719,3719,3719,2.198333333333334,1.833371480888075,1.9829098954756998
3720,3720,3720,2.2,1.833371480888075,1.9832913710231173
3721,3721,3721,2.201666666666667,1.833371480888075,1.9832913710231173
3722,3722,3722,2.203333333333334,1.833371480888075,1.9836728465705349
3723,3723,3723,2.205,1.8337529564354924,1.9836728465705349
3724,3724,3724,2.206666666666668,1.8326085297932402,1.9832913710231173
3725,3725,3725,2.208333333333334,1.8322270542458228,1.9829098954756998
3726,3726,3726,2.21,1.833371480888075,1.9832913710231173
3727,3727,3727,2.211666666666668,1.8341344319829096,1.9825284199282824
3728,3728,3728,2.213333333333334,1.8337529564354924,1.9825284199282824
3729,3729,3729,2.2150000000000025,1.833371480888075,1.9829098954756998
3730,3730,3730,2.2166666666666677,1.833371480888075,1.9836728465705349
3731,3731,3731,2.2183333333333337,1.8341344319829096,1.9832913710231173
3732,3732,3732,2.2200000000000015,1.8337529564354924,1.9836728465705349
3733,3733,3733,2.2216666666666676,1.833371480888075,1.9829098954756998
3734,3734,3734,2.2233333333333336,1.833371480888075,1.9825284199282824
3735,3735,3735,2.2250000000000005,1.833371480888075,1.9825284199282824
3736,3736,3736,2.2266666666666675,1.8337529564354924,1.9832913710231173
3737,3737,3737,2.2283333333333335,1.833371480888075,1.9836728465705349
3738,3738,3738,2.2300000000000004,1.8337529564354924,1.984054322117952
3739,3739,3739,2.2316666666666674,1.8341344319829096,1.9836728465705349
3740,3740,3740,2.2333333333333325,1.8337529564354924,1.9829098954756998
3741,3741,3741,2.2350000000000003,1.8337529564354924,1.9829098954756998
3742,3742,3742,2.2366666666666672,1.833371480888075,1.9825284199282824
3743,3743,3743,2.238333333333334,1.8345159075303272,1.982146944380865
3744,3744,3744,2.24,1.8341344319829096,1.9829098954756998
3745,3745,3745,2.241666666666667,1.8341344319829096,1.9832913710231173
3746,3746,3746,2.243333333333334,1.8345159075303272,1.9836728465705349
3747,3747,3747,2.245,1.8341344319829096,1.9836728465705349
3748,3748,3748,2.246666666666667,1.8341344319829096,1.9829098954756998
3749,3749,3749,2.248333333333334,1.8345159075303272,1.9832913710231173
3750,3750,3750,2.25,1.8341344319829096,1.9836728465705349
3751,3751,3751,2.251666666666668,1.8341344319829096,1.9829098954756998
3752,3752,3752,2.253333333333334,1.8345159075303272,1.984054322117952
3753,3753,3753,2.255000000000001,1.8337529564354924,1.984054322117952
3754,3754,3754,2.2566666666666677,1.8341344319829096,1.9832913710231173
3755,3755,3755,2.2583333333333337,1.8345159075303272,1.9836728465705349
3756,3756,3756,2.2600000000000025,1.8341344319829096,1.9844357976653693
3757,3757,3757,2.2616666666666676,1.8345159075303272,1.9832913710231173
3758,3758,3758,2.2633333333333336,1.8345159075303272,1.984054322117952
3759,3759,3759,2.2650000000000015,1.8341344319829096,1.9836728465705349
3760,3760,3760,2.2666666666666675,1.8341344319829096,1.9836728465705349
3761,3761,3761,2.2683333333333335,1.8341344319829096,1.9844357976653693
3762,3762,3762,2.2700000000000005,1.8341344319829096,1.9836728465705349
3763,3763,3763,2.2716666666666674,1.8341344319829096,1.9836728465705349
3764,3764,3764,2.2733333333333325,1.8348973830777449,1.9836728465705349
3765,3765,3765,2.2750000000000004,1.8341344319829096,1.9844357976653693
3766,3766,3766,2.2766666666666673,1.8337529564354924,1.984817273212787
3767,3767,3767,2.2783333333333324,1.8341344319829096,1.984817273212787
3768,3768,3768,2.2800000000000002,1.8337529564354924,1.9844357976653693
3769,3769,3769,2.281666666666667,1.8348973830777449,1.9851987487602043
3770,3770,3770,2.283333333333334,1.8341344319829096,1.984817273212787
3771,3771,3771,2.285,1.8337529564354924,1.984817273212787
3772,3772,3772,2.286666666666667,1.8345159075303272,1.9851987487602043
3773,3773,3773,2.288333333333334,1.8345159075303272,1.9851987487602043
3774,3774,3774,2.29,1.8337529564354924,1.9851987487602043
3775,3775,3775,2.291666666666668,1.8341344319829096,1.9851987487602043
3776,3776,3776,2.293333333333334,1.8348973830777449,1.9851987487602043
3777,3777,3777,2.295000000000001,1.8345159075303272,1.984817273212787
3778,3778,3778,2.2966666666666677,1.8341344319829096,1.9855802243076217
3779,3779,3779,2.298333333333334,1.8341344319829096,1.9851987487602043
3780,3780,3780,2.3000000000000025,1.8345159075303272,1.9844357976653693
3781,3781,3781,2.3016666666666676,1.8348973830777449,1.9844357976653693
3782,3782,3782,2.3033333333333337,1.8345159075303272,1.9851987487602043
3783,3783,3783,2.3050000000000015,1.8341344319829096,1.9855802243076217
3784,3784,3784,2.3066666666666684,1.8341344319829096,1.9851987487602043
3785,3785,3785,2.3083333333333336,1.8345159075303272,1.9851987487602043
3786,3786,3786,2.3100000000000005,1.8345159075303272,1.9859616998550391
3787,3787,3787,2.3116666666666674,1.8345159075303272,1.9863431754024563
3788,3788,3788,2.3133333333333335,1.8345159075303272,1.9855802243076217
3789,3789,3789,2.3150000000000004,1.8341344319829096,1.9855802243076217
3790,3790,3790,2.3166666666666673,1.8341344319829096,1.9859616998550391
3791,3791,3791,2.3183333333333325,1.8337529564354924,1.9859616998550391
3792,3792,3792,2.3200000000000003,1.8341344319829096,1.9863431754024563
3793,3793,3793,2.321666666666667,1.8341344319829096,1.9859616998550391
3794,3794,3794,2.323333333333334,1.8345159075303272,1.9863431754024563
3795,3795,3795,2.325,1.8348973830777449,1.9863431754024563
3796,3796,3796,2.326666666666667,1.8348973830777449,1.9859616998550391
3797,3797,3797,2.328333333333334,1.8345159075303272,1.9851987487602043
3798,3798,3798,2.33,1.8345159075303272,1.9851987487602043
3799,3799,3799,2.331666666666668,1.8341344319829096,1.9863431754024563
3800,3800,3800,2.333333333333334,1.8345159075303272,1.9863431754024563
3801,3801,3801,2.335,1.835278858625162,1.9863431754024563
3802,3802,3802,2.336666666666668,1.83566033417258,1.9851987487602043
3803,3803,3803,2.338333333333334,1.835278858625162,1.9859616998550391
3804,3804,3804,2.3400000000000025,1.8341344319829096,1.986724650949874
3805,3805,3805,2.3416666666666677,1.8341344319829096,1.9855802243076217
3806,3806,3806,2.3433333333333337,1.8348973830777449,1.9855802243076217
3807,3807,3807,2.3450000000000015,1.8345159075303272,1.9859616998550391
3808,3808,3808,2.3466666666666676,1.8345159075303272,1.9855802243076217
3809,3809,3809,2.3483333333333336,1.835278858625162,1.9855802243076217
3810,3810,3810,2.3500000000000005,1.8337529564354924,1.9859616998550391
3811,3811,3811,2.3516666666666675,1.8345159075303272,1.9863431754024563
3812,3812,3812,2.3533333333333335,1.8341344319829096,1.986724650949874
3813,3813,3813,2.3550000000000004,1.8329900053406576,1.986724650949874
3814,3814,3814,2.3566666666666674,1.833371480888075,1.9859616998550391
3815,3815,3815,2.3583333333333325,1.833371480888075,1.9863431754024563
3816,3816,3816,2.3600000000000003,1.833371480888075,1.9863431754024563
3817,3817,3817,2.3616666666666672,1.8341344319829096,1.9859616998550391
3818,3818,3818,2.363333333333334,1.8337529564354924,1.986724650949874
3819,3819,3819,2.365,1.8337529564354924,1.986724650949874
3820,3820,3820,2.366666666666667,1.8337529564354924,1.9859616998550391
3821,3821,3821,2.368333333333334,1.833371480888075,1.986724650949874
3822,3822,3822,2.37,1.833371480888075,1.9863431754024563
3823,3823,3823,2.371666666666667,1.8337529564354924,1.986724650949874
3824,3824,3824,2.373333333333334,1.8329900053406576,1.986724650949874
3825,3825,3825,2.375,1.8326085297932402,1.986724650949874
3826,3826,3826,2.376666666666668,1.8341344319829096,1.9859616998550391
3827,3827,3827,2.378333333333334,1.8341344319829096,1.986724650949874
3828,3828,3828,2.380000000000001,1.8337529564354924,1.9863431754024563
3829,3829,3829,2.3816666666666677,1.8337529564354924,1.9863431754024563
3830,3830,3830,2.3833333333333337,1.833371480888075,1.9863431754024563
3831,3831,3831,2.3850000000000025,1.8341344319829096,1.986724650949874
3832,3832,3832,2.3866666666666676,1.8341344319829096,1.986724650949874
3833,3833,3833,2.3883333333333336,1.8337529564354924,1.9863431754024563
3834,3834,3834,2.3900000000000015,1.8341344319829096,1.9859616998550391
3835,3835,3835,2.3916666666666675,1.8341344319829096,1.9855802243076217
3836,3836,3836,2.3933333333333335,1.8341344319829096,1.9863431754024563
3837,3837,3837,2.3950000000000005,1.8341344319829096,1.9863431754024563
3838,3838,3838,2.3966666666666674,1.8345159075303272,1.9863431754024563
3839,3839,3839,2.3983333333333325,1.8348973830777449,1.9859616998550391
3840,3840,3840,2.4000000000000004,1.8345159075303272,1.9859616998550391
3841,3841,3841,2.4016666666666673,1.8337529564354924,1.986724650949874
3842,3842,3842,2.4033333333333324,1.8341344319829096,1.987106126497292
3843,3843,3843,2.4050000000000002,1.8345159075303272,1.9859616998550391
3844,3844,3844,2.406666666666667,1.8337529564354924,1.9863431754024563
3845,3845,3845,2.408333333333334,1.8345159075303272,1.986724650949874
3846,3846,3846,2.41,1.835278858625162,1.9863431754024563
3847,3847,3847,2.411666666666667,1.8341344319829096,1.9863431754024563
3848,3848,3848,2.413333333333334,1.8345159075303272,1.9863431754024563
3849,3849,3849,2.415,1.8348973830777449,1.986724650949874
3850,3850,3850,2.416666666666668,1.8345159075303272,1.9855802243076217
3851,3851,3851,2.418333333333334,1.8348973830777449,1.9859616998550391
3852,3852,3852,2.420000000000001,1.835278858625162,1.986724650949874
3853,3853,3853,2.4216666666666677,1.8341344319829096,1.986724650949874
3854,3854,3854,2.423333333333334,1.8345159075303272,1.986724650949874
3855,3855,3855,2.4250000000000025,1.83566033417258,1.986724650949874
3856,3856,3856,2.4266666666666676,1.8345159075303272,1.9863431754024563
3857,3857,3857,2.4283333333333337,1.8341344319829096,1.986724650949874
3858,3858,3858,2.4300000000000015,1.83566033417258,1.9863431754024563
3859,3859,3859,2.4316666666666684,1.8348973830777449,1.986724650949874
3860,3860,3860,2.4333333333333336,1.8345159075303272,1.986724650949874
3861,3861,3861,2.4350000000000005,1.83566033417258,1.986724650949874
3862,3862,3862,2.4366666666666674,1.8348973830777449,1.986724650949874
3863,3863,3863,2.4383333333333335,1.8345159075303272,1.9863431754024563
3864,3864,3864,2.4400000000000004,1.8360418097199969,1.9859616998550391
3865,3865,3865,2.4416666666666673,1.835278858625162,1.9859616998550391
3866,3866,3866,2.4433333333333325,1.835278858625162,1.9855802243076217
3867,3867,3867,2.4450000000000003,1.8345159075303272,1.9859616998550391
3868,3868,3868,2.446666666666667,1.8345159075303272,1.9863431754024563
3869,3869,3869,2.448333333333334,1.83566033417258,1.9859616998550391
3870,3870,3870,2.45,1.835278858625162,1.9855802243076217
3871,3871,3871,2.451666666666667,1.835278858625162,1.984817273212787
3872,3872,3872,2.453333333333334,1.8360418097199969,1.9844357976653693
3873,3873,3873,2.455,1.8360418097199969,1.9851987487602043
3874,3874,3874,2.456666666666668,1.8360418097199969,1.9851987487602043
3875,3875,3875,2.458333333333334,1.8360418097199969,1.9851987487602043
3876,3876,3876,2.460000000000001,1.835278858625162,1.984817273212787
3877,3877,3877,2.461666666666668,1.8360418097199969,1.9836728465705349
3878,3878,3878,2.463333333333334,1.8360418097199969,1.9844357976653693
3879,3879,3879,2.4650000000000025,1.8348973830777449,1.984054322117952
3880,3880,3880,2.4666666666666677,1.8360418097199969,1.9836728465705349
3881,3881,3881,2.4683333333333337,1.8360418097199969,1.984054322117952
3882,3882,3882,2.4700000000000015,1.83566033417258,1.9832913710231173
3883,3883,3883,2.4716666666666676,1.83566033417258,1.9832913710231173
3884,3884,3884,2.4733333333333336,1.83566033417258,1.9832913710231173
3885,3885,3885,2.4750000000000005,1.83566033417258,1.982146944380865
3886,3886,3886,2.4766666666666675,1.8364232852674145,1.9817654688334483
3887,3887,3887,2.4783333333333335,1.83566033417258,1.9817654688334483
3888,3888,3888,2.4800000000000004,1.83566033417258,1.9813839932860304
3889,3889,3889,2.4816666666666674,1.83566033417258,1.9813839932860304
3890,3890,3890,2.4833333333333325,1.83566033417258,1.9810025177386128
3891,3891,3891,2.4850000000000003,1.835278858625162,1.9810025177386128
3892,3892,3892,2.4866666666666672,1.8348973830777449,1.980621042191196
3893,3893,3893,2.488333333333334,1.835278858625162,1.9798580910963608
3894,3894,3894,2.49,1.8360418097199969,1.980239566643778
3895,3895,3895,2.491666666666667,1.83566033417258,1.980239566643778
3896,3896,3896,2.493333333333334,1.8348973830777449,1.9794766155489432
3897,3897,3897,2.495,1.835278858625162,1.9794766155489432
3898,3898,3898,2.496666666666667,1.835278858625162,1.980239566643778
3899,3899,3899,2.498333333333334,1.835278858625162,1.9798580910963608
3900,3900,3900,2.5,1.8348973830777449,1.980621042191196
3901,3901,3901,2.501666666666668,1.83566033417258,1.9798580910963608
3902,3902,3902,2.503333333333334,1.8360418097199969,1.9794766155489432
3903,3903,3903,2.505000000000001,1.835278858625162,1.980239566643778
3904,3904,3904,2.5066666666666677,1.83566033417258,1.9810025177386128
3905,3905,3905,2.5083333333333337,1.8348973830777449,1.9794766155489432
3906,3906,3906,2.5100000000000025,1.8341344319829096,1.9794766155489432
3907,3907,3907,2.5116666666666676,1.8345159075303272,1.9798580910963608
3908,3908,3908,2.5133333333333336,1.8348973830777449,1.9794766155489432
3909,3909,3909,2.5150000000000015,1.8348973830777449,1.9790951400015253
3910,3910,3910,2.5166666666666675,1.8345159075303272,1.9790951400015253
3911,3911,3911,2.5183333333333335,1.8348973830777449,1.9798580910963608
3912,3912,3912,2.5200000000000005,1.8348973830777449,1.9798580910963608
3913,3913,3913,2.5216666666666674,1.8348973830777449,1.9790951400015253
3914,3914,3914,2.5233333333333325,1.8348973830777449,1.9783321889066907
3915,3915,3915,2.5250000000000004,1.8345159075303272,1.9790951400015253
3916,3916,3916,2.5266666666666673,1.8345159075303272,1.9787136644541083
3917,3917,3917,2.5283333333333324,1.8345159075303272,1.9783321889066907
3918,3918,3918,2.5300000000000002,1.8341344319829096,1.9794766155489432
3919,3919,3919,2.531666666666667,1.8341344319829096,1.9790951400015253
3920,3920,3920,2.533333333333334,1.8341344319829096,1.9790951400015253
3921,3921,3921,2.535,1.8341344319829096,1.9794766155489432
3922,3922,3922,2.536666666666667,1.8341344319829096,1.9794766155489432
3923,3923,3923,2.538333333333334,1.8337529564354924,1.9794766155489432
3924,3924,3924,2.54,1.833371480888075,1.9794766155489432
3925,3925,3925,2.541666666666668,1.8341344319829096,1.9787136644541083
3926,3926,3926,2.543333333333334,1.8341344319829096,1.9787136644541083
3927,3927,3927,2.545000000000001,1.833371480888075,1.9790951400015253
3928,3928,3928,2.5466666666666677,1.833371480888075,1.9790951400015253
3929,3929,3929,2.548333333333334,1.8337529564354924,1.9783321889066907
3930,3930,3930,2.5500000000000025,1.833371480888075,1.9790951400015253
3931,3931,3931,2.5516666666666676,1.8337529564354924,1.9790951400015253
3932,3932,3932,2.5533333333333337,1.8341344319829096,1.9783321889066907
3933,3933,3933,2.5550000000000015,1.8341344319829096,1.9783321889066907
3934,3934,3934,2.5566666666666675,1.833371480888075,1.9790951400015253
3935,3935,3935,2.5583333333333336,1.8337529564354924,1.9783321889066907
3936,3936,3936,2.5600000000000005,1.833371480888075,1.9787136644541083
3937,3937,3937,2.5616666666666674,1.833371480888075,1.9787136644541083
3938,3938,3938,2.5633333333333335,1.8329900053406576,1.9787136644541083
3939,3939,3939,2.5650000000000004,1.8326085297932402,1.9790951400015253
3940,3940,3940,2.5666666666666673,1.8326085297932402,1.9779507133592733
3941,3941,3941,2.5683333333333325,1.8326085297932402,1.9779507133592733
3942,3942,3942,2.5700000000000003,1.8318455786984047,1.9783321889066907
3943,3943,3943,2.571666666666667,1.8318455786984047,1.9783321889066907
3944,3944,3944,2.573333333333334,1.8310826276035703,1.9783321889066907
3945,3945,3945,2.575,1.831464103150988,1.9790951400015253
3946,3946,3946,2.576666666666667,1.831464103150988,1.9787136644541083
3947,3947,3947,2.578333333333334,1.831464103150988,1.9787136644541083
3948,3948,3948,2.58,1.831464103150988,1.9779507133592733
3949,3949,3949,2.581666666666668,1.831464103150988,1.9783321889066907
3950,3950,3950,2.583333333333334,1.8307011520561527,1.9787136644541083
3951,3951,3951,2.585000000000001,1.8307011520561527,1.9779507133592733
3952,3952,3952,2.586666666666668,1.8310826276035703,1.9779507133592733
3953,3953,3953,2.588333333333334,1.8310826276035703,1.9787136644541083
3954,3954,3954,2.5900000000000025,1.8303196765087357,1.9779507133592733
3955,3955,3955,2.5916666666666677,1.8299382009613183,1.977569237811856
3956,3956,3956,2.5933333333333337,1.8299382009613183,1.9783321889066907
3957,3957,3957,2.5950000000000015,1.8299382009613183,1.9779507133592733
3958,3958,3958,2.5966666666666676,1.8303196765087357,1.9787136644541083
3959,3959,3959,2.5983333333333336,1.829556725413901,1.9787136644541083
3960,3960,3960,2.6000000000000005,1.8291752498664835,1.977569237811856
3961,3961,3961,2.6016666666666675,1.829556725413901,1.9779507133592733
3962,3962,3962,2.6033333333333335,1.8287937743190656,1.9779507133592733
3963,3963,3963,2.6050000000000004,1.8284122987716493,1.977569237811856
3964,3964,3964,2.6066666666666674,1.8291752498664835,1.9771877622644387
3965,3965,3965,2.6083333333333325,1.8287937743190656,1.9768062867170213
3966,3966,3966,2.6100000000000003,1.8287937743190656,1.977569237811856
3967,3967,3967,2.6116666666666672,1.8284122987716493,1.9783321889066907
3968,3968,3968,2.613333333333334,1.8284122987716493,1.9771877622644387
3969,3969,3969,2.615,1.8287937743190656,1.9768062867170213
3970,3970,3970,2.616666666666667,1.8287937743190656,1.977569237811856
3971,3971,3971,2.618333333333334,1.8284122987716493,1.9768062867170213
3972,3972,3972,2.62,1.8284122987716493,1.976424811169604
3973,3973,3973,2.621666666666667,1.8284122987716493,1.9768062867170213
3974,3974,3974,2.623333333333334,1.8280308232242315,1.9768062867170213
3975,3975,3975,2.625,1.8280308232242315,1.9760433356221865
3976,3976,3976,2.626666666666668,1.8280308232242315,1.976424811169604
3977,3977,3977,2.628333333333334,1.8284122987716493,1.9768062867170213
3978,3978,3978,2.630000000000001,1.8280308232242315,1.9752803845273519
3979,3979,3979,2.6316666666666677,1.8280308232242315,1.9756618600747688
3980,3980,3980,2.6333333333333337,1.8280308232242315,1.9760433356221865
3981,3981,3981,2.6350000000000025,1.8287937743190656,1.9760433356221865
3982,3982,3982,2.6366666666666676,1.8280308232242315,1.9760433356221865
3983,3983,3983,2.6383333333333336,1.8280308232242315,1.9760433356221865
3984,3984,3984,2.6400000000000015,1.8276493476768136,1.9760433356221865
3985,3985,3985,2.6416666666666675,1.8276493476768136,1.9756618600747688
3986,3986,3986,2.6433333333333335,1.8276493476768136,1.9756618600747688
3987,3987,3987,2.6450000000000005,1.8284122987716493,1.9756618600747688
3988,3988,3988,2.6466666666666674,1.8276493476768136,1.9752803845273519
3989,3989,3989,2.6483333333333325,1.8272678721293965,1.9752803845273519
3990,3990,3990,2.6500000000000004,1.8280308232242315,1.9752803845273519
3991,3991,3991,2.6516666666666673,1.8284122987716493,1.9752803845273519
3992,3992,3992,2.6533333333333324,1.8284122987716493,1.9752803845273519
3993,3993,3993,2.6550000000000002,1.8284122987716493,1.9752803845273519
3994,3994,3994,2.656666666666667,1.8287937743190656,1.9745174334325168
3995,3995,3995,2.658333333333334,1.8284122987716493,1.9745174334325168
3996,3996,3996,2.66,1.8276493476768136,1.9741359578851
3997,3997,3997,2.661666666666667,1.8272678721293965,1.9748989089799345
3998,3998,3998,2.663333333333334,1.8280308232242315,1.9752803845273519
3999,3999,3999,2.665,1.8280308232242315,1.9748989089799345
4000,4000,4000,2.666666666666668,1.8280308232242315,1.973754482337682
4001,4001,4001,2.668333333333334,1.8280308232242315,1.973754482337682
4002,4002,4002,2.670000000000001,1.8280308232242315,1.9741359578851
4003,4003,4003,2.6716666666666677,1.826886396581979,1.9741359578851
4004,4004,4004,2.673333333333334,1.8272678721293965,1.9748989089799345
4005,4005,4005,2.6750000000000025,1.8276493476768136,1.9748989089799345
4006,4006,4006,2.6766666666666676,1.8280308232242315,1.9741359578851
4007,4007,4007,2.6783333333333337,1.8284122987716493,1.9741359578851
4008,4008,4008,2.6800000000000015,1.8272678721293965,1.9748989089799345
4009,4009,4009,2.6816666666666675,1.826886396581979,1.9745174334325168
4010,4010,4010,2.6833333333333336,1.8280308232242315,1.9745174334325168
4011,4011,4011,2.6850000000000005,1.8280308232242315,1.9748989089799345
4012,4012,4012,2.6866666666666674,1.8276493476768136,1.9741359578851
4013,4013,4013,2.6883333333333335,1.8280308232242315,1.9745174334325168
4014,4014,4014,2.6900000000000004,1.8280308232242315,1.9741359578851
4015,4015,4015,2.6916666666666673,1.8276493476768136,1.9745174334325168
4016,4016,4016,2.6933333333333325,1.8276493476768136,1.9745174334325168
4017,4017,4017,2.6950000000000003,1.826886396581979,1.973754482337682
4018,4018,4018,2.696666666666667,1.826886396581979,1.9741359578851
4019,4019,4019,2.698333333333334,1.826886396581979,1.9741359578851
4020,4020,4020,2.7,1.826886396581979,1.9741359578851
4021,4021,4021,2.701666666666667,1.8272678721293965,1.9745174334325168
4022,4022,4022,2.703333333333334,1.8280308232242315,1.9745174334325168
4023,4023,4023,2.705,1.8284122987716493,1.9741359578851
4024,4024,4024,2.706666666666668,1.8272678721293965,1.9745174334325168
4025,4025,4025,2.708333333333334,1.826886396581979,1.9752803845273519
4026,4026,4026,2.710000000000001,1.8276493476768136,1.9752803845273519
4027,4027,4027,2.711666666666668,1.8276493476768136,1.9748989089799345
4028,4028,4028,2.713333333333334,1.8276493476768136,1.9741359578851
4029,4029,4029,2.7150000000000025,1.8272678721293965,1.9745174334325168
4030,4030,4030,2.7166666666666677,1.8280308232242315,1.9748989089799345
4031,4031,4031,2.7183333333333337,1.8280308232242315,1.9748989089799345
4032,4032,4032,2.7200000000000015,1.8272678721293965,1.9748989089799345
4033,4033,4033,2.7216666666666676,1.8276493476768136,1.9752803845273519
4034,4034,4034,2.7233333333333336,1.8272678721293965,1.9748989089799345
4035,4035,4035,2.7250000000000005,1.826886396581979,1.9745174334325168
4036,4036,4036,2.7266666666666675,1.8276493476768136,1.9752803845273519
4037,4037,4037,2.7283333333333335,1.826886396581979,1.9752803845273519
4038,4038,4038,2.7300000000000004,1.826886396581979,1.9756618600747688
4039,4039,4039,2.7316666666666674,1.8280308232242315,1.9752803845273519
4040,4040,4040,2.7333333333333325,1.8280308232242315,1.9745174334325168
4041,4041,4041,2.7350000000000003,1.826886396581979,1.9752803845273519
4042,4042,4042,2.7366666666666672,1.8265049210345616,1.9752803845273519
4043,4043,4043,2.738333333333334,1.826886396581979,1.9756618600747688
4044,4044,4044,2.74,1.8272678721293965,1.9748989089799345
4045,4045,4045,2.741666666666667,1.826886396581979,1.9745174334325168
4046,4046,4046,2.743333333333334,1.8276493476768136,1.9745174334325168
4047,4047,4047,2.745,1.826886396581979,1.9745174334325168
4048,4048,4048,2.746666666666667,1.826886396581979,1.9748989089799345
4049,4049,4049,2.748333333333334,1.8272678721293965,1.9752803845273519
4050,4050,4050,2.75,1.826886396581979,1.9752803845273519
4051,4051,4051,2.751666666666668,1.826886396581979,1.9756618600747688
4052,4052,4052,2.753333333333334,1.8265049210345616,1.9752803845273519
4053,4053,4053,2.755000000000001,1.826886396581979,1.9756618600747688
4054,4054,4054,2.7566666666666677,1.8276493476768136,1.9756618600747688
4055,4055,4055,2.7583333333333337,1.8276493476768136,1.9752803845273519
4056,4056,4056,2.7600000000000025,1.8265049210345616,1.9752803845273519
4057,4057,4057,2.7616666666666676,1.826123445487144,1.9756618600747688
4058,4058,4058,2.7633333333333336,1.826886396581979,1.9748989089799345
4059,4059,4059,2.7650000000000015,1.826886396581979,1.9752803845273519
4060,4060,4060,2.7666666666666675,1.8276493476768136,1.9748989089799345
4061,4061,4061,2.7683333333333335,1.826886396581979,1.9745174334325168
4062,4062,4062,2.7700000000000005,1.8265049210345616,1.9748989089799345
4063,4063,4063,2.7716666666666674,1.826123445487144,1.9756618600747688
4064,4064,4064,2.7733333333333325,1.826886396581979,1.9752803845273519
4065,4065,4065,2.7750000000000004,1.826886396581979,1.9748989089799345
4066,4066,4066,2.7766666666666673,1.8276493476768136,1.9752803845273519
4067,4067,4067,2.7783333333333324,1.8272678721293965,1.9756618600747688
4068,4068,4068,2.7800000000000002,1.826886396581979,1.9756618600747688
4069,4069,4069,2.781666666666667,1.826123445487144,1.9748989089799345
4070,4070,4070,2.783333333333334,1.826123445487144,1.9748989089799345
4071,4071,4071,2.785,1.826886396581979,1.9756618600747688
4072,4072,4072,2.786666666666667,1.8272678721293965,1.9752803845273519
4073,4073,4073,2.788333333333334,1.8272678721293965,1.9752803845273519
4074,4074,4074,2.79,1.8272678721293965,1.9756618600747688
4075,4075,4075,2.791666666666668,1.826886396581979,1.9756618600747688
4076,4076,4076,2.793333333333334,1.8265049210345616,1.9745174334325168
4077,4077,4077,2.795000000000001,1.826123445487144,1.9748989089799345
4078,4078,4078,2.7966666666666677,1.8272678721293965,1.9752803845273519
4079,4079,4079,2.798333333333334,1.8272678721293965,1.9760433356221865
4080,4080,4080,2.8000000000000025,1.826123445487144,1.9752803845273519
4081,4081,4081,2.8016666666666676,1.8265049210345616,1.9741359578851
4082,4082,4082,2.8033333333333337,1.826123445487144,1.9745174334325168
4083,4083,4083,2.8050000000000015,1.8265049210345616,1.9752803845273519
4084,4084,4084,2.8066666666666675,1.8272678721293965,1.9748989089799345
4085,4085,4085,2.8083333333333336,1.8276493476768136,1.9752803845273519
4086,4086,4086,2.8100000000000005,1.8276493476768136,1.9756618600747688
4087,4087,4087,2.8116666666666674,1.8280308232242315,1.9756618600747688
4088,4088,4088,2.8133333333333335,1.8272678721293965,1.9756618600747688
4089,4089,4089,2.8150000000000004,1.8272678721293965,1.9748989089799345
4090,4090,4090,2.8166666666666673,1.8276493476768136,1.9745174334325168
4091,4091,4091,2.8183333333333325,1.8265049210345616,1.9745174334325168
4092,4092,4092,2.8200000000000003,1.8265049210345616,1.9745174334325168
4093,4093,4093,2.821666666666667,1.8280308232242315,1.9748989089799345
4094,4094,4094,2.823333333333334,1.826886396581979,1.9748989089799345
4095,4095,4095,2.825,1.826886396581979,1.9756618600747688
4096,4096,4096,2.826666666666667,1.8284122987716493,1.9756618600747688
4097,4097,4097,2.828333333333334,1.8276493476768136,1.9748989089799345
4098,4098,4098,2.83,1.8276493476768136,1.9752803845273519
4099,4099,4099,2.831666666666668,1.8276493476768136,1.9756618600747688
4100,4100,4100,2.833333333333334,1.8276493476768136,1.9756618600747688
4101,4101,4101,2.835000000000001,1.8276493476768136,1.9752803845273519
4102,4102,4102,2.836666666666668,1.8284122987716493,1.9752803845273519
4103,4103,4103,2.838333333333334,1.8280308232242315,1.9756618600747688
4104,4104,4104,2.8400000000000025,1.8276493476768136,1.9756618600747688
4105,4105,4105,2.8416666666666677,1.8284122987716493,1.9752803845273519
4106,4106,4106,2.8433333333333337,1.8287937743190656,1.9756618600747688
4107,4107,4107,2.8450000000000015,1.8276493476768136,1.9752803845273519
4108,4108,4108,2.8466666666666676,1.8284122987716493,1.9752803845273519
4109,4109,4109,2.8483333333333336,1.8287937743190656,1.9756618600747688
4110,4110,4110,2.8500000000000005,1.8284122987716493,1.9745174334325168
4111,4111,4111,2.8516666666666675,1.8276493476768136,1.9752803845273519
4112,4112,4112,2.8533333333333335,1.8276493476768136,1.976424811169604
4113,4113,4113,2.8550000000000004,1.8276493476768136,1.9756618600747688
4114,4114,4114,2.8566666666666674,1.8280308232242315,1.9752803845273519
4115,4115,4115,2.8583333333333325,1.8284122987716493,1.9756618600747688
4116,4116,4116,2.8600000000000003,1.8284122987716493,1.9760433356221865
4117,4117,4117,2.8616666666666672,1.8287937743190656,1.9760433356221865
4118,4118,4118,2.863333333333334,1.8284122987716493,1.9760433356221865
4119,4119,4119,2.865,1.8280308232242315,1.976424811169604
4120,4120,4120,2.866666666666667,1.8284122987716493,1.9756618600747688
4121,4121,4121,2.868333333333334,1.8284122987716493,1.976424811169604
4122,4122,4122,2.87,1.8280308232242315,1.976424811169604
4123,4123,4123,2.871666666666667,1.8280308232242315,1.9760433356221865
4124,4124,4124,2.873333333333334,1.8284122987716493,1.9760433356221865
4125,4125,4125,2.875,1.8280308232242315,1.9760433356221865
4126,4126,4126,2.876666666666668,1.8276493476768136,1.9760433356221865
4127,4127,4127,2.878333333333334,1.8284122987716493,1.9768062867170213
4128,4128,4128,2.880000000000001,1.8284122987716493,1.9768062867170213
4129,4129,4129,2.8816666666666677,1.8284122987716493,1.9760433356221865
4130,4130,4130,2.8833333333333337,1.8272678721293965,1.9756618600747688
4131,4131,4131,2.8850000000000025,1.8284122987716493,1.976424811169604
4132,4132,4132,2.8866666666666676,1.8284122987716493,1.9768062867170213
4133,4133,4133,2.8883333333333336,1.8280308232242315,1.9768062867170213
4134,4134,4134,2.8900000000000015,1.8284122987716493,1.976424811169604
4135,4135,4135,2.8916666666666675,1.8280308232242315,1.9756618600747688
4136,4136,4136,2.8933333333333335,1.8284122987716493,1.9756618600747688
4137,4137,4137,2.8950000000000005,1.8287937743190656,1.976424811169604
4138,4138,4138,2.8966666666666674,1.8284122987716493,1.976424811169604
4139,4139,4139,2.8983333333333325,1.8284122987716493,1.976424811169604
4140,4140,4140,2.9000000000000004,1.8284122987716493,1.976424811169604
4141,4141,4141,2.9016666666666673,1.8280308232242315,1.9760433356221865
4142,4142,4142,2.9033333333333324,1.8280308232242315,1.9752803845273519
4143,4143,4143,2.9050000000000002,1.8280308232242315,1.9760433356221865
4144,4144,4144,2.906666666666667,1.8284122987716493,1.9760433356221865
4145,4145,4145,2.908333333333334,1.8287937743190656,1.9760433356221865
4146,4146,4146,2.91,1.8287937743190656,1.9756618600747688
4147,4147,4147,2.911666666666667,1.8287937743190656,1.9760433356221865
4148,4148,4148,2.913333333333334,1.8287937743190656,1.9760433356221865
4149,4149,4149,2.915,1.8287937743190656,1.9756618600747688
4150,4150,4150,2.916666666666668,1.8284122987716493,1.9752803845273519
4151,4151,4151,2.918333333333334,1.8284122987716493,1.976424811169604
4152,4152,4152,2.920000000000001,1.8284122987716493,1.9752803845273519
4153,4153,4153,2.9216666666666677,1.8284122987716493,1.9752803845273519
4154,4154,4154,2.923333333333334,1.8287937743190656,1.9756618600747688
4155,4155,4155,2.9250000000000025,1.8276493476768136,1.9756618600747688
4156,4156,4156,2.9266666666666676,1.8280308232242315,1.9752803845273519
4157,4157,4157,2.9283333333333337,1.8284122987716493,1.9756618600747688
4158,4158,4158,2.9300000000000015,1.8291752498664835,1.9760433356221865
4159,4159,4159,2.9316666666666675,1.8287937743190656,1.9760433356221865
4160,4160,4160,2.9333333333333336,1.8276493476768136,1.976424811169604
4161,4161,4161,2.9350000000000005,1.8284122987716493,1.9760433356221865
4162,4162,4162,2.9366666666666674,1.8287937743190656,1.976424811169604
4163,4163,4163,2.9383333333333335,1.8280308232242315,1.9756618600747688
4164,4164,4164,2.9400000000000004,1.8280308232242315,1.9752803845273519
4165,4165,4165,2.9416666666666673,1.8284122987716493,1.9756618600747688
4166,4166,4166,2.9433333333333325,1.8287937743190656,1.9760433356221865
4167,4167,4167,2.9450000000000003,1.8280308232242315,1.9756618600747688
4168,4168,4168,2.946666666666667,1.826886396581979,1.9760433356221865
4169,4169,4169,2.948333333333334,1.8280308232242315,1.9756618600747688
4170,4170,4170,2.95,1.8287937743190656,1.9756618600747688
4171,4171,4171,2.951666666666667,1.8287937743190656,1.9756618600747688
4172,4172,4172,2.953333333333334,1.8287937743190656,1.9760433356221865
4173,4173,4173,2.955,1.8287937743190656,1.9756618600747688
4174,4174,4174,2.956666666666668,1.8276493476768136,1.976424811169604
4175,4175,4175,2.958333333333334,1.8280308232242315,1.976424811169604
4176,4176,4176,2.960000000000001,1.8287937743190656,1.9760433356221865
4177,4177,4177,2.961666666666668,1.8284122987716493,1.9760433356221865
4178,4178,4178,2.963333333333334,1.8284122987716493,1.9768062867170213
4179,4179,4179,2.9650000000000025,1.8284122987716493,1.976424811169604
4180,4180,4180,2.9666666666666677,1.8287937743190656,1.9760433356221865
4181,4181,4181,2.9683333333333337,1.8287937743190656,1.976424811169604
4182,4182,4182,2.9700000000000015,1.8287937743190656,1.9768062867170213
4183,4183,4183,2.9716666666666676,1.8287937743190656,1.976424811169604
4184,4184,4184,2.9733333333333336,1.8287937743190656,1.9756618600747688
4185,4185,4185,2.9750000000000005,1.8287937743190656,1.9760433356221865
4186,4186,4186,2.9766666666666675,1.8287937743190656,1.9760433356221865
4187,4187,4187,2.9783333333333335,1.8287937743190656,1.9760433356221865
4188,4188,4188,2.9800000000000004,1.8287937743190656,1.9760433356221865
4189,4189,4189,2.9816666666666674,1.8291752498664835,1.9760433356221865
4190,4190,4190,2.9833333333333325,1.8287937743190656,1.9756618600747688
4191,4191,4191,2.9850000000000003,1.8287937743190656,1.9752803845273519
4192,4192,4192,2.9866666666666672,1.829556725413901,1.9756618600747688
4193,4193,4193,2.988333333333334,1.8287937743190656,1.9752803845273519
4194,4194,4194,2.99,1.8287937743190656,1.9748989089799345
4195,4195,4195,2.991666666666667,1.8284122987716493,1.9748989089799345
4196,4196,4196,2.993333333333334,1.8284122987716493,1.9752803845273519
4197,4197,4197,2.995,1.8287937743190656,1.9752803845273519
4198,4198,4198,2.996666666666667,1.8291752498664835,1.9752803845273519
4199,4199,4199,2.998333333333334,1.829556725413901,1.9748989089799345
4200,4200,4200,3.000000000000001,1.8299382009613183,1.9756618600747688
4201,4201,4201,3.001666666666668,1.829556725413901,1.9756618600747688
4202,4202,4202,3.003333333333334,1.8291752498664835,1.9745174334325168
4203,4203,4203,3.005000000000001,1.8291752498664835,1.9748989089799345
4204,4204,4204,3.0066666666666677,1.829556725413901,1.9752803845273519
4205,4205,4205,3.0083333333333337,1.829556725413901,1.9741359578851
4206,4206,4206,3.0100000000000025,1.8291752498664835,1.9748989089799345
4207,4207,4207,3.0116666666666676,1.8299382009613183,1.9745174334325168
4208,4208,4208,3.0133333333333336,1.829556725413901,1.9748989089799345
4209,4209,4209,3.0150000000000015,1.829556725413901,1.9756618600747688
4210,4210,4210,3.0166666666666675,1.8287937743190656,1.9756618600747688
4211,4211,4211,3.0183333333333335,1.8287937743190656,1.9752803845273519
4212,4212,4212,3.0200000000000005,1.829556725413901,1.9752803845273519
4213,4213,4213,3.0216666666666674,1.829556725413901,1.9752803845273519
4214,4214,4214,3.0233333333333325,1.8291752498664835,1.9752803845273519
4215,4215,4215,3.0250000000000004,1.8284122987716493,1.9752803845273519
4216,4216,4216,3.0266666666666673,1.8287937743190656,1.9752803845273519
4217,4217,4217,3.0283333333333324,1.8287937743190656,1.9752803845273519
4218,4218,4218,3.0300000000000002,1.8291752498664835,1.9756618600747688
4219,4219,4219,3.031666666666667,1.8284122987716493,1.9756618600747688
4220,4220,4220,3.033333333333334,1.8287937743190656,1.9760433356221865
4221,4221,4221,3.035,1.8287937743190656,1.976424811169604
4222,4222,4222,3.036666666666667,1.8291752498664835,1.9756618600747688
4223,4223,4223,3.038333333333334,1.8291752498664835,1.9756618600747688
4224,4224,4224,3.04,1.829556725413901,1.9756618600747688
4225,4225,4225,3.041666666666668,1.8287937743190656,1.9756618600747688
4226,4226,4226,3.043333333333334,1.8287937743190656,1.9760433356221865
4227,4227,4227,3.045000000000001,1.8287937743190656,1.9756618600747688
4228,4228,4228,3.0466666666666677,1.8287937743190656,1.9752803845273519
4229,4229,4229,3.048333333333334,1.8287937743190656,1.9748989089799345
4230,4230,4230,3.0500000000000025,1.829556725413901,1.9760433356221865
4231,4231,4231,3.0516666666666676,1.8299382009613183,1.9760433356221865
4232,4232,4232,3.0533333333333337,1.8291752498664835,1.9756618600747688
4233,4233,4233,3.0550000000000015,1.8287937743190656,1.9756618600747688
4234,4234,4234,3.0566666666666675,1.8276493476768136,1.976424811169604
4235,4235,4235,3.0583333333333336,1.8291752498664835,1.9760433356221865
4236,4236,4236,3.0600000000000005,1.8291752498664835,1.9752803845273519
4237,4237,4237,3.0616666666666674,1.8291752498664835,1.9752803845273519
4238,4238,4238,3.0633333333333335,1.829556725413901,1.9756618600747688
4239,4239,4239,3.0650000000000004,1.8291752498664835,1.9756618600747688
4240,4240,4240,3.0666666666666673,1.8284122987716493,1.9745174334325168
4241,4241,4241,3.0683333333333325,1.8287937743190656,1.9745174334325168
4242,4242,4242,3.0700000000000003,1.8287937743190656,1.9756618600747688
4243,4243,4243,3.071666666666667,1.8291752498664835,1.9760433356221865
4244,4244,4244,3.073333333333334,1.8291752498664835,1.9760433356221865
4245,4245,4245,3.075,1.8303196765087357,1.9760433356221865
4246,4246,4246,3.076666666666667,1.829556725413901,1.9752803845273519
4247,4247,4247,3.078333333333334,1.8291752498664835,1.9748989089799345
4248,4248,4248,3.08,1.8291752498664835,1.9756618600747688
4249,4249,4249,3.081666666666668,1.829556725413901,1.9760433356221865
4250,4250,4250,3.083333333333334,1.8291752498664835,1.9756618600747688
4251,4251,4251,3.085000000000001,1.8303196765087357,1.9756618600747688
4252,4252,4252,3.086666666666668,1.8299382009613183,1.9756618600747688
4253,4253,4253,3.088333333333334,1.8291752498664835,1.9760433356221865
4254,4254,4254,3.0900000000000025,1.8291752498664835,1.9756618600747688
4255,4255,4255,3.0916666666666677,1.8291752498664835,1.9760433356221865
4256,4256,4256,3.0933333333333337,1.829556725413901,1.9760433356221865
4257,4257,4257,3.0950000000000015,1.829556725413901,1.9760433356221865
4258,4258,4258,3.0966666666666676,1.829556725413901,1.9760433356221865
4259,4259,4259,3.0983333333333336,1.8299382009613183,1.9756618600747688
4260,4260,4260,3.1000000000000005,1.829556725413901,1.9748989089799345
4261,4261,4261,3.1016666666666675,1.8291752498664835,1.976424811169604
4262,4262,4262,3.1033333333333335,1.8291752498664835,1.976424811169604
4263,4263,4263,3.1050000000000004,1.8291752498664835,1.9756618600747688
4264,4264,4264,3.1066666666666674,1.829556725413901,1.9756618600747688
4265,4265,4265,3.1083333333333325,1.8291752498664835,1.9760433356221865
4266,4266,4266,3.1100000000000003,1.8287937743190656,1.9756618600747688
4267,4267,4267,3.1116666666666672,1.8287937743190656,1.9756618600747688
4268,4268,4268,3.113333333333334,1.8291752498664835,1.9756618600747688
4269,4269,4269,3.115,1.8291752498664835,1.9752803845273519
4270,4270,4270,3.116666666666667,1.829556725413901,1.9756618600747688
4271,4271,4271,3.118333333333334,1.8284122987716493,1.9760433356221865
4272,4272,4272,3.12,1.8291752498664835,1.976424811169604
4273,4273,4273,3.121666666666667,1.829556725413901,1.976424811169604
4274,4274,4274,3.123333333333334,1.8287937743190656,1.9760433356221865
4275,4275,4275,3.125000000000001,1.8284122987716493,1.9756618600747688
4276,4276,4276,3.126666666666668,1.8284122987716493,1.976424811169604
4277,4277,4277,3.128333333333334,1.8287937743190656,1.976424811169604
4278,4278,4278,3.130000000000001,1.829556725413901,1.9760433356221865
4279,4279,4279,3.1316666666666677,1.829556725413901,1.976424811169604
4280,4280,4280,3.1333333333333337,1.8284122987716493,1.9768062867170213
4281,4281,4281,3.1350000000000025,1.8284122987716493,1.976424811169604
4282,4282,4282,3.1366666666666676,1.8287937743190656,1.9760433356221865
4283,4283,4283,3.1383333333333336,1.8284122987716493,1.9760433356221865
4284,4284,4284,3.1400000000000015,1.8291752498664835,1.9760433356221865
4285,4285,4285,3.1416666666666675,1.829556725413901,1.9768062867170213
4286,4286,4286,3.1433333333333335,1.8299382009613183,1.9760433356221865
4287,4287,4287,3.1450000000000005,1.8291752498664835,1.9760433356221865
4288,4288,4288,3.1466666666666674,1.8287937743190656,1.9756618600747688
4289,4289,4289,3.1483333333333325,1.8287937743190656,1.9760433356221865
4290,4290,4290,3.1500000000000004,1.8291752498664835,1.9760433356221865
4291,4291,4291,3.1516666666666673,1.8287937743190656,1.9760433356221865
4292,4292,4292,3.1533333333333324,1.8291752498664835,1.9756618600747688
4293,4293,4293,3.1550000000000002,1.8291752498664835,1.9760433356221865
4294,4294,4294,3.156666666666667,1.829556725413901,1.9756618600747688
4295,4295,4295,3.158333333333334,1.8299382009613183,1.9756618600747688
4296,4296,4296,3.16,1.8287937743190656,1.9760433356221865
4297,4297,4297,3.161666666666667,1.8287937743190656,1.9756618600747688
4298,4298,4298,3.163333333333334,1.829556725413901,1.9745174334325168
4299,4299,4299,3.165,1.8291752498664835,1.9748989089799345
4300,4300,4300,3.166666666666668,1.829556725413901,1.9745174334325168
4301,4301,4301,3.168333333333334,1.8303196765087357,1.9745174334325168
4302,4302,4302,3.170000000000001,1.829556725413901,1.9745174334325168
4303,4303,4303,3.1716666666666677,1.8287937743190656,1.9748989089799345
4304,4304,4304,3.173333333333334,1.829556725413901,1.9748989089799345
4305,4305,4305,3.1750000000000025,1.8291752498664835,1.973754482337682
4306,4306,4306,3.1766666666666676,1.8287937743190656,1.9729915312428472
4307,4307,4307,3.1783333333333337,1.8291752498664835,1.9726100556954296
4308,4308,4308,3.1800000000000015,1.8291752498664835,1.973754482337682
4309,4309,4309,3.1816666666666675,1.8287937743190656,1.9733730067902648
4310,4310,4310,3.1833333333333336,1.8291752498664835,1.9733730067902648
4311,4311,4311,3.1850000000000005,1.829556725413901,1.9733730067902648
4312,4312,4312,3.1866666666666674,1.8299382009613183,1.971847104600595
4313,4313,4313,3.1883333333333335,1.8299382009613183,1.971847104600595
4314,4314,4314,3.1900000000000004,1.8303196765087357,1.9722285801480124
4315,4315,4315,3.1916666666666673,1.829556725413901,1.971847104600595
4316,4316,4316,3.1933333333333325,1.8291752498664835,1.971847104600595
4317,4317,4317,3.1950000000000003,1.829556725413901,1.9714656290531776
4318,4318,4318,3.196666666666667,1.8287937743190656,1.971847104600595
4319,4319,4319,3.198333333333334,1.8287937743190656,1.9707026779583428
4320,4320,4320,3.2,1.829556725413901,1.9707026779583428
4321,4321,4321,3.201666666666667,1.8291752498664835,1.9707026779583428
4322,4322,4322,3.203333333333334,1.8299382009613183,1.9707026779583428
4323,4323,4323,3.205,1.829556725413901,1.9707026779583428
4324,4324,4324,3.206666666666668,1.8287937743190656,1.9714656290531776
4325,4325,4325,3.208333333333334,1.829556725413901,1.9707026779583428
4326,4326,4326,3.210000000000001,1.8303196765087357,1.970321202410925
4327,4327,4327,3.211666666666668,1.8291752498664835,1.9707026779583428
4328,4328,4328,3.213333333333334,1.8287937743190656,1.970321202410925
4329,4329,4329,3.2150000000000025,1.8287937743190656,1.9707026779583428
4330,4330,4330,3.2166666666666677,1.8299382009613183,1.9707026779583428
4331,4331,4331,3.2183333333333337,1.8303196765087357,1.9710841535057602
4332,4332,4332,3.2200000000000015,1.8291752498664835,1.9710841535057602
4333,4333,4333,3.2216666666666676,1.8291752498664835,1.9707026779583428
4334,4334,4334,3.2233333333333336,1.8291752498664835,1.9710841535057602
4335,4335,4335,3.2249999999999996,1.8287937743190656,1.9707026779583428
4336,4336,4336,3.2266666666666675,1.829556725413901,1.970321202410925
4337,4337,4337,3.2283333333333326,1.829556725413901,1.9710841535057602
4338,4338,4338,3.2300000000000004,1.8291752498664835,1.9707026779583428
4339,4339,4339,3.2316666666666674,1.829556725413901,1.9707026779583428
4340,4340,4340,3.2333333333333316,1.829556725413901,1.970321202410925
4341,4341,4341,3.2350000000000003,1.8287937743190656,1.9707026779583428
4342,4342,4342,3.2366666666666672,1.8284122987716493,1.9714656290531776
4343,4343,4343,3.238333333333334,1.829556725413901,1.9707026779583428
4344,4344,4344,3.24,1.829556725413901,1.969939726863508
4345,4345,4345,3.241666666666667,1.8291752498664835,1.970321202410925
4346,4346,4346,3.243333333333334,1.8287937743190656,1.9710841535057602
4347,4347,4347,3.245,1.829556725413901,1.970321202410925
4348,4348,4348,3.246666666666667,1.8303196765087357,1.9710841535057602
4349,4349,4349,3.248333333333334,1.829556725413901,1.9710841535057602
4350,4350,4350,3.250000000000001,1.829556725413901,1.9714656290531776
4351,4351,4351,3.251666666666668,1.829556725413901,1.9714656290531776
4352,4352,4352,3.253333333333334,1.8291752498664835,1.9707026779583428
4353,4353,4353,3.255000000000001,1.8291752498664835,1.9707026779583428
4354,4354,4354,3.2566666666666677,1.8291752498664835,1.9707026779583428
4355,4355,4355,3.2583333333333337,1.8291752498664835,1.970321202410925
4356,4356,4356,3.2600000000000025,1.829556725413901,1.9707026779583428
4357,4357,4357,3.2616666666666676,1.829556725413901,1.9710841535057602
4358,4358,4358,3.2633333333333336,1.8291752498664835,1.9714656290531776
4359,4359,4359,3.2650000000000015,1.8287937743190656,1.9714656290531776
4360,4360,4360,3.2666666666666675,1.8287937743190656,1.9707026779583428
4361,4361,4361,3.2683333333333326,1.8287937743190656,1.9707026779583428
4362,4362,4362,3.2699999999999996,1.8287937743190656,1.9710841535057602
4363,4363,4363,3.2716666666666674,1.8287937743190656,1.9707026779583428
4364,4364,4364,3.2733333333333308,1.829556725413901,1.9707026779583428
4365,4365,4365,3.2750000000000004,1.829556725413901,1.9710841535057602
4366,4366,4366,3.2766666666666673,1.8287937743190656,1.9710841535057602
4367,4367,4367,3.2783333333333324,1.8287937743190656,1.971847104600595
4368,4368,4368,3.2800000000000002,1.8287937743190656,1.9710841535057602
4369,4369,4369,3.281666666666667,1.8284122987716493,1.9707026779583428
4370,4370,4370,3.283333333333334,1.8284122987716493,1.9707026779583428
4371,4371,4371,3.285,1.8284122987716493,1.9710841535057602
4372,4372,4372,3.286666666666667,1.8287937743190656,1.9710841535057602
4373,4373,4373,3.288333333333334,1.8280308232242315,1.971847104600595
4374,4374,4374,3.29,1.8284122987716493,1.971847104600595
4375,4375,4375,3.291666666666668,1.8276493476768136,1.9710841535057602
4376,4376,4376,3.293333333333334,1.826886396581979,1.9710841535057602
4377,4377,4377,3.295000000000001,1.8265049210345616,1.9710841535057602
4378,4378,4378,3.2966666666666677,1.826886396581979,1.9707026779583428
4379,4379,4379,3.298333333333334,1.8265049210345616,1.9710841535057602
4380,4380,4380,3.3000000000000025,1.8272678721293965,1.9714656290531776
4381,4381,4381,3.3016666666666676,1.826886396581979,1.9710841535057602
4382,4382,4382,3.3033333333333337,1.826886396581979,1.9714656290531776
4383,4383,4383,3.3050000000000015,1.8272678721293965,1.9714656290531776
4384,4384,4384,3.3066666666666675,1.826886396581979,1.971847104600595
4385,4385,4385,3.3083333333333336,1.826123445487144,1.9714656290531776
4386,4386,4386,3.3099999999999996,1.8257419699397268,1.971847104600595
4387,4387,4387,3.3116666666666674,1.8253604943923087,1.9714656290531776
4388,4388,4388,3.3133333333333326,1.8253604943923087,1.9714656290531776
4389,4389,4389,3.3150000000000004,1.826123445487144,1.9714656290531776
4390,4390,4390,3.3166666666666673,1.8245975432974744,1.9714656290531776
4391,4391,4391,3.3183333333333325,1.8253604943923087,1.9710841535057602
4392,4392,4392,3.3200000000000003,1.8257419699397268,1.9714656290531776
4393,4393,4393,3.321666666666667,1.8245975432974744,1.9714656290531776
4394,4394,4394,3.323333333333334,1.8238345922026398,1.9714656290531776
4395,4395,4395,3.325,1.8242160677500567,1.9714656290531776
4396,4396,4396,3.326666666666667,1.8238345922026398,1.9710841535057602
4397,4397,4397,3.328333333333334,1.8234531166552224,1.9710841535057602
4398,4398,4398,3.33,1.8238345922026398,1.971847104600595
4399,4399,4399,3.331666666666668,1.824979018844892,1.971847104600595
4400,4400,4400,3.333333333333334,1.824979018844892,1.9714656290531776
4401,4401,4401,3.335000000000001,1.8242160677500567,1.9710841535057602
4402,4402,4402,3.336666666666668,1.824979018844892,1.9714656290531776
4403,4403,4403,3.338333333333334,1.8242160677500567,1.9722285801480124
4404,4404,4404,3.3400000000000025,1.8242160677500567,1.9722285801480124
4405,4405,4405,3.3416666666666677,1.8238345922026398,1.9714656290531776
4406,4406,4406,3.3433333333333337,1.8238345922026398,1.9714656290531776
4407,4407,4407,3.3450000000000015,1.8245975432974744,1.9714656290531776
4408,4408,4408,3.3466666666666676,1.8245975432974744,1.9714656290531776
4409,4409,4409,3.3483333333333336,1.8238345922026398,1.9714656290531776
4410,4410,4410,3.3499999999999996,1.824979018844892,1.9714656290531776
4411,4411,4411,3.3516666666666675,1.8245975432974744,1.9714656290531776
4412,4412,4412,3.3533333333333326,1.8242160677500567,1.9714656290531776
4413,4413,4413,3.3550000000000004,1.824979018844892,1.9714656290531776
4414,4414,4414,3.3566666666666674,1.8242160677500567,1.9707026779583428
4415,4415,4415,3.3583333333333316,1.8238345922026398,1.9710841535057602
4416,4416,4416,3.3600000000000003,1.8242160677500567,1.971847104600595
4417,4417,4417,3.3616666666666672,1.8242160677500567,1.971847104600595
4418,4418,4418,3.363333333333334,1.8242160677500567,1.9710841535057602
4419,4419,4419,3.365,1.824979018844892,1.9710841535057602
4420,4420,4420,3.366666666666667,1.8242160677500567,1.9722285801480124
4421,4421,4421,3.368333333333334,1.8245975432974744,1.9722285801480124
4422,4422,4422,3.37,1.8242160677500567,1.971847104600595
4423,4423,4423,3.371666666666667,1.824979018844892,1.971847104600595
4424,4424,4424,3.373333333333334,1.8238345922026398,1.9714656290531776
4425,4425,4425,3.375000000000001,1.8238345922026398,1.9714656290531776
4426,4426,4426,3.376666666666668,1.8245975432974744,1.9714656290531776
4427,4427,4427,3.378333333333334,1.824979018844892,1.9714656290531776
4428,4428,4428,3.380000000000001,1.8253604943923087,1.9710841535057602
4429,4429,4429,3.3816666666666677,1.8242160677500567,1.971847104600595
4430,4430,4430,3.3833333333333337,1.8242160677500567,1.9714656290531776
4431,4431,4431,3.3850000000000025,1.8238345922026398,1.9710841535057602
4432,4432,4432,3.3866666666666676,1.8238345922026398,1.9710841535057602
4433,4433,4433,3.3883333333333336,1.8242160677500567,1.9707026779583428
4434,4434,4434,3.3900000000000015,1.8245975432974744,1.9707026779583428
4435,4435,4435,3.3916666666666675,1.8242160677500567,1.9714656290531776
4436,4436,4436,3.3933333333333326,1.824979018844892,1.9714656290531776
4437,4437,4437,3.3949999999999996,1.8242160677500567,1.971847104600595
4438,4438,4438,3.3966666666666674,1.8238345922026398,1.971847104600595
4439,4439,4439,3.3983333333333308,1.8242160677500567,1.971847104600595
4440,4440,4440,3.4000000000000004,1.8238345922026398,1.9714656290531776
4441,4441,4441,3.4016666666666673,1.8238345922026398,1.9714656290531776
4442,4442,4442,3.4033333333333324,1.8238345922026398,1.9710841535057602
4443,4443,4443,3.4050000000000002,1.8238345922026398,1.9714656290531776
4444,4444,4444,3.406666666666667,1.8238345922026398,1.971847104600595
4445,4445,4445,3.408333333333334,1.8238345922026398,1.971847104600595
4446,4446,4446,3.41,1.8242160677500567,1.971847104600595
4447,4447,4447,3.411666666666667,1.824979018844892,1.9722285801480124
4448,4448,4448,3.413333333333334,1.8245975432974744,1.971847104600595
4449,4449,4449,3.415,1.8238345922026398,1.9714656290531776
4450,4450,4450,3.416666666666668,1.8238345922026398,1.9710841535057602
4451,4451,4451,3.418333333333334,1.8245975432974744,1.9714656290531776
4452,4452,4452,3.420000000000001,1.824979018844892,1.971847104600595
4453,4453,4453,3.4216666666666677,1.824979018844892,1.9722285801480124
4454,4454,4454,3.423333333333334,1.8245975432974744,1.9722285801480124
4455,4455,4455,3.4250000000000025,1.824979018844892,1.9726100556954296
4456,4456,4456,3.4266666666666676,1.824979018844892,1.9726100556954296
4457,4457,4457,3.4283333333333337,1.824979018844892,1.9722285801480124
4458,4458,4458,3.4300000000000015,1.8253604943923087,1.971847104600595
4459,4459,4459,3.4316666666666675,1.8242160677500567,1.9714656290531776
4460,4460,4460,3.4333333333333336,1.8234531166552224,1.9710841535057602
4461,4461,4461,3.4349999999999996,1.8242160677500567,1.9729915312428472
4462,4462,4462,3.4366666666666674,1.8253604943923087,1.9729915312428472
4463,4463,4463,3.4383333333333326,1.8242160677500567,1.971847104600595
4464,4464,4464,3.4400000000000004,1.8253604943923087,1.9726100556954296
4465,4465,4465,3.4416666666666673,1.8253604943923087,1.9726100556954296
4466,4466,4466,3.4433333333333325,1.8253604943923087,1.9714656290531776
4467,4467,4467,3.4450000000000003,1.8253604943923087,1.9714656290531776
4468,4468,4468,3.446666666666667,1.824979018844892,1.971847104600595
4469,4469,4469,3.448333333333334,1.8245975432974744,1.9714656290531776
4470,4470,4470,3.45,1.824979018844892,1.9710841535057602
4471,4471,4471,3.451666666666667,1.8245975432974744,1.9722285801480124
4472,4472,4472,3.453333333333334,1.8245975432974744,1.9729915312428472
4473,4473,4473,3.455,1.8242160677500567,1.9722285801480124
4474,4474,4474,3.456666666666668,1.824979018844892,1.971847104600595
4475,4475,4475,3.458333333333334,1.8245975432974744,1.9722285801480124
4476,4476,4476,3.460000000000001,1.8242160677500567,1.9722285801480124
4477,4477,4477,3.461666666666668,1.8245975432974744,1.971847104600595
4478,4478,4478,3.463333333333334,1.8253604943923087,1.9722285801480124
4479,4479,4479,3.4650000000000025,1.824979018844892,1.9722285801480124
4480,4480,4480,3.4666666666666677,1.8242160677500567,1.9733730067902648
4481,4481,4481,3.4683333333333337,1.8234531166552224,1.9722285801480124
4482,4482,4482,3.4700000000000015,1.8234531166552224,1.9726100556954296
4483,4483,4483,3.4716666666666676,1.8234531166552224,1.9733730067902648
4484,4484,4484,3.4733333333333336,1.8234531166552224,1.9726100556954296
4485,4485,4485,3.4749999999999996,1.8234531166552224,1.9726100556954296
4486,4486,4486,3.4766666666666675,1.8234531166552224,1.9729915312428472
4487,4487,4487,3.4783333333333326,1.8242160677500567,1.9726100556954296
4488,4488,4488,3.4800000000000004,1.824979018844892,1.9726100556954296
4489,4489,4489,3.4816666666666674,1.8234531166552224,1.9726100556954296
4490,4490,4490,3.4833333333333316,1.8230716411078047,1.9726100556954296
4491,4491,4491,3.4850000000000003,1.8230716411078047,1.9726100556954296
4492,4492,4492,3.4866666666666672,1.8238345922026398,1.9726100556954296
4493,4493,4493,3.488333333333334,1.8234531166552224,1.9729915312428472
4494,4494,4494,3.49,1.8230716411078047,1.9726100556954296
4495,4495,4495,3.491666666666667,1.8234531166552224,1.9729915312428472
4496,4496,4496,3.493333333333334,1.8242160677500567,1.9729915312428472
4497,4497,4497,3.495,1.8242160677500567,1.9722285801480124
4498,4498,4498,3.496666666666667,1.8230716411078047,1.9726100556954296
4499,4499,4499,3.498333333333334,1.82230869001297,1.9733730067902648
4500,4500,4500,3.500000000000001,1.8226901655603875,1.973754482337682
4501,4501,4501,3.501666666666668,1.82230869001297,1.973754482337682
4502,4502,4502,3.503333333333334,1.8230716411078047,1.9729915312428472
4503,4503,4503,3.505000000000001,1.8230716411078047,1.9726100556954296
4504,4504,4504,3.5066666666666677,1.8226901655603875,1.9729915312428472
4505,4505,4505,3.5083333333333337,1.82230869001297,1.9722285801480124
4506,4506,4506,3.5100000000000025,1.8226901655603875,1.9722285801480124
4507,4507,4507,3.5116666666666676,1.8226901655603875,1.9726100556954296
4508,4508,4508,3.5133333333333336,1.8219272144655527,1.9729915312428472
4509,4509,4509,3.5150000000000015,1.82230869001297,1.9726100556954296
4510,4510,4510,3.5166666666666675,1.8230716411078047,1.971847104600595
4511,4511,4511,3.5183333333333326,1.8230716411078047,1.9722285801480124
4512,4512,4512,3.5199999999999996,1.8226901655603875,1.9722285801480124
4513,4513,4513,3.5216666666666674,1.8226901655603875,1.9722285801480124
4514,4514,4514,3.5233333333333308,1.82230869001297,1.9726100556954296
4515,4515,4515,3.5250000000000004,1.8219272144655527,1.971847104600595
4516,4516,4516,3.5266666666666673,1.8226901655603875,1.9722285801480124
4517,4517,4517,3.5283333333333324,1.8226901655603875,1.9729915312428472
4518,4518,4518,3.5300000000000002,1.8226901655603875,1.9726100556954296
4519,4519,4519,3.531666666666667,1.8226901655603875,1.9729915312428472
4520,4520,4520,3.533333333333334,1.8219272144655527,1.9733730067902648
4521,4521,4521,3.535,1.8219272144655527,1.9729915312428472
4522,4522,4522,3.536666666666667,1.82230869001297,1.9726100556954296
4523,4523,4523,3.538333333333334,1.8219272144655527,1.9733730067902648
4524,4524,4524,3.540000000000001,1.8215457389181355,1.9733730067902648
4525,4525,4525,3.541666666666668,1.8207827878233005,1.973754482337682
4526,4526,4526,3.543333333333334,1.821164263370718,1.9733730067902648
4527,4527,4527,3.545000000000001,1.8219272144655527,1.9733730067902648
4528,4528,4528,3.5466666666666677,1.82230869001297,1.973754482337682
4529,4529,4529,3.548333333333334,1.82230869001297,1.9733730067902648
4530,4530,4530,3.5500000000000025,1.8226901655603875,1.9733730067902648
4531,4531,4531,3.5516666666666676,1.8230716411078047,1.9733730067902648
4532,4532,4532,3.5533333333333337,1.8226901655603875,1.9733730067902648
4533,4533,4533,3.5550000000000015,1.8226901655603875,1.9726100556954296
4534,4534,4534,3.5566666666666675,1.8226901655603875,1.9733730067902648
4535,4535,4535,3.5583333333333336,1.82230869001297,1.9733730067902648
4536,4536,4536,3.5599999999999996,1.8219272144655527,1.9729915312428472
4537,4537,4537,3.5616666666666674,1.821164263370718,1.973754482337682
4538,4538,4538,3.5633333333333326,1.8219272144655527,1.9745174334325168
4539,4539,4539,3.5650000000000004,1.82230869001297,1.973754482337682
4540,4540,4540,3.5666666666666673,1.8219272144655527,1.973754482337682
4541,4541,4541,3.5683333333333325,1.82230869001297,1.973754482337682
4542,4542,4542,3.5700000000000003,1.82230869001297,1.973754482337682
4543,4543,4543,3.571666666666667,1.8215457389181355,1.973754482337682
4544,4544,4544,3.573333333333334,1.8226901655603875,1.9733730067902648
4545,4545,4545,3.575,1.8226901655603875,1.9733730067902648
4546,4546,4546,3.576666666666667,1.8215457389181355,1.9733730067902648
4547,4547,4547,3.578333333333334,1.8215457389181355,1.9733730067902648
4548,4548,4548,3.58,1.8215457389181355,1.9729915312428472
4549,4549,4549,3.581666666666668,1.8219272144655527,1.9729915312428472
4550,4550,4550,3.583333333333334,1.82230869001297,1.973754482337682
4551,4551,4551,3.585000000000001,1.8215457389181355,1.9741359578851
4552,4552,4552,3.586666666666668,1.8215457389181355,1.9733730067902648
4553,4553,4553,3.588333333333334,1.8230716411078047,1.9729915312428472
4554,4554,4554,3.5900000000000025,1.82230869001297,1.9726100556954296
4555,4555,4555,3.5916666666666677,1.8215457389181355,1.9726100556954296
4556,4556,4556,3.5933333333333337,1.8230716411078047,1.9722285801480124
4557,4557,4557,3.5950000000000015,1.8230716411078047,1.9729915312428472
4558,4558,4558,3.5966666666666676,1.8215457389181355,1.9726100556954296
4559,4559,4559,3.5983333333333336,1.8219272144655527,1.9729915312428472
4560,4560,4560,3.5999999999999996,1.8219272144655527,1.973754482337682
4561,4561,4561,3.6016666666666675,1.8219272144655527,1.9733730067902648
4562,4562,4562,3.6033333333333326,1.82230869001297,1.9726100556954296
4563,4563,4563,3.6050000000000004,1.8219272144655527,1.971847104600595
4564,4564,4564,3.6066666666666674,1.8219272144655527,1.9726100556954296
4565,4565,4565,3.6083333333333316,1.8215457389181355,1.9726100556954296
4566,4566,4566,3.6100000000000003,1.8219272144655527,1.9726100556954296
4567,4567,4567,3.6116666666666672,1.82230869001297,1.9722285801480124
4568,4568,4568,3.613333333333334,1.8219272144655527,1.9726100556954296
4569,4569,4569,3.615,1.82230869001297,1.9733730067902648
4570,4570,4570,3.616666666666667,1.8226901655603875,1.9729915312428472
4571,4571,4571,3.618333333333334,1.8219272144655527,1.971847104600595
4572,4572,4572,3.62,1.82230869001297,1.9714656290531776
4573,4573,4573,3.621666666666667,1.8226901655603875,1.9714656290531776
4574,4574,4574,3.623333333333334,1.82230869001297,1.971847104600595
4575,4575,4575,3.625000000000001,1.821164263370718,1.9722285801480124
4576,4576,4576,3.626666666666668,1.821164263370718,1.9722285801480124
4577,4577,4577,3.628333333333334,1.821164263370718,1.9722285801480124
4578,4578,4578,3.630000000000001,1.821164263370718,1.971847104600595
4579,4579,4579,3.6316666666666677,1.82230869001297,1.971847104600595
4580,4580,4580,3.6333333333333337,1.82230869001297,1.9714656290531776
4581,4581,4581,3.6350000000000025,1.8226901655603875,1.9710841535057602
4582,4582,4582,3.6366666666666676,1.8226901655603875,1.971847104600595
4583,4583,4583,3.6383333333333336,1.8226901655603875,1.9726100556954296
4584,4584,4584,3.6400000000000015,1.8226901655603875,1.971847104600595
4585,4585,4585,3.6416666666666675,1.82230869001297,1.971847104600595
4586,4586,4586,3.6433333333333326,1.8219272144655527,1.9714656290531776
4587,4587,4587,3.6449999999999996,1.8215457389181355,1.9714656290531776
4588,4588,4588,3.6466666666666674,1.8219272144655527,1.9714656290531776
4589,4589,4589,3.6483333333333308,1.8219272144655527,1.9714656290531776
4590,4590,4590,3.6500000000000004,1.82230869001297,1.9714656290531776
4591,4591,4591,3.6516666666666673,1.8219272144655527,1.9714656290531776
4592,4592,4592,3.6533333333333324,1.8215457389181355,1.9714656290531776
4593,4593,4593,3.6550000000000002,1.8215457389181355,1.9714656290531776
4594,4594,4594,3.656666666666667,1.8226901655603875,1.9714656290531776
4595,4595,4595,3.658333333333334,1.8226901655603875,1.9714656290531776
4596,4596,4596,3.66,1.8226901655603875,1.9714656290531776
4597,4597,4597,3.661666666666667,1.82230869001297,1.9707026779583428
4598,4598,4598,3.663333333333334,1.8226901655603875,1.970321202410925
4599,4599,4599,3.665000000000001,1.8226901655603875,1.9707026779583428
4600,4600,4600,3.666666666666668,1.8219272144655527,1.9710841535057602
4601,4601,4601,3.668333333333334,1.82230869001297,1.9710841535057602
4602,4602,4602,3.670000000000001,1.82230869001297,1.9714656290531776
4603,4603,4603,3.6716666666666677,1.8226901655603875,1.9722285801480124
4604,4604,4604,3.673333333333334,1.82230869001297,1.971847104600595
4605,4605,4605,3.6750000000000025,1.8226901655603875,1.9710841535057602
4606,4606,4606,3.6766666666666676,1.8219272144655527,1.9714656290531776
4607,4607,4607,3.6783333333333337,1.82230869001297,1.9714656290531776
4608,4608,4608,3.6800000000000015,1.8230716411078047,1.9714656290531776
4609,4609,4609,3.6816666666666675,1.8230716411078047,1.9710841535057602
4610,4610,4610,3.6833333333333336,1.8230716411078047,1.9707026779583428
4611,4611,4611,3.6849999999999996,1.82230869001297,1.9714656290531776
4612,4612,4612,3.6866666666666674,1.8226901655603875,1.9714656290531776
4613,4613,4613,3.6883333333333326,1.8226901655603875,1.9714656290531776
4614,4614,4614,3.6900000000000004,1.8226901655603875,1.971847104600595
4615,4615,4615,3.6916666666666673,1.8230716411078047,1.9710841535057602
4616,4616,4616,3.6933333333333325,1.8230716411078047,1.9710841535057602
4617,4617,4617,3.6950000000000003,1.8226901655603875,1.9714656290531776
4618,4618,4618,3.696666666666667,1.82230869001297,1.9714656290531776
4619,4619,4619,3.698333333333334,1.8215457389181355,1.9710841535057602
4620,4620,4620,3.7,1.821164263370718,1.9710841535057602
4621,4621,4621,3.701666666666667,1.82230869001297,1.9714656290531776
4622,4622,4622,3.703333333333334,1.8226901655603875,1.9714656290531776
4623,4623,4623,3.705,1.8230716411078047,1.9710841535057602
4624,4624,4624,3.706666666666668,1.8230716411078047,1.970321202410925
4625,4625,4625,3.708333333333334,1.8230716411078047,1.9714656290531776
4626,4626,4626,3.710000000000001,1.8226901655603875,1.971847104600595
4627,4627,4627,3.711666666666668,1.8226901655603875,1.9710841535057602
4628,4628,4628,3.713333333333334,1.8226901655603875,1.9710841535057602
4629,4629,4629,3.7150000000000025,1.82230869001297,1.9726100556954296
4630,4630,4630,3.7166666666666677,1.8226901655603875,1.9710841535057602
4631,4631,4631,3.7183333333333337,1.82230869001297,1.9710841535057602
4632,4632,4632,3.7200000000000015,1.8219272144655527,1.9707026779583428
4633,4633,4633,3.7216666666666676,1.8226901655603875,1.9710841535057602
4634,4634,4634,3.7233333333333336,1.8234531166552224,1.9714656290531776
4635,4635,4635,3.7249999999999996,1.8226901655603875,1.9710841535057602
4636,4636,4636,3.7266666666666675,1.8230716411078047,1.9707026779583428
4637,4637,4637,3.7283333333333326,1.8226901655603875,1.9710841535057602
4638,4638,4638,3.7300000000000004,1.82230869001297,1.9710841535057602
4639,4639,4639,3.7316666666666674,1.8230716411078047,1.9710841535057602
4640,4640,4640,3.7333333333333316,1.8234531166552224,1.9710841535057602
4641,4641,4641,3.7350000000000003,1.8230716411078047,1.9707026779583428
4642,4642,4642,3.7366666666666672,1.8234531166552224,1.9714656290531776
4643,4643,4643,3.738333333333334,1.8230716411078047,1.9710841535057602
4644,4644,4644,3.74,1.8230716411078047,1.970321202410925
4645,4645,4645,3.741666666666667,1.8230716411078047,1.970321202410925
4646,4646,4646,3.743333333333334,1.8226901655603875,1.9707026779583428
4647,4647,4647,3.745,1.8238345922026398,1.969939726863508
4648,4648,4648,3.746666666666667,1.8230716411078047,1.9691767757686731
4649,4649,4649,3.748333333333334,1.8230716411078047,1.9691767757686731
4650,4650,4650,3.750000000000001,1.8234531166552224,1.9687953002212557
4651,4651,4651,3.751666666666668,1.8230716411078047,1.9691767757686731
4652,4652,4652,3.753333333333334,1.8226901655603875,1.969939726863508
4653,4653,4653,3.755000000000001,1.8226901655603875,1.969939726863508
4654,4654,4654,3.7566666666666677,1.82230869001297,1.969939726863508
4655,4655,4655,3.7583333333333337,1.8230716411078047,1.970321202410925
4656,4656,4656,3.7600000000000025,1.8230716411078047,1.969939726863508
4657,4657,4657,3.7616666666666676,1.8226901655603875,1.969939726863508
4658,4658,4658,3.7633333333333336,1.8230716411078047,1.9687953002212557
4659,4659,4659,3.7650000000000015,1.8226901655603875,1.9687953002212557
4660,4660,4660,3.7666666666666675,1.82230869001297,1.9684138246738383
4661,4661,4661,3.7683333333333326,1.8230716411078047,1.9687953002212557
4662,4662,4662,3.7699999999999996,1.8230716411078047,1.9687953002212557
4663,4663,4663,3.7716666666666674,1.8230716411078047,1.9687953002212557
4664,4664,4664,3.7733333333333308,1.82230869001297,1.9684138246738383
4665,4665,4665,3.7750000000000004,1.8226901655603875,1.9680323491264209
4666,4666,4666,3.7766666666666673,1.8238345922026398,1.9684138246738383
4667,4667,4667,3.7783333333333324,1.8238345922026398,1.9684138246738383
4668,4668,4668,3.7800000000000002,1.8234531166552224,1.9691767757686731
4669,4669,4669,3.781666666666667,1.8234531166552224,1.9687953002212557
4670,4670,4670,3.783333333333334,1.8234531166552224,1.9684138246738383
4671,4671,4671,3.785,1.8238345922026398,1.9687953002212557
4672,4672,4672,3.786666666666667,1.8230716411078047,1.9684138246738383
4673,4673,4673,3.788333333333334,1.8226901655603875,1.9684138246738383
4674,4674,4674,3.790000000000001,1.8234531166552224,1.9687953002212557
4675,4675,4675,3.791666666666668,1.8234531166552224,1.9684138246738383
4676,4676,4676,3.793333333333334,1.8200198367284657,1.9680323491264209
4677,4677,4677,3.795000000000001,1.81506065461204,1.9687953002212557
4678,4678,4678,3.7966666666666677,1.8108644235904483,1.9684138246738383
4679,4679,4679,3.798333333333334,1.805523765926604,1.9684138246738383
4680,4680,4680,3.8000000000000025,1.8013275349050126,1.9680323491264209
4681,4681,4681,3.8016666666666676,1.8005645838101778,1.9684138246738383
4682,4682,4682,3.8033333333333337,1.8005645838101778,1.9687953002212557
4683,4683,4683,3.8050000000000015,1.8013275349050126,1.9687953002212557
4684,4684,4684,3.8066666666666675,1.802090485999848,1.9684138246738383
4685,4685,4685,3.8083333333333336,1.80170901045243,1.9684138246738383
4686,4686,4686,3.8099999999999996,1.802090485999848,1.9684138246738383
4687,4687,4687,3.8116666666666674,1.80170901045243,1.9680323491264209
4688,4688,4688,3.8133333333333326,1.80170901045243,1.9687953002212557
4689,4689,4689,3.8150000000000004,1.80170901045243,1.9687953002212557
4690,4690,4690,3.8166666666666673,1.802090485999848,1.9684138246738383
4691,4691,4691,3.8183333333333325,1.802090485999848,1.9684138246738383
4692,4692,4692,3.8200000000000003,1.802090485999848,1.9680323491264209
4693,4693,4693,3.821666666666667,1.8024719615472649,1.967650873579004
4694,4694,4694,3.823333333333334,1.80170901045243,1.9684138246738383
4695,4695,4695,3.825,1.802090485999848,1.9684138246738383
4696,4696,4696,3.826666666666667,1.8024719615472649,1.9687953002212557
4697,4697,4697,3.828333333333334,1.8024719615472649,1.9684138246738383
4698,4698,4698,3.83,1.8032349126421001,1.9687953002212557
4699,4699,4699,3.831666666666668,1.8032349126421001,1.9684138246738383
4700,4700,4700,3.833333333333334,1.802090485999848,1.9687953002212557
4701,4701,4701,3.835000000000001,1.8024719615472649,1.9684138246738383
4702,4702,4702,3.836666666666668,1.802090485999848,1.9680323491264209
4703,4703,4703,3.838333333333334,1.80170901045243,1.9680323491264209
4704,4704,4704,3.8400000000000025,1.802090485999848,1.967650873579004
4705,4705,4705,3.8416666666666677,1.80170901045243,1.967650873579004
4706,4706,4706,3.8433333333333337,1.802090485999848,1.9684138246738383
4707,4707,4707,3.8450000000000015,1.8024719615472649,1.9684138246738383
4708,4708,4708,3.8466666666666676,1.8024719615472649,1.9684138246738383
4709,4709,4709,3.8483333333333336,1.802090485999848,1.9680323491264209
4710,4710,4710,3.8499999999999996,1.802090485999848,1.967650873579004
4711,4711,4711,3.8516666666666675,1.802090485999848,1.9680323491264209
4712,4712,4712,3.8533333333333326,1.8024719615472649,1.9687953002212557
4713,4713,4713,3.8550000000000004,1.802090485999848,1.9687953002212557
4714,4714,4714,3.8566666666666674,1.8013275349050126,1.9684138246738383
4715,4715,4715,3.8583333333333325,1.8013275349050126,1.9687953002212557
4716,4716,4716,3.8600000000000003,1.80170901045243,1.9684138246738383
4717,4717,4717,3.8616666666666672,1.80170901045243,1.9687953002212557
4718,4718,4718,3.863333333333334,1.8009460593575952,1.9684138246738383
4719,4719,4719,3.865,1.8009460593575952,1.9684138246738383
4720,4720,4720,3.866666666666667,1.8005645838101778,1.9684138246738383
4721,4721,4721,3.868333333333334,1.80170901045243,1.9680323491264209
4722,4722,4722,3.87,1.8005645838101778,1.9684138246738383
4723,4723,4723,3.871666666666667,1.8001831082627604,1.9687953002212557
4724,4724,4724,3.873333333333334,1.8001831082627604,1.9680323491264209
4725,4725,4725,3.875000000000001,1.8001831082627604,1.9680323491264209
4726,4726,4726,3.876666666666668,1.799801632715343,1.967650873579004
4727,4727,4727,3.878333333333334,1.8001831082627604,1.9680323491264209
4728,4728,4728,3.880000000000001,1.799801632715343,1.9691767757686731
4729,4729,4729,3.8816666666666677,1.7990386816205082,1.9684138246738383
4730,4730,4730,3.8833333333333337,1.7990386816205082,1.9680323491264209
4731,4731,4731,3.8850000000000025,1.7982757305256734,1.9680323491264209
4732,4732,4732,3.8866666666666676,1.7975127794308383,1.9680323491264209
4733,4733,4733,3.8883333333333336,1.7975127794308383,1.9680323491264209
4734,4734,4734,3.8900000000000015,1.7967498283360035,1.9684138246738383
4735,4735,4735,3.8916666666666675,1.7963683527885863,1.9684138246738383
4736,4736,4736,3.8933333333333326,1.795986877241169,1.9680323491264209
4737,4737,4737,3.8949999999999996,1.7944609750514993,1.967650873579004
4738,4738,4738,3.8966666666666674,1.7944609750514993,1.9680323491264209
4739,4739,4739,3.8983333333333308,1.7948424505989171,1.9691767757686731
4740,4740,4740,3.9000000000000004,1.7948424505989171,1.9684138246738383
4741,4741,4741,3.9016666666666673,1.7940794995040819,1.9687953002212557
4742,4742,4742,3.9033333333333324,1.7944609750514993,1.9687953002212557
4743,4743,4743,3.9050000000000002,1.7933165484092468,1.9695582513160903
4744,4744,4744,3.906666666666667,1.7925535973144122,1.9691767757686731
4745,4745,4745,3.908333333333334,1.7925535973144122,1.9680323491264209
4746,4746,4746,3.91,1.7929350728618296,1.9684138246738383
4747,4747,4747,3.911666666666667,1.7921721217669948,1.9687953002212557
4748,4748,4748,3.913333333333334,1.7933165484092468,1.9680323491264209
4749,4749,4749,3.915000000000001,1.7936980239566644,1.9638361181048287
4750,4750,4750,3.916666666666668,1.7925535973144122,1.9596398870832377
4751,4751,4751,3.918333333333334,1.7925535973144122,1.9554436560616464
4752,4752,4752,3.920000000000001,1.7925535973144122,1.95048447394522
4753,4753,4753,3.9216666666666677,1.7917906462195774,1.9474326695658808
4754,4754,4754,3.923333333333334,1.7925535973144122,1.947051194018464
4755,4755,4755,3.9250000000000025,1.7925535973144122,1.947051194018464
4756,4756,4756,3.9266666666666676,1.7914091706721598,1.9478141451132984
4757,4757,4757,3.9283333333333337,1.7914091706721598,1.9481956206607156
4758,4758,4758,3.9300000000000015,1.7914091706721598,1.948577096208133
4759,4759,4759,3.9316666666666675,1.7921721217669948,1.9478141451132984
4760,4760,4760,3.9333333333333336,1.7917906462195774,1.9474326695658808
4761,4761,4761,3.9349999999999996,1.7917906462195774,1.9474326695658808
4762,4762,4762,3.9366666666666674,1.7914091706721598,1.9481956206607156
4763,4763,4763,3.9383333333333326,1.7910276951247426,1.948577096208133
4764,4764,4764,3.9400000000000004,1.7910276951247426,1.9481956206607156
4765,4765,4765,3.9416666666666673,1.7910276951247426,1.9481956206607156
4766,4766,4766,3.9433333333333325,1.7910276951247426,1.948577096208133
4767,4767,4767,3.9450000000000003,1.7910276951247426,1.9489585717555504
4768,4768,4768,3.946666666666667,1.7906462195773252,1.9493400473029678
4769,4769,4769,3.948333333333334,1.7895017929350734,1.9489585717555504
4770,4770,4770,3.95,1.7891203173876555,1.9489585717555504
4771,4771,4771,3.951666666666667,1.7902647440299078,1.9493400473029678
4772,4772,4772,3.953333333333334,1.7906462195773252,1.9485625933674604
4773,4773,4773,3.955,1.7902647440299078,1.948145926700794
4774,4774,4774,3.956666666666668,1.7906462195773252,1.9477292600341272
4775,4775,4775,3.958333333333334,1.7902647440299078,1.9465496422726256
4776,4776,4776,3.960000000000001,1.7906462195773252,1.9465144511533767
4777,4777,4777,3.961666666666668,1.7898832684824904,1.9464792600341276
4778,4778,4778,3.963333333333334,1.7902647440299078,1.9456811178200435
4779,4779,4779,3.9650000000000025,1.7910276951247426,1.9456459267007935
4780,4780,4780,3.9666666666666677,1.7902647440299078,1.9444663089392928
4781,4781,4781,3.9683333333333337,1.7891203173876555,1.9440496422726259
4782,4782,4782,3.9700000000000015,1.788738841840238,1.9436329756059592
4783,4783,4783,3.9716666666666676,1.7891203173876555,1.9432163089392924
4784,4784,4784,3.9733333333333336,1.788738841840238,1.9435625933674607
4785,4785,4785,3.9749999999999996,1.788738841840238,1.9431459267007938
4786,4786,4786,3.9766666666666675,1.7895017929350734,1.9423477844867099
4787,4787,4787,3.9783333333333326,1.7906462195773252,1.9423125933674603
4788,4788,4788,3.9800000000000004,1.7895017929350734,1.9418959267007938
4789,4789,4789,3.9816666666666674,1.7898832684824904,1.9414792600341275
4790,4790,4790,3.9833333333333325,1.7895017929350734,1.9410625933674603
4791,4791,4791,3.9850000000000003,1.7895017929350734,1.9402644511533769
4792,4792,4792,3.9866666666666672,1.7895017929350734,1.9398477844867104
4793,4793,4793,3.988333333333334,1.7895017929350734,1.9398125933674608
4794,4794,4794,3.99,1.7910276951247426,1.9397774022482108
4795,4795,4795,3.991666666666667,1.7906462195773252,1.9382163089392923
4796,4796,4796,3.993333333333334,1.7906462195773252,1.93856259336746
4797,4797,4797,3.995,1.7910276951247426,1.9385274022482115
4798,4798,4798,3.996666666666667,1.7914091706721598,1.9369663089392928
4799,4799,4799,3.998333333333334,1.7914091706721598,1.9365496422726256
4800,4800,4800,4.0,1.7906462195773252,1.936514451153377
4801,4801,4801,4.001666666666667,1.7902647440299078,1.935334833391875
4802,4802,4802,4.003333333333334,1.7906462195773252,1.934536691177791
4803,4803,4803,4.005000000000001,1.7914091706721598,1.9341200245111243
4804,4804,4804,4.006666666666668,1.7917906462195774,1.9329404067496228
4805,4805,4805,4.008333333333335,1.7914091706721598,1.932523740082956
4806,4806,4806,4.01,1.7910276951247426,1.9313441223214545
4807,4807,4807,4.011666666666667,1.7914091706721598,1.9305459801073703
4808,4808,4808,4.013333333333334,1.7910276951247426,1.9289848867984516
4809,4809,4809,4.015000000000001,1.7902647440299078,1.9278052690369498
4810,4810,4810,4.0166666666666675,1.7906462195773252,1.926244175728031
4811,4811,4811,4.018333333333334,1.7910276951247426,1.9262089846087815
4812,4812,4812,4.020000000000001,1.7902647440299078,1.9254108423946976
4813,4813,4813,4.021666666666668,1.7906462195773252,1.9246127001806144
4814,4814,4814,4.023333333333332,1.7910276951247426,1.92381455796653
4815,4815,4815,4.025,1.7910276951247426,1.9230164157524456
4816,4816,4816,4.026666666666667,1.7906462195773252,1.9222182735383615
4817,4817,4817,4.028333333333334,1.7899935194667094,1.92103865577686
4818,4818,4818,4.030000000000001,1.7903398038948777,1.9210034646576104
4819,4819,4819,4.031666666666668,1.7899231372282107,1.9205867979909441
4820,4820,4820,4.033333333333333,1.7898879461089616,1.9197886557768604
4821,4821,4821,4.035,1.789471279442295,1.9201349402050285
4822,4822,4822,4.036666666666667,1.788673137228211,1.9197182735383616
4823,4823,4823,4.038333333333334,1.7878749950141268,1.91853865577686
4824,4824,4824,4.040000000000001,1.7878398038948775,1.918503464657611
4825,4825,4825,4.041666666666668,1.7874231372282108,1.9177053224435268
4826,4826,4826,4.043333333333333,1.7870064705615445,1.9172886557768605
4827,4827,4827,4.045,1.7865898038948778,1.9176349402050288
4828,4828,4828,4.046666666666667,1.7861731372282108,1.916455322443527
4829,4829,4829,4.048333333333334,1.7849935194667097,1.9156571802294424
4830,4830,4830,4.050000000000001,1.7849583283474602,1.914477562467941
4831,4831,4831,4.051666666666668,1.7853046127756282,1.9140608958012744
4832,4832,4832,4.053333333333335,1.7848879461089613,1.9140257046820248
4833,4833,4833,4.055,1.7840898038948778,1.913990513562776
4834,4834,4834,4.056666666666667,1.7829101861333765,1.913192371348692
4835,4835,4835,4.058333333333334,1.782874995014127,1.912394229134608
4836,4836,4836,4.0600000000000005,1.7832212794422948,1.911596086920524
4837,4837,4837,4.061666666666667,1.7824231372282109,1.911179420253857
4838,4838,4838,4.063333333333334,1.7816249950141267,1.9107627535871905
4839,4839,4839,4.065000000000001,1.7815898038948774,1.9103460869205235
4840,4840,4840,4.066666666666666,1.7815546127756283,1.90954794470644
4841,4841,4841,4.068333333333333,1.780374995014127,1.9083683269449383
4842,4842,4842,4.07,1.7799583283474605,1.907951660278272
4843,4843,4843,4.071666666666667,1.779923137228211,1.90829794470644
4844,4844,4844,4.073333333333334,1.7795064705615442,1.9074998024923555
4845,4845,4845,4.075000000000001,1.7790898038948777,1.9074646113731064
4846,4846,4846,4.076666666666668,1.7782916616807931,1.9074294202538569
4847,4847,4847,4.078333333333333,1.7786379461089616,1.9066312780397727
4848,4848,4848,4.08,1.7778398038948775,1.9062146113731064
4849,4849,4849,4.081666666666667,1.7766601861333762,1.906179420253857
4850,4850,4850,4.083333333333334,1.7770064705615445,1.9053812780397732
4851,4851,4851,4.085000000000001,1.7754453772526253,1.905346086920524
4852,4852,4852,4.086666666666668,1.7746472350385416,1.9049294202538571
4853,4853,4853,4.088333333333335,1.7753749950141269,1.9037498024923551
4854,4854,4854,4.09,1.7753398038948778,1.9021887091834369
4855,4855,4855,4.091666666666667,1.7737787105859588,1.90177204251677
4856,4856,4856,4.093333333333334,1.7725990928244573,1.9017368513975208
4857,4857,4857,4.095000000000001,1.7721824261577903,1.900557233636019
4858,4858,4858,4.096666666666668,1.7721472350385417,1.9009035180641871
4859,4859,4859,4.0983333333333345,1.7721120439192921,1.9012498024923552
4860,4860,4860,4.1,1.7716953772526256,1.900833135825689
4861,4861,4861,4.101666666666668,1.7712787105859589,1.9004164691590224
4862,4862,4862,4.103333333333332,1.771624995014127,1.8999998024923557
4863,4863,4863,4.105,1.7708268528000428,1.8992016602782715
4864,4864,4864,4.106666666666667,1.770028710585959,1.89954794470644
4865,4865,4865,4.108333333333334,1.769230568371875,1.8979868513975204
4866,4866,4866,4.110000000000001,1.7688139017052082,1.8983331358256883
4867,4867,4867,4.111666666666666,1.768778710585959,1.899060895801275
4868,4868,4868,4.113333333333333,1.7683620439192922,1.8986442291346082
4869,4869,4869,4.115,1.7683268528000429,1.897846086920524
4870,4870,4870,4.116666666666667,1.767910186133376,1.898192371348692
4871,4871,4871,4.118333333333334,1.7674935194667094,1.8981571802294424
4872,4872,4872,4.120000000000001,1.7663139017052083,1.896977562467941
4873,4873,4873,4.121666666666668,1.765134283943706,1.8961794202538569
4874,4874,4874,4.123333333333333,1.7650990928244574,1.8957627535871904
4875,4875,4875,4.125,1.7646824261577907,1.8961090380153585
4876,4876,4876,4.126666666666667,1.7642657594911242,1.896455322443527
4877,4877,4877,4.128333333333334,1.7634676172770396,1.8960386557768605
4878,4878,4878,4.130000000000001,1.7626694750629557,1.8948590380153585
4879,4879,4879,4.131666666666668,1.762252808396289,1.8944423713486915
4880,4880,4880,4.133333333333335,1.7618361417296222,1.8944071802294424
4881,4881,4881,4.135,1.761419475062956,1.893227562467941
4882,4882,4882,4.136666666666667,1.7606213328488718,1.8928108958012744
4883,4883,4883,4.138333333333334,1.7605861417296225,1.892775704682025
4884,4884,4884,4.140000000000001,1.7597879995155383,1.891977562467941
4885,4885,4885,4.1416666666666675,1.7586083817540368,1.8915608958012744
4886,4886,4886,4.143333333333334,1.75819171508737,1.8915257046820249
4887,4887,4887,4.145000000000001,1.7589194750629555,1.891109038015358
4888,4888,4888,4.146666666666668,1.7577398573014542,1.8910738468961092
4889,4889,4889,4.148333333333332,1.7565602395399529,1.8898942291346081
4890,4890,4890,4.15,1.7569065239681207,1.8887146113731064
4891,4891,4891,4.151666666666667,1.7564898573014542,1.8890608958012745
4892,4892,4892,4.153333333333334,1.7553102395399525,1.888644229134608
4893,4893,4893,4.155000000000001,1.7548935728732855,1.8886090380153584
4894,4894,4894,4.156666666666668,1.7544769062066192,1.888573846896109
4895,4895,4895,4.158333333333333,1.7536787639925355,1.8873942291346082
4896,4896,4896,4.16,1.7540250484207036,1.8869775624679408
4897,4897,4897,4.161666666666667,1.7539898573014543,1.887323846896109
4898,4898,4898,4.163333333333334,1.7528102395399523,1.8869071802294424
4899,4899,4899,4.165000000000001,1.7523935728732858,1.8868719891101933
4900,4900,4900,4.166666666666668,1.752739857301454,1.8856923713486915
4901,4901,4901,4.168333333333333,1.7515602395399528,1.8848942291346082
4902,4902,4902,4.17,1.7507620973258688,1.884096086920524
4903,4903,4903,4.171666666666667,1.751108381754037,1.8848238468961092
4904,4904,4904,4.173333333333334,1.751454666182205,1.8847886557768605
4905,4905,4905,4.175000000000001,1.7498935728732858,1.884371989110193
4906,4906,4906,4.176666666666668,1.7498583817540367,1.8824294202538572
4907,4907,4907,4.178333333333335,1.7490602395399524,1.882394229134608
4908,4908,4908,4.18,1.7482620973258691,1.882740513562776
4909,4909,4909,4.181666666666667,1.7482269062066194,1.881942371348692
4910,4910,4910,4.183333333333334,1.7474287639925354,1.881144229134608
4911,4911,4911,4.1850000000000005,1.7466306217784515,1.8807275624679407
4912,4912,4912,4.186666666666667,1.7458324795643672,1.880692371348692
4913,4913,4913,4.188333333333334,1.7461787639925352,1.8802757046820249
4914,4914,4914,4.190000000000001,1.7461435728732857,1.879477562467941
4915,4915,4915,4.191666666666666,1.7457269062066194,1.8790608958012749
4916,4916,4916,4.193333333333333,1.7445472884451183,1.879025704682025
4917,4917,4917,4.195,1.7437491462310342,1.8782275624679408
4918,4918,4918,4.196666666666667,1.7433324795643672,1.878192371348692
4919,4919,4919,4.198333333333334,1.743297288445118,1.877394229134608
4920,4920,4920,4.200000000000001,1.7421176706836163,1.8773590380153584
4921,4921,4921,4.201666666666668,1.7424639551117846,1.8765608958012745
4922,4922,4922,4.203333333333333,1.7420472884451184,1.8761442291346082
4923,4923,4923,4.205,1.7401047195887818,1.8761090380153584
4924,4924,4924,4.206666666666667,1.739688052922115,1.874929420253857
4925,4925,4925,4.208333333333334,1.7407972884451182,1.874894229134608
4926,4926,4926,4.210000000000001,1.7396176706836164,1.8748590380153585
4927,4927,4927,4.211666666666668,1.7384380529221148,1.8744423713486915
4928,4928,4928,4.213333333333335,1.7384028618028655,1.873644229134608
4929,4929,4929,4.215,1.7368417684939468,1.8724646113731065
4930,4930,4930,4.216666666666667,1.7364251018272805,1.871284993611605
4931,4931,4931,4.218333333333334,1.736389910708031,1.8720127535871904
4932,4932,4932,4.220000000000001,1.7359732440413642,1.871977562467941
4933,4933,4933,4.221666666666668,1.7355565773746977,1.8715608958012744
4934,4934,4934,4.2233333333333345,1.7351399107080308,1.871144229134608
4935,4935,4935,4.225,1.7347232440413645,1.8707275624679411
4936,4936,4936,4.226666666666668,1.7339251018272803,1.86954794470644
4937,4937,4937,4.228333333333332,1.733889910708031,1.8695127535871905
4938,4938,4938,4.23,1.7334732440413645,1.8687146113731063
4939,4939,4939,4.231666666666667,1.73267510182728,1.868679420253857
4940,4940,4940,4.233333333333334,1.7330213862554482,1.8678812780397729
4941,4941,4941,4.235000000000001,1.7326047195887817,1.8674646113731064
4942,4942,4942,4.236666666666666,1.7318065773746978,1.8674294202538573
4943,4943,4943,4.238333333333333,1.7317713862554485,1.8670127535871903
4944,4944,4944,4.24,1.7309732440413643,1.8662146113731064
4945,4945,4945,4.241666666666667,1.730938052922115,1.865416469159022
4946,4946,4946,4.243333333333334,1.7309028618028657,1.864618326944938
4947,4947,4947,4.245000000000001,1.729723244041364,1.8645831358256888
4948,4948,4948,4.246666666666668,1.7296880529221148,1.8641664691590216
4949,4949,4949,4.248333333333333,1.7292713862554483,1.8641312780397727
4950,4950,4950,4.25,1.7280917684939467,1.862951660278272
4951,4951,4951,4.251666666666667,1.7276751018272802,1.8629164691590219
4952,4952,4952,4.253333333333334,1.7280213862554483,1.8624998024923556
4953,4953,4953,4.255000000000001,1.7272232440413642,1.8624646113731065
4954,4954,4954,4.256666666666668,1.7268065773746974,1.8620479447064395
4955,4955,4955,4.258333333333335,1.725626959613196,1.8612498024923552
4956,4956,4956,4.26,1.7255917684939468,1.8612146113731065
4957,4957,4957,4.261666666666667,1.725938052922115,1.860416469159022
4958,4958,4958,4.263333333333334,1.7247584351606136,1.8596183269449384
4959,4959,4959,4.265000000000001,1.7243417684939468,1.8592016602782715
4960,4960,4960,4.2666666666666675,1.7239251018272799,1.859166469159022
4961,4961,4961,4.268333333333334,1.723126959613196,1.8583683269449383
4962,4962,4962,4.270000000000001,1.7227102929465292,1.8579516602782715
4963,4963,4963,4.271666666666668,1.7226751018272803,1.8579164691590224
4964,4964,4964,4.273333333333332,1.7222584351606136,1.857881278039773
4965,4965,4965,4.275,1.7222232440413645,1.8559387091834367
4966,4966,4966,4.276666666666667,1.7225695284695324,1.85552204251677
4967,4967,4967,4.278333333333334,1.7210084351606134,1.8547239003026856
4968,4968,4968,4.280000000000001,1.720591768493947,1.8550701847308535
4969,4969,4969,4.281666666666668,1.7209380529221148,1.8561794202538568
4970,4970,4970,4.283333333333333,1.7197584351606137,1.8546183269449383
4971,4971,4971,4.285,1.7193417684939467,1.8534387091834368
4972,4972,4972,4.286666666666667,1.7193065773746976,1.8537849936116049
4973,4973,4973,4.288333333333334,1.7185084351606137,1.8537498024923555
4974,4974,4974,4.290000000000001,1.7180917684939467,1.8529516602782716
4975,4975,4975,4.291666666666668,1.71767510182728,1.8521535180641868
4976,4976,4976,4.293333333333333,1.7172584351606135,1.8521183269449384
4977,4977,4977,4.295,1.7160788173991122,1.8520831358256888
4978,4978,4978,4.296666666666667,1.7164251018272805,1.8509035180641875
4979,4979,4979,4.298333333333334,1.7152454840657787,1.8508683269449384
4980,4980,4980,4.300000000000001,1.7148288173991117,1.8500701847308536
4981,4981,4981,4.301666666666668,1.7151751018272798,1.8500349936116047
4982,4982,4982,4.303333333333335,1.714376959613196,1.8499998024923552
4983,4983,4983,4.305,1.7131973418516948,1.848820184730854
4984,4984,4984,4.306666666666667,1.7139251018272803,1.8476405669693523
4985,4985,4985,4.308333333333334,1.7127454840657788,1.8472239003026856
4986,4986,4986,4.3100000000000005,1.7123288173991116,1.8468072336360188
4987,4987,4987,4.311666666666667,1.7119121507324453,1.8471535180641871
4988,4988,4988,4.313333333333334,1.7114954840657786,1.8467368513975204
4989,4989,4989,4.315000000000001,1.7114602929465292,1.8455572336360189
4990,4990,4990,4.316666666666666,1.7110436262798632,1.8451405669693528
4991,4991,4991,4.318333333333333,1.7106269596131962,1.8451053758501037
4992,4992,4992,4.32,1.710591768493947,1.8443072336360191
4993,4993,4993,4.321666666666667,1.710938052922115,1.843509091421935
4994,4994,4994,4.323333333333334,1.7097584351606134,1.8434739003026857
4995,4995,4995,4.325000000000001,1.7089602929465293,1.8422942825411843
4996,4996,4996,4.326666666666668,1.7085436262798626,1.8418776158745176
4997,4997,4997,4.328333333333333,1.7085084351606137,1.8418424247552685
4998,4998,4998,4.33,1.7069473418516947,1.8418072336360192
4999,4999,4999,4.331666666666667,1.7069121507324454,1.840627615874518
5000,5000,5000,4.333333333333334,1.7072584351606137,1.8398294736604341
5001,5001,5001,4.335000000000001,1.7072232440413646,1.8394128069937672
5002,5002,5002,4.336666666666668,1.70642510182728,1.8386146647796828
5003,5003,5003,4.338333333333335,1.7063899107080305,1.8381979981130159
5004,5004,5004,4.34,1.7052102929465296,1.8377813314463496
5005,5005,5005,4.341666666666667,1.7044121507324457,1.8377461403271007
5006,5006,5006,4.343333333333334,1.704376959613196,1.8373294736604342
5007,5007,5007,4.345000000000001,1.7039602929465294,1.8369128069937672
5008,5008,5008,4.346666666666668,1.7035436262798629,1.8364961403271003
5009,5009,5009,4.3483333333333345,1.703126959613196,1.8353165225655992
5010,5010,5010,4.350000000000001,1.7027102929465292,1.8352813314463492
5011,5011,5011,4.351666666666668,1.7022936262798631,1.8348646647796831
5012,5012,5012,4.353333333333332,1.7022584351606136,1.8344479981130164
5013,5013,5013,4.355,1.7018417684939469,1.8340313314463497
5014,5014,5014,4.356666666666667,1.70142510182728,1.8336146647796832
5015,5015,5015,4.358333333333334,1.7002454840657786,1.833197998113016
5016,5016,5016,4.360000000000001,1.6994473418516944,1.8323998558989325
5017,5017,5017,4.361666666666666,1.699030675185028,1.8323646647796832
5018,5018,5018,4.363333333333333,1.700139910708031,1.8319479981130165
5019,5019,5019,4.365,1.6997232440413643,1.8319128069937676
5020,5020,5020,4.366666666666667,1.6985436262798628,1.8299702381374308
5021,5021,5021,4.368333333333334,1.6988899107080309,1.8306979981130165
5022,5022,5022,4.370000000000001,1.6980917684939467,1.8306628069937672
5023,5023,5023,4.371666666666668,1.69767510182728,1.8291017136848482
5024,5024,5024,4.373333333333333,1.697639910708031,1.8294479981130165
5025,5025,5025,4.375,1.6968417684939467,1.8290313314463496
5026,5026,5026,4.376666666666667,1.6964251018272802,1.827851713684848
5027,5027,5027,4.378333333333334,1.6960084351606135,1.8274350470181813
5028,5028,5028,4.380000000000001,1.6948288173991117,1.82625542925668
5029,5029,5029,4.381666666666668,1.6940306751850278,1.8266017136848482
5030,5030,5030,4.383333333333335,1.694376959613196,1.8265665225655991
5031,5031,5031,4.385,1.6947232440413644,1.82500542925668
5032,5032,5032,4.386666666666667,1.6935436262798629,1.8253517136848485
5033,5033,5033,4.388333333333334,1.6935084351606136,1.824935047018181
5034,5034,5034,4.390000000000001,1.6934732440413642,1.8241369048040976
5035,5035,5035,4.3916666666666675,1.6926751018272799,1.823720238137431
5036,5036,5036,4.393333333333334,1.691876959613196,1.823303571470764
5037,5037,5037,4.395000000000001,1.690315866304277,1.8228869048040972
5038,5038,5038,4.396666666666668,1.6906621507324455,1.8236146647796831
5039,5039,5039,4.398333333333332,1.691389910708031,1.8231979981130164
5040,5040,5040,4.4,1.6902102929465297,1.8216369048040977
5041,5041,5041,4.401666666666667,1.689030675185028,1.821220238137431
5042,5042,5042,4.403333333333334,1.689376959613196,1.8211850470181812
5043,5043,5043,4.405000000000001,1.6889602929465293,1.8203869048040973
5044,5044,5044,4.406666666666668,1.6885436262798623,1.8199702381374308
5045,5045,5045,4.408333333333333,1.6877454840657788,1.8195535714707645
5046,5046,5046,4.41,1.6877102929465295,1.8198998558989328
5047,5047,5047,4.411666666666667,1.6869121507324454,1.8194831892322656
5048,5048,5048,4.413333333333334,1.6857325329709438,1.819066522565599
5049,5049,5049,4.415000000000001,1.6853158663042769,1.8182683803515147
5050,5050,5050,4.416666666666668,1.6860436262798626,1.8174702381374308
5051,5051,5051,4.418333333333333,1.6848640085183617,1.8174350470181817
5052,5052,5052,4.42,1.6848288173991122,1.81625542925668
5053,5053,5053,4.421666666666667,1.6851751018272805,1.816601713684848
5054,5054,5054,4.423333333333334,1.684376959613196,1.8165665225655991
5055,5055,5055,4.425000000000001,1.6828158663042772,1.8153869048040976
5056,5056,5056,4.426666666666668,1.6820177240901932,1.8153517136848483
5057,5057,5057,4.428333333333335,1.6819825329709437,1.8153165225655992
5058,5058,5058,4.43,1.6823288173991122,1.81375542925668
5059,5059,5059,4.431666666666667,1.6822936262798631,1.8137202381374309
5060,5060,5060,4.433333333333334,1.6814954840657788,1.812540620375929
5061,5061,5061,4.4350000000000005,1.6814602929465294,1.81250542925668
5062,5062,5062,4.436666666666667,1.680280675185028,1.812470238137431
5063,5063,5063,4.438333333333334,1.6783381063286915,1.812053571470764
5064,5064,5064,4.440000000000001,1.6790658663042768,1.8116369048040972
5065,5065,5065,4.441666666666666,1.6794121507324455,1.8123646647796832
5066,5066,5066,4.443333333333333,1.6789954840657788,1.8119479981130164
5067,5067,5067,4.445,1.6785788173991116,1.8103869048040977
5068,5068,5068,4.446666666666667,1.6773991996376103,1.8099702381374307
5069,5069,5069,4.448333333333334,1.6766010574235264,1.8091720959233464
5070,5070,5070,4.450000000000001,1.6765658663042768,1.80875542925668
5071,5071,5071,4.451666666666668,1.6761491996376103,1.8079572870425955
5072,5072,5072,4.453333333333333,1.6761140085183617,1.8083035714707645
5073,5073,5073,4.455,1.676078817399112,1.8082683803515147
5074,5074,5074,4.456666666666667,1.6760436262798628,1.807851713684848
5075,5075,5075,4.458333333333334,1.675245484065779,1.8070535714707645
5076,5076,5076,4.460000000000001,1.6740658663042771,1.8070183803515147
5077,5077,5077,4.461666666666668,1.6732677240901932,1.8062202381374308
5078,5078,5078,4.463333333333335,1.6728510574235262,1.8054220959233465
5079,5079,5079,4.465,1.6728158663042774,1.8053869048040976
5080,5080,5080,4.466666666666667,1.6723991996376106,1.804207287042596
5081,5081,5081,4.468333333333334,1.6716010574235265,1.8041720959233467
5082,5082,5082,4.470000000000001,1.6711843907568598,1.80375542925668
5083,5083,5083,4.471666666666668,1.6707677240901933,1.802957287042596
5084,5084,5084,4.4733333333333345,1.6707325329709437,1.8029220959233463
5085,5085,5085,4.475000000000001,1.6699343907568596,1.8032683803515144
5086,5086,5086,4.476666666666668,1.670280675185028,1.8024702381374311
5087,5087,5087,4.478333333333332,1.669482532970944,1.8020535714707644
5088,5088,5088,4.48,1.6694473418516946,1.80125542925668
5089,5089,5089,4.481666666666667,1.6686491996376105,1.8004572870425957
5090,5090,5090,4.483333333333334,1.6682325329709438,1.800040620375929
5091,5091,5091,4.485000000000001,1.6674343907568596,1.8011498558989325
5092,5092,5092,4.486666666666666,1.6673991996376107,1.7999702381374312
5093,5093,5093,4.488333333333333,1.666982532970944,1.7999350470181816
5094,5094,5094,4.49,1.6658029152094425,1.7998998558989323
5095,5095,5095,4.491666666666667,1.6661491996376103,1.7987202381374308
5096,5096,5096,4.493333333333334,1.6657325329709438,1.7983035714707645
5097,5097,5097,4.495000000000001,1.6645529152094425,1.7982683803515147
5098,5098,5098,4.496666666666668,1.6652806751850278,1.7974702381374308
5099,5099,5099,4.498333333333333,1.664482532970944,1.7974350470181817
5100,5100,5100,4.5,1.6633029152094418,1.7966369048040978
5101,5101,5101,4.501666666666667,1.6628862485427758,1.7954572870425958
5102,5102,5102,4.503333333333334,1.6620881063286912,1.7950406203759288
5103,5103,5103,4.505000000000001,1.6624343907568595,1.7953869048040976
5104,5104,5104,4.506666666666668,1.6623991996376104,1.7949702381374308
5105,5105,5105,4.508333333333335,1.6616010574235265,1.7941720959233465
5106,5106,5106,4.51,1.66118439075686,1.7941369048040978
5107,5107,5107,4.511666666666667,1.6607677240901932,1.7933387625900137
5108,5108,5108,4.513333333333334,1.6595881063286917,1.7929220959233467
5109,5109,5109,4.515000000000001,1.6599343907568598,1.7921239537092624
5110,5110,5110,4.5166666666666675,1.6598991996376105,1.7917072870425956
5111,5111,5111,4.518333333333334,1.6591010574235263,1.7920535714707642
5112,5112,5112,4.520000000000001,1.6583029152094422,1.7916369048040974
5113,5113,5113,4.521666666666668,1.657886248542776,1.790457287042596
5114,5114,5114,4.523333333333332,1.656706630781274,1.7900406203759291
5115,5115,5115,4.525,1.6559084885671902,1.7896239537092624
5116,5116,5116,4.526666666666667,1.6566362485427757,1.789588762590013
5117,5117,5117,4.528333333333334,1.6566010574235264,1.788790620375929
5118,5118,5118,4.530000000000001,1.6558029152094422,1.78875542925668
5119,5119,5119,4.531666666666668,1.6553862485427755,1.7887202381374308
5120,5120,5120,4.533333333333333,1.6549695818761092,1.7875406203759292
5121,5121,5121,4.535,1.65493439075686,1.7871239537092625
5122,5122,5122,4.536666666666667,1.6541362485427755,1.7867072870425955
5123,5123,5123,4.538333333333334,1.6541010574235264,1.7866720959233466
5124,5124,5124,4.540000000000001,1.6536843907568597,1.7858739537092625
5125,5125,5125,4.541666666666668,1.6528862485427755,1.7858387625900132
5126,5126,5126,4.543333333333333,1.6524695818761093,1.7854220959233469
5127,5127,5127,4.545,1.6528158663042771,1.7842424781618451
5128,5128,5128,4.546666666666667,1.6512547729953584,1.7838258114951786
5129,5129,5129,4.548333333333334,1.6512195818761093,1.783409144828512
5130,5130,5130,4.550000000000001,1.6511843907568595,1.7829924781618451
5131,5131,5131,4.551666666666668,1.6500047729953582,1.7837202381374309
5132,5132,5132,4.553333333333335,1.6499695818761089,1.7829220959233465
5133,5133,5133,4.555,1.64993439075686,1.7821239537092626
5134,5134,5134,4.556666666666667,1.6487547729953584,1.7817072870425958
5135,5135,5135,4.558333333333334,1.6491010574235263,1.7801461937336767
5136,5136,5136,4.5600000000000005,1.6486843907568598,1.7789665759721756
5137,5137,5137,4.561666666666667,1.6482677240901933,1.7804572870425956
5138,5138,5138,4.563333333333334,1.6474695818761091,1.7804220959233463
5139,5139,5139,4.565000000000001,1.6466714396620248,1.7800054292566798
5140,5140,5140,4.566666666666666,1.647017724090193,1.7795887625900135
5141,5141,5141,4.568333333333333,1.6466010574235266,1.778409144828512
5142,5142,5142,4.57,1.645421439662025,1.7779924781618452
5143,5143,5143,4.571666666666667,1.6453862485427757,1.7775758114951783
5144,5144,5144,4.573333333333334,1.6449695818761092,1.7771591448285118
5145,5145,5145,4.575000000000001,1.6445529152094422,1.7767424781618448
5146,5146,5146,4.576666666666668,1.6441362485427755,1.7767072870425955
5147,5147,5147,4.578333333333333,1.6441010574235266,1.7766720959233469
5148,5148,5148,4.58,1.6436843907568601,1.7758739537092625
5149,5149,5149,4.581666666666667,1.6432677240901932,1.7750758114951786
5150,5150,5150,4.583333333333334,1.6424695818761093,1.7738961937336766
5151,5151,5151,4.585000000000001,1.641671439662025,1.7742424781618449
5152,5152,5152,4.586666666666668,1.6412547729953582,1.7742072870425956
5153,5153,5153,4.588333333333335,1.6404566307812738,1.7734091448285116
5154,5154,5154,4.59,1.6404214396620251,1.7729924781618454
5155,5155,5155,4.591666666666667,1.6392418219005236,1.7725758114951786
5156,5156,5156,4.593333333333334,1.6399695818761093,1.7721591448285121
5157,5157,5157,4.595000000000001,1.6395529152094424,1.7717424781618452
5158,5158,5158,4.596666666666668,1.6395177240901933,1.7713258114951784
5159,5159,5159,4.5983333333333345,1.6387195818761089,1.7709091448285117
5160,5160,5160,4.600000000000001,1.6375399641146071,1.770492478161845
5161,5161,5161,4.601666666666668,1.6375047729953585,1.770075811495179
5162,5162,5162,4.603333333333332,1.6378510574235263,1.7696591448285122
5163,5163,5163,4.605,1.6370529152094424,1.7692424781618452
5164,5164,5164,4.606666666666667,1.6366362485427757,1.7688258114951785
5165,5165,5165,4.608333333333334,1.6362195818761092,1.7684091448285115
5166,5166,5166,4.610000000000001,1.6350399641146072,1.7676110026144274
5167,5167,5167,4.611666666666666,1.6350047729953583,1.7671943359477609
5168,5168,5168,4.613333333333333,1.6349695818761092,1.7675406203759292
5169,5169,5169,4.615,1.6345529152094425,1.7667424781618453
5170,5170,5170,4.616666666666667,1.6341362485427755,1.7663258114951783
5171,5171,5171,4.618333333333334,1.6337195818761092,1.7666720959233466
5172,5172,5172,4.620000000000001,1.6333029152094425,1.76625542925668
5173,5173,5173,4.621666666666668,1.632504772995358,1.7643128604003435
5174,5174,5174,4.623333333333333,1.6320881063286918,1.7642776692810944
5175,5175,5175,4.625,1.6316714396620249,1.7638610026144277
5176,5176,5176,4.626666666666667,1.6312547729953584,1.7638258114951786
5177,5177,5177,4.628333333333334,1.6308381063286916,1.7637906203759288
5178,5178,5178,4.630000000000001,1.6300399641146073,1.7629924781618451
5179,5179,5179,4.631666666666668,1.6296232974479403,1.7625758114951784
5180,5180,5180,4.633333333333335,1.6292066307812738,1.761777669281094
5181,5181,5181,4.635,1.6287899641146075,1.7609795270670106
5182,5182,5182,4.636666666666667,1.6283732974479408,1.7613258114951786
5183,5183,5183,4.638333333333334,1.6283381063286917,1.7612906203759289
5184,5184,5184,4.640000000000001,1.627539964114607,1.7608739537092624
5185,5185,5185,4.6416666666666675,1.6267418219005234,1.7604572870425956
5186,5186,5186,4.643333333333334,1.6270881063286915,1.7596591448285115
5187,5187,5187,4.645000000000001,1.6262899641146071,1.7580980515195923
5188,5188,5188,4.646666666666668,1.626636248542776,1.757299909305509
5189,5189,5189,4.648333333333332,1.6262195818761092,1.7576461937336771
5190,5190,5190,4.65,1.6250399641146074,1.7572295270670104
5191,5191,5191,4.651666666666667,1.6250047729953585,1.7571943359477609
5192,5192,5192,4.653333333333334,1.6249695818761092,1.756777669281094
5193,5193,5193,4.655000000000001,1.6245529152094422,1.7563610026144274
5194,5194,5194,4.656666666666668,1.623754772995358,1.755944335947761
5195,5195,5195,4.658333333333333,1.6237195818761092,1.7551461937336772
5196,5196,5196,4.66,1.622921439662025,1.7551110026144277
5197,5197,5197,4.661666666666667,1.6221232974479407,1.754694335947761
5198,5198,5198,4.663333333333334,1.6217066307812742,1.7538961937336768
5199,5199,5199,4.665000000000001,1.6209084885671898,1.7538610026144277
5200,5200,5200,4.666666666666668,1.6208732974479405,1.7526813848529261
5201,5201,5201,4.668333333333333,1.6204566307812742,1.7518832426388424
5202,5202,5202,4.67,1.6200399641146075,1.7522295270670103
5203,5203,5203,4.671666666666667,1.6196232974479408,1.7514313848529262
5204,5204,5204,4.673333333333334,1.6192066307812742,1.7510147181862594
5205,5205,5205,4.675000000000001,1.619171439662025,1.7513610026144275
5206,5206,5206,4.676666666666668,1.6183732974479406,1.7509443359477608
5207,5207,5207,4.678333333333335,1.617193679686439,1.7501461937336769
5208,5208,5208,4.68,1.6167770130197727,1.7501110026144278
5209,5209,5209,4.681666666666667,1.6175047729953584,1.7493128604003438
5210,5210,5210,4.683333333333334,1.6174695818761091,1.7492776692810943
5211,5211,5211,4.6850000000000005,1.6151455374723551,1.7480980515195927
5212,5212,5212,4.686666666666667,1.6147288708056886,1.7484443359477608
5213,5213,5213,4.688333333333334,1.615456630781274,1.7484091448285115
5214,5214,5214,4.690000000000001,1.6150399641146072,1.7472295270670102
5215,5215,5215,4.691666666666666,1.6142418219005237,1.746049909305509
5216,5216,5216,4.693333333333333,1.6145881063286918,1.7460147181862595
5217,5217,5217,4.695,1.6137899641146074,1.7459795270670104
5218,5218,5218,4.696666666666667,1.6129918219005237,1.7455628604003437
5219,5219,5219,4.698333333333334,1.6121936796864391,1.7459091448285118
5220,5220,5220,4.700000000000001,1.6113955374723552,1.7454924781618448
5221,5221,5221,4.701666666666668,1.6117418219005233,1.7450758114951783
5222,5222,5222,4.703333333333333,1.6117066307812742,1.7442776692810944
5223,5223,5223,4.705,1.611671439662025,1.7434795270670105
5224,5224,5224,4.706666666666667,1.6108732974479407,1.742681384852926
5225,5225,5225,4.708333333333334,1.6100751552338568,1.7418832426388422
5226,5226,5226,4.710000000000001,1.6096584885671898,1.7422295270670105
5227,5227,5227,4.711666666666668,1.6088603463531057,1.7414313848529261
5228,5228,5228,4.713333333333335,1.6092066307812738,1.7406332426388418
5229,5229,5229,4.715,1.6091714396620251,1.7409795270670103
5230,5230,5230,4.716666666666667,1.6083732974479408,1.7405628604003438
5231,5231,5231,4.718333333333334,1.607956630781274,1.7401461937336766
5232,5232,5232,4.720000000000001,1.607539964114607,1.7397295270670103
5233,5233,5233,4.721666666666668,1.6063603463531058,1.7385499093055088
5234,5234,5234,4.7233333333333345,1.6063251552338569,1.7388961937336769
5235,5235,5235,4.725000000000001,1.605145537472355,1.73847952706701
5236,5236,5236,4.726666666666668,1.605110346353106,1.737299909305509
5237,5237,5237,4.728333333333332,1.6043122041390219,1.7372647181862595
5238,5238,5238,4.73,1.6038955374723554,1.7368480515195928
5239,5239,5239,4.731666666666667,1.6046232974479406,1.7356684337580912
5240,5240,5240,4.733333333333334,1.6038251552338567,1.7356332426388419
5241,5241,5241,4.735000000000001,1.6037899641146072,1.7355980515195926
5242,5242,5242,4.736666666666666,1.6029918219005237,1.7351813848529265
5243,5243,5243,4.738333333333333,1.602193679686439,1.7351461937336772
5244,5244,5244,4.74,1.6021584885671902,1.7343480515195928
5245,5245,5245,4.741666666666667,1.600978870805689,1.733931384852926
5246,5246,5246,4.743333333333334,1.6001807285916048,1.7323702915440071
5247,5247,5247,4.745000000000001,1.6009084885671898,1.7323351004247578
5248,5248,5248,4.746666666666668,1.6001103463531057,1.7322999093055087
5249,5249,5249,4.748333333333333,1.5989307285916052,1.7318832426388424
5250,5250,5250,4.75,1.5992770130197729,1.7310851004247583
5251,5251,5251,4.751666666666667,1.5992418219005236,1.731049909305509
5252,5252,5252,4.753333333333334,1.5976807285916048,1.7302517670914246
5253,5253,5253,4.755000000000001,1.596882586377521,1.729835100424758
5254,5254,5254,4.756666666666668,1.5968473952582714,1.7290369582106735
5255,5255,5255,4.758333333333335,1.5968122041390218,1.7286202915440068
5256,5256,5256,4.76,1.5967770130197727,1.728585100424758
5257,5257,5257,4.761666666666667,1.5959788708056888,1.7270240071158391
5258,5258,5258,4.763333333333334,1.5959436796864392,1.7273702915440072
5259,5259,5259,4.765000000000001,1.5943825863775207,1.7269536248773405
5260,5260,5260,4.7666666666666675,1.5943473952582714,1.7265369582106738
5261,5261,5261,4.768333333333334,1.593930728591605,1.7265017670914244
5262,5262,5262,4.770000000000001,1.5935140619249382,1.7257036248773403
5263,5263,5263,4.771666666666668,1.5927159197108542,1.7249054826632566
5264,5264,5264,4.773333333333332,1.5922992530441875,1.7248702915440073
5265,5265,5265,4.775,1.5915011108301031,1.7244536248773406
5266,5266,5266,4.776666666666667,1.591465919710854,1.7240369582106738
5267,5267,5267,4.778333333333334,1.591049253044187,1.7240017670914245
5268,5268,5268,4.780000000000001,1.5906325863775206,1.7232036248773404
5269,5269,5269,4.781666666666668,1.5898344441634362,1.7231684337580908
5270,5270,5270,4.783333333333333,1.5897992530441876,1.72198881599659
5271,5271,5271,4.785,1.5897640619249382,1.7219536248773406
5272,5272,5272,4.786666666666667,1.5878214930686017,1.7211554826632565
5273,5273,5273,4.788333333333334,1.5881677774967695,1.7207388159965895
5274,5274,5274,4.790000000000001,1.5877511108301032,1.7199406737825054
5275,5275,5275,4.791666666666668,1.5865714930686017,1.7199054826632565
5276,5276,5276,4.793333333333335,1.5869177774967695,1.7194888159965895
5277,5277,5277,4.795,1.5872640619249383,1.7190721493299232
5278,5278,5278,4.796666666666667,1.5860844441634363,1.719036958210674
5279,5279,5279,4.798333333333334,1.5856677774967698,1.7182388159965898
5280,5280,5280,4.800000000000001,1.5856325863775207,1.7174406737825054
5281,5281,5281,4.801666666666668,1.5840714930686015,1.7174054826632563
5282,5282,5282,4.803333333333336,1.5825103997596823,1.7177517670914244
5283,5283,5283,4.805,1.583619635282686,1.7165721493299233
5284,5284,5284,4.806666666666667,1.5832029686160194,1.7146295804735874
5285,5285,5285,4.808333333333334,1.582404826401935,1.7149758649017557
5286,5286,5286,4.8100000000000005,1.5819881597352683,1.715322149329923
5287,5287,5287,4.811666666666667,1.5819529686160192,1.7149054826632564
5288,5288,5288,4.813333333333334,1.5819177774967697,1.7144888159965896
5289,5289,5289,4.815000000000003,1.5815011108301031,1.7140721493299231
5290,5290,5290,4.816666666666666,1.5807029686160194,1.7136554826632566
5291,5291,5291,4.818333333333333,1.5806677774967701,1.7128573404491725
5292,5292,5292,4.82,1.579869635282686,1.7124406737825055
5293,5293,5293,4.821666666666667,1.5794529686160192,1.7120240071158388
5294,5294,5294,4.823333333333334,1.5782733508545177,1.7119888159965897
5295,5295,5295,4.825000000000003,1.5778566841878507,1.7115721493299232
5296,5296,5296,4.826666666666668,1.5785844441634362,1.7111554826632562
5297,5297,5297,4.828333333333333,1.5770233508545175,1.71073881599659
5298,5298,5298,4.83,1.5769881597352684,1.7099406737825056
5299,5299,5299,4.831666666666667,1.5773344441634365,1.7095240071158389
5300,5300,5300,4.833333333333334,1.5761548264019354,1.7087258649017554
5301,5301,5301,4.835000000000001,1.5753566841878508,1.7094536248773404
5302,5302,5302,4.836666666666668,1.5760844441634358,1.7086554826632565
5303,5303,5303,4.8383333333333365,1.5749048264019347,1.707857340449172
5304,5304,5304,4.84,1.5737252086404336,1.7078221493299233
5305,5305,5305,4.841666666666667,1.5744529686160194,1.7074054826632563
5306,5306,5306,4.843333333333334,1.5744177774967698,1.7066073404491722
5307,5307,5307,4.845000000000001,1.5732381597352685,1.7061906737825054
5308,5308,5308,4.846666666666668,1.572440017521184,1.7057740071158387
5309,5309,5309,4.8483333333333345,1.5720233508545174,1.7049758649017552
5310,5310,5310,4.850000000000003,1.5704622575455984,1.7041777226876709
5311,5311,5311,4.851666666666668,1.570808541973767,1.7041425315684222
5312,5312,5312,4.853333333333332,1.571536301949353,1.7041073404491722
5313,5313,5313,4.855,1.5699752086404335,1.7040721493299231
5314,5314,5314,4.856666666666667,1.5695585419737668,1.7036554826632564
5315,5315,5315,4.858333333333334,1.5695233508545174,1.7020943893543377
5316,5316,5316,4.860000000000003,1.569488159735268,1.7020591982350886
5317,5317,5317,4.861666666666666,1.5686900175211844,1.7020240071158392
5318,5318,5318,4.863333333333333,1.5678918753071005,1.7008443893543381
5319,5319,5319,4.865,1.5674752086404335,1.7004277226876712
5320,5320,5320,4.866666666666667,1.5666770664263492,1.7007740071158388
5321,5321,5321,4.868333333333334,1.5666418753071,1.6992129138069203
5322,5322,5322,4.870000000000003,1.5666066841878508,1.6987962471402538
5323,5323,5323,4.871666666666668,1.5665714930686014,1.699142531568422
5324,5324,5324,4.873333333333333,1.5657733508545175,1.6991073404491723
5325,5325,5325,4.875,1.566119635282686,1.697546247140254
5326,5326,5326,4.876666666666667,1.5641770664263492,1.6967481049261697
5327,5327,5327,4.878333333333334,1.563378924212265,1.6967129138069206
5328,5328,5328,4.880000000000001,1.5637252086404334,1.6966777226876708
5329,5329,5329,4.881666666666668,1.563308541973767,1.6962610560210043
5330,5330,5330,4.883333333333336,1.5625103997596823,1.6962258649017552
5331,5331,5331,4.885,1.5620937330930158,1.6958091982350891
5332,5332,5332,4.886666666666667,1.5612955908789319,1.6950110560210043
5333,5333,5333,4.888333333333334,1.5604974486648482,1.6942129138069206
5334,5334,5334,4.890000000000001,1.5604622575455986,1.6937962471402541
5335,5335,5335,4.8916666666666675,1.5608085419737667,1.692616629378752
5336,5336,5336,4.893333333333334,1.5607733508545174,1.6925814382595028
5337,5337,5337,4.895000000000003,1.5592122575455984,1.6917832960454184
5338,5338,5338,4.896666666666668,1.5587955908789322,1.6917481049261698
5339,5339,5339,4.898333333333332,1.5583789242122654,1.6913314382595033
5340,5340,5340,4.9,1.558343733093016,1.690533296045419
5341,5341,5341,4.901666666666667,1.557545590878932,1.6901166293787517
5342,5342,5342,4.903333333333334,1.5567474486648478,1.6896999627120852
5343,5343,5343,4.905000000000003,1.556330781998181,1.690427722687671
5344,5344,5344,4.906666666666668,1.556677066426349,1.6892481049261694
5345,5345,5345,4.908333333333333,1.5554974486648483,1.6880684871646685
5346,5346,5346,4.91,1.5550807819981811,1.6884147715928364
5347,5347,5347,4.911666666666667,1.5558085419737668,1.6876166293787518
5348,5348,5348,4.913333333333334,1.5546289242122653,1.686818487164668
5349,5349,5349,4.915000000000003,1.5542122575455986,1.6875462471402538
5350,5350,5350,4.916666666666668,1.5534141153315144,1.6867481049261694
5351,5351,5351,4.9183333333333366,1.553378924212265,1.6855684871646681
5352,5352,5352,4.92,1.5529622575455988,1.6859147715928364
5353,5353,5353,4.921666666666667,1.5525455908789318,1.6851166293787518
5354,5354,5354,4.923333333333334,1.5521289242122651,1.683937011617251
5355,5355,5355,4.925000000000001,1.5520937330930158,1.6831388694031664
5356,5356,5356,4.926666666666668,1.551295590878932,1.683485153831335
5357,5357,5357,4.928333333333336,1.5508789242122651,1.6834499627120851
5358,5358,5358,4.93,1.5508437330930158,1.6826518204980017
5359,5359,5359,4.931666666666667,1.5504270664263493,1.682235153831335
5360,5360,5360,4.933333333333334,1.5492474486648482,1.6818184871646682
5361,5361,5361,4.9350000000000005,1.5492122575455989,1.6817832960454189
5362,5362,5362,4.936666666666667,1.5484141153315143,1.6806036782839175
5363,5363,5363,4.938333333333334,1.5479974486648478,1.6805684871646682
5364,5364,5364,4.940000000000003,1.5479622575455985,1.6797703449505839
5365,5365,5365,4.941666666666666,1.5471641153315148,1.6793536782839178
5366,5366,5366,4.943333333333333,1.5463659731174306,1.6793184871646682
5367,5367,5367,4.945,1.5474752086404335,1.6781388694031665
5368,5368,5368,4.946666666666667,1.5466770664263492,1.6781036782839176
5369,5369,5369,4.948333333333334,1.5458789242122652,1.678068487164668
5370,5370,5370,4.950000000000003,1.545080781998181,1.6761259183083317
5371,5371,5371,4.951666666666668,1.5439011642366796,1.6760907271890824
5372,5372,5372,4.953333333333333,1.543865973117431,1.6768184871646683
5373,5373,5373,4.955,1.5438307819981814,1.6756388694031663
5374,5374,5374,4.956666666666667,1.5437955908789318,1.6756036782839177
5375,5375,5375,4.958333333333334,1.5433789242122653,1.675568487164668
5376,5376,5376,4.960000000000001,1.5429622575455986,1.6747703449505842
5377,5377,5377,4.961666666666668,1.5421641153315144,1.6743536782839177
5378,5378,5378,4.9633333333333365,1.5413659731174305,1.6743184871646681
5379,5379,5379,4.965,1.5409493064507642,1.6739018204980016
5380,5380,5380,4.966666666666667,1.540914115331515,1.6727222027365
5381,5381,5381,4.968333333333334,1.5401159731174303,1.672687011617251
5382,5382,5382,4.970000000000001,1.5400807819981812,1.6715073938557492
5383,5383,5383,4.971666666666668,1.5392826397840969,1.670709251641665
5384,5384,5384,4.9733333333333345,1.5392474486648478,1.6710555360698331
5385,5385,5385,4.975000000000003,1.538830781998181,1.6710203449505838
5386,5386,5386,4.976666666666668,1.538032639784097,1.6702222027365
5387,5387,5387,4.978333333333332,1.5376159731174306,1.6698055360698332
5388,5388,5388,4.98,1.537962257545599,1.6697703449505843
5389,5389,5389,4.981666666666667,1.5371641153315143,1.6697351538313348
5390,5390,5390,4.983333333333334,1.5367474486648478,1.6689370116172508
5391,5391,5391,4.985000000000003,1.5359493064507637,1.6689018204980013
5392,5392,5392,4.986666666666666,1.53515116423668,1.668485153831335
5393,5393,5393,4.988333333333333,1.5347344975700132,1.667687011617251
5394,5394,5394,4.99,1.5346993064507641,1.6672703449505843
5395,5395,5395,4.991666666666667,1.5342826397840972,1.6672351538313348
5396,5396,5396,4.993333333333334,1.534247448664848,1.6671999627120853
5397,5397,5397,4.995000000000003,1.532686355355929,1.6664018204980011
5398,5398,5398,4.996666666666668,1.5318882131418448,1.6659851538313346
5399,5399,5399,4.998333333333333,1.5322344975700135,1.6648055360698333
5400,5400,5400,5.0,1.5321993064507642,1.6643888694031663
5401,5401,5401,5.001666666666667,1.5314011642366794,1.6647351538313349
5402,5402,5402,5.003333333333334,1.530984497570013,1.664318487164668
5403,5403,5403,5.005000000000001,1.5290419287136767,1.6635203449505842
5404,5404,5404,5.006666666666668,1.5274808354047578,1.6627222027364996
5405,5405,5405,5.008333333333336,1.5251567910010042,1.6619240605224157
5406,5406,5406,5.01,1.521306844407581,1.6615073938557494
5407,5407,5407,5.011666666666667,1.5174568978141576,1.6614722027365
5408,5408,5408,5.013333333333334,1.5166587556000737,1.6618184871646682
5409,5409,5409,5.015000000000001,1.5162420889334067,1.6610203449505845
5410,5410,5410,5.0166666666666675,1.5150624711719052,1.659459251641665
5411,5411,5411,5.018333333333334,1.5154087556000733,1.659805536069833
5412,5412,5412,5.02,1.5149920889334063,1.6593888694031662
5413,5413,5413,5.021666666666668,1.5141939467193228,1.6589722027365
5414,5414,5414,5.023333333333332,1.5141587556000735,1.6577925849749986
5415,5415,5415,5.025,1.5133606133859894,1.657375918308332
5416,5416,5416,5.026666666666667,1.5133254222667398,1.6577222027364995
5417,5417,5417,5.028333333333334,1.512908755600073,1.6576870116172508
5418,5418,5418,5.029999999999999,1.5124920889334066,1.656507393855749
5419,5419,5419,5.031666666666668,1.51207542226674,1.6564722027364995
5420,5420,5420,5.033333333333333,1.512040231147491,1.6568184871646685
5421,5421,5421,5.035,1.5120050400282414,1.6556388694031663
5422,5422,5422,5.036666666666667,1.5123513244564095,1.6544592516416652
5423,5423,5423,5.038333333333334,1.5111717066949082,1.654424060522416
5424,5424,5424,5.039999999999999,1.5092291378385716,1.6547703449505842
5425,5425,5425,5.041666666666668,1.5091939467193225,1.6543536782839174
5426,5426,5426,5.0433333333333366,1.5087772800526558,1.6535555360698329
5427,5427,5427,5.045,1.5083606133859897,1.6535203449505844
5428,5428,5428,5.046666666666667,1.5083254222667402,1.6531036782839177
5429,5429,5429,5.048333333333334,1.509053182242326,1.6515425849749985
5430,5430,5430,5.050000000000001,1.5086365155756591,1.6511259183083318
5431,5431,5431,5.051666666666668,1.5066939467193226,1.6518536782839175
5432,5432,5432,5.053333333333336,1.5051328534104034,1.6502925849749983
5433,5433,5433,5.055,1.5050976622911552,1.6506388694031666
5434,5434,5434,5.056666666666667,1.5054439467193228,1.6502222027365
5435,5435,5435,5.058333333333334,1.5038828534104036,1.6490425849749986
5436,5436,5436,5.0600000000000005,1.5042291378385717,1.6493888694031664
5437,5437,5437,5.061666666666667,1.5038124711719052,1.6489722027364997
5438,5438,5438,5.063333333333334,1.5030143289578213,1.6477925849749984
5439,5439,5439,5.0649999999999995,1.5025976622911543,1.647757393855749
5440,5440,5440,5.066666666666666,1.5021809956244885,1.6481036782839178
5441,5441,5441,5.068333333333333,1.5010013778629867,1.6473055360698332
5442,5442,5442,5.07,1.5017291378385718,1.646125918308332
5443,5443,5443,5.071666666666667,1.501312471171905,1.6453277760942475
5444,5444,5444,5.073333333333334,1.4997513778629863,1.6445296338801634
5445,5445,5445,5.074999999999999,1.5000976622911546,1.6444944427609145
5446,5446,5446,5.076666666666668,1.5004439467193225,1.6448407271890824
5447,5447,5447,5.078333333333333,1.5000272800526562,1.6448055360698333
5448,5448,5448,5.08,1.4996106133859894,1.6440073938557491
5449,5449,5449,5.081666666666667,1.498430995624488,1.6432092516416652
5450,5450,5450,5.083333333333334,1.4968699023155692,1.642411109427581
5451,5451,5451,5.085000000000001,1.4964532356489022,1.6419944427609143
5452,5452,5452,5.086666666666668,1.49679952007707,1.6423407271890824
5453,5453,5453,5.0883333333333365,1.4963828534104031,1.6419240605224157
5454,5454,5454,5.09,1.4948217601014853,1.6415073938557494
5455,5455,5455,5.091666666666667,1.4944050934348183,1.6410907271890829
5456,5456,5456,5.093333333333334,1.4947513778629866,1.6402925849749983
5457,5457,5457,5.095000000000001,1.49433471119632,1.6402573938557492
5458,5458,5458,5.096666666666668,1.49429952007707,1.639459251641665
5459,5459,5459,5.0983333333333345,1.4935013778629864,1.6386611094275811
5460,5460,5460,5.1,1.4923217601014849,1.6386259183083316
5461,5461,5461,5.101666666666668,1.490760666792566,1.6385907271890827
5462,5462,5462,5.103333333333332,1.489962524578482,1.6377925849749986
5463,5463,5463,5.105,1.489927333459233,1.6373759183083318
5464,5464,5464,5.106666666666667,1.489510666792566,1.63619630054683
5465,5465,5465,5.108333333333334,1.4887125245784818,1.6361611094275812
5466,5466,5466,5.109999999999999,1.4879143823643977,1.6361259183083317
5467,5467,5467,5.111666666666668,1.4871162401503135,1.6357092516416651
5468,5468,5468,5.113333333333333,1.48631809793623,1.635674060522416
5469,5469,5469,5.115,1.4855199557221457,1.6352573938557493
5470,5470,5470,5.116666666666667,1.484721813508061,1.6333148249994132
5471,5471,5471,5.118333333333334,1.4850680979362298,1.6332796338801634
5472,5472,5472,5.119999999999999,1.4850329068169803,1.6336259183083317
5473,5473,5473,5.121666666666668,1.4842347646028964,1.63244630054683
5474,5474,5474,5.123333333333333,1.4830551468413948,1.6320296338801636
5475,5475,5475,5.125,1.4822570046273107,1.6308500161186619
5476,5476,5476,5.126666666666667,1.4822218135080614,1.6296703983571603
5477,5477,5477,5.128333333333334,1.4818051468413946,1.6277278295008244
5478,5478,5478,5.130000000000001,1.4813884801747281,1.6254037850970706
5479,5479,5479,5.131666666666668,1.4817347646028964,1.6219353140510644
5480,5480,5480,5.133333333333336,1.4813180979362297,1.6192297940998936
5481,5481,5481,5.135,1.4801384801747282,1.6184316518858095
5482,5482,5482,5.136666666666667,1.479340337960644,1.618014985219143
5483,5483,5483,5.138333333333334,1.4789236712939773,1.6175983185524765
5484,5484,5484,5.140000000000001,1.478888480174728,1.616800176338392
5485,5485,5485,5.1416666666666675,1.4784718135080612,1.6167649852191428
5486,5486,5486,5.143333333333334,1.4780551468413945,1.6163483185524758
5487,5487,5487,5.145,1.4784014312695632,1.6159316518858091
5488,5488,5488,5.146666666666668,1.478366240150314,1.615514985219143
5489,5489,5489,5.148333333333332,1.4771866223888122,1.6154797940998942
5490,5490,5490,5.15,1.4760070046273106,1.614300176338392
5491,5491,5491,5.151666666666667,1.4767347646028963,1.6142649852191429
5492,5492,5492,5.153333333333334,1.4755551468413943,1.613848318552476
5493,5493,5493,5.154999999999999,1.4743755290798928,1.6141946029806449
5494,5494,5494,5.156666666666668,1.4731959113183914,1.6145408874088123
5495,5495,5495,5.158333333333333,1.4739236712939774,1.6145056962895636
5496,5496,5496,5.16,1.4727440535324758,1.6121816518858096
5497,5497,5497,5.161666666666667,1.4719459113183917,1.6110020341243076
5498,5498,5498,5.163333333333334,1.4719107201991424,1.6109668430050583
5499,5499,5499,5.164999999999999,1.4714940535324756,1.6105501763383918
5500,5500,5500,5.166666666666668,1.471077386865809,1.6097520341243077
5501,5501,5501,5.1683333333333366,1.4706607201991422,1.6104797940998936
5502,5502,5502,5.17,1.4690996268902237,1.6108260785280617
5503,5503,5503,5.171666666666667,1.4683014846761393,1.6107908874088126
5504,5504,5504,5.173333333333334,1.4694107201991424,1.6084668430050586
5505,5505,5505,5.175000000000001,1.4686125779850585,1.6072872252435568
5506,5506,5506,5.176666666666668,1.468577386865809,1.6072520341243075
5507,5507,5507,5.178333333333336,1.4689236712939768,1.6072168430050584
5508,5508,5508,5.18,1.4681255290798931,1.6064187007909745
5509,5509,5509,5.181666666666667,1.4661829602235568,1.6060020341243078
5510,5510,5510,5.183333333333334,1.4657662935568905,1.6055853674576408
5511,5511,5511,5.1850000000000005,1.4657311024376407,1.6047872252435569
5512,5512,5512,5.186666666666667,1.4645514846761392,1.6043705585768904
5513,5513,5513,5.188333333333334,1.4648977691043077,1.6039538919102236
5514,5514,5514,5.1899999999999995,1.464862577985058,1.603537225243557
5515,5515,5515,5.191666666666666,1.4640644357709744,1.6035020341243078
5516,5516,5516,5.193333333333333,1.4644107201991423,1.602703891910224
5517,5517,5517,5.195,1.4636125779850584,1.6019057496961395
5518,5518,5518,5.196666666666667,1.4624329602235568,1.6026335096717252
5519,5519,5519,5.198333333333334,1.4623977691043075,1.6022168430050585
5520,5520,5520,5.199999999999999,1.4635070046273104,1.6018001763383918
5521,5521,5521,5.201666666666668,1.4627088624132258,1.601764985219143
5522,5522,5522,5.203333333333333,1.4615292446517252,1.6002038919102242
5523,5523,5523,5.205,1.461875529079893,1.5997872252435572
5524,5524,5524,5.206666666666667,1.4618403379606442,1.5993705585768905
5525,5525,5525,5.208333333333334,1.4606607201991424,1.5985724163628063
5526,5526,5526,5.210000000000001,1.4598625779850585,1.5985372252435568
5527,5527,5527,5.211666666666668,1.4594459113183915,1.5977390830294729
5528,5528,5528,5.2133333333333365,1.4597921957465594,1.5977038919102236
5529,5529,5529,5.215,1.4597570046273107,1.59690574969614
5530,5530,5530,5.216666666666667,1.459340337960644,1.5964890830294731
5531,5531,5531,5.218333333333334,1.457779244651725,1.5968353674576408
5532,5532,5532,5.220000000000001,1.458125529079893,1.595274274148722
5533,5533,5533,5.221666666666668,1.4577088624132262,1.5937131808398033
5534,5534,5534,5.2233333333333345,1.4557662935568898,1.5925335630783015
5535,5535,5535,5.225,1.4553496268902233,1.592116896411635
5536,5536,5536,5.226666666666668,1.4560773868658092,1.5920817052923864
5537,5537,5537,5.228333333333332,1.455279244651725,1.5916650386257196
5538,5538,5538,5.23,1.4544811024376407,1.5901039453168009
5539,5539,5539,5.231666666666667,1.4552088624132262,1.5889243275552989
5540,5540,5540,5.233333333333334,1.4547921957465595,1.5881261853412152
5541,5541,5541,5.234999999999999,1.4543755290798928,1.5873280431271304
5542,5542,5542,5.236666666666668,1.4539588624132258,1.5869113764604637
5543,5543,5543,5.238333333333333,1.4531607201991426,1.5864947097937974
5544,5544,5544,5.24,1.453125529079893,1.5864595186745485
5545,5545,5545,5.241666666666667,1.4523273868658089,1.5864243275552992
5546,5546,5546,5.243333333333334,1.451529244651725,1.5856261853412152
5547,5547,5547,5.244999999999999,1.4514940535324756,1.5848280431271304
5548,5548,5548,5.246666666666668,1.4518403379606435,1.5840299009130467
5549,5549,5549,5.248333333333333,1.4518051468413948,1.5839947097937974
5550,5550,5550,5.25,1.4506255290798928,1.5831965675797135
5551,5551,5551,5.251666666666667,1.4498273868658091,1.5835428520078818
5552,5552,5552,5.253333333333334,1.449029244651725,1.5835076608886325
5553,5553,5553,5.255000000000001,1.4493755290798929,1.5827095186745483
5554,5554,5554,5.256666666666668,1.4493403379606438,1.5815299009130468
5555,5555,5555,5.258333333333336,1.4481607201991422,1.58111323424638
5556,5556,5556,5.26,1.4473625779850583,1.5806965675797138
5557,5557,5557,5.261666666666667,1.4473273868658092,1.580661376460464
5558,5558,5558,5.263333333333334,1.4461477691043076,1.5806261853412151
5559,5559,5559,5.265000000000001,1.4457311024376407,1.5798280431271303
5560,5560,5560,5.2666666666666675,1.4453144357709742,1.5801743275552989
5561,5561,5561,5.268333333333334,1.4460421957465597,1.5793761853412152
5562,5562,5562,5.27,1.4460070046273104,1.5781965675797134
5563,5563,5563,5.271666666666668,1.4444459113183918,1.578161376460464
5564,5564,5564,5.273333333333332,1.4436477691043077,1.5773632342463804
5565,5565,5565,5.275,1.4436125779850584,1.5765650920322958
5566,5566,5566,5.276666666666667,1.443577386865809,1.5753854742707945
5567,5567,5567,5.278333333333334,1.4423977691043075,1.5749688076041275
5568,5568,5568,5.279999999999999,1.4419811024376408,1.5749336164848782
5569,5569,5569,5.281666666666668,1.4423273868658089,1.5733725231759594
5570,5570,5570,5.283333333333333,1.4430551468413948,1.5729558565092931
5571,5571,5571,5.285,1.4411125779850584,1.5736836164848784
5572,5572,5572,5.286666666666667,1.4403144357709745,1.5732669498182117
5573,5573,5573,5.288333333333334,1.4406607201991424,1.5732317586989626
5574,5574,5574,5.289999999999999,1.4398625779850582,1.5724336164848782
5575,5575,5575,5.291666666666668,1.439827386865809,1.570491047628542
5576,5576,5576,5.2933333333333366,1.4394107201991422,1.5704558565092928
5577,5577,5577,5.295,1.4382311024376406,1.5711836164848785
5578,5578,5578,5.296666666666667,1.4378144357709743,1.5707669498182115
5579,5579,5579,5.298333333333334,1.4373977691043076,1.5699688076041278
5580,5580,5580,5.300000000000001,1.4362181513428058,1.5699336164848785
5581,5581,5581,5.301666666666668,1.4361829602235567,1.5691354742707944
5582,5582,5582,5.303333333333336,1.4357662935568898,1.5675743809618752
5583,5583,5583,5.305,1.4353496268902235,1.5675391898426263
5584,5584,5584,5.306666666666667,1.4356959113183918,1.5667410476285422
5585,5585,5585,5.308333333333334,1.4345162935568905,1.5663243809618754
5586,5586,5586,5.3100000000000005,1.4329552002479715,1.566670665390044
5587,5587,5587,5.311666666666667,1.4325385335813048,1.5662539987233772
5588,5588,5588,5.313333333333334,1.4328848180094724,1.5662188076041277
5589,5589,5589,5.3149999999999995,1.4332311024376407,1.566183616484878
5590,5590,5590,5.316666666666666,1.433195911318392,1.5642410476285422
5591,5591,5591,5.318333333333333,1.4327792446517251,1.5638243809618757
5592,5592,5592,5.32,1.4319811024376408,1.5645521409374612
5593,5593,5593,5.321666666666667,1.4319459113183917,1.5648984253656293
5594,5594,5594,5.323333333333334,1.4311477691043075,1.5637188076041275
5595,5595,5595,5.324999999999999,1.4307311024376408,1.5629206653900438
5596,5596,5596,5.326666666666668,1.430314435770974,1.563648425365629
5597,5597,5597,5.328333333333333,1.4298977691043078,1.5636132342463804
5598,5598,5598,5.33,1.4290996268902236,1.5624336164848784
5599,5599,5599,5.331666666666667,1.4283014846761393,1.5616354742707943
5600,5600,5600,5.333333333333334,1.4271218669146382,1.561600283151545
5601,5601,5601,5.335000000000001,1.427849626890224,1.5623280431271305
5602,5602,5602,5.336666666666668,1.4274329602235567,1.5619113764604635
5603,5603,5603,5.3383333333333365,1.4277792446517243,1.5607317586989624
5604,5604,5604,5.34,1.4273625779850585,1.5599336164848785
5605,5605,5605,5.341666666666667,1.4261829602235567,1.5598984253656294
5606,5606,5606,5.343333333333334,1.4257662935568902,1.5594817586989629
5607,5607,5607,5.345000000000001,1.4242052002479717,1.557920665390044
5608,5608,5608,5.346666666666668,1.4230255824864697,1.5575039987233772
5609,5609,5609,5.3483333333333345,1.4233718669146382,1.5578502831515448
5610,5610,5610,5.35,1.4221922491531362,1.5566706653900435
5611,5611,5611,5.351666666666668,1.4221570580338874,1.5562539987233774
5612,5612,5612,5.353333333333332,1.4225033424620557,1.5566002831515449
5613,5613,5613,5.355,1.4220866757953887,1.5569465675797136
5614,5614,5614,5.356666666666667,1.4209070580338872,1.5565299009130469
5615,5615,5615,5.358333333333334,1.4201089158198033,1.5553502831515449
5616,5616,5616,5.359999999999999,1.4196922491531363,1.5553150920322958
5617,5617,5617,5.361666666666668,1.4196570580338868,1.5548984253656293
5618,5618,5618,5.363333333333333,1.419240391367221,1.5541002831515451
5619,5619,5619,5.365,1.418060773605719,1.5536836164848784
5620,5620,5620,5.366666666666667,1.4176441069390522,1.554029900913047
5621,5621,5621,5.368333333333334,1.4179903913672205,1.5539947097937972
5622,5622,5622,5.369999999999999,1.4171922491531364,1.5535780431271304
5623,5623,5623,5.371666666666668,1.4167755824864696,1.5520169498182117
5624,5624,5624,5.373333333333333,1.4171218669146384,1.5516002831515452
5625,5625,5625,5.375,1.416323724700554,1.5511836164848785
5626,5626,5626,5.376666666666667,1.4151441069390522,1.551911376460464
5627,5627,5627,5.378333333333334,1.4147274402723855,1.5511132342463805
5628,5628,5628,5.380000000000001,1.4150737247005538,1.5495521409374609
5629,5629,5629,5.381666666666668,1.4146570580338869,1.5498984253656292
5630,5630,5630,5.383333333333336,1.4142403913672204,1.5491002831515448
5631,5631,5631,5.385,1.4130607736057188,1.547920665390044
5632,5632,5632,5.386666666666667,1.4130255824864701,1.5478854742707946
5633,5633,5633,5.388333333333334,1.4122274402723856,1.547468807604128
5634,5634,5634,5.390000000000001,1.4118107736057188,1.5474336164848783
5635,5635,5635,5.3916666666666675,1.4113941069390517,1.5473984253656292
5636,5636,5636,5.393333333333334,1.4113589158198032,1.5454558565092928
5637,5637,5637,5.395,1.4105607736057186,1.545039189842626
5638,5638,5638,5.396666666666668,1.4101441069390523,1.5453854742707946
5639,5639,5639,5.398333333333332,1.4093459647249684,1.5449688076041281
5640,5640,5640,5.4,1.4089292980583017,1.5437891898426264
5641,5641,5641,5.401666666666667,1.408894106939052,1.5437539987233773
5642,5642,5642,5.403333333333334,1.4080959647249682,1.5448632342463802
5643,5643,5643,5.404999999999999,1.4076792980583015,1.5440650920322958
5644,5644,5644,5.406666666666668,1.4084070580338868,1.542503998723377
5645,5645,5645,5.408333333333333,1.4079903913672207,1.5424688076041282
5646,5646,5646,5.41,1.4071922491531366,1.5420521409374612
5647,5647,5647,5.411666666666667,1.4063941069390522,1.541253998723377
5648,5648,5648,5.413333333333334,1.4063589158198029,1.541600283151545
5649,5649,5649,5.414999999999999,1.4059422491531364,1.541565092032296
5650,5650,5650,5.416666666666668,1.405144106939052,1.5400039987233771
5651,5651,5651,5.4183333333333366,1.4047274402723853,1.5403502831515448
5652,5652,5652,5.42,1.4046922491531366,1.5387891898426265
5653,5653,5653,5.421666666666667,1.4038941069390525,1.5383725231759595
5654,5654,5654,5.423333333333334,1.4023330136301335,1.5387188076041278
5655,5655,5655,5.425000000000001,1.4022978225108842,1.537920665390044
5656,5656,5656,5.426666666666668,1.402644106939052,1.5375039987233772
5657,5657,5657,5.428333333333336,1.401845964724968,1.5382317586989624
5658,5658,5658,5.43,1.4021922491531362,1.5362891898426259
5659,5659,5659,5.431666666666667,1.4033014846761394,1.535109572081125
5660,5660,5660,5.433333333333334,1.4005959647249684,1.5350743809618754
5661,5661,5661,5.4350000000000005,1.3990348714160494,1.535420665390044
5662,5662,5662,5.436666666666667,1.3993811558442175,1.5357669498182116
5663,5663,5663,5.438333333333334,1.3989644891775508,1.5349688076041277
5664,5664,5664,5.4399999999999995,1.398547822510884,1.5341706653900438
5665,5665,5665,5.441666666666666,1.39927558248647,1.5337539987233777
5666,5666,5666,5.443333333333333,1.3984774402723856,1.5337188076041282
5667,5667,5667,5.445,1.398060773605719,1.5325391898426264
5668,5668,5668,5.446666666666667,1.3987885335813048,1.5325039987233773
5669,5669,5669,5.448333333333334,1.3972274402723854,1.5317058565092934
5670,5670,5670,5.449999999999999,1.396047822510884,1.5312891898426262
5671,5671,5671,5.451666666666668,1.396394106939052,1.5308725231759597
5672,5672,5672,5.453333333333333,1.3955959647249685,1.5300743809618755
5673,5673,5673,5.455,1.3947978225108844,1.5296577142952088
5674,5674,5674,5.456666666666667,1.3951441069390522,1.5296225231759597
5675,5675,5675,5.458333333333334,1.3954903913672203,1.5292058565092934
5676,5676,5676,5.460000000000001,1.3943107736057188,1.529552140937461
5677,5677,5677,5.461666666666668,1.3935126313916348,1.5287539987233771
5678,5678,5678,5.4633333333333365,1.393095964724968,1.5279558565092928
5679,5679,5679,5.465,1.393060773605719,1.5271577142952089
5680,5680,5680,5.466666666666667,1.3918811558442177,1.52559662098629
5681,5681,5681,5.468333333333334,1.391464489177551,1.5255614298670406
5682,5682,5682,5.470000000000001,1.3910478225108842,1.5255262387477917
5683,5683,5683,5.471666666666668,1.3906311558442177,1.5251095720811247
5684,5684,5684,5.4733333333333345,1.3905959647249682,1.524692905414458
5685,5685,5685,5.475,1.3901792980583014,1.5250391898426259
5686,5686,5686,5.476666666666668,1.39052558248647,1.5242410476285422
5687,5687,5687,5.478333333333332,1.3904903913672206,1.5230614298670406
5688,5688,5688,5.48,1.3881663469634669,1.5230262387477915
5689,5689,5689,5.481666666666667,1.386986729201965,1.5226095720811248
5690,5690,5690,5.483333333333334,1.3873330136301334,1.5218114298670404
5691,5691,5691,5.484999999999999,1.3869163469634669,1.521776238747791
5692,5692,5692,5.486666666666668,1.3868811558442171,1.5209780965337067
5693,5693,5693,5.488333333333333,1.3860830136301336,1.5209429054144583
5694,5694,5694,5.49,1.385666346963467,1.5209077142952088
5695,5695,5695,5.491666666666667,1.3856311558442176,1.5197280965337072
5696,5696,5696,5.493333333333334,1.3844515380827158,1.519692905414458
5697,5697,5697,5.494999999999999,1.3844163469634667,1.5196577142952086
5698,5698,5698,5.496666666666668,1.3847626313916348,1.5188595720811249
5699,5699,5699,5.498333333333333,1.3843459647249683,1.5176799543196235
5700,5700,5700,5.5,1.3843107736057194,1.517644763200374
5701,5701,5701,5.501666666666667,1.3831311558442176,1.5176095720811251
5702,5702,5702,5.503333333333334,1.382333013630133,1.5171929054144582
5703,5703,5703,5.505000000000001,1.3819163469634668,1.5167762387477914
5704,5704,5704,5.506666666666668,1.3818811558442174,1.51559662098629
5705,5705,5705,5.508333333333336,1.381845964724968,1.5155614298670403
5706,5706,5706,5.51,1.3810478225108844,1.5147632876529569
5707,5707,5707,5.511666666666667,1.3798682047493829,1.5139651454388725
5708,5708,5708,5.513333333333334,1.3798330136301336,1.5146929054144582
5709,5709,5709,5.515000000000001,1.3797978225108842,1.513894763200374
5710,5710,5710,5.5166666666666675,1.3789996802968,1.5127151454388723
5711,5711,5711,5.518333333333334,1.3785830136301334,1.5130614298670404
5712,5712,5712,5.52,1.378547822510884,1.5122632876529565
5713,5713,5713,5.521666666666668,1.3781311558442175,1.5122280965337074
5714,5714,5714,5.523333333333332,1.3773330136301336,1.5114299543196237
5715,5715,5715,5.525,1.3765348714160497,1.5102503365581217
5716,5716,5716,5.526666666666667,1.3764996802968,1.51059662098629
5717,5717,5717,5.528333333333334,1.3757015380827158,1.5109429054144579
5718,5718,5718,5.529999999999999,1.3752848714160493,1.5101447632003735
5719,5719,5719,5.531666666666668,1.3756311558442174,1.5093466209862898
5720,5720,5720,5.533333333333333,1.3748330136301337,1.508548478772206
5721,5721,5721,5.535,1.374416346963467,1.5085132876529568
5722,5722,5722,5.536666666666667,1.374762631391635,1.5084780965337072
5723,5723,5723,5.538333333333334,1.3739644891775509,1.5072984787722057
5724,5724,5724,5.539999999999999,1.3743107736057187,1.5072632876529566
5725,5725,5725,5.541666666666668,1.3731311558442174,1.5072280965337068
5726,5726,5726,5.5433333333333366,1.3723330136301333,1.5056670032247883
5727,5727,5727,5.545,1.371916346963467,1.5048688610107048
5728,5728,5728,5.546666666666667,1.3718811558442177,1.5052151454388725
5729,5729,5729,5.548333333333334,1.3703200625352985,1.5044170032247886
5730,5730,5730,5.550000000000001,1.3699033958686315,1.5043818121055392
5731,5731,5731,5.551666666666668,1.3702496802968,1.5051095720811247
5732,5732,5732,5.553333333333336,1.3702144891775507,1.5043114298670404
5733,5733,5733,5.555,1.3694163469634666,1.5023688610107044
5734,5734,5734,5.556666666666667,1.3682367292019653,1.501952194344038
5735,5735,5735,5.558333333333334,1.3678200625352983,1.5015355276773714
5736,5736,5736,5.5600000000000005,1.3681663469634668,1.501118861010705
5737,5737,5737,5.561666666666667,1.366605253654548,1.5014651454388723
5738,5738,5738,5.563333333333334,1.3650441603456287,1.5014299543196232
5739,5739,5739,5.5649999999999995,1.365390444773797,1.5006318121055389
5740,5740,5740,5.566666666666666,1.365355253654548,1.5005966209862902
5741,5741,5741,5.568333333333333,1.3657015380827162,1.5001799543196237
5742,5742,5742,5.57,1.364903395868632,1.4986188610107047
5743,5743,5743,5.571666666666667,1.3656311558442176,1.4985836698914552
5744,5744,5744,5.573333333333334,1.3648330136301334,1.4981670032247885
5745,5745,5745,5.574999999999999,1.3632719203212145,1.4969873854632871
5746,5746,5746,5.576666666666668,1.3628552536545475,1.4969521943440378
5747,5747,5747,5.578333333333333,1.3628200625352986,1.4976799543196235
5748,5748,5748,5.58,1.3620219203212147,1.4972632876529568
5749,5749,5749,5.581666666666667,1.3612237781071306,1.4960836698914552
5750,5750,5750,5.583333333333334,1.3619515380827159,1.495285527677371
5751,5751,5751,5.585000000000001,1.3603904447737971,1.4952503365581218
5752,5752,5752,5.586666666666668,1.3599737781071304,1.4948336698914553
5753,5753,5753,5.5883333333333365,1.3599385869878808,1.4944170032247883
5754,5754,5754,5.59,1.3599033958686322,1.4936188610107048
5755,5755,5755,5.591666666666667,1.3606311558442177,1.493202194344038
5756,5756,5756,5.593333333333334,1.3598330136301335,1.4931670032247886
5757,5757,5757,5.595000000000001,1.3586533958686318,1.4927503365581218
5758,5758,5758,5.596666666666668,1.3586182047493829,1.4927151454388723
5759,5759,5759,5.5983333333333345,1.358201538082716,1.4930614298670404
5760,5760,5760,5.6,1.3566404447737972,1.4918818121055388
5761,5761,5761,5.601666666666668,1.3569867292019653,1.4899392432492031
5762,5762,5762,5.603333333333332,1.3561885869878814,1.4895225765825364
5763,5763,5763,5.605,1.3561533958686318,1.4894873854632873
5764,5764,5764,5.606666666666667,1.355736729201965,1.4890707187966206
5765,5765,5765,5.608333333333334,1.3560830136301334,1.4890355276773712
5766,5766,5766,5.609999999999999,1.3552848714160493,1.4878559099158697
5767,5767,5767,5.611666666666668,1.3552496802968002,1.4878207187966204
5768,5768,5768,5.613333333333333,1.3540700625352986,1.487404052129954
5769,5769,5769,5.615,1.353653395868632,1.4858429588210351
5770,5770,5770,5.616666666666667,1.3524737781071303,1.4865707187966206
5771,5771,5771,5.618333333333334,1.3520571114404638,1.4869170032247885
5772,5772,5772,5.619999999999999,1.351640444773797,1.4861188610107046
5773,5773,5773,5.621666666666668,1.3516052536545478,1.4860836698914552
5774,5774,5774,5.623333333333333,1.3515700625352989,1.4852855276773715
5775,5775,5775,5.625,1.350390444773797,1.4837244343684526
5776,5776,5776,5.626666666666667,1.3507367292019652,1.484452194344038
5777,5777,5777,5.628333333333334,1.349557111440464,1.4844170032247883
5778,5778,5778,5.630000000000001,1.3499033958686315,1.4836188610107046
5779,5779,5779,5.631666666666668,1.3498682047493826,1.4828207187966205
5780,5780,5780,5.633333333333336,1.3490700625352985,1.4820225765825359
5781,5781,5781,5.635,1.3478904447737974,1.4823688610107049
5782,5782,5782,5.636666666666667,1.3474737781071306,1.4815707187966207
5783,5783,5783,5.638333333333334,1.3478200625352983,1.4815355276773714
5784,5784,5784,5.640000000000001,1.3474033958686318,1.481118861010705
5785,5785,5785,5.6416666666666675,1.346986729201965,1.4803207187966203
5786,5786,5786,5.643333333333334,1.3465700625352983,1.4799040521299538
5787,5787,5787,5.645,1.3461533958686316,1.4794873854632868
5788,5788,5788,5.646666666666668,1.3464996802968003,1.478307767701786
5789,5789,5789,5.648333333333332,1.3445571114404642,1.478654052129954
5790,5790,5790,5.65,1.3433774936789622,1.478237385463287
5791,5791,5791,5.651666666666667,1.3437237781071305,1.4774392432492032
5792,5792,5792,5.653333333333334,1.3444515380827158,1.4774040521299538
5793,5793,5793,5.654999999999999,1.342890444773797,1.4769873854632871
5794,5794,5794,5.656666666666668,1.3417108270122953,1.4773336698914552
5795,5795,5795,5.658333333333333,1.342057111440464,1.4769170032247887
5796,5796,5796,5.66,1.3416404447737973,1.4772632876529568
5797,5797,5797,5.661666666666667,1.3408423025597132,1.4764651454388724
5798,5798,5798,5.663333333333334,1.3404256358930464,1.4745225765825365
5799,5799,5799,5.664999999999999,1.340390444773797,1.4744873854632872
5800,5800,5800,5.666666666666668,1.3399737781071304,1.4744521943440378
5801,5801,5801,5.6683333333333366,1.339557111440464,1.4732725765825359
5802,5802,5802,5.67,1.3379960181315451,1.4728559099158698
5803,5803,5803,5.671666666666667,1.3375793514648784,1.4724392432492033
5804,5804,5804,5.673333333333334,1.338307111440464,1.4720225765825363
5805,5805,5805,5.675000000000001,1.3378904447737971,1.4723688610107046
5806,5806,5806,5.676666666666668,1.3370923025597128,1.4715707187966205
5807,5807,5807,5.678333333333336,1.3374385869878809,1.470391101035119
5808,5808,5808,5.68,1.3362589692263795,1.470737385463287
5809,5809,5809,5.681666666666667,1.3362237781071309,1.4699392432492033
5810,5810,5810,5.683333333333334,1.3354256358930463,1.4683781499402844
5811,5811,5811,5.6850000000000005,1.3353904447737972,1.4675800077262
5812,5812,5812,5.686666666666667,1.335355253654548,1.467926292154368
5813,5813,5813,5.688333333333334,1.3353200625352983,1.4682725765825362
5814,5814,5814,5.6899999999999995,1.334140444773797,1.4678559099158697
5815,5815,5815,5.691666666666666,1.3325793514648785,1.4674392432492032
5816,5816,5816,5.693333333333333,1.3325441603456292,1.4677855276773717
5817,5817,5817,5.695,1.3328904447737973,1.466987385463287
5818,5818,5818,5.696666666666667,1.3320923025597131,1.4658077677017858
5819,5819,5819,5.698333333333334,1.3316756358930464,1.4657725765825362
5820,5820,5820,5.699999999999999,1.3301145425841272,1.4653559099158695
5821,5821,5821,5.701666666666668,1.3296978759174605,1.4645577677017856
5822,5822,5822,5.703333333333333,1.3296626847982118,1.4645225765825365
5823,5823,5823,5.705,1.3296274936789625,1.4644873854632874
5824,5824,5824,5.706666666666667,1.3292108270122955,1.4629262921543682
5825,5825,5825,5.708333333333334,1.3291756358930464,1.4625096254877017
5826,5826,5826,5.710000000000001,1.3287589692263797,1.4620929588210347
5827,5827,5827,5.711666666666668,1.3279608270122951,1.4624392432492028
5828,5828,5828,5.7133333333333365,1.3275441603456286,1.4627855276773711
5829,5829,5829,5.715,1.3263645425841275,1.4616059099158698
5830,5830,5830,5.716666666666667,1.3267108270122956,1.4611892432492033
5831,5831,5831,5.718333333333334,1.3266756358930465,1.4607725765825363
5832,5832,5832,5.720000000000001,1.3262589692263798,1.4599744343684524
5833,5833,5833,5.721666666666668,1.3254608270122954,1.4599392432492029
5834,5834,5834,5.7233333333333345,1.3254256358930463,1.459522576582536
5835,5835,5835,5.725,1.3250089692263796,1.4587244343684522
5836,5836,5836,5.726666666666668,1.3245923025597133,1.458307767701786
5837,5837,5837,5.728333333333332,1.3241756358930463,1.4578911010351192
5838,5838,5838,5.73,1.3233774936789622,1.4582373854632873
5839,5839,5839,5.731666666666667,1.3229608270122954,1.4578207187966206
5840,5840,5840,5.733333333333334,1.3225441603456287,1.4570225765825362
5841,5841,5841,5.734999999999999,1.3217460181315448,1.4562244343684525
5842,5842,5842,5.736666666666668,1.3217108270122953,1.4561892432492027
5843,5843,5843,5.738333333333333,1.3209126847982118,1.4546281499402844
5844,5844,5844,5.74,1.3201145425841274,1.4538300077261999
5845,5845,5845,5.741666666666667,1.3200793514648783,1.4541762921543682
5846,5846,5846,5.743333333333334,1.3196626847982116,1.4545225765825365
5847,5847,5847,5.744999999999999,1.3200089692263797,1.4533429588210347
5848,5848,5848,5.746666666666668,1.3192108270122953,1.4533077677017856
5849,5849,5849,5.748333333333333,1.317649733703377,1.452891101035119
5850,5850,5850,5.75,1.3183774936789625,1.452092958821035
5851,5851,5851,5.751666666666667,1.3183423025597132,1.452820718796621
5852,5852,5852,5.753333333333334,1.3163997337033768,1.4524040521299542
5853,5853,5853,5.755000000000001,1.3152201159418753,1.4516059099158696
5854,5854,5854,5.756666666666668,1.3159478759174603,1.4504262921543682
5855,5855,5855,5.758333333333336,1.3155312092507938,1.450391101035119
5856,5856,5856,5.76,1.314351591489293,1.4503559099158698
5857,5857,5857,5.761666666666667,1.3139349248226262,1.4499392432492033
5858,5858,5858,5.763333333333334,1.3135182581559597,1.4495225765825364
5859,5859,5859,5.765000000000001,1.31348306703671,1.4487244343684524
5860,5860,5860,5.7666666666666675,1.3130664003700434,1.4483077677017857
5861,5861,5861,5.768333333333334,1.313031209250794,1.4490355276773712
5862,5862,5862,5.77,1.313377493678962,1.4470929588210346
5863,5863,5863,5.771666666666668,1.3125793514648785,1.445531865512116
5864,5864,5864,5.773333333333332,1.310636782608542,1.4466411010351192
5865,5865,5865,5.775,1.3106015914892928,1.4462244343684525
5866,5866,5866,5.776666666666667,1.3105664003700437,1.444663341059533
5867,5867,5867,5.778333333333334,1.3112941603456287,1.4442466743928666
5868,5868,5868,5.779999999999999,1.3108774936789618,1.444592958821035
5869,5869,5869,5.781666666666668,1.3100793514648779,1.4437948166069507
5870,5870,5870,5.783333333333333,1.3085182581559596,1.4426151988454492
5871,5871,5871,5.785,1.3084830670367102,1.4429614832736175
5872,5872,5872,5.786666666666667,1.3084478759174607,1.4433077677017858
5873,5873,5873,5.788333333333334,1.308031209250794,1.4425096254877017
5874,5874,5874,5.789999999999999,1.3064701159418752,1.4420929588210347
5875,5875,5875,5.791666666666668,1.306434924822626,1.4401503899646984
5876,5876,5876,5.7933333333333366,1.3063997337033766,1.4404966743928664
5877,5877,5877,5.795,1.305601591489293,1.4404614832736178
5878,5878,5878,5.796666666666667,1.3051849248226262,1.4396633410595334
5879,5879,5879,5.798333333333334,1.3047682581559594,1.439246674392867
5880,5880,5880,5.800000000000001,1.3039701159418753,1.4392114832736176
5881,5881,5881,5.801666666666668,1.3035534492752086,1.4384133410595332
5882,5882,5882,5.803333333333336,1.3031367826085418,1.4379966743928665
5883,5883,5883,5.805,1.302720115941875,1.437198532178782
5884,5884,5884,5.806666666666667,1.3019219737277916,1.437544816606951
5885,5885,5885,5.808333333333334,1.301886782608542,1.4371281499402844
5886,5886,5886,5.8100000000000005,1.3018515914892927,1.4363300077262
5887,5887,5887,5.811666666666667,1.3006719737277914,1.4355318655121156
5888,5888,5888,5.813333333333334,1.300255307061125,1.4351151988454491
5889,5889,5889,5.8149999999999995,1.3002201159418751,1.4346985321787822
5890,5890,5890,5.816666666666666,1.2998034492752089,1.4346633410595335
5891,5891,5891,5.818333333333333,1.2986238315137075,1.4342466743928668
5892,5892,5892,5.82,1.2989701159418754,1.4334485321787824
5893,5893,5893,5.821666666666667,1.298934924822626,1.4322689144172809
5894,5894,5894,5.823333333333334,1.2988997337033767,1.431852247750614
5895,5895,5895,5.824999999999999,1.2969571648470406,1.431817056631365
5896,5896,5896,5.826666666666668,1.296540498180374,1.431018914417281
5897,5897,5897,5.828333333333333,1.2972682581559596,1.4313651988454492
5898,5898,5898,5.83,1.2968515914892929,1.4313300077262
5899,5899,5899,5.831666666666667,1.2960534492752087,1.4309133410595334
5900,5900,5900,5.833333333333334,1.2952553070611252,1.430115198845449
5901,5901,5901,5.835000000000001,1.294838640394458,1.4296985321787825
5902,5902,5902,5.836666666666668,1.294803449275208,1.4285189144172807
5903,5903,5903,5.8383333333333365,1.2936238315137072,1.4288651988454488
5904,5904,5904,5.84,1.2932071648470411,1.4288300077262002
5905,5905,5905,5.841666666666667,1.2935534492752088,1.4280318655121158
5906,5906,5906,5.843333333333334,1.293136782608542,1.427615198845449
5907,5907,5907,5.845000000000001,1.2919571648470407,1.4275800077262
5908,5908,5908,5.846666666666668,1.292684924822626,1.4267818655121156
5909,5909,5909,5.8483333333333345,1.2918867826085418,1.4267466743928665
5910,5910,5910,5.85,1.2907071648470403,1.425948532178782
5911,5911,5911,5.851666666666668,1.2902904981803742,1.425531865512116
5912,5912,5912,5.853333333333332,1.290636782608542,1.4254966743928668
5913,5913,5913,5.855,1.2902201159418754,1.4246985321787824
5914,5914,5914,5.856666666666667,1.2886590226329564,1.4239003899646985
5915,5915,5915,5.858333333333334,1.2874794048714548,1.4234837232980315
5916,5916,5916,5.859999999999999,1.288588640394458,1.423067056631365
5917,5917,5917,5.861666666666668,1.2881719737277912,1.4226503899646985
5918,5918,5918,5.863333333333333,1.2873738315137075,1.422233723298032
5919,5919,5919,5.865,1.2873386403944582,1.4218170566313653
5920,5920,5920,5.866666666666667,1.2869219737277915,1.4217818655121155
5921,5921,5921,5.868333333333334,1.286886782608542,1.4206022477506142
5922,5922,5922,5.869999999999999,1.2857071648470406,1.4198041055365302
5923,5923,5923,5.871666666666668,1.284527547085539,1.4201503899646983
5924,5924,5924,5.873333333333337,1.2844923559662895,1.419352247750614
5925,5925,5925,5.875,1.2840756892996232,1.417409678894278
5926,5926,5926,5.876666666666667,1.2836590226329565,1.417374487775029
5927,5927,5927,5.878333333333334,1.2840053070611248,1.4181022477506142
5928,5928,5928,5.880000000000001,1.2839701159418753,1.4176855810839477
5929,5929,5929,5.881666666666668,1.2835534492752083,1.4172689144172808
5930,5930,5930,5.883333333333336,1.2827553070611246,1.4164707722031968
5931,5931,5931,5.885,1.2819571648470411,1.4160541055365303
5932,5932,5932,5.886666666666667,1.2815404981803742,1.4160189144172812
5933,5933,5933,5.888333333333334,1.2811238315137077,1.4152207722031969
5934,5934,5934,5.890000000000001,1.2807071648470407,1.4151855810839475
5935,5935,5935,5.8916666666666675,1.2799090226329564,1.4155318655121156
5936,5936,5936,5.893333333333334,1.280255307061125,1.413970772203197
5937,5937,5937,5.895,1.2794571648470403,1.4131726299891123
5938,5938,5938,5.896666666666668,1.2790404981803742,1.413137438869864
5939,5939,5939,5.898333333333332,1.2786238315137075,1.4131022477506143
5940,5940,5940,5.9,1.2785886403944582,1.4130670566313652
5941,5941,5941,5.901666666666667,1.278934924822626,1.4126503899646985
5942,5942,5942,5.903333333333334,1.2777553070611247,1.411852247750614
5943,5943,5943,5.904999999999999,1.2765756892996232,1.4106726299891126
5944,5944,5944,5.906666666666668,1.2761590226329562,1.4106374388698637
5945,5945,5945,5.908333333333333,1.2757423559662902,1.4102207722031972
5946,5946,5946,5.91,1.2753256892996232,1.4098041055365305
5947,5947,5947,5.911666666666667,1.2749090226329565,1.4093874388698635
5948,5948,5948,5.913333333333334,1.2744923559662895,1.4093522477506142
5949,5949,5949,5.914999999999999,1.2744571648470406,1.4081726299891126
5950,5950,5950,5.916666666666668,1.2740404981803741,1.4085189144172807
5951,5951,5951,5.9183333333333366,1.2736238315137072,1.4073392966557792
5952,5952,5952,5.92,1.272444213752206,1.4073041055365303
5953,5953,5953,5.921666666666667,1.2716460715381217,1.406124487775029
5954,5954,5954,5.923333333333334,1.2712294048714552,1.4060892966557794
5955,5955,5955,5.925000000000001,1.271194213752206,1.405672629989113
5956,5956,5956,5.926666666666668,1.2707775470855391,1.405255963322446
5957,5957,5957,5.928333333333336,1.2703608804188724,1.404457821108362
5958,5958,5958,5.93,1.2703256892996229,1.4044226299891125
5959,5959,5959,5.931666666666667,1.2695275470855394,1.403624487775029
5960,5960,5960,5.933333333333334,1.2694923559662898,1.4028263455609449
5961,5961,5961,5.9350000000000005,1.2694571648470407,1.4024096788942781
5962,5962,5962,5.936666666666667,1.2686590226329564,1.4023744877750288
5963,5963,5963,5.938333333333334,1.2670979293240374,1.401957821108362
5964,5964,5964,5.9399999999999995,1.2662997871099533,1.4011596788942775
5965,5965,5965,5.941666666666666,1.2662645959907044,1.4011244877750288
5966,5966,5966,5.943333333333333,1.266229404871455,1.4014707722031972
5967,5967,5967,5.945,1.2665756892996232,1.4002911544416956
5968,5968,5968,5.946666666666667,1.2657775470855392,1.3987300611327764
5969,5969,5969,5.948333333333334,1.266123831513707,1.398694870013527
5970,5970,5970,5.949999999999999,1.265325689299623,1.3990411544416954
5971,5971,5971,5.951666666666668,1.264527547085539,1.399005963322446
5972,5972,5972,5.953333333333333,1.2637294048714551,1.3985892966557796
5973,5973,5973,5.955,1.2633127382047884,1.3977911544416957
5974,5974,5974,5.956666666666667,1.264040498180374,1.397374487775029
5975,5975,5975,5.958333333333334,1.2640053070611248,1.3965763455609446
5976,5976,5976,5.960000000000001,1.2620627382047882,1.3957782033468606
5977,5977,5977,5.961666666666668,1.2616460715381217,1.3953615366801941
5978,5978,5978,5.9633333333333365,1.2616108804188724,1.395707821108362
5979,5979,5979,5.965,1.2600497871099536,1.394909678894278
5980,5980,5980,5.966666666666667,1.2603960715381215,1.3944930122276114
5981,5981,5981,5.968333333333334,1.2611238315137074,1.3944578211083622
5982,5982,5982,5.970000000000001,1.260325689299623,1.3932782033468607
5983,5983,5983,5.971666666666668,1.2599090226329563,1.3924800611327763
5984,5984,5984,5.9733333333333345,1.2583479293240374,1.3924448700135272
5985,5985,5985,5.975,1.2571683115625358,1.3924096788942777
5986,5986,5986,5.976666666666668,1.2578960715381218,1.3919930122276114
5987,5987,5987,5.978333333333332,1.257860880418873,1.3911948700135277
5988,5988,5988,5.98,1.2574442137522062,1.3907782033468608
5989,5989,5989,5.981666666666667,1.2566460715381216,1.3903615366801942
5990,5990,5990,5.983333333333334,1.2554664537766203,1.3903263455609445
5991,5991,5991,5.984999999999999,1.2550497871099533,1.3899096788942775
5992,5992,5992,5.986666666666668,1.2534886938010343,1.3891115366801938
5993,5993,5993,5.988333333333333,1.2542164537766205,1.3894578211083624
5994,5994,5994,5.99,1.2545627382047884,1.3890411544416956
5995,5995,5995,5.991666666666667,1.2533831204432868,1.3874800611327764
5996,5996,5996,5.993333333333334,1.25296645377662,1.3870633944661095
5997,5997,5997,5.994999999999999,1.2525497871099531,1.3870282033468606
5998,5998,5998,5.996666666666668,1.2521331204432866,1.3862300611327762
5999,5999,5999,5.998333333333337,1.25171645377662,1.3861948700135271
