,Unnamed: 0,Unnamed: 0.1,time,discharge_pressure,suction_pressure
2400,2400,2400,0.0,2.2098878461890594,2.397192339971008
2401,2401,2401,0.0016666666666669272,2.210269321736477,2.3968108644235904
2402,2402,2402,0.0033333333333338544,2.2106507972838942,2.3968108644235904
2403,2403,2403,0.004999999999999893,2.210269321736477,2.397192339971008
2404,2404,2404,0.006666666666666821,2.210269321736477,2.397192339971008
2405,2405,2405,0.008333333333333748,2.2098878461890594,2.397192339971008
2406,2406,2406,0.010000000000001563,2.210269321736477,2.397192339971008
2407,2407,2407,0.011666666666666714,2.2098878461890594,2.397192339971008
2408,2408,2408,0.013333333333333641,2.2098878461890594,2.3968108644235904
2409,2409,2409,0.015000000000001457,2.210269321736477,2.397192339971008
2410,2410,2410,0.016666666666666607,2.2098878461890594,2.3968108644235904
2411,2411,2411,0.018333333333333535,2.210269321736477,2.397192339971008
2412,2412,2412,0.020000000000000462,2.210269321736477,2.397192339971008
2413,2413,2413,0.0216666666666665,2.2098878461890594,2.397192339971008
2414,2414,2414,0.023333333333333428,2.2106507972838942,2.397192339971008
2415,2415,2415,0.025000000000000355,2.2098878461890594,2.3968108644235904
2416,2416,2416,0.026666666666667282,2.2098878461890594,2.3968108644235904
2417,2417,2417,0.02833333333333332,2.210269321736477,2.397192339971008
2418,2418,2418,0.03000000000000025,2.2106507972838942,2.397192339971008
2419,2419,2419,0.031666666666667176,2.210269321736477,2.397192339971008
2420,2420,2420,0.033333333333333215,2.210269321736477,2.397192339971008
2421,2421,2421,0.03500000000000014,2.210269321736477,2.397192339971008
2422,2422,2422,0.03666666666666707,2.2098878461890594,2.397192339971008
2423,2423,2423,0.038333333333333997,2.2098878461890594,2.397192339971008
2424,2424,2424,0.040000000000000036,2.2098878461890594,2.3968108644235904
2425,2425,2425,0.04166666666666696,2.2098878461890594,2.3975738155184247
2426,2426,2426,0.04333333333333389,2.2098878461890594,2.3968108644235904
2427,2427,2427,0.04499999999999993,2.210269321736477,2.3968108644235904
2428,2428,2428,0.046666666666666856,2.2098878461890594,2.3968108644235904
2429,2429,2429,0.04833333333333378,2.2098878461890594,2.397192339971008
2430,2430,2430,0.04999999999999982,2.210269321736477,2.397192339971008
2431,2431,2431,0.05166666666666675,2.2098878461890594,2.3968108644235904
2432,2432,2432,0.05333333333333368,2.210269321736477,2.397192339971008
2433,2433,2433,0.05500000000000149,2.2098878461890594,2.397192339971008
2434,2434,2434,0.05666666666666664,2.2098878461890594,2.3968108644235904
2435,2435,2435,0.05833333333333357,2.2098878461890594,2.3968108644235904
2436,2436,2436,0.0600000000000005,2.210269321736477,2.397192339971008
2437,2437,2437,0.061666666666666536,2.2098878461890594,2.397192339971008
2438,2438,2438,0.06333333333333346,2.2098878461890594,2.397192339971008
2439,2439,2439,0.06500000000000039,2.2098878461890594,2.3968108644235904
2440,2440,2440,0.06666666666666643,2.2098878461890594,2.397192339971008
2441,2441,2441,0.06833333333333336,2.2098878461890594,2.397192339971008
2442,2442,2442,0.07000000000000028,2.2098878461890594,2.397192339971008
2443,2443,2443,0.07166666666666721,2.2098878461890594,2.3968108644235904
2444,2444,2444,0.07333333333333325,2.210269321736477,2.3968108644235904
2445,2445,2445,0.07500000000000018,2.210269321736477,2.3968108644235904
2446,2446,2446,0.0766666666666671,2.2098878461890594,2.397192339971008
2447,2447,2447,0.07833333333333403,2.2098878461890594,2.397192339971008
2448,2448,2448,0.08000000000000007,2.2098878461890594,2.397192339971008
2449,2449,2449,0.081666666666667,2.210269321736477,2.397192339971008
2450,2450,2450,0.08333333333333393,2.2098878461890594,2.397192339971008
2451,2451,2451,0.08499999999999996,2.209506370641642,2.397192339971008
2452,2452,2452,0.08666666666666689,2.210269321736477,2.3968108644235904
2453,2453,2453,0.08833333333333382,2.210269321736477,2.397192339971008
2454,2454,2454,0.08999999999999986,2.2098878461890594,2.3975738155184247
2455,2455,2455,0.09166666666666679,2.2098878461890594,2.3975738155184247
2456,2456,2456,0.09333333333333371,2.209506370641642,2.3968108644235904
2457,2457,2457,0.09500000000000153,2.2098878461890594,2.397192339971008
2458,2458,2458,0.09666666666666668,2.2098878461890594,2.3968108644235904
2459,2459,2459,0.0983333333333336,2.2098878461890594,2.397192339971008
2460,2460,2460,0.10000000000000053,2.2098878461890594,2.3968108644235904
2461,2461,2461,0.10166666666666657,2.210269321736477,2.3968108644235904
2462,2462,2462,0.1033333333333335,2.2098878461890594,2.397192339971008
2463,2463,2463,0.10500000000000043,2.2098878461890594,2.397192339971008
2464,2464,2464,0.10666666666666647,2.2098878461890594,2.3968108644235904
2465,2465,2465,0.10833333333333339,2.2098878461890594,2.3968108644235904
2466,2466,2466,0.11000000000000032,2.2098878461890594,2.397192339971008
2467,2467,2467,0.11166666666666725,2.2098878461890594,2.397192339971008
2468,2468,2468,0.11333333333333329,2.2098878461890594,2.397192339971008
2469,2469,2469,0.11500000000000021,2.2098878461890594,2.3968108644235904
2470,2470,2470,0.11666666666666714,2.2098878461890594,2.397192339971008
2471,2471,2471,0.11833333333333318,2.2098878461890594,2.3968108644235904
2472,2472,2472,0.1200000000000001,2.2098878461890594,2.397192339971008
2473,2473,2473,0.12166666666666703,2.2098878461890594,2.3968108644235904
2474,2474,2474,0.12333333333333396,2.2098878461890594,2.3968108644235904
2475,2475,2475,0.125,2.2098878461890594,2.3968108644235904
2476,2476,2476,0.12666666666666693,2.2098878461890594,2.3968108644235904
2477,2477,2477,0.12833333333333385,2.2098878461890594,2.3968108644235904
2478,2478,2478,0.1299999999999999,2.2098878461890594,2.3968108644235904
2479,2479,2479,0.13166666666666682,2.210269321736477,2.3968108644235904
2480,2480,2480,0.13333333333333375,2.2098878461890594,2.3968108644235904
2481,2481,2481,0.13500000000000156,2.2098878461890594,2.3968108644235904
2482,2482,2482,0.13666666666666671,2.2098878461890594,2.397192339971008
2483,2483,2483,0.13833333333333364,2.2098878461890594,2.3968108644235904
2484,2484,2484,0.14000000000000146,2.2098878461890594,2.3968108644235904
2485,2485,2485,0.1416666666666666,2.209506370641642,2.3968108644235904
2486,2486,2486,0.14333333333333353,2.2098878461890594,2.3968108644235904
2487,2487,2487,0.14500000000000046,2.2098878461890594,2.3968108644235904
2488,2488,2488,0.1466666666666665,2.2098878461890594,2.3968108644235904
2489,2489,2489,0.14833333333333343,2.209506370641642,2.3968108644235904
2490,2490,2490,0.15000000000000036,2.209506370641642,2.3968108644235904
2491,2491,2491,0.15166666666666728,2.209506370641642,2.3968108644235904
2492,2492,2492,0.15333333333333332,2.2098878461890594,2.3968108644235904
2493,2493,2493,0.15500000000000025,2.2098878461890594,2.3968108644235904
2494,2494,2494,0.15666666666666718,2.209506370641642,2.3968108644235904
2495,2495,2495,0.15833333333333321,2.209506370641642,2.3964293888761734
2496,2496,2496,0.16000000000000014,2.209506370641642,2.3968108644235904
2497,2497,2497,0.16166666666666707,2.209506370641642,2.3968108644235904
2498,2498,2498,0.163333333333334,2.2098878461890594,2.3968108644235904
2499,2499,2499,0.16500000000000004,2.210269321736477,2.397192339971008
2500,2500,2500,0.16666666666666696,2.209506370641642,2.3968108644235904
2501,2501,2501,0.1683333333333339,2.209506370641642,2.3964293888761734
2502,2502,2502,0.16999999999999993,2.209506370641642,2.3968108644235904
2503,2503,2503,0.17166666666666686,2.209506370641642,2.3968108644235904
2504,2504,2504,0.17333333333333378,2.2098878461890594,2.3968108644235904
2505,2505,2505,0.1750000000000016,2.209506370641642,2.3968108644235904
2506,2506,2506,0.17666666666666675,2.209506370641642,2.397192339971008
2507,2507,2507,0.17833333333333368,2.2098878461890594,2.397192339971008
2508,2508,2508,0.1800000000000015,2.209506370641642,2.3968108644235904
2509,2509,2509,0.18166666666666664,2.2098878461890594,2.3968108644235904
2510,2510,2510,0.18333333333333357,2.209506370641642,2.3968108644235904
2511,2511,2511,0.1850000000000005,2.209506370641642,2.397192339971008
2512,2512,2512,0.18666666666666654,2.209506370641642,2.3968108644235904
2513,2513,2513,0.18833333333333346,2.209506370641642,2.3968108644235904
2514,2514,2514,0.1900000000000004,2.209506370641642,2.3964293888761734
2515,2515,2515,0.19166666666666643,2.2098878461890594,2.3964293888761734
2516,2516,2516,0.19333333333333336,2.209506370641642,2.3968108644235904
2517,2517,2517,0.19500000000000028,2.209506370641642,2.3968108644235904
2518,2518,2518,0.1966666666666672,2.2098878461890594,2.3968108644235904
2519,2519,2519,0.19833333333333325,2.209506370641642,2.3968108644235904
2520,2520,2520,0.20000000000000018,2.209506370641642,2.3964293888761734
2521,2521,2521,0.2016666666666671,2.209506370641642,2.3968108644235904
2522,2522,2522,0.20333333333333403,2.209506370641642,2.397192339971008
2523,2523,2523,0.20500000000000007,2.2098878461890594,2.3968108644235904
2524,2524,2524,0.206666666666667,2.209506370641642,2.397192339971008
2525,2525,2525,0.20833333333333393,2.209506370641642,2.3964293888761734
2526,2526,2526,0.20999999999999996,2.2098878461890594,2.3968108644235904
2527,2527,2527,0.2116666666666669,2.209506370641642,2.3968108644235904
2528,2528,2528,0.21333333333333382,2.209506370641642,2.3968108644235904
2529,2529,2529,0.21499999999999986,2.209506370641642,2.397192339971008
2530,2530,2530,0.21666666666666679,2.209506370641642,2.3964293888761734
2531,2531,2531,0.2183333333333337,2.209506370641642,2.3964293888761734
2532,2532,2532,0.22000000000000153,2.209506370641642,2.3968108644235904
2533,2533,2533,0.22166666666666668,2.209506370641642,2.3968108644235904
2534,2534,2534,0.2233333333333336,2.2098878461890594,2.3968108644235904
2535,2535,2535,0.22500000000000053,2.209506370641642,2.3964293888761734
2536,2536,2536,0.22666666666666657,2.209506370641642,2.3964293888761734
2537,2537,2537,0.2283333333333335,2.209506370641642,2.3968108644235904
2538,2538,2538,0.23000000000000043,2.209506370641642,2.3968108644235904
2539,2539,2539,0.23166666666666647,2.2098878461890594,2.3964293888761734
2540,2540,2540,0.2333333333333334,2.209506370641642,2.3964293888761734
2541,2541,2541,0.23500000000000032,2.209506370641642,2.3968108644235904
2542,2542,2542,0.23666666666666725,2.2098878461890594,2.3964293888761734
2543,2543,2543,0.23833333333333329,2.209506370641642,2.3964293888761734
2544,2544,2544,0.2400000000000002,2.209506370641642,2.3964293888761734
2545,2545,2545,0.24166666666666714,2.209506370641642,2.3964293888761734
2546,2546,2546,0.24333333333333318,2.209506370641642,2.3968108644235904
2547,2547,2547,0.2450000000000001,2.209506370641642,2.3964293888761734
2548,2548,2548,0.24666666666666703,2.2091248950942246,2.3968108644235904
2549,2549,2549,0.24833333333333396,2.209506370641642,2.3968108644235904
2550,2550,2550,0.25,2.209506370641642,2.3964293888761734
2551,2551,2551,0.2516666666666669,2.209506370641642,2.3968108644235904
2552,2552,2552,0.25333333333333385,2.209506370641642,2.3968108644235904
2553,2553,2553,0.2549999999999999,2.209506370641642,2.3964293888761734
2554,2554,2554,0.2566666666666668,2.209506370641642,2.3968108644235904
2555,2555,2555,0.25833333333333375,2.209506370641642,2.3968108644235904
2556,2556,2556,0.26000000000000156,2.2098878461890594,2.3964293888761734
2557,2557,2557,0.2616666666666667,2.209506370641642,2.3964293888761734
2558,2558,2558,0.26333333333333364,2.209506370641642,2.3968108644235904
2559,2559,2559,0.26500000000000146,2.209506370641642,2.3964293888761734
2560,2560,2560,0.2666666666666666,2.2091248950942246,2.3964293888761734
2561,2561,2561,0.26833333333333353,2.209506370641642,2.3964293888761734
2562,2562,2562,0.27000000000000046,2.2091248950942246,2.3968108644235904
2563,2563,2563,0.2716666666666665,2.209506370641642,2.3968108644235904
2564,2564,2564,0.27333333333333343,2.209506370641642,2.3964293888761734
2565,2565,2565,0.27500000000000036,2.209506370641642,2.3968108644235904
2566,2566,2566,0.2766666666666673,2.209506370641642,2.3964293888761734
2567,2567,2567,0.2783333333333333,2.209506370641642,2.3968108644235904
2568,2568,2568,0.28000000000000025,2.209506370641642,2.3968108644235904
2569,2569,2569,0.2816666666666672,2.209506370641642,2.3964293888761734
2570,2570,2570,0.2833333333333332,2.209506370641642,2.3964293888761734
2571,2571,2571,0.28500000000000014,2.209506370641642,2.3968108644235904
2572,2572,2572,0.28666666666666707,2.209506370641642,2.3964293888761734
2573,2573,2573,0.288333333333334,2.2098878461890594,2.3964293888761734
2574,2574,2574,0.29000000000000004,2.2091248950942246,2.3964293888761734
2575,2575,2575,0.29166666666666696,2.2091248950942246,2.3968108644235904
2576,2576,2576,0.2933333333333339,2.209506370641642,2.3964293888761734
2577,2577,2577,0.29499999999999993,2.209506370641642,2.3968108644235904
2578,2578,2578,0.29666666666666686,2.209506370641642,2.3964293888761734
2579,2579,2579,0.2983333333333338,2.209506370641642,2.3964293888761734
2580,2580,2580,0.3000000000000016,2.209506370641642,2.3964293888761734
2581,2581,2581,0.30166666666666675,2.209506370641642,2.3964293888761734
2582,2582,2582,0.3033333333333337,2.209506370641642,2.3964293888761734
2583,2583,2583,0.3050000000000015,2.2098878461890594,2.3964293888761734
2584,2584,2584,0.30666666666666664,2.209506370641642,2.396047913328756
2585,2585,2585,0.30833333333333357,2.209506370641642,2.3964293888761734
2586,2586,2586,0.3100000000000005,2.209506370641642,2.3964293888761734
2587,2587,2587,0.31166666666666654,2.209506370641642,2.3964293888761734
2588,2588,2588,0.31333333333333346,2.209506370641642,2.3964293888761734
2589,2589,2589,0.3150000000000004,2.209506370641642,2.3964293888761734
2590,2590,2590,0.31666666666666643,2.2091248950942246,2.3964293888761734
2591,2591,2591,0.31833333333333336,2.209506370641642,2.3964293888761734
2592,2592,2592,0.3200000000000003,2.209506370641642,2.3964293888761734
2593,2593,2593,0.3216666666666672,2.2091248950942246,2.3964293888761734
2594,2594,2594,0.32333333333333325,2.209506370641642,2.3964293888761734
2595,2595,2595,0.3250000000000002,2.209506370641642,2.3964293888761734
2596,2596,2596,0.3266666666666671,2.2098878461890594,2.3968108644235904
2597,2597,2597,0.32833333333333403,2.2091248950942246,2.3964293888761734
2598,2598,2598,0.33000000000000007,2.209506370641642,2.3964293888761734
2599,2599,2599,0.331666666666667,2.209506370641642,2.3968108644235904
2600,2600,2600,0.3333333333333339,2.209506370641642,2.3968108644235904
2601,2601,2601,0.33499999999999996,2.209506370641642,2.3968108644235904
2602,2602,2602,0.3366666666666669,2.2098878461890594,2.3968108644235904
2603,2603,2603,0.3383333333333338,2.209506370641642,2.3964293888761734
2604,2604,2604,0.33999999999999986,2.209506370641642,2.3964293888761734
2605,2605,2605,0.3416666666666668,2.209506370641642,2.3964293888761734
2606,2606,2606,0.3433333333333337,2.209506370641642,2.3964293888761734
2607,2607,2607,0.3450000000000015,2.209506370641642,2.3968108644235904
2608,2608,2608,0.3466666666666667,2.209506370641642,2.3968108644235904
2609,2609,2609,0.3483333333333336,2.209506370641642,2.3964293888761734
2610,2610,2610,0.35000000000000053,2.209506370641642,2.3964293888761734
2611,2611,2611,0.35166666666666657,2.209506370641642,2.3964293888761734
2612,2612,2612,0.3533333333333335,2.209506370641642,2.3968108644235904
2613,2613,2613,0.3550000000000004,2.209506370641642,2.3968108644235904
2614,2614,2614,0.35666666666666647,2.209506370641642,2.3964293888761734
2615,2615,2615,0.3583333333333334,2.2091248950942246,2.3964293888761734
2616,2616,2616,0.3600000000000003,2.2098878461890594,2.3964293888761734
2617,2617,2617,0.36166666666666725,2.209506370641642,2.3964293888761734
2618,2618,2618,0.3633333333333333,2.209506370641642,2.3964293888761734
2619,2619,2619,0.3650000000000002,2.209506370641642,2.3964293888761734
2620,2620,2620,0.36666666666666714,2.2091248950942246,2.3964293888761734
2621,2621,2621,0.3683333333333332,2.209506370641642,2.3964293888761734
2622,2622,2622,0.3700000000000001,2.209506370641642,2.3964293888761734
2623,2623,2623,0.37166666666666703,2.209506370641642,2.3964293888761734
2624,2624,2624,0.37333333333333396,2.209506370641642,2.3968108644235904
2625,2625,2625,0.375,2.209506370641642,2.3964293888761734
2626,2626,2626,0.3766666666666669,2.209506370641642,2.3964293888761734
2627,2627,2627,0.37833333333333385,2.209506370641642,2.3964293888761734
2628,2628,2628,0.3799999999999999,2.209506370641642,2.3964293888761734
2629,2629,2629,0.3816666666666668,2.209506370641642,2.3968108644235904
2630,2630,2630,0.38333333333333375,2.209506370641642,2.3964293888761734
2631,2631,2631,0.38500000000000156,2.2098878461890594,2.3964293888761734
2632,2632,2632,0.3866666666666667,2.209506370641642,2.3968108644235904
2633,2633,2633,0.38833333333333364,2.209506370641642,2.3968108644235904
2634,2634,2634,0.39000000000000146,2.2098878461890594,2.3968108644235904
2635,2635,2635,0.3916666666666666,2.209506370641642,2.3968108644235904
2636,2636,2636,0.39333333333333353,2.209506370641642,2.3968108644235904
2637,2637,2637,0.39500000000000046,2.209506370641642,2.3964293888761734
2638,2638,2638,0.3966666666666665,2.209506370641642,2.3968108644235904
2639,2639,2639,0.39833333333333343,2.2098878461890594,2.3964293888761734
2640,2640,2640,0.40000000000000036,2.209506370641642,2.3968108644235904
2641,2641,2641,0.4016666666666673,2.209506370641642,2.3964293888761734
2642,2642,2642,0.4033333333333333,2.209506370641642,2.3964293888761734
2643,2643,2643,0.40500000000000025,2.209506370641642,2.3964293888761734
2644,2644,2644,0.4066666666666672,2.209506370641642,2.3964293888761734
2645,2645,2645,0.4083333333333332,2.209506370641642,2.397192339971008
2646,2646,2646,0.41000000000000014,2.209506370641642,2.3968108644235904
2647,2647,2647,0.41166666666666707,2.209506370641642,2.3964293888761734
2648,2648,2648,0.413333333333334,2.209506370641642,2.3964293888761734
2649,2649,2649,0.41500000000000004,2.2098878461890594,2.3968108644235904
2650,2650,2650,0.41666666666666696,2.2098878461890594,2.3964293888761734
2651,2651,2651,0.4183333333333339,2.2098878461890594,2.3968108644235904
2652,2652,2652,0.41999999999999993,2.209506370641642,2.3964293888761734
2653,2653,2653,0.42166666666666686,2.209506370641642,2.3964293888761734
2654,2654,2654,0.4233333333333338,2.2098878461890594,2.3968108644235904
2655,2655,2655,0.4250000000000016,2.209506370641642,2.3964293888761734
2656,2656,2656,0.42666666666666675,2.209506370641642,2.3968108644235904
2657,2657,2657,0.4283333333333337,2.209506370641642,2.3968108644235904
2658,2658,2658,0.4300000000000015,2.2098878461890594,2.3964293888761734
2659,2659,2659,0.43166666666666664,2.2098878461890594,2.3964293888761734
2660,2660,2660,0.43333333333333357,2.209506370641642,2.3964293888761734
2661,2661,2661,0.4350000000000005,2.209506370641642,2.3968108644235904
2662,2662,2662,0.43666666666666654,2.2098878461890594,2.3968108644235904
2663,2663,2663,0.43833333333333346,2.2098878461890594,2.3968108644235904
2664,2664,2664,0.4400000000000004,2.2098878461890594,2.3968108644235904
2665,2665,2665,0.44166666666666643,2.209506370641642,2.3968108644235904
2666,2666,2666,0.44333333333333336,2.2098878461890594,2.3964293888761734
2667,2667,2667,0.4450000000000003,2.209506370641642,2.397192339971008
2668,2668,2668,0.4466666666666672,2.2098878461890594,2.3968108644235904
2669,2669,2669,0.44833333333333325,2.2098878461890594,2.3968108644235904
2670,2670,2670,0.4500000000000002,2.209506370641642,2.3968108644235904
2671,2671,2671,0.4516666666666671,2.2098878461890594,2.3968108644235904
2672,2672,2672,0.45333333333333403,2.209506370641642,2.3964293888761734
2673,2673,2673,0.45500000000000007,2.209506370641642,2.3964293888761734
2674,2674,2674,0.456666666666667,2.209506370641642,2.3968108644235904
2675,2675,2675,0.4583333333333339,2.2098878461890594,2.3964293888761734
2676,2676,2676,0.45999999999999996,2.209506370641642,2.3964293888761734
2677,2677,2677,0.4616666666666669,2.2098878461890594,2.3964293888761734
2678,2678,2678,0.4633333333333338,2.2098878461890594,2.3964293888761734
2679,2679,2679,0.46499999999999986,2.209506370641642,2.3964293888761734
2680,2680,2680,0.4666666666666668,2.209506370641642,2.3968108644235904
2681,2681,2681,0.4683333333333337,2.2098878461890594,2.3968108644235904
2682,2682,2682,0.4700000000000015,2.209506370641642,2.3964293888761734
2683,2683,2683,0.4716666666666667,2.2098878461890594,2.3968108644235904
2684,2684,2684,0.4733333333333336,2.210269321736477,2.3964293888761734
2685,2685,2685,0.47500000000000053,2.2098878461890594,2.3964293888761734
2686,2686,2686,0.47666666666666657,2.2098878461890594,2.397192339971008
2687,2687,2687,0.4783333333333335,2.209506370641642,2.3968108644235904
2688,2688,2688,0.4800000000000004,2.2098878461890594,2.3968108644235904
2689,2689,2689,0.48166666666666647,2.2098878461890594,2.3964293888761734
2690,2690,2690,0.4833333333333334,2.2098878461890594,2.3968108644235904
2691,2691,2691,0.4850000000000003,2.2098878461890594,2.3968108644235904
2692,2692,2692,0.48666666666666725,2.2098878461890594,2.3964293888761734
2693,2693,2693,0.4883333333333333,2.209506370641642,2.397192339971008
2694,2694,2694,0.4900000000000002,2.2098878461890594,2.3968108644235904
2695,2695,2695,0.49166666666666714,2.2098878461890594,2.3964293888761734
2696,2696,2696,0.4933333333333332,2.209506370641642,2.3964293888761734
2697,2697,2697,0.4950000000000001,2.2098878461890594,2.3968108644235904
2698,2698,2698,0.49666666666666703,2.2098878461890594,2.3964293888761734
2699,2699,2699,0.49833333333333396,2.2098878461890594,2.3968108644235904
2700,2700,2700,0.5,2.2098878461890594,2.3968108644235904
2701,2701,2701,0.5016666666666669,2.2098878461890594,2.397192339971008
2702,2702,2702,0.5033333333333339,2.2098878461890594,2.3964293888761734
2703,2703,2703,0.5049999999999999,2.2098878461890594,2.3968108644235904
2704,2704,2704,0.5066666666666668,2.2098878461890594,2.3968108644235904
2705,2705,2705,0.5083333333333337,2.2098878461890594,2.3968108644235904
2706,2706,2706,0.5100000000000016,2.2098878461890594,2.3968108644235904
2707,2707,2707,0.5116666666666667,2.2098878461890594,2.3964293888761734
2708,2708,2708,0.5133333333333336,2.210269321736477,2.3968108644235904
2709,2709,2709,0.5150000000000015,2.2098878461890594,2.3964293888761734
2710,2710,2710,0.5166666666666666,2.2098878461890594,2.3968108644235904
2711,2711,2711,0.5183333333333335,2.2098878461890594,2.3964293888761734
2712,2712,2712,0.5200000000000005,2.210269321736477,2.3968108644235904
2713,2713,2713,0.5216666666666665,2.210269321736477,2.3968108644235904
2714,2714,2714,0.5233333333333334,2.2098878461890594,2.3968108644235904
2715,2715,2715,0.5250000000000004,2.210269321736477,2.3968108644235904
2716,2716,2716,0.5266666666666673,2.2098878461890594,2.3968108644235904
2717,2717,2717,0.5283333333333333,2.210269321736477,2.3968108644235904
2718,2718,2718,0.5300000000000002,2.2098878461890594,2.3964293888761734
2719,2719,2719,0.5316666666666672,2.210269321736477,2.3968108644235904
2720,2720,2720,0.5333333333333332,2.2098878461890594,2.3964293888761734
2721,2721,2721,0.5350000000000001,2.210269321736477,2.3968108644235904
2722,2722,2722,0.5366666666666671,2.210269321736477,2.3964293888761734
2723,2723,2723,0.538333333333334,2.2098878461890594,2.397192339971008
2724,2724,2724,0.54,2.2098878461890594,2.3968108644235904
2725,2725,2725,0.541666666666667,2.2098878461890594,2.3968108644235904
2726,2726,2726,0.5433333333333339,2.2098878461890594,2.3964293888761734
2727,2727,2727,0.5449999999999999,2.2098878461890594,2.3968108644235904
2728,2728,2728,0.5466666666666669,2.210269321736477,2.3968108644235904
2729,2729,2729,0.5483333333333338,2.210269321736477,2.3968108644235904
2730,2730,2730,0.5500000000000016,2.2106507972838942,2.397192339971008
2731,2731,2731,0.5516666666666667,2.2098878461890594,2.3968108644235904
2732,2732,2732,0.5533333333333337,2.210269321736477,2.3968108644235904
2733,2733,2733,0.5550000000000015,2.2098878461890594,2.3964293888761734
2734,2734,2734,0.5566666666666666,2.2098878461890594,2.3968108644235904
2735,2735,2735,0.5583333333333336,2.2098878461890594,2.3968108644235904
2736,2736,2736,0.5600000000000005,2.2098878461890594,2.397192339971008
2737,2737,2737,0.5616666666666665,2.2098878461890594,2.3968108644235904
2738,2738,2738,0.5633333333333335,2.210269321736477,2.3968108644235904
2739,2739,2739,0.5650000000000004,2.210269321736477,2.3975738155184247
2740,2740,2740,0.5666666666666664,2.2098878461890594,2.397192339971008
2741,2741,2741,0.5683333333333334,2.210269321736477,2.3968108644235904
2742,2742,2742,0.5700000000000003,2.2098878461890594,2.397192339971008
2743,2743,2743,0.5716666666666672,2.2098878461890594,2.3968108644235904
2744,2744,2744,0.5733333333333333,2.210269321736477,2.3968108644235904
2745,2745,2745,0.5750000000000002,2.210269321736477,2.397192339971008
2746,2746,2746,0.5766666666666671,2.2098878461890594,2.3968108644235904
2747,2747,2747,0.578333333333334,2.2098878461890594,2.3968108644235904
2748,2748,2748,0.5800000000000001,2.210269321736477,2.3968108644235904
2749,2749,2749,0.581666666666667,2.2098878461890594,2.397192339971008
2750,2750,2750,0.5833333333333339,2.210269321736477,2.3968108644235904
2751,2751,2751,0.585,2.2098878461890594,2.397192339971008
2752,2752,2752,0.5866666666666669,2.210269321736477,2.397192339971008
2753,2753,2753,0.5883333333333338,2.2098878461890594,2.3968108644235904
2754,2754,2754,0.5899999999999999,2.210269321736477,2.397192339971008
2755,2755,2755,0.5916666666666668,2.2098878461890594,2.3968108644235904
2756,2756,2756,0.5933333333333337,2.2098878461890594,2.397192339971008
2757,2757,2757,0.5950000000000015,2.210269321736477,2.397192339971008
2758,2758,2758,0.5966666666666667,2.2106507972838942,2.3968108644235904
2759,2759,2759,0.5983333333333336,2.210269321736477,2.3968108644235904
2760,2760,2760,0.6000000000000005,2.2098878461890594,2.3968108644235904
2761,2761,2761,0.6016666666666666,2.210269321736477,2.3975738155184247
2762,2762,2762,0.6033333333333335,2.2106507972838942,2.3968108644235904
2763,2763,2763,0.6050000000000004,2.210269321736477,2.397192339971008
2764,2764,2764,0.6066666666666665,2.2098878461890594,2.397192339971008
2765,2765,2765,0.6083333333333334,2.210269321736477,2.397192339971008
2766,2766,2766,0.6100000000000003,2.2098878461890594,2.397192339971008
2767,2767,2767,0.6116666666666672,2.2098878461890594,2.397192339971008
2768,2768,2768,0.6133333333333333,2.210269321736477,2.397192339971008
2769,2769,2769,0.6150000000000002,2.2106507972838942,2.3968108644235904
2770,2770,2770,0.6166666666666671,2.2106507972838942,2.3968108644235904
2771,2771,2771,0.6183333333333341,2.210269321736477,2.397192339971008
2772,2772,2772,0.6200000000000001,2.210269321736477,2.397192339971008
2773,2773,2773,0.621666666666667,2.2106507972838942,2.3968108644235904
2774,2774,2774,0.623333333333334,2.2106507972838942,2.397192339971008
2775,2775,2775,0.625,2.210269321736477,2.397192339971008
2776,2776,2776,0.6266666666666669,2.2106507972838942,2.397192339971008
2777,2777,2777,0.6283333333333339,2.210269321736477,2.397192339971008
2778,2778,2778,0.6299999999999999,2.210269321736477,2.397192339971008
2779,2779,2779,0.6316666666666668,2.2106507972838942,2.3968108644235904
2780,2780,2780,0.6333333333333337,2.2106507972838942,2.397192339971008
2781,2781,2781,0.6350000000000016,2.2106507972838942,2.397192339971008
2782,2782,2782,0.6366666666666667,2.2106507972838942,2.397192339971008
2783,2783,2783,0.6383333333333336,2.2106507972838942,2.397192339971008
2784,2784,2784,0.6400000000000015,2.2106507972838942,2.397192339971008
2785,2785,2785,0.6416666666666666,2.210269321736477,2.397192339971008
2786,2786,2786,0.6433333333333335,2.2106507972838942,2.3975738155184247
2787,2787,2787,0.6450000000000005,2.2106507972838942,2.397192339971008
2788,2788,2788,0.6466666666666665,2.2106507972838942,2.397192339971008
2789,2789,2789,0.6483333333333334,2.210269321736477,2.397192339971008
2790,2790,2790,0.6500000000000004,2.210269321736477,2.3968108644235904
2791,2791,2791,0.6516666666666673,2.210269321736477,2.397192339971008
2792,2792,2792,0.6533333333333333,2.210269321736477,2.397192339971008
2793,2793,2793,0.6550000000000002,2.2106507972838942,2.3975738155184247
2794,2794,2794,0.6566666666666672,2.2106507972838942,2.397192339971008
2795,2795,2795,0.6583333333333332,2.2106507972838942,2.3968108644235904
2796,2796,2796,0.6600000000000001,2.2106507972838942,2.397192339971008
2797,2797,2797,0.6616666666666671,2.2106507972838942,2.3975738155184247
2798,2798,2798,0.663333333333334,2.2106507972838942,2.397192339971008
2799,2799,2799,0.665,2.2106507972838942,2.3975738155184247
2800,2800,2800,0.666666666666667,2.2106507972838942,2.397192339971008
2801,2801,2801,0.6683333333333339,2.210269321736477,2.397192339971008
2802,2802,2802,0.6699999999999999,2.2106507972838942,2.397192339971008
2803,2803,2803,0.6716666666666669,2.2106507972838942,2.397192339971008
2804,2804,2804,0.6733333333333338,2.2106507972838942,2.3975738155184247
2805,2805,2805,0.6750000000000016,2.2106507972838942,2.3975738155184247
2806,2806,2806,0.6766666666666667,2.2106507972838942,2.397192339971008
2807,2807,2807,0.6783333333333337,2.210269321736477,2.3975738155184247
2808,2808,2808,0.6800000000000015,2.2106507972838942,2.3975738155184247
2809,2809,2809,0.6816666666666666,2.2106507972838942,2.397192339971008
2810,2810,2810,0.6833333333333336,2.2106507972838942,2.3975738155184247
2811,2811,2811,0.6850000000000005,2.211032272831312,2.3975738155184247
2812,2812,2812,0.6866666666666665,2.2106507972838942,2.397192339971008
2813,2813,2813,0.6883333333333335,2.211032272831312,2.397192339971008
2814,2814,2814,0.6900000000000004,2.2106507972838942,2.3975738155184247
2815,2815,2815,0.6916666666666664,2.2106507972838942,2.3979552910658426
2816,2816,2816,0.6933333333333334,2.211032272831312,2.397192339971008
2817,2817,2817,0.6950000000000003,2.211032272831312,2.397192339971008
2818,2818,2818,0.6966666666666672,2.211032272831312,2.3979552910658426
2819,2819,2819,0.6983333333333333,2.2106507972838942,2.3975738155184247
2820,2820,2820,0.7000000000000002,2.2106507972838942,2.3975738155184247
2821,2821,2821,0.7016666666666671,2.211032272831312,2.3975738155184247
2822,2822,2822,0.703333333333334,2.211032272831312,2.397192339971008
2823,2823,2823,0.7050000000000001,2.211413748378729,2.397192339971008
2824,2824,2824,0.706666666666667,2.2106507972838942,2.3975738155184247
2825,2825,2825,0.7083333333333339,2.2106507972838942,2.397192339971008
2826,2826,2826,0.71,2.211413748378729,2.397192339971008
2827,2827,2827,0.7116666666666669,2.211032272831312,2.3975738155184247
2828,2828,2828,0.7133333333333338,2.211032272831312,2.3975738155184247
2829,2829,2829,0.7150000000000016,2.211032272831312,2.3975738155184247
2830,2830,2830,0.7166666666666668,2.2106507972838942,2.3975738155184247
2831,2831,2831,0.7183333333333337,2.211032272831312,2.3979552910658426
2832,2832,2832,0.7200000000000015,2.211032272831312,2.3975738155184247
2833,2833,2833,0.7216666666666667,2.211032272831312,2.3975738155184247
2834,2834,2834,0.7233333333333336,2.211032272831312,2.3975738155184247
2835,2835,2835,0.7250000000000005,2.2106507972838942,2.3975738155184247
2836,2836,2836,0.7266666666666666,2.211032272831312,2.3979552910658426
2837,2837,2837,0.7283333333333335,2.211032272831312,2.3975738155184247
2838,2838,2838,0.7300000000000004,2.211032272831312,2.3975738155184247
2839,2839,2839,0.7316666666666665,2.211032272831312,2.3979552910658426
2840,2840,2840,0.7333333333333334,2.211032272831312,2.3975738155184247
2841,2841,2841,0.7350000000000003,2.211032272831312,2.3975738155184247
2842,2842,2842,0.7366666666666672,2.2106507972838942,2.3975738155184247
2843,2843,2843,0.7383333333333333,2.211032272831312,2.3975738155184247
2844,2844,2844,0.7400000000000002,2.211032272831312,2.3975738155184247
2845,2845,2845,0.7416666666666671,2.2106507972838942,2.3975738155184247
2846,2846,2846,0.7433333333333341,2.211032272831312,2.3975738155184247
2847,2847,2847,0.7450000000000001,2.2106507972838942,2.3979552910658426
2848,2848,2848,0.746666666666667,2.211032272831312,2.3979552910658426
2849,2849,2849,0.748333333333334,2.211032272831312,2.3975738155184247
2850,2850,2850,0.75,2.211032272831312,2.3979552910658426
2851,2851,2851,0.7516666666666669,2.211413748378729,2.3979552910658426
2852,2852,2852,0.7533333333333339,2.211032272831312,2.3979552910658426
2853,2853,2853,0.7549999999999999,2.211032272831312,2.3975738155184247
2854,2854,2854,0.7566666666666668,2.211032272831312,2.3975738155184247
2855,2855,2855,0.7583333333333337,2.211032272831312,2.3979552910658426
2856,2856,2856,0.7600000000000016,2.211413748378729,2.3979552910658426
2857,2857,2857,0.7616666666666667,2.211413748378729,2.3975738155184247
2858,2858,2858,0.7633333333333336,2.211032272831312,2.3979552910658426
2859,2859,2859,0.7650000000000015,2.211413748378729,2.3975738155184247
2860,2860,2860,0.7666666666666666,2.211413748378729,2.3975738155184247
2861,2861,2861,0.7683333333333335,2.211413748378729,2.3979552910658426
2862,2862,2862,0.7700000000000005,2.211032272831312,2.3979552910658426
2863,2863,2863,0.7716666666666665,2.2117952239261465,2.3979552910658426
2864,2864,2864,0.7733333333333334,2.211413748378729,2.3979552910658426
2865,2865,2865,0.7750000000000004,2.211032272831312,2.3975738155184247
2866,2866,2866,0.7766666666666673,2.211413748378729,2.3979552910658426
2867,2867,2867,0.7783333333333333,2.2117952239261465,2.3979552910658426
2868,2868,2868,0.7800000000000002,2.211413748378729,2.3979552910658426
2869,2869,2869,0.7816666666666672,2.211032272831312,2.3979552910658426
2870,2870,2870,0.7833333333333332,2.211413748378729,2.3979552910658426
2871,2871,2871,0.7850000000000001,2.211413748378729,2.3979552910658426
2872,2872,2872,0.7866666666666671,2.211413748378729,2.3979552910658426
2873,2873,2873,0.788333333333334,2.2117952239261465,2.3979552910658426
2874,2874,2874,0.79,2.211413748378729,2.3975738155184247
2875,2875,2875,0.791666666666667,2.211413748378729,2.3979552910658426
2876,2876,2876,0.7933333333333339,2.211413748378729,2.3979552910658426
2877,2877,2877,0.7949999999999999,2.211413748378729,2.3979552910658426
2878,2878,2878,0.7966666666666669,2.211413748378729,2.3979552910658426
2879,2879,2879,0.7983333333333338,2.211413748378729,2.3979552910658426
2880,2880,2880,0.8000000000000016,2.211413748378729,2.3979552910658426
2881,2881,2881,0.8016666666666667,2.211413748378729,2.3979552910658426
2882,2882,2882,0.8033333333333337,2.2117952239261465,2.39833676661326
2883,2883,2883,0.8050000000000015,2.211413748378729,2.3979552910658426
2884,2884,2884,0.8066666666666666,2.211413748378729,2.3979552910658426
2885,2885,2885,0.8083333333333336,2.2117952239261465,2.3975738155184247
2886,2886,2886,0.8100000000000005,2.211413748378729,2.3979552910658426
2887,2887,2887,0.8116666666666665,2.2117952239261465,2.3979552910658426
2888,2888,2888,0.8133333333333335,2.2117952239261465,2.3979552910658426
2889,2889,2889,0.8150000000000004,2.2117952239261465,2.39833676661326
2890,2890,2890,0.8166666666666664,2.2117952239261465,2.3979552910658426
2891,2891,2891,0.8183333333333334,2.2117952239261465,2.39833676661326
2892,2892,2892,0.8200000000000003,2.211413748378729,2.39833676661326
2893,2893,2893,0.8216666666666672,2.2117952239261465,2.3979552910658426
2894,2894,2894,0.8233333333333333,2.211413748378729,2.3979552910658426
2895,2895,2895,0.8250000000000002,2.211413748378729,2.3979552910658426
2896,2896,2896,0.8266666666666671,2.2117952239261465,2.3987182421606774
2897,2897,2897,0.828333333333334,2.211413748378729,2.39833676661326
2898,2898,2898,0.8300000000000001,2.2117952239261465,2.39833676661326
2899,2899,2899,0.831666666666667,2.211413748378729,2.39833676661326
2900,2900,2900,0.8333333333333339,2.2117952239261465,2.39833676661326
2901,2901,2901,0.835,2.2117952239261465,2.39833676661326
2902,2902,2902,0.8366666666666669,2.2117952239261465,2.39833676661326
2903,2903,2903,0.8383333333333338,2.211413748378729,2.39833676661326
2904,2904,2904,0.8400000000000016,2.212176699473564,2.39833676661326
2905,2905,2905,0.8416666666666668,2.2117952239261465,2.39833676661326
2906,2906,2906,0.8433333333333337,2.212176699473564,2.39833676661326
2907,2907,2907,0.8450000000000015,2.2117952239261465,2.3979552910658426
2908,2908,2908,0.8466666666666667,2.212176699473564,2.3987182421606774
2909,2909,2909,0.8483333333333336,2.2117952239261465,2.3979552910658426
2910,2910,2910,0.8500000000000005,2.212176699473564,2.39833676661326
2911,2911,2911,0.8516666666666666,2.212176699473564,2.39833676661326
2912,2912,2912,0.8533333333333335,2.2117952239261465,2.39833676661326
2913,2913,2913,0.8550000000000004,2.2117952239261465,2.39833676661326
2914,2914,2914,0.8566666666666665,2.212176699473564,2.39833676661326
2915,2915,2915,0.8583333333333334,2.2117952239261465,2.39833676661326
2916,2916,2916,0.8600000000000003,2.212176699473564,2.3987182421606774
2917,2917,2917,0.8616666666666672,2.212176699473564,2.39833676661326
2918,2918,2918,0.8633333333333333,2.212176699473564,2.39833676661326
2919,2919,2919,0.8650000000000002,2.212176699473564,2.39833676661326
2920,2920,2920,0.8666666666666671,2.2117952239261465,2.3979552910658426
2921,2921,2921,0.8683333333333341,2.212176699473564,2.39833676661326
2922,2922,2922,0.8700000000000001,2.212176699473564,2.39833676661326
2923,2923,2923,0.871666666666667,2.212176699473564,2.3987182421606774
2924,2924,2924,0.873333333333334,2.212176699473564,2.39833676661326
2925,2925,2925,0.875,2.212176699473564,2.39833676661326
2926,2926,2926,0.8766666666666669,2.212176699473564,2.39833676661326
2927,2927,2927,0.8783333333333339,2.212176699473564,2.3987182421606774
2928,2928,2928,0.8799999999999999,2.212176699473564,2.39833676661326
2929,2929,2929,0.8816666666666668,2.212176699473564,2.3987182421606774
2930,2930,2930,0.8833333333333337,2.212176699473564,2.39833676661326
2931,2931,2931,0.8850000000000016,2.212176699473564,2.39833676661326
2932,2932,2932,0.8866666666666667,2.212176699473564,2.3987182421606774
2933,2933,2933,0.8883333333333336,2.212176699473564,2.3987182421606774
2934,2934,2934,0.8900000000000015,2.212176699473564,2.3987182421606774
2935,2935,2935,0.8916666666666666,2.212176699473564,2.3987182421606774
2936,2936,2936,0.8933333333333335,2.212176699473564,2.39833676661326
2937,2937,2937,0.8950000000000005,2.2125581750209813,2.39833676661326
2938,2938,2938,0.8966666666666665,2.212176699473564,2.39833676661326
2939,2939,2939,0.8983333333333334,2.2125581750209813,2.3987182421606774
2940,2940,2940,0.9000000000000004,2.212176699473564,2.3987182421606774
2941,2941,2941,0.9016666666666673,2.212176699473564,2.3987182421606774
2942,2942,2942,0.9033333333333333,2.212176699473564,2.3987182421606774
2943,2943,2943,0.9050000000000002,2.212176699473564,2.3987182421606774
2944,2944,2944,0.9066666666666672,2.2125581750209813,2.3987182421606774
2945,2945,2945,0.9083333333333332,2.212176699473564,2.3987182421606774
2946,2946,2946,0.9100000000000001,2.2125581750209813,2.3987182421606774
2947,2947,2947,0.9116666666666671,2.2125581750209813,2.3987182421606774
2948,2948,2948,0.913333333333334,2.2125581750209813,2.3987182421606774
2949,2949,2949,0.915,2.212176699473564,2.3990997177080957
2950,2950,2950,0.916666666666667,2.2125581750209813,2.39833676661326
2951,2951,2951,0.9183333333333339,2.2125581750209813,2.3987182421606774
2952,2952,2952,0.9199999999999999,2.2125581750209813,2.39833676661326
2953,2953,2953,0.9216666666666669,2.2125581750209813,2.3987182421606774
2954,2954,2954,0.9233333333333338,2.2125581750209813,2.3987182421606774
2955,2955,2955,0.9250000000000016,2.212176699473564,2.3987182421606774
2956,2956,2956,0.9266666666666667,2.2125581750209813,2.399481193255512
2957,2957,2957,0.9283333333333337,2.2125581750209813,2.3990997177080957
2958,2958,2958,0.9300000000000015,2.2125581750209813,2.3990997177080957
2959,2959,2959,0.9316666666666666,2.212176699473564,2.399481193255512
2960,2960,2960,0.9333333333333336,2.2125581750209813,2.3987182421606774
2961,2961,2961,0.9350000000000005,2.212176699473564,2.3987182421606774
2962,2962,2962,0.9366666666666665,2.2129396505683987,2.3990997177080957
2963,2963,2963,0.9383333333333335,2.2125581750209813,2.3990997177080957
2964,2964,2964,0.9400000000000004,2.2125581750209813,2.3990997177080957
2965,2965,2965,0.9416666666666664,2.2125581750209813,2.3990997177080957
2966,2966,2966,0.9433333333333334,2.2129396505683987,2.3990997177080957
2967,2967,2967,0.9450000000000003,2.2125581750209813,2.3990997177080957
2968,2968,2968,0.9466666666666672,2.2125581750209813,2.3990997177080957
2969,2969,2969,0.9483333333333333,2.2125581750209813,2.3987182421606774
2970,2970,2970,0.9500000000000002,2.2125581750209813,2.3990997177080957
2971,2971,2971,0.9516666666666671,2.2125581750209813,2.3990997177080957
2972,2972,2972,0.953333333333334,2.2125581750209813,2.3987182421606774
2973,2973,2973,0.9550000000000001,2.2129396505683987,2.3990997177080957
2974,2974,2974,0.956666666666667,2.2125581750209813,2.3990997177080957
2975,2975,2975,0.9583333333333339,2.2125581750209813,2.3990997177080957
2976,2976,2976,0.96,2.2129396505683987,2.3990997177080957
2977,2977,2977,0.9616666666666669,2.2125581750209813,2.3990997177080957
2978,2978,2978,0.9633333333333338,2.2125581750209813,2.3990997177080957
2979,2979,2979,0.9650000000000016,2.2129396505683987,2.399481193255512
2980,2980,2980,0.9666666666666668,2.2125581750209813,2.399481193255512
2981,2981,2981,0.9683333333333337,2.2125581750209813,2.3990997177080957
2982,2982,2982,0.9700000000000015,2.2125581750209813,2.3990997177080957
2983,2983,2983,0.9716666666666667,2.2125581750209813,2.399481193255512
2984,2984,2984,0.9733333333333336,2.2129396505683987,2.399481193255512
2985,2985,2985,0.9750000000000005,2.2125581750209813,2.399481193255512
2986,2986,2986,0.9766666666666666,2.2129396505683987,2.399481193255512
2987,2987,2987,0.9783333333333335,2.2129396505683987,2.3990997177080957
2988,2988,2988,0.9800000000000004,2.213321126115816,2.3990997177080957
2989,2989,2989,0.9816666666666665,2.2129396505683987,2.399481193255512
2990,2990,2990,0.9833333333333334,2.213321126115816,2.3990997177080957
2991,2991,2991,0.9850000000000003,2.2129396505683987,2.399481193255512
2992,2992,2992,0.9866666666666672,2.2129396505683987,2.399481193255512
2993,2993,2993,0.9883333333333333,2.2129396505683987,2.3990997177080957
2994,2994,2994,0.9900000000000002,2.2129396505683987,2.399481193255512
2995,2995,2995,0.9916666666666671,2.2129396505683987,2.3990997177080957
2996,2996,2996,0.9933333333333341,2.2129396505683987,2.399481193255512
2997,2997,2997,0.9950000000000001,2.2129396505683987,2.3990997177080957
2998,2998,2998,0.996666666666667,2.213321126115816,2.399481193255512
2999,2999,2999,0.998333333333334,2.2129396505683987,2.399481193255512
3000,3000,3000,1.0,2.2129396505683987,2.3990997177080957
3001,3001,3001,1.001666666666667,2.2129396505683987,2.399481193255512
3002,3002,3002,1.0033333333333339,2.2129396505683987,2.3990997177080957
3003,3003,3003,1.005,2.2129396505683987,2.399481193255512
3004,3004,3004,1.0066666666666668,2.213321126115816,2.399481193255512
3005,3005,3005,1.0083333333333337,2.2129396505683987,2.399481193255512
3006,3006,3006,1.0100000000000016,2.2129396505683987,2.399481193255512
3007,3007,3007,1.0116666666666667,2.2129396505683987,2.3998626688029296
3008,3008,3008,1.0133333333333336,2.2129396505683987,2.3990997177080957
3009,3009,3009,1.0150000000000015,2.2129396505683987,2.399481193255512
3010,3010,3010,1.0166666666666666,2.2129396505683987,2.399481193255512
3011,3011,3011,1.0183333333333335,2.213321126115816,2.399481193255512
3012,3012,3012,1.0200000000000005,2.213321126115816,2.399481193255512
3013,3013,3013,1.0216666666666665,2.2129396505683987,2.399481193255512
3014,3014,3014,1.0233333333333334,2.213321126115816,2.399481193255512
3015,3015,3015,1.0250000000000004,2.2129396505683987,2.3998626688029296
3016,3016,3016,1.0266666666666673,2.213321126115816,2.399481193255512
3017,3017,3017,1.0283333333333333,2.213321126115816,2.3998626688029296
3018,3018,3018,1.0300000000000002,2.213702601663233,2.3998626688029296
3019,3019,3019,1.0316666666666672,2.213321126115816,2.3998626688029296
3020,3020,3020,1.0333333333333332,2.213321126115816,2.399481193255512
3021,3021,3021,1.0350000000000001,2.213702601663233,2.3998626688029296
3022,3022,3022,1.036666666666667,2.213321126115816,2.3998626688029296
3023,3023,3023,1.038333333333334,2.213321126115816,2.3998626688029296
3024,3024,3024,1.04,2.213321126115816,2.3998626688029296
3025,3025,3025,1.041666666666667,2.2129396505683987,2.399481193255512
3026,3026,3026,1.043333333333334,2.213702601663233,2.399481193255512
3027,3027,3027,1.045,2.213702601663233,2.3998626688029296
3028,3028,3028,1.0466666666666669,2.213321126115816,2.4002441443503466
3029,3029,3029,1.0483333333333338,2.213321126115816,2.4002441443503466
3030,3030,3030,1.0500000000000016,2.213321126115816,2.3998626688029296
3031,3031,3031,1.0516666666666667,2.213702601663233,2.3998626688029296
3032,3032,3032,1.0533333333333337,2.213321126115816,2.399481193255512
3033,3033,3033,1.0550000000000015,2.213321126115816,2.399481193255512
3034,3034,3034,1.0566666666666666,2.213702601663233,2.399481193255512
3035,3035,3035,1.0583333333333336,2.213321126115816,2.3998626688029296
3036,3036,3036,1.0600000000000005,2.213321126115816,2.3998626688029296
3037,3037,3037,1.0616666666666665,2.213702601663233,2.3998626688029296
3038,3038,3038,1.0633333333333335,2.213702601663233,2.3998626688029296
3039,3039,3039,1.0650000000000004,2.213702601663233,2.3998626688029296
3040,3040,3040,1.0666666666666664,2.213321126115816,2.3998626688029296
3041,3041,3041,1.0683333333333334,2.213702601663233,2.4002441443503466
3042,3042,3042,1.0700000000000003,2.213702601663233,2.3998626688029296
3043,3043,3043,1.0716666666666672,2.213702601663233,2.4002441443503466
3044,3044,3044,1.0733333333333333,2.213321126115816,2.4002441443503466
3045,3045,3045,1.0750000000000002,2.213702601663233,2.3998626688029296
3046,3046,3046,1.076666666666667,2.213702601663233,2.3998626688029296
3047,3047,3047,1.078333333333334,2.213702601663233,2.4006256198977645
3048,3048,3048,1.08,2.213702601663233,2.3998626688029296
3049,3049,3049,1.081666666666667,2.214084077210651,2.4002441443503466
3050,3050,3050,1.083333333333334,2.213702601663233,2.4002441443503466
3051,3051,3051,1.085,2.213702601663233,2.4002441443503466
3052,3052,3052,1.086666666666667,2.213321126115816,2.4002441443503466
3053,3053,3053,1.0883333333333338,2.213702601663233,2.3998626688029296
3054,3054,3054,1.0900000000000016,2.214084077210651,2.4002441443503466
3055,3055,3055,1.0916666666666668,2.213702601663233,2.3998626688029296
3056,3056,3056,1.0933333333333337,2.214084077210651,2.4002441443503466
3057,3057,3057,1.0950000000000015,2.214084077210651,2.3998626688029296
3058,3058,3058,1.0966666666666667,2.214084077210651,2.4002441443503466
3059,3059,3059,1.0983333333333336,2.213702601663233,2.4002441443503466
3060,3060,3060,1.1000000000000005,2.213702601663233,2.4002441443503466
3061,3061,3061,1.1016666666666666,2.214084077210651,2.3998626688029296
3062,3062,3062,1.1033333333333335,2.214084077210651,2.4002441443503466
3063,3063,3063,1.1050000000000004,2.214084077210651,2.4002441443503466
3064,3064,3064,1.1066666666666665,2.214084077210651,2.4006256198977645
3065,3065,3065,1.1083333333333334,2.213702601663233,2.4002441443503466
3066,3066,3066,1.1100000000000003,2.213702601663233,2.4002441443503466
3067,3067,3067,1.1116666666666672,2.214084077210651,2.4002441443503466
3068,3068,3068,1.1133333333333333,2.2144655527580683,2.4002441443503466
3069,3069,3069,1.1150000000000002,2.214084077210651,2.4002441443503466
3070,3070,3070,1.1166666666666671,2.214084077210651,2.4002441443503466
3071,3071,3071,1.118333333333334,2.214084077210651,2.3998626688029296
3072,3072,3072,1.12,2.214084077210651,2.4002441443503466
3073,3073,3073,1.121666666666667,2.214084077210651,2.4002441443503466
3074,3074,3074,1.123333333333334,2.214084077210651,2.3998626688029296
3075,3075,3075,1.125,2.2144655527580683,2.4002441443503466
3076,3076,3076,1.126666666666667,2.2144655527580683,2.4006256198977645
3077,3077,3077,1.1283333333333339,2.213702601663233,2.4006256198977645
3078,3078,3078,1.13,2.2144655527580683,2.4002441443503466
3079,3079,3079,1.1316666666666668,2.2144655527580683,2.4002441443503466
3080,3080,3080,1.1333333333333337,2.214084077210651,2.4002441443503466
3081,3081,3081,1.1350000000000016,2.2144655527580683,2.4002441443503466
3082,3082,3082,1.1366666666666667,2.214084077210651,2.4006256198977645
3083,3083,3083,1.1383333333333336,2.2144655527580683,2.4002441443503466
3084,3084,3084,1.1400000000000015,2.214084077210651,2.4006256198977645
3085,3085,3085,1.1416666666666666,2.214084077210651,2.4002441443503466
3086,3086,3086,1.1433333333333335,2.2144655527580683,2.4006256198977645
3087,3087,3087,1.1450000000000005,2.214084077210651,2.401007095445182
3088,3088,3088,1.1466666666666665,2.2148470283054857,2.4002441443503466
3089,3089,3089,1.1483333333333334,2.2144655527580683,2.4006256198977645
3090,3090,3090,1.1500000000000004,2.2144655527580683,2.4006256198977645
3091,3091,3091,1.1516666666666673,2.2144655527580683,2.4002441443503466
3092,3092,3092,1.1533333333333333,2.2144655527580683,2.4006256198977645
3093,3093,3093,1.1550000000000002,2.2144655527580683,2.4006256198977645
3094,3094,3094,1.1566666666666672,2.2144655527580683,2.4006256198977645
3095,3095,3095,1.158333333333334,2.2144655527580683,2.4006256198977645
3096,3096,3096,1.1600000000000001,2.2144655527580683,2.4006256198977645
3097,3097,3097,1.161666666666667,2.214084077210651,2.4006256198977645
3098,3098,3098,1.163333333333334,2.2144655527580683,2.401007095445182
3099,3099,3099,1.165,2.2144655527580683,2.401007095445182
3100,3100,3100,1.166666666666667,2.2144655527580683,2.4006256198977645
3101,3101,3101,1.168333333333334,2.2148470283054857,2.4006256198977645
3102,3102,3102,1.17,2.2148470283054857,2.401007095445182
3103,3103,3103,1.1716666666666669,2.2144655527580683,2.401007095445182
3104,3104,3104,1.1733333333333338,2.2144655527580683,2.401007095445182
3105,3105,3105,1.1750000000000016,2.2144655527580683,2.4006256198977645
3106,3106,3106,1.1766666666666667,2.2148470283054857,2.4006256198977645
3107,3107,3107,1.1783333333333337,2.2144655527580683,2.401007095445182
3108,3108,3108,1.1800000000000015,2.2148470283054857,2.4006256198977645
3109,3109,3109,1.1816666666666666,2.2144655527580683,2.4006256198977645
3110,3110,3110,1.1833333333333336,2.2148470283054857,2.4006256198977645
3111,3111,3111,1.1850000000000005,2.2148470283054857,2.4006256198977645
3112,3112,3112,1.1866666666666665,2.2144655527580683,2.401007095445182
3113,3113,3113,1.1883333333333335,2.2144655527580683,2.401007095445182
3114,3114,3114,1.1900000000000004,2.2148470283054857,2.401007095445182
3115,3115,3115,1.1916666666666664,2.2144655527580683,2.401007095445182
3116,3116,3116,1.1933333333333334,2.2148470283054857,2.401007095445182
3117,3117,3117,1.1950000000000003,2.2148470283054857,2.4006256198977645
3118,3118,3118,1.1966666666666672,2.2144655527580683,2.4006256198977645
3119,3119,3119,1.1983333333333333,2.2148470283054857,2.401007095445182
3120,3120,3120,1.2000000000000002,2.2148470283054857,2.401007095445182
3121,3121,3121,1.201666666666667,2.2144655527580683,2.401007095445182
3122,3122,3122,1.203333333333334,2.2148470283054857,2.401007095445182
3123,3123,3123,1.205,2.2148470283054857,2.4013885709926
3124,3124,3124,1.206666666666667,2.2148470283054857,2.401007095445182
3125,3125,3125,1.208333333333334,2.2148470283054857,2.401007095445182
3126,3126,3126,1.21,2.2148470283054857,2.401007095445182
3127,3127,3127,1.211666666666667,2.215228503852903,2.401007095445182
3128,3128,3128,1.2133333333333338,2.2148470283054857,2.401007095445182
3129,3129,3129,1.2150000000000016,2.2148470283054857,2.4013885709926
3130,3130,3130,1.2166666666666668,2.2148470283054857,2.401007095445182
3131,3131,3131,1.2183333333333337,2.215228503852903,2.4013885709926
3132,3132,3132,1.2200000000000015,2.215228503852903,2.401007095445182
3133,3133,3133,1.2216666666666667,2.2148470283054857,2.4013885709926
3134,3134,3134,1.2233333333333336,2.2148470283054857,2.4013885709926
3135,3135,3135,1.2250000000000005,2.2148470283054857,2.401007095445182
3136,3136,3136,1.2266666666666666,2.2148470283054857,2.4013885709926
3137,3137,3137,1.2283333333333335,2.215228503852903,2.401007095445182
3138,3138,3138,1.2300000000000004,2.2148470283054857,2.4013885709926
3139,3139,3139,1.2316666666666665,2.215228503852903,2.401007095445182
3140,3140,3140,1.2333333333333334,2.215228503852903,2.4013885709926
3141,3141,3141,1.2350000000000003,2.2148470283054857,2.401007095445182
3142,3142,3142,1.2366666666666672,2.2148470283054857,2.4013885709926
3143,3143,3143,1.2383333333333333,2.2148470283054857,2.4013885709926
3144,3144,3144,1.2400000000000002,2.2148470283054857,2.4013885709926
3145,3145,3145,1.2416666666666671,2.215228503852903,2.4013885709926
3146,3146,3146,1.243333333333334,2.2148470283054857,2.4013885709926
3147,3147,3147,1.245,2.2148470283054857,2.4013885709926
3148,3148,3148,1.246666666666667,2.215228503852903,2.4013885709926
3149,3149,3149,1.248333333333334,2.215228503852903,2.4013885709926
3150,3150,3150,1.25,2.215228503852903,2.4013885709926
3151,3151,3151,1.251666666666667,2.215228503852903,2.4013885709926
3152,3152,3152,1.2533333333333339,2.2148470283054857,2.4013885709926
3153,3153,3153,1.255,2.215228503852903,2.4017700465400167
3154,3154,3154,1.2566666666666668,2.215228503852903,2.4013885709926
3155,3155,3155,1.2583333333333337,2.2148470283054857,2.402151522087434
3156,3156,3156,1.2600000000000016,2.215228503852903,2.4013885709926
3157,3157,3157,1.2616666666666667,2.215228503852903,2.4013885709926
3158,3158,3158,1.2633333333333336,2.215228503852903,2.4013885709926
3159,3159,3159,1.2650000000000015,2.215228503852903,2.4013885709926
3160,3160,3160,1.2666666666666666,2.215228503852903,2.4013885709926
3161,3161,3161,1.2683333333333335,2.215228503852903,2.4017700465400167
3162,3162,3162,1.2700000000000005,2.215609979400321,2.4013885709926
3163,3163,3163,1.2716666666666665,2.215228503852903,2.4013885709926
3164,3164,3164,1.2733333333333334,2.215609979400321,2.4017700465400167
3165,3165,3165,1.2750000000000004,2.215609979400321,2.402151522087434
3166,3166,3166,1.2766666666666673,2.215228503852903,2.4017700465400167
3167,3167,3167,1.2783333333333333,2.215609979400321,2.4017700465400167
3168,3168,3168,1.2800000000000002,2.215228503852903,2.4017700465400167
3169,3169,3169,1.2816666666666672,2.215228503852903,2.4017700465400167
3170,3170,3170,1.283333333333334,2.215228503852903,2.4017700465400167
3171,3171,3171,1.2850000000000001,2.215609979400321,2.402151522087434
3172,3172,3172,1.286666666666667,2.215609979400321,2.4013885709926
3173,3173,3173,1.288333333333334,2.215609979400321,2.4017700465400167
3174,3174,3174,1.29,2.215228503852903,2.4017700465400167
3175,3175,3175,1.291666666666667,2.215609979400321,2.402151522087434
3176,3176,3176,1.293333333333334,2.215609979400321,2.402151522087434
3177,3177,3177,1.295,2.215609979400321,2.402151522087434
3178,3178,3178,1.2966666666666669,2.215609979400321,2.4017700465400167
3179,3179,3179,1.2983333333333338,2.215609979400321,2.402151522087434
3180,3180,3180,1.3000000000000016,2.215609979400321,2.4017700465400167
3181,3181,3181,1.3016666666666667,2.215228503852903,2.402151522087434
3182,3182,3182,1.3033333333333337,2.2159914549477384,2.402151522087434
3183,3183,3183,1.3050000000000015,2.215609979400321,2.4013885709926
3184,3184,3184,1.3066666666666666,2.2159914549477384,2.402151522087434
3185,3185,3185,1.3083333333333336,2.215609979400321,2.4017700465400167
3186,3186,3186,1.3100000000000005,2.2159914549477384,2.402151522087434
3187,3187,3187,1.3116666666666665,2.215609979400321,2.402151522087434
3188,3188,3188,1.3133333333333335,2.2159914549477384,2.4017700465400167
3189,3189,3189,1.3150000000000004,2.2159914549477384,2.402151522087434
3190,3190,3190,1.3166666666666664,2.2159914549477384,2.402151522087434
3191,3191,3191,1.3183333333333334,2.215609979400321,2.402151522087434
3192,3192,3192,1.3200000000000003,2.2159914549477384,2.402151522087434
3193,3193,3193,1.3216666666666672,2.215609979400321,2.402151522087434
3194,3194,3194,1.3233333333333333,2.2159914549477384,2.402151522087434
3195,3195,3195,1.3250000000000002,2.215609979400321,2.402151522087434
3196,3196,3196,1.326666666666667,2.2159914549477384,2.402151522087434
3197,3197,3197,1.328333333333334,2.2159914549477384,2.4017700465400167
3198,3198,3198,1.33,2.2159914549477384,2.402151522087434
3199,3199,3199,1.331666666666667,2.2159914549477384,2.402151522087434
3200,3200,3200,1.333333333333334,2.215609979400321,2.402151522087434
3201,3201,3201,1.335,2.2159914549477384,2.402151522087434
3202,3202,3202,1.336666666666667,2.2159914549477384,2.402151522087434
3203,3203,3203,1.3383333333333338,2.2159914549477384,2.402151522087434
3204,3204,3204,1.3400000000000016,2.2163729304951554,2.402151522087434
3205,3205,3205,1.3416666666666668,2.215609979400321,2.4025329976348515
3206,3206,3206,1.3433333333333337,2.2163729304951554,2.4025329976348515
3207,3207,3207,1.3450000000000015,2.2159914549477384,2.4025329976348515
3208,3208,3208,1.3466666666666667,2.2159914549477384,2.402151522087434
3209,3209,3209,1.3483333333333336,2.2163729304951554,2.402151522087434
3210,3210,3210,1.3500000000000005,2.2163729304951554,2.4025329976348515
3211,3211,3211,1.3516666666666666,2.2163729304951554,2.4025329976348515
3212,3212,3212,1.3533333333333335,2.2163729304951554,2.4025329976348515
3213,3213,3213,1.3550000000000004,2.2159914549477384,2.402914473182269
3214,3214,3214,1.3566666666666665,2.2163729304951554,2.4025329976348515
3215,3215,3215,1.3583333333333334,2.2163729304951554,2.402151522087434
3216,3216,3216,1.3600000000000003,2.2163729304951554,2.4025329976348515
3217,3217,3217,1.3616666666666672,2.2163729304951554,2.402151522087434
3218,3218,3218,1.3633333333333333,2.2159914549477384,2.4025329976348515
3219,3219,3219,1.3650000000000002,2.2159914549477384,2.4025329976348515
3220,3220,3220,1.3666666666666671,2.2159914549477384,2.4025329976348515
3221,3221,3221,1.368333333333334,2.2163729304951554,2.402151522087434
3222,3222,3222,1.37,2.2163729304951554,2.4025329976348515
3223,3223,3223,1.371666666666667,2.2163729304951554,2.402914473182269
3224,3224,3224,1.373333333333334,2.2159914549477384,2.402914473182269
3225,3225,3225,1.375,2.2163729304951554,2.4025329976348515
3226,3226,3226,1.3766666666666678,2.2163729304951554,2.4025329976348515
3227,3227,3227,1.3783333333333339,2.2163729304951554,2.402914473182269
3228,3228,3228,1.3800000000000008,2.216754406042573,2.4025329976348515
3229,3229,3229,1.3816666666666677,2.2163729304951554,2.402914473182269
3230,3230,3230,1.3833333333333337,2.216754406042573,2.4025329976348515
3231,3231,3231,1.3850000000000025,2.2163729304951554,2.402914473182269
3232,3232,3232,1.3866666666666676,2.216754406042573,2.4025329976348515
3233,3233,3233,1.3883333333333336,2.216754406042573,2.4025329976348515
3234,3234,3234,1.3900000000000015,2.216754406042573,2.402914473182269
3235,3235,3235,1.3916666666666684,2.21713588158999,2.402914473182269
3236,3236,3236,1.3933333333333335,2.216754406042573,2.402914473182269
3237,3237,3237,1.3950000000000005,2.2163729304951554,2.402914473182269
3238,3238,3238,1.3966666666666674,2.2163729304951554,2.4032959487296863
3239,3239,3239,1.3983333333333325,2.2163729304951554,2.402914473182269
3240,3240,3240,1.4000000000000004,2.2163729304951554,2.402914473182269
3241,3241,3241,1.4016666666666673,2.2163729304951554,2.402914473182269
3242,3242,3242,1.4033333333333324,2.216754406042573,2.4032959487296863
3243,3243,3243,1.4050000000000002,2.216754406042573,2.4032959487296863
3244,3244,3244,1.4066666666666672,2.216754406042573,2.402914473182269
3245,3245,3245,1.408333333333334,2.216754406042573,2.402914473182269
3246,3246,3246,1.4100000000000001,2.21713588158999,2.402914473182269
3247,3247,3247,1.411666666666667,2.2163729304951554,2.4025329976348515
3248,3248,3248,1.413333333333334,2.216754406042573,2.402914473182269
3249,3249,3249,1.415,2.216754406042573,2.402914473182269
3250,3250,3250,1.4166666666666679,2.2163729304951554,2.402914473182269
3251,3251,3251,1.418333333333334,2.21713588158999,2.402914473182269
3252,3252,3252,1.42,2.216754406042573,2.402914473182269
3253,3253,3253,1.4216666666666677,2.21713588158999,2.4032959487296863
3254,3254,3254,1.4233333333333338,2.2163729304951554,2.402914473182269
3255,3255,3255,1.4250000000000025,2.216754406042573,2.4032959487296863
3256,3256,3256,1.4266666666666676,2.216754406042573,2.4032959487296863
3257,3257,3257,1.4283333333333337,2.21713588158999,2.4032959487296863
3258,3258,3258,1.4300000000000015,2.21713588158999,2.4032959487296863
3259,3259,3259,1.4316666666666684,2.21713588158999,2.4032959487296863
3260,3260,3260,1.4333333333333336,2.216754406042573,2.402914473182269
3261,3261,3261,1.4350000000000005,2.216754406042573,2.4032959487296863
3262,3262,3262,1.4366666666666674,2.21713588158999,2.4032959487296863
3263,3263,3263,1.4383333333333335,2.21713588158999,2.402914473182269
3264,3264,3264,1.4400000000000004,2.21713588158999,2.4032959487296863
3265,3265,3265,1.4416666666666673,2.21713588158999,2.4032959487296863
3266,3266,3266,1.4433333333333325,2.21713588158999,2.403677424277104
3267,3267,3267,1.4450000000000003,2.21713588158999,2.402914473182269
3268,3268,3268,1.4466666666666672,2.21713588158999,2.4032959487296863
3269,3269,3269,1.4483333333333324,2.21713588158999,2.4032959487296863
3270,3270,3270,1.4500000000000002,2.217517357137408,2.4032959487296863
3271,3271,3271,1.451666666666667,2.21713588158999,2.4032959487296863
3272,3272,3272,1.453333333333334,2.217517357137408,2.4032959487296863
3273,3273,3273,1.455,2.217517357137408,2.403677424277104
3274,3274,3274,1.4566666666666679,2.21713588158999,2.4032959487296863
3275,3275,3275,1.458333333333334,2.21713588158999,2.403677424277104
3276,3276,3276,1.46,2.21713588158999,2.4032959487296863
3277,3277,3277,1.4616666666666678,2.21713588158999,2.403677424277104
3278,3278,3278,1.4633333333333338,2.217517357137408,2.403677424277104
3279,3279,3279,1.4650000000000025,2.21713588158999,2.403677424277104
3280,3280,3280,1.4666666666666677,2.21713588158999,2.4032959487296863
3281,3281,3281,1.4683333333333337,2.217517357137408,2.4032959487296863
3282,3282,3282,1.4700000000000015,2.217517357137408,2.403677424277104
3283,3283,3283,1.4716666666666676,2.217517357137408,2.403677424277104
3284,3284,3284,1.4733333333333336,2.21713588158999,2.403677424277104
3285,3285,3285,1.4750000000000005,2.217517357137408,2.4032959487296863
3286,3286,3286,1.4766666666666675,2.217517357137408,2.403677424277104
3287,3287,3287,1.4783333333333335,2.217517357137408,2.404058899824521
3288,3288,3288,1.4800000000000004,2.217517357137408,2.403677424277104
3289,3289,3289,1.4816666666666674,2.217517357137408,2.4032959487296863
3290,3290,3290,1.4833333333333325,2.217517357137408,2.403677424277104
3291,3291,3291,1.4850000000000003,2.217898832684825,2.403677424277104
3292,3292,3292,1.4866666666666672,2.217517357137408,2.403677424277104
3293,3293,3293,1.4883333333333324,2.217517357137408,2.403677424277104
3294,3294,3294,1.4900000000000002,2.217517357137408,2.403677424277104
3295,3295,3295,1.4916666666666671,2.217517357137408,2.403677424277104
3296,3296,3296,1.493333333333334,2.217898832684825,2.404058899824521
3297,3297,3297,1.495,2.217517357137408,2.403677424277104
3298,3298,3298,1.496666666666667,2.217517357137408,2.403677424277104
3299,3299,3299,1.498333333333334,2.217517357137408,2.404058899824521
3300,3300,3300,1.5,2.217517357137408,2.404058899824521
3301,3301,3301,1.5016666666666678,2.217898832684825,2.404058899824521
3302,3302,3302,1.5033333333333339,2.217898832684825,2.403677424277104
3303,3303,3303,1.5050000000000008,2.217898832684825,2.404058899824521
3304,3304,3304,1.5066666666666677,2.217898832684825,2.403677424277104
3305,3305,3305,1.5083333333333337,2.217898832684825,2.403677424277104
3306,3306,3306,1.5100000000000025,2.217898832684825,2.403677424277104
3307,3307,3307,1.5116666666666676,2.2182803082322424,2.4044403753719386
3308,3308,3308,1.5133333333333336,2.217898832684825,2.404058899824521
3309,3309,3309,1.5150000000000015,2.217898832684825,2.404058899824521
3310,3310,3310,1.5166666666666684,2.217898832684825,2.404058899824521
3311,3311,3311,1.5183333333333335,2.217898832684825,2.404058899824521
3312,3312,3312,1.5200000000000005,2.217898832684825,2.4044403753719386
3313,3313,3313,1.5216666666666674,2.217898832684825,2.404058899824521
3314,3314,3314,1.5233333333333325,2.217898832684825,2.404058899824521
3315,3315,3315,1.5250000000000004,2.217898832684825,2.404058899824521
3316,3316,3316,1.5266666666666673,2.2182803082322424,2.404058899824521
3317,3317,3317,1.5283333333333324,2.217898832684825,2.403677424277104
3318,3318,3318,1.5300000000000002,2.217898832684825,2.403677424277104
3319,3319,3319,1.5316666666666672,2.2182803082322424,2.4044403753719386
3320,3320,3320,1.533333333333334,2.217898832684825,2.404058899824521
3321,3321,3321,1.5350000000000001,2.2182803082322424,2.404058899824521
3322,3322,3322,1.536666666666667,2.217898832684825,2.404058899824521
3323,3323,3323,1.538333333333334,2.2182803082322424,2.4044403753719386
3324,3324,3324,1.54,2.217898832684825,2.404821850919356
3325,3325,3325,1.5416666666666679,2.217898832684825,2.4044403753719386
3326,3326,3326,1.543333333333334,2.217898832684825,2.4044403753719386
3327,3327,3327,1.545,2.2182803082322424,2.4044403753719386
3328,3328,3328,1.5466666666666677,2.2182803082322424,2.4044403753719386
3329,3329,3329,1.5483333333333338,2.2182803082322424,2.4044403753719386
3330,3330,3330,1.5500000000000025,2.2182803082322424,2.4044403753719386
3331,3331,3331,1.5516666666666676,2.2182803082322424,2.4044403753719386
3332,3332,3332,1.5533333333333337,2.217898832684825,2.404821850919356
3333,3333,3333,1.5550000000000015,2.2182803082322424,2.4044403753719386
3334,3334,3334,1.5566666666666684,2.2182803082322424,2.4044403753719386
3335,3335,3335,1.5583333333333336,2.217898832684825,2.404058899824521
3336,3336,3336,1.5600000000000005,2.2182803082322424,2.4044403753719386
3337,3337,3337,1.5616666666666674,2.2182803082322424,2.4044403753719386
3338,3338,3338,1.5633333333333335,2.217898832684825,2.4044403753719386
3339,3339,3339,1.5650000000000004,2.2182803082322424,2.404821850919356
3340,3340,3340,1.5666666666666673,2.2182803082322424,2.4044403753719386
3341,3341,3341,1.5683333333333325,2.2186617837796603,2.404821850919356
3342,3342,3342,1.5700000000000003,2.2182803082322424,2.404821850919356
3343,3343,3343,1.5716666666666672,2.2186617837796603,2.404821850919356
3344,3344,3344,1.5733333333333324,2.2182803082322424,2.4044403753719386
3345,3345,3345,1.5750000000000002,2.2182803082322424,2.4044403753719386
3346,3346,3346,1.576666666666667,2.2182803082322424,2.4044403753719386
3347,3347,3347,1.578333333333334,2.2186617837796603,2.4052033264667734
3348,3348,3348,1.58,2.2186617837796603,2.404821850919356
3349,3349,3349,1.5816666666666679,2.2186617837796603,2.404821850919356
3350,3350,3350,1.583333333333334,2.2186617837796603,2.404821850919356
3351,3351,3351,1.585,2.2186617837796603,2.404821850919356
3352,3352,3352,1.5866666666666678,2.2186617837796603,2.404821850919356
3353,3353,3353,1.5883333333333338,2.2186617837796603,2.4052033264667734
3354,3354,3354,1.5900000000000025,2.219043259327077,2.404821850919356
3355,3355,3355,1.5916666666666677,2.2186617837796603,2.404821850919356
3356,3356,3356,1.5933333333333337,2.219043259327077,2.404821850919356
3357,3357,3357,1.5950000000000015,2.2186617837796603,2.404821850919356
3358,3358,3358,1.5966666666666676,2.2186617837796603,2.404821850919356
3359,3359,3359,1.5983333333333336,2.2186617837796603,2.404821850919356
3360,3360,3360,1.6000000000000005,2.2182803082322424,2.4052033264667734
3361,3361,3361,1.6016666666666675,2.2186617837796603,2.404821850919356
3362,3362,3362,1.6033333333333335,2.2186617837796603,2.404821850919356
3363,3363,3363,1.6050000000000004,2.219043259327077,2.4052033264667734
3364,3364,3364,1.6066666666666674,2.2186617837796603,2.4052033264667734
3365,3365,3365,1.6083333333333325,2.2186617837796603,2.404821850919356
3366,3366,3366,1.6100000000000003,2.2182803082322424,2.4052033264667734
3367,3367,3367,1.6116666666666672,2.219043259327077,2.4052033264667734
3368,3368,3368,1.6133333333333324,2.2186617837796603,2.4052033264667734
3369,3369,3369,1.6150000000000002,2.219043259327077,2.4052033264667734
3370,3370,3370,1.6166666666666671,2.2186617837796603,2.404821850919356
3371,3371,3371,1.618333333333334,2.219043259327077,2.4052033264667734
3372,3372,3372,1.62,2.2186617837796603,2.404821850919356
3373,3373,3373,1.621666666666667,2.219043259327077,2.4052033264667734
3374,3374,3374,1.623333333333334,2.219043259327077,2.405584802014191
3375,3375,3375,1.625,2.2186617837796603,2.404821850919356
3376,3376,3376,1.6266666666666678,2.219043259327077,2.4052033264667734
3377,3377,3377,1.6283333333333339,2.2194247348744947,2.4052033264667734
3378,3378,3378,1.6300000000000008,2.219043259327077,2.4052033264667734
3379,3379,3379,1.6316666666666677,2.219043259327077,2.405584802014191
3380,3380,3380,1.6333333333333337,2.2186617837796603,2.4052033264667734
3381,3381,3381,1.6350000000000025,2.219043259327077,2.4052033264667734
3382,3382,3382,1.6366666666666676,2.2194247348744947,2.4052033264667734
3383,3383,3383,1.6383333333333336,2.2194247348744947,2.4052033264667734
3384,3384,3384,1.6400000000000015,2.219043259327077,2.4052033264667734
3385,3385,3385,1.6416666666666684,2.2194247348744947,2.405584802014191
3386,3386,3386,1.6433333333333335,2.2194247348744947,2.4052033264667734
3387,3387,3387,1.6450000000000005,2.219043259327077,2.4052033264667734
3388,3388,3388,1.6466666666666674,2.219043259327077,2.405584802014191
3389,3389,3389,1.6483333333333325,2.219043259327077,2.405584802014191
3390,3390,3390,1.6500000000000004,2.219043259327077,2.4052033264667734
3391,3391,3391,1.6516666666666673,2.2194247348744947,2.405584802014191
3392,3392,3392,1.6533333333333324,2.2194247348744947,2.405584802014191
3393,3393,3393,1.6550000000000002,2.2194247348744947,2.405584802014191
3394,3394,3394,1.6566666666666672,2.2194247348744947,2.405584802014191
3395,3395,3395,1.658333333333334,2.2194247348744947,2.4052033264667734
3396,3396,3396,1.6600000000000001,2.2194247348744947,2.405584802014191
3397,3397,3397,1.661666666666667,2.2194247348744947,2.4052033264667734
3398,3398,3398,1.663333333333334,2.219806210421912,2.4052033264667734
3399,3399,3399,1.665,2.2194247348744947,2.405584802014191
3400,3400,3400,1.6666666666666679,2.2194247348744947,2.405584802014191
3401,3401,3401,1.668333333333334,2.2194247348744947,2.405584802014191
3402,3402,3402,1.67,2.219806210421912,2.405966277561608
3403,3403,3403,1.6716666666666677,2.2194247348744947,2.405966277561608
3404,3404,3404,1.6733333333333338,2.219806210421912,2.405966277561608
3405,3405,3405,1.6750000000000025,2.2194247348744947,2.405584802014191
3406,3406,3406,1.6766666666666676,2.219806210421912,2.4052033264667734
3407,3407,3407,1.6783333333333337,2.219806210421912,2.405584802014191
3408,3408,3408,1.6800000000000015,2.219806210421912,2.405584802014191
3409,3409,3409,1.6816666666666684,2.219806210421912,2.405584802014191
3410,3410,3410,1.6833333333333336,2.2194247348744947,2.405584802014191
3411,3411,3411,1.6850000000000005,2.219806210421912,2.405584802014191
3412,3412,3412,1.6866666666666674,2.219806210421912,2.405584802014191
3413,3413,3413,1.6883333333333335,2.219806210421912,2.405966277561608
3414,3414,3414,1.6900000000000004,2.220187685969329,2.405966277561608
3415,3415,3415,1.6916666666666673,2.219806210421912,2.405584802014191
3416,3416,3416,1.6933333333333325,2.219806210421912,2.405966277561608
3417,3417,3417,1.6950000000000003,2.219806210421912,2.405966277561608
3418,3418,3418,1.6966666666666672,2.220187685969329,2.405584802014191
3419,3419,3419,1.6983333333333341,2.219806210421912,2.405966277561608
3420,3420,3420,1.7000000000000002,2.2194247348744947,2.4063477531090256
3421,3421,3421,1.701666666666667,2.219806210421912,2.405966277561608
3422,3422,3422,1.703333333333334,2.220187685969329,2.405966277561608
3423,3423,3423,1.705,2.219806210421912,2.405966277561608
3424,3424,3424,1.7066666666666679,2.219806210421912,2.405966277561608
3425,3425,3425,1.708333333333334,2.2194247348744947,2.4063477531090256
3426,3426,3426,1.71,2.219806210421912,2.405966277561608
3427,3427,3427,1.7116666666666678,2.219806210421912,2.405966277561608
3428,3428,3428,1.7133333333333338,2.219806210421912,2.4063477531090256
3429,3429,3429,1.7150000000000025,2.220187685969329,2.4063477531090256
3430,3430,3430,1.7166666666666677,2.219806210421912,2.4063477531090256
3431,3431,3431,1.7183333333333337,2.219806210421912,2.4063477531090256
3432,3432,3432,1.7200000000000015,2.219806210421912,2.405966277561608
3433,3433,3433,1.7216666666666676,2.220187685969329,2.405966277561608
3434,3434,3434,1.7233333333333336,2.219806210421912,2.4067292286564435
3435,3435,3435,1.7250000000000005,2.219806210421912,2.4063477531090256
3436,3436,3436,1.7266666666666675,2.220187685969329,2.4063477531090256
3437,3437,3437,1.7283333333333335,2.220187685969329,2.4063477531090256
3438,3438,3438,1.7300000000000004,2.220187685969329,2.4063477531090256
3439,3439,3439,1.7316666666666674,2.220187685969329,2.4067292286564435
3440,3440,3440,1.7333333333333325,2.219806210421912,2.4067292286564435
3441,3441,3441,1.7350000000000003,2.220187685969329,2.4067292286564435
3442,3442,3442,1.7366666666666672,2.219806210421912,2.4067292286564435
3443,3443,3443,1.7383333333333324,2.220187685969329,2.4067292286564435
3444,3444,3444,1.7400000000000002,2.220187685969329,2.4063477531090256
3445,3445,3445,1.7416666666666671,2.220187685969329,2.4063477531090256
3446,3446,3446,1.743333333333334,2.220187685969329,2.4067292286564435
3447,3447,3447,1.745,2.220187685969329,2.4063477531090256
3448,3448,3448,1.746666666666667,2.220187685969329,2.4067292286564435
3449,3449,3449,1.748333333333334,2.220187685969329,2.4063477531090256
3450,3450,3450,1.75,2.220187685969329,2.4063477531090256
3451,3451,3451,1.7516666666666678,2.220187685969329,2.4063477531090256
3452,3452,3452,1.7533333333333339,2.220187685969329,2.4063477531090256
3453,3453,3453,1.7550000000000008,2.2205691615167478,2.4067292286564435
3454,3454,3454,1.7566666666666677,2.220187685969329,2.4067292286564435
3455,3455,3455,1.7583333333333337,2.2205691615167478,2.4067292286564435
3456,3456,3456,1.7600000000000025,2.2205691615167478,2.4067292286564435
3457,3457,3457,1.7616666666666676,2.2205691615167478,2.4067292286564435
3458,3458,3458,1.7633333333333336,2.2205691615167478,2.4067292286564435
3459,3459,3459,1.7650000000000015,2.2205691615167478,2.4067292286564435
3460,3460,3460,1.7666666666666684,2.220187685969329,2.4063477531090256
3461,3461,3461,1.7683333333333335,2.220187685969329,2.4067292286564435
3462,3462,3462,1.7700000000000005,2.2205691615167478,2.4067292286564435
3463,3463,3463,1.7716666666666674,2.220187685969329,2.4063477531090256
3464,3464,3464,1.7733333333333325,2.2205691615167478,2.4063477531090256
3465,3465,3465,1.7750000000000004,2.220187685969329,2.4063477531090256
3466,3466,3466,1.7766666666666673,2.2205691615167478,2.4067292286564435
3467,3467,3467,1.7783333333333324,2.2205691615167478,2.4067292286564435
3468,3468,3468,1.7800000000000002,2.2205691615167478,2.4067292286564435
3469,3469,3469,1.7816666666666672,2.2205691615167478,2.4071107042038604
3470,3470,3470,1.783333333333334,2.2205691615167478,2.4071107042038604
3471,3471,3471,1.7850000000000001,2.2205691615167478,2.4067292286564435
3472,3472,3472,1.786666666666667,2.2205691615167478,2.4063477531090256
3473,3473,3473,1.788333333333334,2.2205691615167478,2.4071107042038604
3474,3474,3474,1.79,2.2205691615167478,2.4067292286564435
3475,3475,3475,1.7916666666666679,2.2205691615167478,2.4071107042038604
3476,3476,3476,1.793333333333334,2.2213321126115817,2.4071107042038604
3477,3477,3477,1.795,2.2209506370641643,2.4067292286564435
3478,3478,3478,1.7966666666666677,2.2209506370641643,2.4067292286564435
3479,3479,3479,1.7983333333333338,2.2205691615167478,2.4071107042038604
3480,3480,3480,1.8000000000000025,2.2205691615167478,2.4067292286564435
3481,3481,3481,1.8016666666666676,2.2209506370641643,2.4071107042038604
3482,3482,3482,1.8033333333333337,2.2209506370641643,2.4067292286564435
3483,3483,3483,1.8050000000000015,2.2209506370641643,2.4071107042038604
3484,3484,3484,1.8066666666666684,2.2209506370641643,2.4067292286564435
3485,3485,3485,1.8083333333333336,2.2205691615167478,2.4067292286564435
3486,3486,3486,1.8100000000000005,2.2213321126115817,2.4067292286564435
3487,3487,3487,1.8116666666666674,2.2209506370641643,2.4071107042038604
3488,3488,3488,1.8133333333333335,2.2213321126115817,2.4067292286564435
3489,3489,3489,1.8150000000000004,2.2209506370641643,2.4071107042038604
3490,3490,3490,1.8166666666666673,2.2209506370641643,2.4071107042038604
3491,3491,3491,1.8183333333333325,2.2213321126115817,2.4074921797512783
3492,3492,3492,1.8200000000000003,2.2213321126115817,2.4071107042038604
3493,3493,3493,1.8216666666666672,2.221713588158999,2.4074921797512783
3494,3494,3494,1.8233333333333341,2.2213321126115817,2.4074921797512783
3495,3495,3495,1.8250000000000002,2.2209506370641643,2.4071107042038604
3496,3496,3496,1.826666666666667,2.2209506370641643,2.4071107042038604
3497,3497,3497,1.828333333333334,2.2213321126115817,2.4071107042038604
3498,3498,3498,1.83,2.2213321126115817,2.4071107042038604
3499,3499,3499,1.8316666666666679,2.2213321126115817,2.4071107042038604
3500,3500,3500,1.833333333333334,2.2213321126115817,2.4074921797512783
3501,3501,3501,1.835,2.2213321126115817,2.4074921797512783
3502,3502,3502,1.8366666666666678,2.2213321126115817,2.4071107042038604
3503,3503,3503,1.8383333333333338,2.2209506370641643,2.4071107042038604
3504,3504,3504,1.8400000000000025,2.221713588158999,2.4074921797512783
3505,3505,3505,1.8416666666666677,2.2209506370641643,2.4071107042038604
3506,3506,3506,1.8433333333333337,2.2213321126115817,2.4074921797512783
3507,3507,3507,1.8450000000000015,2.221713588158999,2.4074921797512783
3508,3508,3508,1.8466666666666676,2.2209506370641643,2.4074921797512783
3509,3509,3509,1.8483333333333336,2.2213321126115817,2.4074921797512783
3510,3510,3510,1.8500000000000005,2.2209506370641643,2.4074921797512783
3511,3511,3511,1.8516666666666675,2.2213321126115817,2.4074921797512783
3512,3512,3512,1.8533333333333335,2.221713588158999,2.4074921797512783
3513,3513,3513,1.8550000000000004,2.2213321126115817,2.4074921797512783
3514,3514,3514,1.8566666666666674,2.2213321126115817,2.4074921797512783
3515,3515,3515,1.8583333333333325,2.221713588158999,2.4078736552986952
3516,3516,3516,1.8600000000000003,2.221713588158999,2.4078736552986952
3517,3517,3517,1.8616666666666672,2.221713588158999,2.4074921797512783
3518,3518,3518,1.8633333333333324,2.221713588158999,2.4074921797512783
3519,3519,3519,1.8650000000000002,2.2213321126115817,2.4074921797512783
3520,3520,3520,1.8666666666666671,2.2213321126115817,2.4074921797512783
3521,3521,3521,1.868333333333334,2.2213321126115817,2.4074921797512783
3522,3522,3522,1.87,2.221713588158999,2.4074921797512783
3523,3523,3523,1.871666666666667,2.2220950637064165,2.4078736552986952
3524,3524,3524,1.873333333333334,2.2220950637064165,2.4078736552986952
3525,3525,3525,1.875,2.221713588158999,2.4074921797512783
3526,3526,3526,1.8766666666666678,2.221713588158999,2.4078736552986952
3527,3527,3527,1.8783333333333339,2.2220950637064165,2.4074921797512783
3528,3528,3528,1.8800000000000008,2.221713588158999,2.4078736552986952
3529,3529,3529,1.8816666666666677,2.2220950637064165,2.4078736552986952
3530,3530,3530,1.8833333333333337,2.221713588158999,2.4078736552986952
3531,3531,3531,1.8850000000000025,2.2220950637064165,2.4078736552986952
3532,3532,3532,1.8866666666666676,2.221713588158999,2.4082551308461126
3533,3533,3533,1.8883333333333336,2.2220950637064165,2.4078736552986952
3534,3534,3534,1.8900000000000015,2.2220950637064165,2.4078736552986952
3535,3535,3535,1.8916666666666684,2.2220950637064165,2.4078736552986952
3536,3536,3536,1.8933333333333335,2.221713588158999,2.4082551308461126
3537,3537,3537,1.8950000000000005,2.221713588158999,2.4074921797512783
3538,3538,3538,1.8966666666666674,2.221713588158999,2.4078736552986952
3539,3539,3539,1.8983333333333325,2.221713588158999,2.4078736552986952
3540,3540,3540,1.9000000000000004,2.221713588158999,2.4078736552986952
3541,3541,3541,1.9016666666666673,2.2220950637064165,2.4078736552986952
3542,3542,3542,1.9033333333333324,2.221713588158999,2.4082551308461126
3543,3543,3543,1.9050000000000002,2.221713588158999,2.4078736552986952
3544,3544,3544,1.9066666666666672,2.2220950637064165,2.4078736552986952
3545,3545,3545,1.908333333333334,2.2220950637064165,2.4082551308461126
3546,3546,3546,1.9100000000000001,2.222476539253834,2.4082551308461126
3547,3547,3547,1.911666666666667,2.2220950637064165,2.4078736552986952
3548,3548,3548,1.913333333333334,2.2220950637064165,2.4078736552986952
3549,3549,3549,1.915,2.2220950637064165,2.4078736552986952
3550,3550,3550,1.9166666666666679,2.2220950637064165,2.4078736552986952
3551,3551,3551,1.918333333333334,2.221713588158999,2.4082551308461126
3552,3552,3552,1.9200000000000008,2.222476539253834,2.4082551308461126
3553,3553,3553,1.9216666666666677,2.2220950637064165,2.4082551308461126
3554,3554,3554,1.9233333333333338,2.222476539253834,2.4082551308461126
3555,3555,3555,1.9250000000000025,2.2220950637064165,2.4086366063935296
3556,3556,3556,1.9266666666666676,2.222476539253834,2.4086366063935296
3557,3557,3557,1.9283333333333337,2.2220950637064165,2.4078736552986952
3558,3558,3558,1.9300000000000015,2.222476539253834,2.4078736552986952
3559,3559,3559,1.9316666666666684,2.2220950637064165,2.4082551308461126
3560,3560,3560,1.9333333333333336,2.2220950637064165,2.4078736552986952
3561,3561,3561,1.9350000000000005,2.2220950637064165,2.4082551308461126
3562,3562,3562,1.9366666666666674,2.222476539253834,2.4082551308461126
3563,3563,3563,1.9383333333333335,2.222476539253834,2.4082551308461126
3564,3564,3564,1.9400000000000004,2.222476539253834,2.4082551308461126
3565,3565,3565,1.9416666666666673,2.222476539253834,2.4082551308461126
3566,3566,3566,1.9433333333333325,2.2220950637064165,2.4082551308461126
3567,3567,3567,1.9450000000000003,2.222476539253834,2.4078736552986952
3568,3568,3568,1.9466666666666672,2.222476539253834,2.4082551308461126
3569,3569,3569,1.9483333333333341,2.222476539253834,2.4082551308461126
3570,3570,3570,1.9500000000000002,2.2220950637064165,2.4082551308461126
3571,3571,3571,1.951666666666667,2.2220950637064165,2.4082551308461126
3572,3572,3572,1.953333333333334,2.2220950637064165,2.4082551308461126
3573,3573,3573,1.955,2.222476539253834,2.4082551308461126
3574,3574,3574,1.9566666666666679,2.222476539253834,2.4086366063935296
3575,3575,3575,1.958333333333334,2.2220950637064165,2.4082551308461126
3576,3576,3576,1.96,2.222476539253834,2.4086366063935296
3577,3577,3577,1.9616666666666678,2.222476539253834,2.4086366063935296
3578,3578,3578,1.9633333333333338,2.2220950637064165,2.4086366063935296
3579,3579,3579,1.9650000000000025,2.222476539253834,2.4082551308461126
3580,3580,3580,1.9666666666666677,2.222476539253834,2.4082551308461126
3581,3581,3581,1.9683333333333337,2.222476539253834,2.4086366063935296
3582,3582,3582,1.9700000000000015,2.222476539253834,2.4090180819409475
3583,3583,3583,1.9716666666666676,2.222858014801252,2.4086366063935296
3584,3584,3584,1.9733333333333336,2.222476539253834,2.4086366063935296
3585,3585,3585,1.9750000000000005,2.222476539253834,2.4082551308461126
3586,3586,3586,1.9766666666666675,2.222858014801252,2.4086366063935296
3587,3587,3587,1.9783333333333335,2.222476539253834,2.4082551308461126
3588,3588,3588,1.9800000000000004,2.222476539253834,2.4086366063935296
3589,3589,3589,1.9816666666666674,2.222858014801252,2.4086366063935296
3590,3590,3590,1.9833333333333325,2.222858014801252,2.4082551308461126
3591,3591,3591,1.9850000000000003,2.222858014801252,2.4086366063935296
3592,3592,3592,1.9866666666666672,2.222476539253834,2.4090180819409475
3593,3593,3593,1.9883333333333324,2.222476539253834,2.4090180819409475
3594,3594,3594,1.9900000000000002,2.222476539253834,2.4086366063935296
3595,3595,3595,1.9916666666666671,2.222476539253834,2.4090180819409475
3596,3596,3596,1.993333333333334,2.222476539253834,2.4086366063935296
3597,3597,3597,1.995,2.222858014801252,2.4086366063935296
3598,3598,3598,1.996666666666667,2.2232394903486687,2.4086366063935296
3599,3599,3599,1.998333333333334,2.222858014801252,2.4086366063935296
3600,3600,3600,2.0,2.222858014801252,2.4086366063935296
3601,3601,3601,2.001666666666668,2.222476539253834,2.4086366063935296
3602,3602,3602,2.003333333333334,2.222858014801252,2.4086366063935296
3603,3603,3603,2.005000000000001,2.222858014801252,2.4086366063935296
3604,3604,3604,2.0066666666666677,2.222858014801252,2.4090180819409475
3605,3605,3605,2.0083333333333337,2.222858014801252,2.4090180819409475
3606,3606,3606,2.0100000000000025,2.222858014801252,2.4086366063935296
3607,3607,3607,2.0116666666666676,2.222858014801252,2.4090180819409475
3608,3608,3608,2.0133333333333336,2.222858014801252,2.4086366063935296
3609,3609,3609,2.0150000000000015,2.222476539253834,2.4086366063935296
3610,3610,3610,2.0166666666666675,2.2232394903486687,2.4090180819409475
3611,3611,3611,2.0183333333333335,2.222858014801252,2.4086366063935296
3612,3612,3612,2.0200000000000005,2.222858014801252,2.4086366063935296
3613,3613,3613,2.0216666666666674,2.222858014801252,2.4090180819409475
3614,3614,3614,2.0233333333333325,2.222858014801252,2.4086366063935296
3615,3615,3615,2.0250000000000004,2.222858014801252,2.4090180819409475
3616,3616,3616,2.0266666666666673,2.222858014801252,2.4086366063935296
3617,3617,3617,2.0283333333333324,2.222858014801252,2.4090180819409475
3618,3618,3618,2.0300000000000002,2.2232394903486687,2.4090180819409475
3619,3619,3619,2.031666666666667,2.222858014801252,2.4090180819409475
3620,3620,3620,2.033333333333334,2.222858014801252,2.4090180819409475
3621,3621,3621,2.035,2.2232394903486687,2.4090180819409475
3622,3622,3622,2.036666666666667,2.222858014801252,2.4090180819409475
3623,3623,3623,2.038333333333334,2.2232394903486687,2.4090180819409475
3624,3624,3624,2.04,2.2232394903486687,2.4086366063935296
3625,3625,3625,2.041666666666668,2.2232394903486687,2.4086366063935296
3626,3626,3626,2.043333333333334,2.2232394903486687,2.4086366063935296
3627,3627,3627,2.045000000000001,2.2232394903486687,2.4086366063935296
3628,3628,3628,2.0466666666666677,2.222858014801252,2.4090180819409475
3629,3629,3629,2.048333333333334,2.2236209658960857,2.4093995574883653
3630,3630,3630,2.0500000000000025,2.2232394903486687,2.4090180819409475
3631,3631,3631,2.0516666666666676,2.2236209658960857,2.4090180819409475
3632,3632,3632,2.0533333333333337,2.2232394903486687,2.4090180819409475
3633,3633,3633,2.0550000000000015,2.2232394903486687,2.4090180819409475
3634,3634,3634,2.0566666666666684,2.222858014801252,2.4090180819409475
3635,3635,3635,2.0583333333333336,2.222858014801252,2.4086366063935296
3636,3636,3636,2.0600000000000005,2.2232394903486687,2.4090180819409475
3637,3637,3637,2.0616666666666674,2.2232394903486687,2.4093995574883653
3638,3638,3638,2.0633333333333335,2.2232394903486687,2.4090180819409475
3639,3639,3639,2.0650000000000004,2.2232394903486687,2.4093995574883653
3640,3640,3640,2.0666666666666673,2.2232394903486687,2.4093995574883653
3641,3641,3641,2.0683333333333325,2.2232394903486687,2.4093995574883653
3642,3642,3642,2.0700000000000003,2.2232394903486687,2.4093995574883653
3643,3643,3643,2.071666666666667,2.2232394903486687,2.4093995574883653
3644,3644,3644,2.073333333333334,2.2236209658960857,2.4093995574883653
3645,3645,3645,2.075,2.2232394903486687,2.4090180819409475
3646,3646,3646,2.076666666666667,2.222858014801252,2.4093995574883653
3647,3647,3647,2.078333333333334,2.2236209658960857,2.4093995574883653
3648,3648,3648,2.08,2.2236209658960857,2.4090180819409475
3649,3649,3649,2.081666666666668,2.2232394903486687,2.4090180819409475
3650,3650,3650,2.083333333333334,2.2236209658960857,2.4093995574883653
3651,3651,3651,2.085,2.2236209658960857,2.4093995574883653
3652,3652,3652,2.086666666666668,2.2236209658960857,2.4093995574883653
3653,3653,3653,2.088333333333334,2.2232394903486687,2.4093995574883653
3654,3654,3654,2.0900000000000025,2.2232394903486687,2.4093995574883653
3655,3655,3655,2.0916666666666677,2.224002441443504,2.4093995574883653
3656,3656,3656,2.0933333333333337,2.2236209658960857,2.4093995574883653
3657,3657,3657,2.0950000000000015,2.2236209658960857,2.4090180819409475
3658,3658,3658,2.0966666666666676,2.2232394903486687,2.4093995574883653
3659,3659,3659,2.0983333333333336,2.2236209658960857,2.4093995574883653
3660,3660,3660,2.1000000000000005,2.2232394903486687,2.4093995574883653
3661,3661,3661,2.1016666666666675,2.2236209658960857,2.4093995574883653
3662,3662,3662,2.1033333333333335,2.2236209658960857,2.4093995574883653
3663,3663,3663,2.1050000000000004,2.2236209658960857,2.4093995574883653
3664,3664,3664,2.1066666666666674,2.2236209658960857,2.4090180819409475
3665,3665,3665,2.1083333333333325,2.2236209658960857,2.4097810330357823
3666,3666,3666,2.1100000000000003,2.2236209658960857,2.4097810330357823
3667,3667,3667,2.1116666666666672,2.2236209658960857,2.4093995574883653
3668,3668,3668,2.1133333333333324,2.222858014801252,2.4097810330357823
3669,3669,3669,2.115,2.2232394903486687,2.4090180819409475
3670,3670,3670,2.116666666666667,2.2232394903486687,2.4093995574883653
3671,3671,3671,2.118333333333334,2.2236209658960857,2.4093995574883653
3672,3672,3672,2.12,2.2236209658960857,2.4093995574883653
3673,3673,3673,2.121666666666667,2.2236209658960857,2.4093995574883653
3674,3674,3674,2.123333333333334,2.2232394903486687,2.4097810330357823
3675,3675,3675,2.125,2.224002441443504,2.4093995574883653
3676,3676,3676,2.126666666666668,2.224002441443504,2.4101625085832
3677,3677,3677,2.128333333333334,2.224002441443504,2.4097810330357823
3678,3678,3678,2.130000000000001,2.224383916990921,2.4097810330357823
3679,3679,3679,2.1316666666666677,2.224383916990921,2.4097810330357823
3680,3680,3680,2.1333333333333337,2.224383916990921,2.4097810330357823
3681,3681,3681,2.1350000000000025,2.2247653925383384,2.4097810330357823
3682,3682,3682,2.1366666666666676,2.225146868085756,2.4097810330357823
3683,3683,3683,2.1383333333333336,2.225146868085756,2.4093995574883653
3684,3684,3684,2.1400000000000015,2.2247653925383384,2.4097810330357823
3685,3685,3685,2.1416666666666675,2.2247653925383384,2.4097810330357823
3686,3686,3686,2.1433333333333335,2.225146868085756,2.4101625085832
3687,3687,3687,2.1450000000000005,2.2247653925383384,2.4097810330357823
3688,3688,3688,2.1466666666666674,2.2247653925383384,2.4097810330357823
3689,3689,3689,2.1483333333333325,2.225146868085756,2.4097810330357823
3690,3690,3690,2.1500000000000004,2.225528343633173,2.4097810330357823
3691,3691,3691,2.1516666666666673,2.225528343633173,2.4097810330357823
3692,3692,3692,2.1533333333333324,2.225146868085756,2.4093995574883653
3693,3693,3693,2.1550000000000002,2.225528343633173,2.4097810330357823
3694,3694,3694,2.156666666666667,2.225146868085756,2.4101625085832
3695,3695,3695,2.158333333333334,2.225146868085756,2.4097810330357823
3696,3696,3696,2.16,2.225528343633173,2.4097810330357823
3697,3697,3697,2.161666666666667,2.225146868085756,2.4097810330357823
3698,3698,3698,2.163333333333334,2.225146868085756,2.4101625085832
3699,3699,3699,2.165,2.225146868085756,2.4101625085832
3700,3700,3700,2.166666666666668,2.225146868085756,2.4097810330357823
3701,3701,3701,2.168333333333334,2.225146868085756,2.4093995574883653
3702,3702,3702,2.170000000000001,2.225146868085756,2.4093995574883653
3703,3703,3703,2.1716666666666677,2.225528343633173,2.4101625085832
3704,3704,3704,2.173333333333334,2.225146868085756,2.4097810330357823
3705,3705,3705,2.1750000000000025,2.225146868085756,2.4093995574883653
3706,3706,3706,2.1766666666666676,2.225146868085756,2.4101625085832
3707,3707,3707,2.1783333333333337,2.225528343633173,2.4101625085832
3708,3708,3708,2.1800000000000015,2.225528343633173,2.4097810330357823
3709,3709,3709,2.1816666666666684,2.225528343633173,2.4101625085832
3710,3710,3710,2.1833333333333336,2.225146868085756,2.4101625085832
3711,3711,3711,2.1850000000000005,2.225528343633173,2.4101625085832
3712,3712,3712,2.1866666666666674,2.225528343633173,2.4101625085832
3713,3713,3713,2.1883333333333335,2.225528343633173,2.4101625085832
3714,3714,3714,2.1900000000000004,2.225146868085756,2.4097810330357823
3715,3715,3715,2.1916666666666673,2.225146868085756,2.4097810330357823
3716,3716,3716,2.1933333333333325,2.225146868085756,2.4101625085832
3717,3717,3717,2.1950000000000003,2.225528343633173,2.4101625085832
3718,3718,3718,2.196666666666667,2.225528343633173,2.4097810330357823
3719,3719,3719,2.198333333333334,2.225146868085756,2.4097810330357823
3720,3720,3720,2.2,2.225146868085756,2.4097810330357823
3721,3721,3721,2.201666666666667,2.225146868085756,2.4101625085832
3722,3722,3722,2.203333333333334,2.225528343633173,2.4101625085832
3723,3723,3723,2.205,2.225146868085756,2.4101625085832
3724,3724,3724,2.206666666666668,2.225146868085756,2.4101625085832
3725,3725,3725,2.208333333333334,2.225528343633173,2.4101625085832
3726,3726,3726,2.21,2.225146868085756,2.4101625085832
3727,3727,3727,2.211666666666668,2.225146868085756,2.4105439841306167
3728,3728,3728,2.213333333333334,2.225146868085756,2.4101625085832
3729,3729,3729,2.2150000000000025,2.225146868085756,2.4101625085832
3730,3730,3730,2.2166666666666677,2.225146868085756,2.4097810330357823
3731,3731,3731,2.2183333333333337,2.225146868085756,2.4101625085832
3732,3732,3732,2.2200000000000015,2.225528343633173,2.4101625085832
3733,3733,3733,2.2216666666666676,2.225528343633173,2.4101625085832
3734,3734,3734,2.2233333333333336,2.225528343633173,2.4097810330357823
3735,3735,3735,2.2250000000000005,2.225528343633173,2.4101625085832
3736,3736,3736,2.2266666666666675,2.225146868085756,2.4101625085832
3737,3737,3737,2.2283333333333335,2.225146868085756,2.4101625085832
3738,3738,3738,2.2300000000000004,2.225146868085756,2.4101625085832
3739,3739,3739,2.2316666666666674,2.225528343633173,2.4101625085832
3740,3740,3740,2.2333333333333325,2.225146868085756,2.4101625085832
3741,3741,3741,2.2350000000000003,2.225146868085756,2.4101625085832
3742,3742,3742,2.2366666666666672,2.225528343633173,2.4105439841306167
3743,3743,3743,2.238333333333334,2.225146868085756,2.4101625085832
3744,3744,3744,2.24,2.225146868085756,2.4101625085832
3745,3745,3745,2.241666666666667,2.225146868085756,2.4101625085832
3746,3746,3746,2.243333333333334,2.225146868085756,2.4101625085832
3747,3747,3747,2.245,2.225528343633173,2.4101625085832
3748,3748,3748,2.246666666666667,2.225146868085756,2.4101625085832
3749,3749,3749,2.248333333333334,2.225146868085756,2.4105439841306167
3750,3750,3750,2.25,2.225146868085756,2.4101625085832
3751,3751,3751,2.251666666666668,2.225528343633173,2.4101625085832
3752,3752,3752,2.253333333333334,2.225146868085756,2.4105439841306167
3753,3753,3753,2.255000000000001,2.225146868085756,2.4101625085832
3754,3754,3754,2.2566666666666677,2.225146868085756,2.4105439841306167
3755,3755,3755,2.2583333333333337,2.225146868085756,2.4105439841306167
3756,3756,3756,2.2600000000000025,2.225528343633173,2.4101625085832
3757,3757,3757,2.2616666666666676,2.225146868085756,2.4101625085832
3758,3758,3758,2.2633333333333336,2.225146868085756,2.4105439841306167
3759,3759,3759,2.2650000000000015,2.225146868085756,2.4101625085832
3760,3760,3760,2.2666666666666675,2.225146868085756,2.4105439841306167
3761,3761,3761,2.2683333333333335,2.225528343633173,2.4105439841306167
3762,3762,3762,2.2700000000000005,2.225146868085756,2.4105439841306167
3763,3763,3763,2.2716666666666674,2.225146868085756,2.4101625085832
3764,3764,3764,2.2733333333333325,2.225528343633173,2.4105439841306167
3765,3765,3765,2.2750000000000004,2.225146868085756,2.4101625085832
3766,3766,3766,2.2766666666666673,2.225146868085756,2.4105439841306167
3767,3767,3767,2.2783333333333324,2.225528343633173,2.4105439841306167
3768,3768,3768,2.2800000000000002,2.225146868085756,2.4105439841306167
3769,3769,3769,2.281666666666667,2.225528343633173,2.4109254596780345
3770,3770,3770,2.283333333333334,2.225146868085756,2.4105439841306167
3771,3771,3771,2.285,2.225146868085756,2.4101625085832
3772,3772,3772,2.286666666666667,2.225528343633173,2.4105439841306167
3773,3773,3773,2.288333333333334,2.225146868085756,2.4105439841306167
3774,3774,3774,2.29,2.225146868085756,2.4105439841306167
3775,3775,3775,2.291666666666668,2.225146868085756,2.4105439841306167
3776,3776,3776,2.293333333333334,2.225146868085756,2.4101625085832
3777,3777,3777,2.295000000000001,2.225528343633173,2.4109254596780345
3778,3778,3778,2.2966666666666677,2.225146868085756,2.4105439841306167
3779,3779,3779,2.298333333333334,2.225146868085756,2.4105439841306167
3780,3780,3780,2.3000000000000025,2.225146868085756,2.4105439841306167
3781,3781,3781,2.3016666666666676,2.225528343633173,2.4105439841306167
3782,3782,3782,2.3033333333333337,2.225528343633173,2.4105439841306167
3783,3783,3783,2.3050000000000015,2.2247653925383384,2.4105439841306167
3784,3784,3784,2.3066666666666684,2.225528343633173,2.4105439841306167
3785,3785,3785,2.3083333333333336,2.225146868085756,2.4105439841306167
3786,3786,3786,2.3100000000000005,2.225146868085756,2.4105439841306167
3787,3787,3787,2.3116666666666674,2.225146868085756,2.4109254596780345
3788,3788,3788,2.3133333333333335,2.225146868085756,2.4109254596780345
3789,3789,3789,2.3150000000000004,2.225528343633173,2.4105439841306167
3790,3790,3790,2.3166666666666673,2.225528343633173,2.4101625085832
3791,3791,3791,2.3183333333333325,2.225528343633173,2.4105439841306167
3792,3792,3792,2.3200000000000003,2.225146868085756,2.4105439841306167
3793,3793,3793,2.321666666666667,2.225146868085756,2.4105439841306167
3794,3794,3794,2.323333333333334,2.225528343633173,2.4105439841306167
3795,3795,3795,2.325,2.225146868085756,2.4109254596780345
3796,3796,3796,2.326666666666667,2.225146868085756,2.4105439841306167
3797,3797,3797,2.328333333333334,2.225146868085756,2.4105439841306167
3798,3798,3798,2.33,2.225146868085756,2.4109254596780345
3799,3799,3799,2.331666666666668,2.225146868085756,2.4109254596780345
3800,3800,3800,2.333333333333334,2.225528343633173,2.4105439841306167
3801,3801,3801,2.335,2.225146868085756,2.4109254596780345
3802,3802,3802,2.336666666666668,2.225528343633173,2.4105439841306167
3803,3803,3803,2.338333333333334,2.225146868085756,2.4109254596780345
3804,3804,3804,2.3400000000000025,2.225528343633173,2.4109254596780345
3805,3805,3805,2.3416666666666677,2.225146868085756,2.4105439841306167
3806,3806,3806,2.3433333333333337,2.225146868085756,2.4105439841306167
3807,3807,3807,2.3450000000000015,2.225146868085756,2.4109254596780345
3808,3808,3808,2.3466666666666676,2.225146868085756,2.4105439841306167
3809,3809,3809,2.3483333333333336,2.225146868085756,2.4109254596780345
3810,3810,3810,2.3500000000000005,2.225528343633173,2.4105439841306167
3811,3811,3811,2.3516666666666675,2.225146868085756,2.4109254596780345
3812,3812,3812,2.3533333333333335,2.225146868085756,2.4109254596780345
3813,3813,3813,2.3550000000000004,2.225528343633173,2.4109254596780345
3814,3814,3814,2.3566666666666674,2.225528343633173,2.4109254596780345
3815,3815,3815,2.3583333333333325,2.225146868085756,2.4105439841306167
3816,3816,3816,2.3600000000000003,2.225146868085756,2.4109254596780345
3817,3817,3817,2.3616666666666672,2.225146868085756,2.4109254596780345
3818,3818,3818,2.363333333333334,2.225528343633173,2.4109254596780345
3819,3819,3819,2.365,2.2259098191805906,2.4113069352254515
3820,3820,3820,2.366666666666667,2.225146868085756,2.4109254596780345
3821,3821,3821,2.368333333333334,2.225146868085756,2.4109254596780345
3822,3822,3822,2.37,2.225528343633173,2.4109254596780345
3823,3823,3823,2.371666666666667,2.225528343633173,2.4109254596780345
3824,3824,3824,2.373333333333334,2.225528343633173,2.4109254596780345
3825,3825,3825,2.375,2.225146868085756,2.4105439841306167
3826,3826,3826,2.376666666666668,2.225528343633173,2.4105439841306167
3827,3827,3827,2.378333333333334,2.225528343633173,2.4113069352254515
3828,3828,3828,2.380000000000001,2.225146868085756,2.4109254596780345
3829,3829,3829,2.3816666666666677,2.225146868085756,2.4113069352254515
3830,3830,3830,2.3833333333333337,2.225528343633173,2.4109254596780345
3831,3831,3831,2.3850000000000025,2.225528343633173,2.4109254596780345
3832,3832,3832,2.3866666666666676,2.225528343633173,2.4105439841306167
3833,3833,3833,2.3883333333333336,2.225528343633173,2.4109254596780345
3834,3834,3834,2.3900000000000015,2.225528343633173,2.4105439841306167
3835,3835,3835,2.3916666666666675,2.225528343633173,2.4109254596780345
3836,3836,3836,2.3933333333333335,2.225528343633173,2.4105439841306167
3837,3837,3837,2.3950000000000005,2.225528343633173,2.4105439841306167
3838,3838,3838,2.3966666666666674,2.225528343633173,2.4109254596780345
3839,3839,3839,2.3983333333333325,2.225528343633173,2.4109254596780345
3840,3840,3840,2.4000000000000004,2.225528343633173,2.4105439841306167
3841,3841,3841,2.4016666666666673,2.225528343633173,2.4113069352254515
3842,3842,3842,2.4033333333333324,2.225528343633173,2.4109254596780345
3843,3843,3843,2.4050000000000002,2.225146868085756,2.4109254596780345
3844,3844,3844,2.406666666666667,2.225528343633173,2.4109254596780345
3845,3845,3845,2.408333333333334,2.225528343633173,2.4109254596780345
3846,3846,3846,2.41,2.225146868085756,2.4109254596780345
3847,3847,3847,2.411666666666667,2.225528343633173,2.4105439841306167
3848,3848,3848,2.413333333333334,2.2259098191805906,2.4109254596780345
3849,3849,3849,2.415,2.225528343633173,2.4113069352254515
3850,3850,3850,2.416666666666668,2.225528343633173,2.4109254596780345
3851,3851,3851,2.418333333333334,2.225528343633173,2.4109254596780345
3852,3852,3852,2.420000000000001,2.225528343633173,2.4109254596780345
3853,3853,3853,2.4216666666666677,2.225528343633173,2.4109254596780345
3854,3854,3854,2.423333333333334,2.225528343633173,2.4109254596780345
3855,3855,3855,2.4250000000000025,2.225528343633173,2.4109254596780345
3856,3856,3856,2.4266666666666676,2.225528343633173,2.4109254596780345
3857,3857,3857,2.4283333333333337,2.225528343633173,2.4113069352254515
3858,3858,3858,2.4300000000000015,2.225528343633173,2.4109254596780345
3859,3859,3859,2.4316666666666684,2.225528343633173,2.4109254596780345
3860,3860,3860,2.4333333333333336,2.225528343633173,2.4113069352254515
3861,3861,3861,2.4350000000000005,2.2259098191805906,2.4113069352254515
3862,3862,3862,2.4366666666666674,2.225528343633173,2.4113069352254515
3863,3863,3863,2.4383333333333335,2.225528343633173,2.4109254596780345
3864,3864,3864,2.4400000000000004,2.2259098191805906,2.4113069352254515
3865,3865,3865,2.4416666666666673,2.225528343633173,2.4109254596780345
3866,3866,3866,2.4433333333333325,2.225528343633173,2.4109254596780345
3867,3867,3867,2.4450000000000003,2.225528343633173,2.4109254596780345
3868,3868,3868,2.446666666666667,2.225528343633173,2.4116884107728693
3869,3869,3869,2.448333333333334,2.225146868085756,2.4109254596780345
3870,3870,3870,2.45,2.225528343633173,2.4109254596780345
3871,3871,3871,2.451666666666667,2.225528343633173,2.4109254596780345
3872,3872,3872,2.453333333333334,2.225146868085756,2.4109254596780345
3873,3873,3873,2.455,2.225528343633173,2.4109254596780345
3874,3874,3874,2.456666666666668,2.225528343633173,2.4109254596780345
3875,3875,3875,2.458333333333334,2.225528343633173,2.4109254596780345
3876,3876,3876,2.460000000000001,2.2259098191805906,2.4109254596780345
3877,3877,3877,2.461666666666668,2.2259098191805906,2.4113069352254515
3878,3878,3878,2.463333333333334,2.225528343633173,2.4113069352254515
3879,3879,3879,2.4650000000000025,2.2259098191805906,2.4109254596780345
3880,3880,3880,2.4666666666666677,2.225528343633173,2.4109254596780345
3881,3881,3881,2.4683333333333337,2.2259098191805906,2.4109254596780345
3882,3882,3882,2.4700000000000015,2.225528343633173,2.4109254596780345
3883,3883,3883,2.4716666666666676,2.226291294728008,2.4109254596780345
3884,3884,3884,2.4733333333333336,2.225528343633173,2.4109254596780345
3885,3885,3885,2.4750000000000005,2.225528343633173,2.4113069352254515
3886,3886,3886,2.4766666666666675,2.225528343633173,2.4109254596780345
3887,3887,3887,2.4783333333333335,2.225528343633173,2.4109254596780345
3888,3888,3888,2.4800000000000004,2.2259098191805906,2.4113069352254515
3889,3889,3889,2.4816666666666674,2.2259098191805906,2.4109254596780345
3890,3890,3890,2.4833333333333325,2.2259098191805906,2.4113069352254515
3891,3891,3891,2.4850000000000003,2.2259098191805906,2.4109254596780345
3892,3892,3892,2.4866666666666672,2.2259098191805906,2.4113069352254515
3893,3893,3893,2.488333333333334,2.2259098191805906,2.4113069352254515
3894,3894,3894,2.49,2.226291294728008,2.4113069352254515
3895,3895,3895,2.491666666666667,2.2259098191805906,2.4113069352254515
3896,3896,3896,2.493333333333334,2.2259098191805906,2.4113069352254515
3897,3897,3897,2.495,2.226291294728008,2.4109254596780345
3898,3898,3898,2.496666666666667,2.2259098191805906,2.4113069352254515
3899,3899,3899,2.498333333333334,2.2259098191805906,2.4113069352254515
3900,3900,3900,2.5,2.225146868085756,2.4109254596780345
3901,3901,3901,2.501666666666668,2.2259098191805906,2.4113069352254515
3902,3902,3902,2.503333333333334,2.2259098191805906,2.4113069352254515
3903,3903,3903,2.505000000000001,2.2259098191805906,2.4113069352254515
3904,3904,3904,2.5066666666666677,2.2259098191805906,2.4113069352254515
3905,3905,3905,2.5083333333333337,2.2259098191805906,2.4109254596780345
3906,3906,3906,2.5100000000000025,2.225528343633173,2.4113069352254515
3907,3907,3907,2.5116666666666676,2.2259098191805906,2.4116884107728693
3908,3908,3908,2.5133333333333336,2.2259098191805906,2.4113069352254515
3909,3909,3909,2.5150000000000015,2.225528343633173,2.4109254596780345
3910,3910,3910,2.5166666666666675,2.2259098191805906,2.4113069352254515
3911,3911,3911,2.5183333333333335,2.2259098191805906,2.4113069352254515
3912,3912,3912,2.5200000000000005,2.2259098191805906,2.4113069352254515
3913,3913,3913,2.5216666666666674,2.2259098191805906,2.4113069352254515
3914,3914,3914,2.5233333333333325,2.2259098191805906,2.4109254596780345
3915,3915,3915,2.5250000000000004,2.226291294728008,2.4116884107728693
3916,3916,3916,2.5266666666666673,2.2259098191805906,2.4113069352254515
3917,3917,3917,2.5283333333333324,2.2259098191805906,2.4113069352254515
3918,3918,3918,2.5300000000000002,2.2259098191805906,2.4113069352254515
3919,3919,3919,2.531666666666667,2.2259098191805906,2.4113069352254515
3920,3920,3920,2.533333333333334,2.2259098191805906,2.4113069352254515
3921,3921,3921,2.535,2.2259098191805906,2.4116884107728693
3922,3922,3922,2.536666666666667,2.2259098191805906,2.4113069352254515
3923,3923,3923,2.538333333333334,2.2259098191805906,2.4113069352254515
3924,3924,3924,2.54,2.226291294728008,2.4109254596780345
3925,3925,3925,2.541666666666668,2.226291294728008,2.4113069352254515
3926,3926,3926,2.543333333333334,2.2259098191805906,2.4113069352254515
3927,3927,3927,2.545000000000001,2.2259098191805906,2.4113069352254515
3928,3928,3928,2.5466666666666677,2.2259098191805906,2.4113069352254515
3929,3929,3929,2.548333333333334,2.226291294728008,2.4113069352254515
3930,3930,3930,2.5500000000000025,2.226291294728008,2.4116884107728693
3931,3931,3931,2.5516666666666676,2.2259098191805906,2.4116884107728693
3932,3932,3932,2.5533333333333337,2.226291294728008,2.4113069352254515
3933,3933,3933,2.5550000000000015,2.2259098191805906,2.4113069352254515
3934,3934,3934,2.5566666666666675,2.2259098191805906,2.4113069352254515
3935,3935,3935,2.5583333333333336,2.2259098191805906,2.4109254596780345
3936,3936,3936,2.5600000000000005,2.2259098191805906,2.4113069352254515
3937,3937,3937,2.5616666666666674,2.226291294728008,2.4113069352254515
3938,3938,3938,2.5633333333333335,2.226291294728008,2.4113069352254515
3939,3939,3939,2.5650000000000004,2.226291294728008,2.4113069352254515
3940,3940,3940,2.5666666666666673,2.226291294728008,2.4113069352254515
3941,3941,3941,2.5683333333333325,2.2259098191805906,2.4113069352254515
3942,3942,3942,2.5700000000000003,2.2259098191805906,2.4116884107728693
3943,3943,3943,2.571666666666667,2.226291294728008,2.4113069352254515
3944,3944,3944,2.573333333333334,2.2259098191805906,2.4116884107728693
3945,3945,3945,2.575,2.226291294728008,2.4113069352254515
3946,3946,3946,2.576666666666667,2.226291294728008,2.4116884107728693
3947,3947,3947,2.578333333333334,2.226291294728008,2.4113069352254515
3948,3948,3948,2.58,2.226291294728008,2.4116884107728693
3949,3949,3949,2.581666666666668,2.226291294728008,2.4116884107728693
3950,3950,3950,2.583333333333334,2.2259098191805906,2.4116884107728693
3951,3951,3951,2.585000000000001,2.226291294728008,2.4113069352254515
3952,3952,3952,2.586666666666668,2.2259098191805906,2.4116884107728693
3953,3953,3953,2.588333333333334,2.2259098191805906,2.4116884107728693
3954,3954,3954,2.5900000000000025,2.226291294728008,2.4116884107728693
3955,3955,3955,2.5916666666666677,2.2259098191805906,2.4113069352254515
3956,3956,3956,2.5933333333333337,2.226291294728008,2.4113069352254515
3957,3957,3957,2.5950000000000015,2.226291294728008,2.4113069352254515
3958,3958,3958,2.5966666666666676,2.2259098191805906,2.4113069352254515
3959,3959,3959,2.5983333333333336,2.226291294728008,2.4116884107728693
3960,3960,3960,2.6000000000000005,2.226291294728008,2.4113069352254515
3961,3961,3961,2.6016666666666675,2.226291294728008,2.4116884107728693
3962,3962,3962,2.6033333333333335,2.226291294728008,2.4116884107728693
3963,3963,3963,2.6050000000000004,2.226291294728008,2.4116884107728693
3964,3964,3964,2.6066666666666674,2.2266727702754245,2.4116884107728693
3965,3965,3965,2.6083333333333325,2.226291294728008,2.4116884107728693
3966,3966,3966,2.6100000000000003,2.226291294728008,2.4113069352254515
3967,3967,3967,2.6116666666666672,2.226291294728008,2.4116884107728693
3968,3968,3968,2.613333333333334,2.2266727702754245,2.4116884107728693
3969,3969,3969,2.615,2.226291294728008,2.4113069352254515
3970,3970,3970,2.616666666666667,2.226291294728008,2.4113069352254515
3971,3971,3971,2.618333333333334,2.226291294728008,2.4113069352254515
3972,3972,3972,2.62,2.226291294728008,2.4116884107728693
3973,3973,3973,2.621666666666667,2.2266727702754245,2.4113069352254515
3974,3974,3974,2.623333333333334,2.2266727702754245,2.4116884107728693
3975,3975,3975,2.625,2.226291294728008,2.4116884107728693
3976,3976,3976,2.626666666666668,2.2266727702754245,2.4113069352254515
3977,3977,3977,2.628333333333334,2.2266727702754245,2.4116884107728693
3978,3978,3978,2.630000000000001,2.226291294728008,2.4116884107728693
3979,3979,3979,2.6316666666666677,2.226291294728008,2.4116884107728693
3980,3980,3980,2.6333333333333337,2.2266727702754245,2.4113069352254515
3981,3981,3981,2.6350000000000025,2.226291294728008,2.4113069352254515
3982,3982,3982,2.6366666666666676,2.226291294728008,2.4113069352254515
3983,3983,3983,2.6383333333333336,2.2266727702754245,2.4113069352254515
3984,3984,3984,2.6400000000000015,2.2266727702754245,2.4113069352254515
3985,3985,3985,2.6416666666666675,2.2266727702754245,2.4116884107728693
3986,3986,3986,2.6433333333333335,2.2266727702754245,2.4116884107728693
3987,3987,3987,2.6450000000000005,2.226291294728008,2.4113069352254515
3988,3988,3988,2.6466666666666674,2.226291294728008,2.4116884107728693
3989,3989,3989,2.6483333333333325,2.226291294728008,2.4120698863202867
3990,3990,3990,2.6500000000000004,2.2266727702754245,2.4109254596780345
3991,3991,3991,2.6516666666666673,2.2270542458228437,2.4116884107728693
3992,3992,3992,2.6533333333333324,2.2266727702754245,2.4116884107728693
3993,3993,3993,2.6550000000000002,2.2266727702754245,2.4120698863202867
3994,3994,3994,2.656666666666667,2.226291294728008,2.4113069352254515
3995,3995,3995,2.658333333333334,2.2266727702754245,2.4116884107728693
3996,3996,3996,2.66,2.226291294728008,2.4113069352254515
3997,3997,3997,2.661666666666667,2.226291294728008,2.4113069352254515
3998,3998,3998,2.663333333333334,2.226291294728008,2.4116884107728693
3999,3999,3999,2.665,2.2266727702754245,2.4116884107728693
4000,4000,4000,2.666666666666668,2.226291294728008,2.4113069352254515
4001,4001,4001,2.668333333333334,2.2266727702754245,2.4116884107728693
4002,4002,4002,2.670000000000001,2.2270542458228437,2.4116884107728693
4003,4003,4003,2.6716666666666677,2.2266727702754245,2.4116884107728693
4004,4004,4004,2.673333333333334,2.226291294728008,2.4116884107728693
4005,4005,4005,2.6750000000000025,2.2266727702754245,2.4116884107728693
4006,4006,4006,2.6766666666666676,2.2266727702754245,2.4116884107728693
4007,4007,4007,2.6783333333333337,2.2266727702754245,2.4116884107728693
4008,4008,4008,2.6800000000000015,2.2266727702754245,2.4113069352254515
4009,4009,4009,2.6816666666666675,2.2266727702754245,2.4113069352254515
4010,4010,4010,2.6833333333333336,2.2266727702754245,2.4116884107728693
4011,4011,4011,2.6850000000000005,2.2270542458228437,2.4120698863202867
4012,4012,4012,2.6866666666666674,2.2266727702754245,2.4113069352254515
4013,4013,4013,2.6883333333333335,2.226291294728008,2.4116884107728693
4014,4014,4014,2.6900000000000004,2.226291294728008,2.4116884107728693
4015,4015,4015,2.6916666666666673,2.226291294728008,2.4113069352254515
4016,4016,4016,2.6933333333333325,2.2270542458228437,2.4116884107728693
4017,4017,4017,2.6950000000000003,2.2266727702754245,2.4120698863202867
4018,4018,4018,2.696666666666667,2.2266727702754245,2.4120698863202867
4019,4019,4019,2.698333333333334,2.2266727702754245,2.4116884107728693
4020,4020,4020,2.7,2.2266727702754245,2.4116884107728693
4021,4021,4021,2.701666666666667,2.2266727702754245,2.4116884107728693
4022,4022,4022,2.703333333333334,2.2266727702754245,2.4116884107728693
4023,4023,4023,2.705,2.2266727702754245,2.4113069352254515
4024,4024,4024,2.706666666666668,2.2266727702754245,2.4120698863202867
4025,4025,4025,2.708333333333334,2.226291294728008,2.4116884107728693
4026,4026,4026,2.710000000000001,2.2270542458228437,2.4116884107728693
4027,4027,4027,2.711666666666668,2.2266727702754245,2.4116884107728693
4028,4028,4028,2.713333333333334,2.2266727702754245,2.4116884107728693
4029,4029,4029,2.7150000000000025,2.2266727702754245,2.4120698863202867
4030,4030,4030,2.7166666666666677,2.2266727702754245,2.4116884107728693
4031,4031,4031,2.7183333333333337,2.2266727702754245,2.4116884107728693
4032,4032,4032,2.7200000000000015,2.2266727702754245,2.4120698863202867
4033,4033,4033,2.7216666666666676,2.2266727702754245,2.4116884107728693
4034,4034,4034,2.7233333333333336,2.2266727702754245,2.4113069352254515
4035,4035,4035,2.7250000000000005,2.2266727702754245,2.4116884107728693
4036,4036,4036,2.7266666666666675,2.2270542458228437,2.4116884107728693
4037,4037,4037,2.7283333333333335,2.2266727702754245,2.4113069352254515
4038,4038,4038,2.7300000000000004,2.2266727702754245,2.4116884107728693
4039,4039,4039,2.7316666666666674,2.2270542458228437,2.4116884107728693
4040,4040,4040,2.7333333333333325,2.2266727702754245,2.4116884107728693
4041,4041,4041,2.7350000000000003,2.2266727702754245,2.4116884107728693
4042,4042,4042,2.7366666666666672,2.226291294728008,2.4116884107728693
4043,4043,4043,2.738333333333334,2.2266727702754245,2.4120698863202867
4044,4044,4044,2.74,2.2266727702754245,2.4120698863202867
4045,4045,4045,2.741666666666667,2.226291294728008,2.4116884107728693
4046,4046,4046,2.743333333333334,2.2270542458228437,2.4113069352254515
4047,4047,4047,2.745,2.2266727702754245,2.4120698863202867
4048,4048,4048,2.746666666666667,2.2266727702754245,2.4116884107728693
4049,4049,4049,2.748333333333334,2.2266727702754245,2.4116884107728693
4050,4050,4050,2.75,2.2266727702754245,2.4120698863202867
4051,4051,4051,2.751666666666668,2.2266727702754245,2.4116884107728693
4052,4052,4052,2.753333333333334,2.2270542458228437,2.4116884107728693
4053,4053,4053,2.755000000000001,2.2266727702754245,2.4120698863202867
4054,4054,4054,2.7566666666666677,2.2266727702754245,2.4116884107728693
4055,4055,4055,2.7583333333333337,2.2266727702754245,2.4120698863202867
4056,4056,4056,2.7600000000000025,2.2266727702754245,2.4120698863202867
4057,4057,4057,2.7616666666666676,2.2266727702754245,2.4120698863202867
4058,4058,4058,2.7633333333333336,2.2270542458228437,2.4116884107728693
4059,4059,4059,2.7650000000000015,2.2270542458228437,2.4116884107728693
4060,4060,4060,2.7666666666666675,2.226291294728008,2.4116884107728693
4061,4061,4061,2.7683333333333335,2.2266727702754245,2.4116884107728693
4062,4062,4062,2.7700000000000005,2.2266727702754245,2.4116884107728693
4063,4063,4063,2.7716666666666674,2.2266727702754245,2.4120698863202867
4064,4064,4064,2.7733333333333325,2.2266727702754245,2.4120698863202867
4065,4065,4065,2.7750000000000004,2.2270542458228437,2.4116884107728693
4066,4066,4066,2.7766666666666673,2.2266727702754245,2.4116884107728693
4067,4067,4067,2.7783333333333324,2.2266727702754245,2.4120698863202867
4068,4068,4068,2.7800000000000002,2.2266727702754245,2.4120698863202867
4069,4069,4069,2.781666666666667,2.226291294728008,2.4116884107728693
4070,4070,4070,2.783333333333334,2.2266727702754245,2.4113069352254515
4071,4071,4071,2.785,2.2270542458228437,2.4120698863202867
4072,4072,4072,2.786666666666667,2.2270542458228437,2.4116884107728693
4073,4073,4073,2.788333333333334,2.226291294728008,2.4116884107728693
4074,4074,4074,2.79,2.2266727702754245,2.4120698863202867
4075,4075,4075,2.791666666666668,2.2266727702754245,2.4120698863202867
4076,4076,4076,2.793333333333334,2.2266727702754245,2.4113069352254515
4077,4077,4077,2.795000000000001,2.2266727702754245,2.4116884107728693
4078,4078,4078,2.7966666666666677,2.226291294728008,2.4116884107728693
4079,4079,4079,2.798333333333334,2.2266727702754245,2.4116884107728693
4080,4080,4080,2.8000000000000025,2.2266727702754245,2.4120698863202867
4081,4081,4081,2.8016666666666676,2.2266727702754245,2.4120698863202867
4082,4082,4082,2.8033333333333337,2.2270542458228437,2.4116884107728693
4083,4083,4083,2.8050000000000015,2.2266727702754245,2.4113069352254515
4084,4084,4084,2.8066666666666675,2.2266727702754245,2.4120698863202867
4085,4085,4085,2.8083333333333336,2.2266727702754245,2.4116884107728693
4086,4086,4086,2.8100000000000005,2.2270542458228437,2.4120698863202867
4087,4087,4087,2.8116666666666674,2.2266727702754245,2.4116884107728693
4088,4088,4088,2.8133333333333335,2.2270542458228437,2.4116884107728693
4089,4089,4089,2.8150000000000004,2.2266727702754245,2.4116884107728693
4090,4090,4090,2.8166666666666673,2.2266727702754245,2.4116884107728693
4091,4091,4091,2.8183333333333325,2.2266727702754245,2.4120698863202867
4092,4092,4092,2.8200000000000003,2.2266727702754245,2.4120698863202867
4093,4093,4093,2.821666666666667,2.2266727702754245,2.4116884107728693
4094,4094,4094,2.823333333333334,2.2270542458228437,2.4113069352254515
4095,4095,4095,2.825,2.2266727702754245,2.4116884107728693
4096,4096,4096,2.826666666666667,2.2266727702754245,2.4120698863202867
4097,4097,4097,2.828333333333334,2.2266727702754245,2.4116884107728693
4098,4098,4098,2.83,2.2266727702754245,2.4116884107728693
4099,4099,4099,2.831666666666668,2.2270542458228437,2.4116884107728693
4100,4100,4100,2.833333333333334,2.2270542458228437,2.4116884107728693
4101,4101,4101,2.835000000000001,2.2266727702754245,2.4120698863202867
4102,4102,4102,2.836666666666668,2.2270542458228437,2.4120698863202867
4103,4103,4103,2.838333333333334,2.2266727702754245,2.4120698863202867
4104,4104,4104,2.8400000000000025,2.2266727702754245,2.4116884107728693
4105,4105,4105,2.8416666666666677,2.226291294728008,2.4116884107728693
4106,4106,4106,2.8433333333333337,2.2266727702754245,2.4120698863202867
4107,4107,4107,2.8450000000000015,2.2266727702754245,2.4116884107728693
4108,4108,4108,2.8466666666666676,2.2266727702754245,2.4116884107728693
4109,4109,4109,2.8483333333333336,2.2266727702754245,2.4116884107728693
4110,4110,4110,2.8500000000000005,2.2266727702754245,2.4120698863202867
4111,4111,4111,2.8516666666666675,2.2270542458228437,2.4116884107728693
4112,4112,4112,2.8533333333333335,2.2266727702754245,2.4120698863202867
4113,4113,4113,2.8550000000000004,2.2266727702754245,2.4116884107728693
4114,4114,4114,2.8566666666666674,2.2266727702754245,2.4116884107728693
4115,4115,4115,2.8583333333333325,2.2270542458228437,2.4113069352254515
4116,4116,4116,2.8600000000000003,2.2270542458228437,2.4120698863202867
4117,4117,4117,2.8616666666666672,2.2266727702754245,2.4120698863202867
4118,4118,4118,2.863333333333334,2.2270542458228437,2.4120698863202867
4119,4119,4119,2.865,2.2266727702754245,2.4116884107728693
4120,4120,4120,2.866666666666667,2.2266727702754245,2.4116884107728693
4121,4121,4121,2.868333333333334,2.2266727702754245,2.4116884107728693
4122,4122,4122,2.87,2.2266727702754245,2.4120698863202867
4123,4123,4123,2.871666666666667,2.2270542458228437,2.4116884107728693
4124,4124,4124,2.873333333333334,2.2266727702754245,2.4120698863202867
4125,4125,4125,2.875,2.2266727702754245,2.4116884107728693
4126,4126,4126,2.876666666666668,2.2266727702754245,2.4116884107728693
4127,4127,4127,2.878333333333334,2.2266727702754245,2.4120698863202867
4128,4128,4128,2.880000000000001,2.22743572137026,2.4116884107728693
4129,4129,4129,2.8816666666666677,2.2266727702754245,2.4116884107728693
4130,4130,4130,2.8833333333333337,2.2270542458228437,2.4113069352254515
4131,4131,4131,2.8850000000000025,2.2266727702754245,2.4120698863202867
4132,4132,4132,2.8866666666666676,2.2270542458228437,2.4120698863202867
4133,4133,4133,2.8883333333333336,2.2270542458228437,2.4116884107728693
4134,4134,4134,2.8900000000000015,2.2266727702754245,2.4120698863202867
4135,4135,4135,2.8916666666666675,2.2266727702754245,2.4116884107728693
4136,4136,4136,2.8933333333333335,2.2270542458228437,2.4120698863202867
4137,4137,4137,2.8950000000000005,2.2266727702754245,2.4120698863202867
4138,4138,4138,2.8966666666666674,2.2270542458228437,2.4113069352254515
4139,4139,4139,2.8983333333333325,2.2270542458228437,2.4120698863202867
4140,4140,4140,2.9000000000000004,2.2266727702754245,2.4116884107728693
4141,4141,4141,2.9016666666666673,2.2266727702754245,2.4120698863202867
4142,4142,4142,2.9033333333333324,2.226291294728008,2.4120698863202867
4143,4143,4143,2.9050000000000002,2.2270542458228437,2.4116884107728693
4144,4144,4144,2.906666666666667,2.2266727702754245,2.4120698863202867
4145,4145,4145,2.908333333333334,2.2270542458228437,2.4116884107728693
4146,4146,4146,2.91,2.2266727702754245,2.4120698863202867
4147,4147,4147,2.911666666666667,2.2266727702754245,2.4116884107728693
4148,4148,4148,2.913333333333334,2.2266727702754245,2.4120698863202867
4149,4149,4149,2.915,2.2266727702754245,2.4116884107728693
4150,4150,4150,2.916666666666668,2.2266727702754245,2.4113069352254515
4151,4151,4151,2.918333333333334,2.226291294728008,2.4120698863202867
4152,4152,4152,2.920000000000001,2.226291294728008,2.4120698863202867
4153,4153,4153,2.9216666666666677,2.2266727702754245,2.4116884107728693
4154,4154,4154,2.923333333333334,2.2266727702754245,2.4116884107728693
4155,4155,4155,2.9250000000000025,2.2266727702754245,2.4116884107728693
4156,4156,4156,2.9266666666666676,2.2266727702754245,2.4116884107728693
4157,4157,4157,2.9283333333333337,2.2266727702754245,2.4116884107728693
4158,4158,4158,2.9300000000000015,2.2266727702754245,2.4120698863202867
4159,4159,4159,2.9316666666666675,2.2266727702754245,2.4116884107728693
4160,4160,4160,2.9333333333333336,2.2266727702754245,2.4113069352254515
4161,4161,4161,2.9350000000000005,2.2266727702754245,2.4120698863202867
4162,4162,4162,2.9366666666666674,2.226291294728008,2.4120698863202867
4163,4163,4163,2.9383333333333335,2.2266727702754245,2.4116884107728693
4164,4164,4164,2.9400000000000004,2.226291294728008,2.4116884107728693
4165,4165,4165,2.9416666666666673,2.226291294728008,2.4120698863202867
4166,4166,4166,2.9433333333333325,2.2266727702754245,2.4116884107728693
4167,4167,4167,2.9450000000000003,2.226291294728008,2.4120698863202867
4168,4168,4168,2.946666666666667,2.2266727702754245,2.4116884107728693
4169,4169,4169,2.948333333333334,2.2266727702754245,2.4116884107728693
4170,4170,4170,2.95,2.226291294728008,2.4120698863202867
4171,4171,4171,2.951666666666667,2.2266727702754245,2.4116884107728693
4172,4172,4172,2.953333333333334,2.2266727702754245,2.4120698863202867
4173,4173,4173,2.955,2.226291294728008,2.4120698863202867
4174,4174,4174,2.956666666666668,2.2266727702754245,2.4116884107728693
4175,4175,4175,2.958333333333334,2.2266727702754245,2.4116884107728693
4176,4176,4176,2.960000000000001,2.226291294728008,2.4113069352254515
4177,4177,4177,2.961666666666668,2.2270542458228437,2.4116884107728693
4178,4178,4178,2.963333333333334,2.226291294728008,2.4113069352254515
4179,4179,4179,2.9650000000000025,2.226291294728008,2.4116884107728693
4180,4180,4180,2.9666666666666677,2.2266727702754245,2.4116884107728693
4181,4181,4181,2.9683333333333337,2.2266727702754245,2.4116884107728693
4182,4182,4182,2.9700000000000015,2.226291294728008,2.4113069352254515
4183,4183,4183,2.9716666666666676,2.2266727702754245,2.4120698863202867
4184,4184,4184,2.9733333333333336,2.2266727702754245,2.4116884107728693
4185,4185,4185,2.9750000000000005,2.226291294728008,2.4120698863202867
4186,4186,4186,2.9766666666666675,2.226291294728008,2.4120698863202867
4187,4187,4187,2.9783333333333335,2.226291294728008,2.4116884107728693
4188,4188,4188,2.9800000000000004,2.2266727702754245,2.4116884107728693
4189,4189,4189,2.9816666666666674,2.2270542458228437,2.4116884107728693
4190,4190,4190,2.9833333333333325,2.2266727702754245,2.4109254596780345
4191,4191,4191,2.9850000000000003,2.226291294728008,2.4116884107728693
4192,4192,4192,2.9866666666666672,2.2270542458228437,2.4116884107728693
4193,4193,4193,2.988333333333334,2.2266727702754245,2.4116884107728693
4194,4194,4194,2.99,2.2266727702754245,2.4116884107728693
4195,4195,4195,2.991666666666667,2.2266727702754245,2.4116884107728693
4196,4196,4196,2.993333333333334,2.2266727702754245,2.4109254596780345
4197,4197,4197,2.995,2.2266727702754245,2.4116884107728693
4198,4198,4198,2.996666666666667,2.2266727702754245,2.4116884107728693
4199,4199,4199,2.998333333333334,2.2266727702754245,2.4116884107728693
4200,4200,4200,3.000000000000001,2.226291294728008,2.4116884107728693
4201,4201,4201,3.001666666666668,2.2266727702754245,2.4116884107728693
4202,4202,4202,3.003333333333334,2.2266727702754245,2.4120698863202867
4203,4203,4203,3.005000000000001,2.2266727702754245,2.4116884107728693
4204,4204,4204,3.0066666666666677,2.2266727702754245,2.4116884107728693
4205,4205,4205,3.0083333333333337,2.226291294728008,2.4116884107728693
4206,4206,4206,3.0100000000000025,2.226291294728008,2.4116884107728693
4207,4207,4207,3.0116666666666676,2.226291294728008,2.4116884107728693
4208,4208,4208,3.0133333333333336,2.226291294728008,2.4120698863202867
4209,4209,4209,3.0150000000000015,2.226291294728008,2.4116884107728693
4210,4210,4210,3.0166666666666675,2.226291294728008,2.4116884107728693
4211,4211,4211,3.0183333333333335,2.2266727702754245,2.4116884107728693
4212,4212,4212,3.0200000000000005,2.226291294728008,2.4116884107728693
4213,4213,4213,3.0216666666666674,2.2266727702754245,2.4116884107728693
4214,4214,4214,3.0233333333333325,2.2266727702754245,2.4116884107728693
4215,4215,4215,3.0250000000000004,2.226291294728008,2.4113069352254515
4216,4216,4216,3.0266666666666673,2.2266727702754245,2.4113069352254515
4217,4217,4217,3.0283333333333324,2.2266727702754245,2.4116884107728693
4218,4218,4218,3.0300000000000002,2.2266727702754245,2.4116884107728693
4219,4219,4219,3.031666666666667,2.2266727702754245,2.4109254596780345
4220,4220,4220,3.033333333333334,2.226291294728008,2.4116884107728693
4221,4221,4221,3.035,2.226291294728008,2.4120698863202867
4222,4222,4222,3.036666666666667,2.226291294728008,2.4113069352254515
4223,4223,4223,3.038333333333334,2.2270542458228437,2.4113069352254515
4224,4224,4224,3.04,2.2266727702754245,2.4113069352254515
4225,4225,4225,3.041666666666668,2.226291294728008,2.4113069352254515
4226,4226,4226,3.043333333333334,2.2266727702754245,2.4116884107728693
4227,4227,4227,3.045000000000001,2.2266727702754245,2.4116884107728693
4228,4228,4228,3.0466666666666677,2.2266727702754245,2.4116884107728693
4229,4229,4229,3.048333333333334,2.226291294728008,2.4116884107728693
4230,4230,4230,3.0500000000000025,2.226291294728008,2.4116884107728693
4231,4231,4231,3.0516666666666676,2.226291294728008,2.4113069352254515
4232,4232,4232,3.0533333333333337,2.2266727702754245,2.4113069352254515
4233,4233,4233,3.0550000000000015,2.226291294728008,2.4120698863202867
4234,4234,4234,3.0566666666666675,2.226291294728008,2.4116884107728693
4235,4235,4235,3.0583333333333336,2.226291294728008,2.4113069352254515
4236,4236,4236,3.0600000000000005,2.226291294728008,2.4113069352254515
4237,4237,4237,3.0616666666666674,2.226291294728008,2.4113069352254515
4238,4238,4238,3.0633333333333335,2.226291294728008,2.4116884107728693
4239,4239,4239,3.0650000000000004,2.226291294728008,2.4113069352254515
4240,4240,4240,3.0666666666666673,2.226291294728008,2.4113069352254515
4241,4241,4241,3.0683333333333325,2.226291294728008,2.4116884107728693
4242,4242,4242,3.0700000000000003,2.2266727702754245,2.4113069352254515
4243,4243,4243,3.071666666666667,2.2266727702754245,2.4113069352254515
4244,4244,4244,3.073333333333334,2.226291294728008,2.4113069352254515
4245,4245,4245,3.075,2.226291294728008,2.4113069352254515
4246,4246,4246,3.076666666666667,2.2266727702754245,2.4120698863202867
4247,4247,4247,3.078333333333334,2.2266727702754245,2.4113069352254515
4248,4248,4248,3.08,2.226291294728008,2.4113069352254515
4249,4249,4249,3.081666666666668,2.226291294728008,2.4113069352254515
4250,4250,4250,3.083333333333334,2.2259098191805906,2.4116884107728693
4251,4251,4251,3.085000000000001,2.2259098191805906,2.4113069352254515
4252,4252,4252,3.086666666666668,2.2266727702754245,2.4116884107728693
4253,4253,4253,3.088333333333334,2.2266727702754245,2.4113069352254515
4254,4254,4254,3.0900000000000025,2.2259098191805906,2.4113069352254515
4255,4255,4255,3.0916666666666677,2.2259098191805906,2.4109254596780345
4256,4256,4256,3.0933333333333337,2.226291294728008,2.4116884107728693
4257,4257,4257,3.0950000000000015,2.2266727702754245,2.4116884107728693
4258,4258,4258,3.0966666666666676,2.226291294728008,2.4113069352254515
4259,4259,4259,3.0983333333333336,2.226291294728008,2.4116884107728693
4260,4260,4260,3.1000000000000005,2.2259098191805906,2.4113069352254515
4261,4261,4261,3.1016666666666675,2.2259098191805906,2.4116884107728693
4262,4262,4262,3.1033333333333335,2.2259098191805906,2.4113069352254515
4263,4263,4263,3.1050000000000004,2.2259098191805906,2.4116884107728693
4264,4264,4264,3.1066666666666674,2.226291294728008,2.4113069352254515
4265,4265,4265,3.1083333333333325,2.226291294728008,2.4113069352254515
4266,4266,4266,3.1100000000000003,2.226291294728008,2.4113069352254515
4267,4267,4267,3.1116666666666672,2.226291294728008,2.4113069352254515
4268,4268,4268,3.113333333333334,2.226291294728008,2.4113069352254515
4269,4269,4269,3.115,2.2259098191805906,2.4113069352254515
4270,4270,4270,3.116666666666667,2.226291294728008,2.4113069352254515
4271,4271,4271,3.118333333333334,2.2266727702754245,2.4113069352254515
4272,4272,4272,3.12,2.2259098191805906,2.4113069352254515
4273,4273,4273,3.121666666666667,2.226291294728008,2.4113069352254515
4274,4274,4274,3.123333333333334,2.226291294728008,2.4113069352254515
4275,4275,4275,3.125000000000001,2.2259098191805906,2.4109254596780345
4276,4276,4276,3.126666666666668,2.226291294728008,2.4113069352254515
4277,4277,4277,3.128333333333334,2.226291294728008,2.4109254596780345
4278,4278,4278,3.130000000000001,2.226291294728008,2.4113069352254515
4279,4279,4279,3.1316666666666677,2.2259098191805906,2.4113069352254515
4280,4280,4280,3.1333333333333337,2.2259098191805906,2.4113069352254515
4281,4281,4281,3.1350000000000025,2.226291294728008,2.4116884107728693
4282,4282,4282,3.1366666666666676,2.226291294728008,2.4113069352254515
4283,4283,4283,3.1383333333333336,2.2259098191805906,2.4109254596780345
4284,4284,4284,3.1400000000000015,2.2266727702754245,2.4109254596780345
4285,4285,4285,3.1416666666666675,2.226291294728008,2.4113069352254515
4286,4286,4286,3.1433333333333335,2.2259098191805906,2.4113069352254515
4287,4287,4287,3.1450000000000005,2.226291294728008,2.4109254596780345
4288,4288,4288,3.1466666666666674,2.226291294728008,2.4113069352254515
4289,4289,4289,3.1483333333333325,2.2259098191805906,2.4113069352254515
4290,4290,4290,3.1500000000000004,2.225528343633173,2.4109254596780345
4291,4291,4291,3.1516666666666673,2.2259098191805906,2.4113069352254515
4292,4292,4292,3.1533333333333324,2.2259098191805906,2.4113069352254515
4293,4293,4293,3.1550000000000002,2.226291294728008,2.4113069352254515
4294,4294,4294,3.156666666666667,2.2259098191805906,2.4113069352254515
4295,4295,4295,3.158333333333334,2.2259098191805906,2.4113069352254515
4296,4296,4296,3.16,2.2259098191805906,2.4109254596780345
4297,4297,4297,3.161666666666667,2.226291294728008,2.4113069352254515
4298,4298,4298,3.163333333333334,2.2259098191805906,2.4109254596780345
4299,4299,4299,3.165,2.226291294728008,2.4109254596780345
4300,4300,4300,3.166666666666668,2.2259098191805906,2.4109254596780345
4301,4301,4301,3.168333333333334,2.2259098191805906,2.4105439841306167
4302,4302,4302,3.170000000000001,2.2259098191805906,2.4113069352254515
4303,4303,4303,3.1716666666666677,2.226291294728008,2.4109254596780345
4304,4304,4304,3.173333333333334,2.2259098191805906,2.4109254596780345
4305,4305,4305,3.1750000000000025,2.2259098191805906,2.4113069352254515
4306,4306,4306,3.1766666666666676,2.2259098191805906,2.4113069352254515
4307,4307,4307,3.1783333333333337,2.2259098191805906,2.4113069352254515
4308,4308,4308,3.1800000000000015,2.2259098191805906,2.4109254596780345
4309,4309,4309,3.1816666666666675,2.2259098191805906,2.4109254596780345
4310,4310,4310,3.1833333333333336,2.225528343633173,2.4109254596780345
4311,4311,4311,3.1850000000000005,2.2259098191805906,2.4109254596780345
4312,4312,4312,3.1866666666666674,2.2259098191805906,2.4109254596780345
4313,4313,4313,3.1883333333333335,2.226291294728008,2.4113069352254515
4314,4314,4314,3.1900000000000004,2.2259098191805906,2.4109254596780345
4315,4315,4315,3.1916666666666673,2.2259098191805906,2.4109254596780345
4316,4316,4316,3.1933333333333325,2.2259098191805906,2.4109254596780345
4317,4317,4317,3.1950000000000003,2.2259098191805906,2.4109254596780345
4318,4318,4318,3.196666666666667,2.226291294728008,2.4109254596780345
4319,4319,4319,3.198333333333334,2.2259098191805906,2.4113069352254515
4320,4320,4320,3.2,2.225528343633173,2.4113069352254515
4321,4321,4321,3.201666666666667,2.2259098191805906,2.4109254596780345
4322,4322,4322,3.203333333333334,2.2259098191805906,2.4109254596780345
4323,4323,4323,3.205,2.2259098191805906,2.4109254596780345
4324,4324,4324,3.206666666666668,2.2259098191805906,2.4109254596780345
4325,4325,4325,3.208333333333334,2.225528343633173,2.4109254596780345
4326,4326,4326,3.210000000000001,2.2259098191805906,2.4113069352254515
4327,4327,4327,3.211666666666668,2.225528343633173,2.4105439841306167
4328,4328,4328,3.213333333333334,2.225528343633173,2.4109254596780345
4329,4329,4329,3.2150000000000025,2.225528343633173,2.4109254596780345
4330,4330,4330,3.2166666666666677,2.2259098191805906,2.4109254596780345
4331,4331,4331,3.2183333333333337,2.2259098191805906,2.4109254596780345
4332,4332,4332,3.2200000000000015,2.225528343633173,2.4109254596780345
4333,4333,4333,3.2216666666666676,2.2259098191805906,2.4113069352254515
4334,4334,4334,3.2233333333333336,2.2259098191805906,2.4113069352254515
4335,4335,4335,3.2249999999999996,2.2259098191805906,2.4109254596780345
4336,4336,4336,3.2266666666666675,2.225528343633173,2.4109254596780345
4337,4337,4337,3.2283333333333326,2.2259098191805906,2.4109254596780345
4338,4338,4338,3.2300000000000004,2.2259098191805906,2.4105439841306167
4339,4339,4339,3.2316666666666674,2.225528343633173,2.4109254596780345
4340,4340,4340,3.2333333333333316,2.225528343633173,2.4109254596780345
4341,4341,4341,3.2350000000000003,2.225528343633173,2.4109254596780345
4342,4342,4342,3.2366666666666672,2.225528343633173,2.4109254596780345
4343,4343,4343,3.238333333333334,2.225528343633173,2.4109254596780345
4344,4344,4344,3.24,2.225146868085756,2.4109254596780345
4345,4345,4345,3.241666666666667,2.225528343633173,2.4105439841306167
4346,4346,4346,3.243333333333334,2.225528343633173,2.4109254596780345
4347,4347,4347,3.245,2.225528343633173,2.4109254596780345
4348,4348,4348,3.246666666666667,2.225528343633173,2.4109254596780345
4349,4349,4349,3.248333333333334,2.225146868085756,2.4105439841306167
4350,4350,4350,3.250000000000001,2.225146868085756,2.4109254596780345
4351,4351,4351,3.251666666666668,2.226291294728008,2.4105439841306167
4352,4352,4352,3.253333333333334,2.225528343633173,2.4105439841306167
4353,4353,4353,3.255000000000001,2.225528343633173,2.4109254596780345
4354,4354,4354,3.2566666666666677,2.225528343633173,2.4109254596780345
4355,4355,4355,3.2583333333333337,2.225528343633173,2.4105439841306167
4356,4356,4356,3.2600000000000025,2.225528343633173,2.4105439841306167
4357,4357,4357,3.2616666666666676,2.225146868085756,2.4109254596780345
4358,4358,4358,3.2633333333333336,2.225528343633173,2.4109254596780345
4359,4359,4359,3.2650000000000015,2.225528343633173,2.4105439841306167
4360,4360,4360,3.2666666666666675,2.225528343633173,2.4101625085832
4361,4361,4361,3.2683333333333326,2.225146868085756,2.4105439841306167
4362,4362,4362,3.2699999999999996,2.225528343633173,2.4105439841306167
4363,4363,4363,3.2716666666666674,2.225528343633173,2.4105439841306167
4364,4364,4364,3.2733333333333308,2.225146868085756,2.4105439841306167
4365,4365,4365,3.2750000000000004,2.225528343633173,2.4105439841306167
4366,4366,4366,3.2766666666666673,2.225528343633173,2.4105439841306167
4367,4367,4367,3.2783333333333324,2.225528343633173,2.4109254596780345
4368,4368,4368,3.2800000000000002,2.225528343633173,2.4109254596780345
4369,4369,4369,3.281666666666667,2.225528343633173,2.4105439841306167
4370,4370,4370,3.283333333333334,2.225528343633173,2.4105439841306167
4371,4371,4371,3.285,2.225528343633173,2.4105439841306167
4372,4372,4372,3.286666666666667,2.225528343633173,2.4105439841306167
4373,4373,4373,3.288333333333334,2.225528343633173,2.4109254596780345
4374,4374,4374,3.29,2.225528343633173,2.4101625085832
4375,4375,4375,3.291666666666668,2.225146868085756,2.4109254596780345
4376,4376,4376,3.293333333333334,2.225146868085756,2.4105439841306167
4377,4377,4377,3.295000000000001,2.225146868085756,2.4101625085832
4378,4378,4378,3.2966666666666677,2.225528343633173,2.4105439841306167
4379,4379,4379,3.298333333333334,2.225146868085756,2.4105439841306167
4380,4380,4380,3.3000000000000025,2.225146868085756,2.4105439841306167
4381,4381,4381,3.3016666666666676,2.225146868085756,2.4105439841306167
4382,4382,4382,3.3033333333333337,2.225146868085756,2.4101625085832
4383,4383,4383,3.3050000000000015,2.225146868085756,2.4105439841306167
4384,4384,4384,3.3066666666666675,2.225528343633173,2.4101625085832
4385,4385,4385,3.3083333333333336,2.225146868085756,2.4105439841306167
4386,4386,4386,3.3099999999999996,2.225146868085756,2.4109254596780345
4387,4387,4387,3.3116666666666674,2.225146868085756,2.4105439841306167
4388,4388,4388,3.3133333333333326,2.225528343633173,2.4101625085832
4389,4389,4389,3.3150000000000004,2.225528343633173,2.4105439841306167
4390,4390,4390,3.3166666666666673,2.225146868085756,2.4105439841306167
4391,4391,4391,3.3183333333333325,2.225528343633173,2.4105439841306167
4392,4392,4392,3.3200000000000003,2.225146868085756,2.4101625085832
4393,4393,4393,3.321666666666667,2.225146868085756,2.4105439841306167
4394,4394,4394,3.323333333333334,2.225528343633173,2.4105439841306167
4395,4395,4395,3.325,2.225146868085756,2.4101625085832
4396,4396,4396,3.326666666666667,2.225146868085756,2.4105439841306167
4397,4397,4397,3.328333333333334,2.225146868085756,2.4105439841306167
4398,4398,4398,3.33,2.225528343633173,2.4105439841306167
4399,4399,4399,3.331666666666668,2.225146868085756,2.4101625085832
4400,4400,4400,3.333333333333334,2.225146868085756,2.4101625085832
4401,4401,4401,3.335000000000001,2.225528343633173,2.4105439841306167
4402,4402,4402,3.336666666666668,2.225146868085756,2.4101625085832
4403,4403,4403,3.338333333333334,2.225146868085756,2.4105439841306167
4404,4404,4404,3.3400000000000025,2.225528343633173,2.4105439841306167
4405,4405,4405,3.3416666666666677,2.225146868085756,2.4105439841306167
4406,4406,4406,3.3433333333333337,2.225146868085756,2.4101625085832
4407,4407,4407,3.3450000000000015,2.225146868085756,2.4101625085832
4408,4408,4408,3.3466666666666676,2.2247653925383384,2.4101625085832
4409,4409,4409,3.3483333333333336,2.225146868085756,2.4101625085832
4410,4410,4410,3.3499999999999996,2.2247653925383384,2.4101625085832
4411,4411,4411,3.3516666666666675,2.225146868085756,2.4101625085832
4412,4412,4412,3.3533333333333326,2.225146868085756,2.4105439841306167
4413,4413,4413,3.3550000000000004,2.225146868085756,2.4101625085832
4414,4414,4414,3.3566666666666674,2.2247653925383384,2.4105439841306167
4415,4415,4415,3.3583333333333316,2.2247653925383384,2.4105439841306167
4416,4416,4416,3.3600000000000003,2.225146868085756,2.4101625085832
4417,4417,4417,3.3616666666666672,2.2247653925383384,2.4101625085832
4418,4418,4418,3.363333333333334,2.225146868085756,2.4101625085832
4419,4419,4419,3.365,2.225146868085756,2.4101625085832
4420,4420,4420,3.366666666666667,2.225146868085756,2.4101625085832
4421,4421,4421,3.368333333333334,2.225528343633173,2.4101625085832
4422,4422,4422,3.37,2.225146868085756,2.4097810330357823
4423,4423,4423,3.371666666666667,2.225146868085756,2.4105439841306167
4424,4424,4424,3.373333333333334,2.225146868085756,2.4105439841306167
4425,4425,4425,3.375000000000001,2.225146868085756,2.4101625085832
4426,4426,4426,3.376666666666668,2.225146868085756,2.4101625085832
4427,4427,4427,3.378333333333334,2.2247653925383384,2.4101625085832
4428,4428,4428,3.380000000000001,2.225146868085756,2.4101625085832
4429,4429,4429,3.3816666666666677,2.225146868085756,2.4101625085832
4430,4430,4430,3.3833333333333337,2.2247653925383384,2.4097810330357823
4431,4431,4431,3.3850000000000025,2.225146868085756,2.4105439841306167
4432,4432,4432,3.3866666666666676,2.2247653925383384,2.4101625085832
4433,4433,4433,3.3883333333333336,2.2247653925383384,2.4101625085832
4434,4434,4434,3.3900000000000015,2.225146868085756,2.4101625085832
4435,4435,4435,3.3916666666666675,2.225146868085756,2.4097810330357823
4436,4436,4436,3.3933333333333326,2.225146868085756,2.4097810330357823
4437,4437,4437,3.3949999999999996,2.2247653925383384,2.4101625085832
4438,4438,4438,3.3966666666666674,2.2247653925383384,2.4101625085832
4439,4439,4439,3.3983333333333308,2.2247653925383384,2.4101625085832
4440,4440,4440,3.4000000000000004,2.224383916990921,2.4097810330357823
4441,4441,4441,3.4016666666666673,2.2247653925383384,2.4097810330357823
4442,4442,4442,3.4033333333333324,2.2247653925383384,2.4097810330357823
4443,4443,4443,3.4050000000000002,2.2247653925383384,2.4101625085832
4444,4444,4444,3.406666666666667,2.2247653925383384,2.4097810330357823
4445,4445,4445,3.408333333333334,2.2247653925383384,2.4093995574883653
4446,4446,4446,3.41,2.224383916990921,2.4101625085832
4447,4447,4447,3.411666666666667,2.2247653925383384,2.4097810330357823
4448,4448,4448,3.413333333333334,2.2247653925383384,2.4097810330357823
4449,4449,4449,3.415,2.2247653925383384,2.4101625085832
4450,4450,4450,3.416666666666668,2.2247653925383384,2.4097810330357823
4451,4451,4451,3.418333333333334,2.2247653925383384,2.4097810330357823
4452,4452,4452,3.420000000000001,2.2247653925383384,2.4101625085832
4453,4453,4453,3.4216666666666677,2.224383916990921,2.4101625085832
4454,4454,4454,3.423333333333334,2.224383916990921,2.4097810330357823
4455,4455,4455,3.4250000000000025,2.2247653925383384,2.4097810330357823
4456,4456,4456,3.4266666666666676,2.2247653925383384,2.4101625085832
4457,4457,4457,3.4283333333333337,2.2247653925383384,2.4093995574883653
4458,4458,4458,3.4300000000000015,2.224002441443504,2.4097810330357823
4459,4459,4459,3.4316666666666675,2.224383916990921,2.4097810330357823
4460,4460,4460,3.4333333333333336,2.224383916990921,2.4093995574883653
4461,4461,4461,3.4349999999999996,2.224383916990921,2.4097810330357823
4462,4462,4462,3.4366666666666674,2.224383916990921,2.4093995574883653
4463,4463,4463,3.4383333333333326,2.2247653925383384,2.4101625085832
4464,4464,4464,3.4400000000000004,2.224383916990921,2.4097810330357823
4465,4465,4465,3.4416666666666673,2.224383916990921,2.4097810330357823
4466,4466,4466,3.4433333333333325,2.224002441443504,2.4093995574883653
4467,4467,4467,3.4450000000000003,2.2247653925383384,2.4097810330357823
4468,4468,4468,3.446666666666667,2.224383916990921,2.4097810330357823
4469,4469,4469,3.448333333333334,2.224383916990921,2.4097810330357823
4470,4470,4470,3.45,2.224383916990921,2.4093995574883653
4471,4471,4471,3.451666666666667,2.224383916990921,2.4093995574883653
4472,4472,4472,3.453333333333334,2.224002441443504,2.4097810330357823
4473,4473,4473,3.455,2.224383916990921,2.4093995574883653
4474,4474,4474,3.456666666666668,2.224383916990921,2.4097810330357823
4475,4475,4475,3.458333333333334,2.224002441443504,2.4097810330357823
4476,4476,4476,3.460000000000001,2.224383916990921,2.4097810330357823
4477,4477,4477,3.461666666666668,2.224383916990921,2.4093995574883653
4478,4478,4478,3.463333333333334,2.224002441443504,2.4090180819409475
4479,4479,4479,3.4650000000000025,2.224383916990921,2.4093995574883653
4480,4480,4480,3.4666666666666677,2.224002441443504,2.4090180819409475
4481,4481,4481,3.4683333333333337,2.224383916990921,2.4093995574883653
4482,4482,4482,3.4700000000000015,2.224002441443504,2.4093995574883653
4483,4483,4483,3.4716666666666676,2.224002441443504,2.4093995574883653
4484,4484,4484,3.4733333333333336,2.224383916990921,2.4093995574883653
4485,4485,4485,3.4749999999999996,2.224383916990921,2.4090180819409475
4486,4486,4486,3.4766666666666675,2.224002441443504,2.4090180819409475
4487,4487,4487,3.4783333333333326,2.2236209658960857,2.4093995574883653
4488,4488,4488,3.4800000000000004,2.224002441443504,2.4090180819409475
4489,4489,4489,3.4816666666666674,2.2247653925383384,2.4093995574883653
4490,4490,4490,3.4833333333333316,2.224002441443504,2.4090180819409475
4491,4491,4491,3.4850000000000003,2.224383916990921,2.4090180819409475
4492,4492,4492,3.4866666666666672,2.224002441443504,2.4093995574883653
4493,4493,4493,3.488333333333334,2.224383916990921,2.4093995574883653
4494,4494,4494,3.49,2.224383916990921,2.4093995574883653
4495,4495,4495,3.491666666666667,2.224002441443504,2.4090180819409475
4496,4496,4496,3.493333333333334,2.224383916990921,2.4093995574883653
4497,4497,4497,3.495,2.224002441443504,2.4093995574883653
4498,4498,4498,3.496666666666667,2.224002441443504,2.4090180819409475
4499,4499,4499,3.498333333333334,2.2236209658960857,2.4093995574883653
4500,4500,4500,3.500000000000001,2.224002441443504,2.4090180819409475
4501,4501,4501,3.501666666666668,2.224002441443504,2.4090180819409475
4502,4502,4502,3.503333333333334,2.224002441443504,2.4086366063935296
4503,4503,4503,3.505000000000001,2.224383916990921,2.4090180819409475
4504,4504,4504,3.5066666666666677,2.2236209658960857,2.4090180819409475
4505,4505,4505,3.5083333333333337,2.2236209658960857,2.4090180819409475
4506,4506,4506,3.5100000000000025,2.2236209658960857,2.4090180819409475
4507,4507,4507,3.5116666666666676,2.224002441443504,2.4090180819409475
4508,4508,4508,3.5133333333333336,2.2236209658960857,2.4086366063935296
4509,4509,4509,3.5150000000000015,2.224002441443504,2.4090180819409475
4510,4510,4510,3.5166666666666675,2.2236209658960857,2.4093995574883653
4511,4511,4511,3.5183333333333326,2.2236209658960857,2.4090180819409475
4512,4512,4512,3.5199999999999996,2.224002441443504,2.4090180819409475
4513,4513,4513,3.5216666666666674,2.224002441443504,2.4086366063935296
4514,4514,4514,3.5233333333333308,2.2236209658960857,2.4090180819409475
4515,4515,4515,3.5250000000000004,2.2236209658960857,2.4086366063935296
4516,4516,4516,3.5266666666666673,2.2236209658960857,2.4090180819409475
4517,4517,4517,3.5283333333333324,2.2236209658960857,2.4090180819409475
4518,4518,4518,3.5300000000000002,2.2232394903486687,2.4090180819409475
4519,4519,4519,3.531666666666667,2.224002441443504,2.4086366063935296
4520,4520,4520,3.533333333333334,2.2236209658960857,2.4090180819409475
4521,4521,4521,3.535,2.2236209658960857,2.4093995574883653
4522,4522,4522,3.536666666666667,2.2236209658960857,2.4090180819409475
4523,4523,4523,3.538333333333334,2.224002441443504,2.4093995574883653
4524,4524,4524,3.540000000000001,2.2236209658960857,2.4086366063935296
4525,4525,4525,3.541666666666668,2.2236209658960857,2.4090180819409475
4526,4526,4526,3.543333333333334,2.2232394903486687,2.4086366063935296
4527,4527,4527,3.545000000000001,2.2236209658960857,2.4090180819409475
4528,4528,4528,3.5466666666666677,2.2236209658960857,2.4086366063935296
4529,4529,4529,3.548333333333334,2.2236209658960857,2.4090180819409475
4530,4530,4530,3.5500000000000025,2.2236209658960857,2.4090180819409475
4531,4531,4531,3.5516666666666676,2.2236209658960857,2.4090180819409475
4532,4532,4532,3.5533333333333337,2.2236209658960857,2.4086366063935296
4533,4533,4533,3.5550000000000015,2.2236209658960857,2.4090180819409475
4534,4534,4534,3.5566666666666675,2.2232394903486687,2.4090180819409475
4535,4535,4535,3.5583333333333336,2.2236209658960857,2.4086366063935296
4536,4536,4536,3.5599999999999996,2.2236209658960857,2.4090180819409475
4537,4537,4537,3.5616666666666674,2.2236209658960857,2.4090180819409475
4538,4538,4538,3.5633333333333326,2.2236209658960857,2.4086366063935296
4539,4539,4539,3.5650000000000004,2.2236209658960857,2.4086366063935296
4540,4540,4540,3.5666666666666673,2.2236209658960857,2.4086366063935296
4541,4541,4541,3.5683333333333325,2.2232394903486687,2.4090180819409475
4542,4542,4542,3.5700000000000003,2.2236209658960857,2.4086366063935296
4543,4543,4543,3.571666666666667,2.2236209658960857,2.4090180819409475
4544,4544,4544,3.573333333333334,2.2232394903486687,2.4086366063935296
4545,4545,4545,3.575,2.2232394903486687,2.4086366063935296
4546,4546,4546,3.576666666666667,2.2232394903486687,2.4086366063935296
4547,4547,4547,3.578333333333334,2.2232394903486687,2.4086366063935296
4548,4548,4548,3.58,2.2232394903486687,2.4086366063935296
4549,4549,4549,3.581666666666668,2.2232394903486687,2.4086366063935296
4550,4550,4550,3.583333333333334,2.2232394903486687,2.4086366063935296
4551,4551,4551,3.585000000000001,2.2232394903486687,2.4090180819409475
4552,4552,4552,3.586666666666668,2.2232394903486687,2.4086366063935296
4553,4553,4553,3.588333333333334,2.2232394903486687,2.4086366063935296
4554,4554,4554,3.5900000000000025,2.2232394903486687,2.4086366063935296
4555,4555,4555,3.5916666666666677,2.222858014801252,2.4082551308461126
4556,4556,4556,3.5933333333333337,2.222858014801252,2.4086366063935296
4557,4557,4557,3.5950000000000015,2.2232394903486687,2.4086366063935296
4558,4558,4558,3.5966666666666676,2.2232394903486687,2.4086366063935296
4559,4559,4559,3.5983333333333336,2.2232394903486687,2.4086366063935296
4560,4560,4560,3.5999999999999996,2.222858014801252,2.4086366063935296
4561,4561,4561,3.6016666666666675,2.2232394903486687,2.4086366063935296
4562,4562,4562,3.6033333333333326,2.222858014801252,2.4082551308461126
4563,4563,4563,3.6050000000000004,2.222476539253834,2.4086366063935296
4564,4564,4564,3.6066666666666674,2.2232394903486687,2.4086366063935296
4565,4565,4565,3.6083333333333316,2.222858014801252,2.4078736552986952
4566,4566,4566,3.6100000000000003,2.2232394903486687,2.4086366063935296
4567,4567,4567,3.6116666666666672,2.222858014801252,2.4082551308461126
4568,4568,4568,3.613333333333334,2.222858014801252,2.4082551308461126
4569,4569,4569,3.615,2.222858014801252,2.4082551308461126
4570,4570,4570,3.616666666666667,2.222858014801252,2.4086366063935296
4571,4571,4571,3.618333333333334,2.222858014801252,2.4082551308461126
4572,4572,4572,3.62,2.222858014801252,2.4082551308461126
4573,4573,4573,3.621666666666667,2.222858014801252,2.4082551308461126
4574,4574,4574,3.623333333333334,2.222476539253834,2.4082551308461126
4575,4575,4575,3.625000000000001,2.222858014801252,2.4082551308461126
4576,4576,4576,3.626666666666668,2.222858014801252,2.4086366063935296
4577,4577,4577,3.628333333333334,2.222476539253834,2.4082551308461126
4578,4578,4578,3.630000000000001,2.222858014801252,2.4082551308461126
4579,4579,4579,3.6316666666666677,2.222476539253834,2.4082551308461126
4580,4580,4580,3.6333333333333337,2.222476539253834,2.4082551308461126
4581,4581,4581,3.6350000000000025,2.222476539253834,2.4082551308461126
4582,4582,4582,3.6366666666666676,2.222476539253834,2.4082551308461126
4583,4583,4583,3.6383333333333336,2.222476539253834,2.4078736552986952
4584,4584,4584,3.6400000000000015,2.222858014801252,2.4082551308461126
4585,4585,4585,3.6416666666666675,2.222476539253834,2.4082551308461126
4586,4586,4586,3.6433333333333326,2.222858014801252,2.4078736552986952
4587,4587,4587,3.6449999999999996,2.222476539253834,2.4082551308461126
4588,4588,4588,3.6466666666666674,2.2220950637064165,2.4078736552986952
4589,4589,4589,3.6483333333333308,2.222476539253834,2.4078736552986952
4590,4590,4590,3.6500000000000004,2.2220950637064165,2.4078736552986952
4591,4591,4591,3.6516666666666673,2.222476539253834,2.4082551308461126
4592,4592,4592,3.6533333333333324,2.222476539253834,2.4082551308461126
4593,4593,4593,3.6550000000000002,2.222476539253834,2.4082551308461126
4594,4594,4594,3.656666666666667,2.222476539253834,2.4082551308461126
4595,4595,4595,3.658333333333334,2.222476539253834,2.4078736552986952
4596,4596,4596,3.66,2.222476539253834,2.4078736552986952
4597,4597,4597,3.661666666666667,2.222476539253834,2.4082551308461126
4598,4598,4598,3.663333333333334,2.222476539253834,2.4078736552986952
4599,4599,4599,3.665000000000001,2.2220950637064165,2.4082551308461126
4600,4600,4600,3.666666666666668,2.2220950637064165,2.4078736552986952
4601,4601,4601,3.668333333333334,2.2220950637064165,2.4074921797512783
4602,4602,4602,3.670000000000001,2.2220950637064165,2.4078736552986952
4603,4603,4603,3.6716666666666677,2.2220950637064165,2.4078736552986952
4604,4604,4604,3.673333333333334,2.2220950637064165,2.4078736552986952
4605,4605,4605,3.6750000000000025,2.221713588158999,2.4074921797512783
4606,4606,4606,3.6766666666666676,2.222476539253834,2.4078736552986952
4607,4607,4607,3.6783333333333337,2.2220950637064165,2.4078736552986952
4608,4608,4608,3.6800000000000015,2.2220950637064165,2.4074921797512783
4609,4609,4609,3.6816666666666675,2.222476539253834,2.4078736552986952
4610,4610,4610,3.6833333333333336,2.2220950637064165,2.4078736552986952
4611,4611,4611,3.6849999999999996,2.2220950637064165,2.4078736552986952
4612,4612,4612,3.6866666666666674,2.222476539253834,2.4078736552986952
4613,4613,4613,3.6883333333333326,2.221713588158999,2.4078736552986952
4614,4614,4614,3.6900000000000004,2.2220950637064165,2.4078736552986952
4615,4615,4615,3.6916666666666673,2.2220950637064165,2.4078736552986952
4616,4616,4616,3.6933333333333325,2.2220950637064165,2.4074921797512783
4617,4617,4617,3.6950000000000003,2.2220950637064165,2.4074921797512783
4618,4618,4618,3.696666666666667,2.2220950637064165,2.4078736552986952
4619,4619,4619,3.698333333333334,2.2220950637064165,2.4071107042038604
4620,4620,4620,3.7,2.2220950637064165,2.4074921797512783
4621,4621,4621,3.701666666666667,2.2220950637064165,2.4071107042038604
4622,4622,4622,3.703333333333334,2.221713588158999,2.4074921797512783
4623,4623,4623,3.705,2.2220950637064165,2.4078736552986952
4624,4624,4624,3.706666666666668,2.222476539253834,2.4078736552986952
4625,4625,4625,3.708333333333334,2.2220950637064165,2.4074921797512783
4626,4626,4626,3.710000000000001,2.2220950637064165,2.4074921797512783
4627,4627,4627,3.711666666666668,2.2220950637064165,2.4078736552986952
4628,4628,4628,3.713333333333334,2.2220950637064165,2.4074921797512783
4629,4629,4629,3.7150000000000025,2.221713588158999,2.4078736552986952
4630,4630,4630,3.7166666666666677,2.221713588158999,2.4074921797512783
4631,4631,4631,3.7183333333333337,2.221713588158999,2.4074921797512783
4632,4632,4632,3.7200000000000015,2.2220950637064165,2.4071107042038604
4633,4633,4633,3.7216666666666676,2.221713588158999,2.4074921797512783
4634,4634,4634,3.7233333333333336,2.221713588158999,2.4071107042038604
4635,4635,4635,3.7249999999999996,2.221713588158999,2.4074921797512783
4636,4636,4636,3.7266666666666675,2.221713588158999,2.4071107042038604
4637,4637,4637,3.7283333333333326,2.221713588158999,2.4074921797512783
4638,4638,4638,3.7300000000000004,2.221713588158999,2.4074921797512783
4639,4639,4639,3.7316666666666674,2.2220950637064165,2.4074921797512783
4640,4640,4640,3.7333333333333316,2.221713588158999,2.4071107042038604
4641,4641,4641,3.7350000000000003,2.221713588158999,2.4071107042038604
4642,4642,4642,3.7366666666666672,2.2220950637064165,2.4074921797512783
4643,4643,4643,3.738333333333334,2.221713588158999,2.4074921797512783
4644,4644,4644,3.74,2.2213321126115817,2.4074921797512783
4645,4645,4645,3.741666666666667,2.221713588158999,2.4071107042038604
4646,4646,4646,3.743333333333334,2.221713588158999,2.4074921797512783
4647,4647,4647,3.745,2.2213321126115817,2.4078736552986952
4648,4648,4648,3.746666666666667,2.221713588158999,2.4074921797512783
4649,4649,4649,3.748333333333334,2.221713588158999,2.4074921797512783
4650,4650,4650,3.750000000000001,2.221713588158999,2.4071107042038604
4651,4651,4651,3.751666666666668,2.2213321126115817,2.4071107042038604
4652,4652,4652,3.753333333333334,2.221713588158999,2.4071107042038604
4653,4653,4653,3.755000000000001,2.2213321126115817,2.4074921797512783
4654,4654,4654,3.7566666666666677,2.2213321126115817,2.4067292286564435
4655,4655,4655,3.7583333333333337,2.2213321126115817,2.4067292286564435
4656,4656,4656,3.7600000000000025,2.2213321126115817,2.4071107042038604
4657,4657,4657,3.7616666666666676,2.2213321126115817,2.4067292286564435
4658,4658,4658,3.7633333333333336,2.2213321126115817,2.4071107042038604
4659,4659,4659,3.7650000000000015,2.2209506370641643,2.4071107042038604
4660,4660,4660,3.7666666666666675,2.2209506370641643,2.4067292286564435
4661,4661,4661,3.7683333333333326,2.2213321126115817,2.4071107042038604
4662,4662,4662,3.7699999999999996,2.221713588158999,2.4067292286564435
4663,4663,4663,3.7716666666666674,2.2213321126115817,2.4071107042038604
4664,4664,4664,3.7733333333333308,2.221713588158999,2.4071107042038604
4665,4665,4665,3.7750000000000004,2.2209506370641643,2.4067292286564435
4666,4666,4666,3.7766666666666673,2.2209506370641643,2.4071107042038604
4667,4667,4667,3.7783333333333324,2.2205691615167478,2.4071107042038604
4668,4668,4668,3.7800000000000002,2.2213321126115817,2.4067292286564435
4669,4669,4669,3.781666666666667,2.2213321126115817,2.4067292286564435
4670,4670,4670,3.783333333333334,2.2209506370641643,2.4067292286564435
4671,4671,4671,3.785,2.2213321126115817,2.4071107042038604
4672,4672,4672,3.786666666666667,2.2209506370641643,2.4067292286564435
4673,4673,4673,3.788333333333334,2.2213321126115817,2.4067292286564435
4674,4674,4674,3.790000000000001,2.2213321126115817,2.4067292286564435
4675,4675,4675,3.791666666666668,2.2209506370641643,2.4067292286564435
4676,4676,4676,3.793333333333334,2.2213321126115817,2.4067292286564435
4677,4677,4677,3.795000000000001,2.2205691615167478,2.4063477531090256
4678,4678,4678,3.7966666666666677,2.2209506370641643,2.4063477531090256
4679,4679,4679,3.798333333333334,2.2209506370641643,2.4067292286564435
4680,4680,4680,3.8000000000000025,2.2209506370641643,2.4063477531090256
4681,4681,4681,3.8016666666666676,2.2209506370641643,2.4067292286564435
4682,4682,4682,3.8033333333333337,2.2213321126115817,2.4067292286564435
4683,4683,4683,3.8050000000000015,2.2209506370641643,2.4063477531090256
4684,4684,4684,3.8066666666666675,2.2209506370641643,2.4063477531090256
4685,4685,4685,3.8083333333333336,2.2209506370641643,2.405966277561608
4686,4686,4686,3.8099999999999996,2.2205691615167478,2.4063477531090256
4687,4687,4687,3.8116666666666674,2.2209506370641643,2.405966277561608
4688,4688,4688,3.8133333333333326,2.2205691615167478,2.4063477531090256
4689,4689,4689,3.8150000000000004,2.2209506370641643,2.405966277561608
4690,4690,4690,3.8166666666666673,2.2209506370641643,2.4063477531090256
4691,4691,4691,3.8183333333333325,2.2205691615167478,2.4067292286564435
4692,4692,4692,3.8200000000000003,2.2209506370641643,2.4067292286564435
4693,4693,4693,3.821666666666667,2.2209506370641643,2.405966277561608
4694,4694,4694,3.823333333333334,2.2209506370641643,2.4067292286564435
4695,4695,4695,3.825,2.2209506370641643,2.4063477531090256
4696,4696,4696,3.826666666666667,2.2209506370641643,2.4063477531090256
4697,4697,4697,3.828333333333334,2.2209506370641643,2.4063477531090256
4698,4698,4698,3.83,2.2205691615167478,2.4063477531090256
4699,4699,4699,3.831666666666668,2.2209506370641643,2.4063477531090256
4700,4700,4700,3.833333333333334,2.2205691615167478,2.4063477531090256
4701,4701,4701,3.835000000000001,2.2209506370641643,2.4063477531090256
4702,4702,4702,3.836666666666668,2.2205691615167478,2.405966277561608
4703,4703,4703,3.838333333333334,2.220187685969329,2.405966277561608
4704,4704,4704,3.8400000000000025,2.2205691615167478,2.4063477531090256
4705,4705,4705,3.8416666666666677,2.220187685969329,2.405966277561608
4706,4706,4706,3.8433333333333337,2.2205691615167478,2.4063477531090256
4707,4707,4707,3.8450000000000015,2.220187685969329,2.405966277561608
4708,4708,4708,3.8466666666666676,2.220187685969329,2.4063477531090256
4709,4709,4709,3.8483333333333336,2.2205691615167478,2.405966277561608
4710,4710,4710,3.8499999999999996,2.2205691615167478,2.4063477531090256
4711,4711,4711,3.8516666666666675,2.220187685969329,2.405966277561608
4712,4712,4712,3.8533333333333326,2.2205691615167478,2.4063477531090256
4713,4713,4713,3.8550000000000004,2.2205691615167478,2.405966277561608
4714,4714,4714,3.8566666666666674,2.220187685969329,2.405966277561608
4715,4715,4715,3.8583333333333325,2.220187685969329,2.405966277561608
4716,4716,4716,3.8600000000000003,2.220187685969329,2.405584802014191
4717,4717,4717,3.8616666666666672,2.2205691615167478,2.4063477531090256
4718,4718,4718,3.863333333333334,2.220187685969329,2.4063477531090256
4719,4719,4719,3.865,2.2205691615167478,2.405966277561608
4720,4720,4720,3.866666666666667,2.220187685969329,2.405584802014191
4721,4721,4721,3.868333333333334,2.220187685969329,2.405966277561608
4722,4722,4722,3.87,2.220187685969329,2.405966277561608
4723,4723,4723,3.871666666666667,2.220187685969329,2.405966277561608
4724,4724,4724,3.873333333333334,2.219806210421912,2.405966277561608
4725,4725,4725,3.875000000000001,2.220187685969329,2.405966277561608
4726,4726,4726,3.876666666666668,2.2205691615167478,2.405966277561608
4727,4727,4727,3.878333333333334,2.220187685969329,2.405966277561608
4728,4728,4728,3.880000000000001,2.2205691615167478,2.405584802014191
4729,4729,4729,3.8816666666666677,2.220187685969329,2.4063477531090256
4730,4730,4730,3.8833333333333337,2.220187685969329,2.405584802014191
4731,4731,4731,3.8850000000000025,2.220187685969329,2.405966277561608
4732,4732,4732,3.8866666666666676,2.220187685969329,2.405584802014191
4733,4733,4733,3.8883333333333336,2.220187685969329,2.4063477531090256
4734,4734,4734,3.8900000000000015,2.219806210421912,2.405966277561608
4735,4735,4735,3.8916666666666675,2.219806210421912,2.405584802014191
4736,4736,4736,3.8933333333333326,2.220187685969329,2.4052033264667734
4737,4737,4737,3.8949999999999996,2.220187685969329,2.405584802014191
4738,4738,4738,3.8966666666666674,2.219806210421912,2.405966277561608
4739,4739,4739,3.8983333333333308,2.220187685969329,2.405966277561608
4740,4740,4740,3.9000000000000004,2.219806210421912,2.405584802014191
4741,4741,4741,3.9016666666666673,2.220187685969329,2.405584802014191
4742,4742,4742,3.9033333333333324,2.219806210421912,2.4052033264667734
4743,4743,4743,3.9050000000000002,2.220187685969329,2.405966277561608
4744,4744,4744,3.906666666666667,2.220187685969329,2.405584802014191
4745,4745,4745,3.908333333333334,2.220187685969329,2.405584802014191
4746,4746,4746,3.91,2.220187685969329,2.405584802014191
4747,4747,4747,3.911666666666667,2.2194247348744947,2.405584802014191
4748,4748,4748,3.913333333333334,2.219806210421912,2.4052033264667734
4749,4749,4749,3.915000000000001,2.219806210421912,2.4052033264667734
4750,4750,4750,3.916666666666668,2.219806210421912,2.4052033264667734
4751,4751,4751,3.918333333333334,2.2194247348744947,2.405584802014191
4752,4752,4752,3.920000000000001,2.220187685969329,2.405584802014191
4753,4753,4753,3.9216666666666677,2.219806210421912,2.405584802014191
4754,4754,4754,3.923333333333334,2.219806210421912,2.4052033264667734
4755,4755,4755,3.9250000000000025,2.2194247348744947,2.405584802014191
4756,4756,4756,3.9266666666666676,2.2194247348744947,2.4052033264667734
4757,4757,4757,3.9283333333333337,2.2194247348744947,2.405584802014191
4758,4758,4758,3.9300000000000015,2.219806210421912,2.405584802014191
4759,4759,4759,3.9316666666666675,2.219806210421912,2.405584802014191
4760,4760,4760,3.9333333333333336,2.2194247348744947,2.4052033264667734
4761,4761,4761,3.9349999999999996,2.2194247348744947,2.4052033264667734
4762,4762,4762,3.9366666666666674,2.219806210421912,2.4052033264667734
4763,4763,4763,3.9383333333333326,2.2194247348744947,2.4052033264667734
4764,4764,4764,3.9400000000000004,2.2194247348744947,2.4052033264667734
4765,4765,4765,3.9416666666666673,2.2194247348744947,2.4052033264667734
4766,4766,4766,3.9433333333333325,2.219806210421912,2.4052033264667734
4767,4767,4767,3.9450000000000003,2.219043259327077,2.4052033264667734
4768,4768,4768,3.946666666666667,2.2194247348744947,2.405584802014191
4769,4769,4769,3.948333333333334,2.219806210421912,2.4052033264667734
4770,4770,4770,3.95,2.219806210421912,2.4052033264667734
4771,4771,4771,3.951666666666667,2.219806210421912,2.404821850919356
4772,4772,4772,3.953333333333334,2.2194247348744947,2.4052033264667734
4773,4773,4773,3.955,2.2194247348744947,2.404821850919356
4774,4774,4774,3.956666666666668,2.2194247348744947,2.4052033264667734
4775,4775,4775,3.958333333333334,2.2194247348744947,2.4052033264667734
4776,4776,4776,3.960000000000001,2.2194247348744947,2.4052033264667734
4777,4777,4777,3.961666666666668,2.2194247348744947,2.4052033264667734
4778,4778,4778,3.963333333333334,2.2194247348744947,2.404821850919356
4779,4779,4779,3.9650000000000025,2.219043259327077,2.4052033264667734
4780,4780,4780,3.9666666666666677,2.2194247348744947,2.4052033264667734
4781,4781,4781,3.9683333333333337,2.2194247348744947,2.4052033264667734
4782,4782,4782,3.9700000000000015,2.2194247348744947,2.404821850919356
4783,4783,4783,3.9716666666666676,2.219806210421912,2.404821850919356
4784,4784,4784,3.9733333333333336,2.2194247348744947,2.404821850919356
4785,4785,4785,3.9749999999999996,2.219043259327077,2.404821850919356
4786,4786,4786,3.9766666666666675,2.219043259327077,2.404821850919356
4787,4787,4787,3.9783333333333326,2.219043259327077,2.4044403753719386
4788,4788,4788,3.9800000000000004,2.2194247348744947,2.404821850919356
4789,4789,4789,3.9816666666666674,2.2194247348744947,2.4052033264667734
4790,4790,4790,3.9833333333333325,2.219043259327077,2.4044403753719386
4791,4791,4791,3.9850000000000003,2.2194247348744947,2.4044403753719386
4792,4792,4792,3.9866666666666672,2.219043259327077,2.4052033264667734
4793,4793,4793,3.988333333333334,2.219043259327077,2.4052033264667734
4794,4794,4794,3.99,2.2194247348744947,2.404821850919356
4795,4795,4795,3.991666666666667,2.2194247348744947,2.4044403753719386
4796,4796,4796,3.993333333333334,2.219043259327077,2.4052033264667734
4797,4797,4797,3.995,2.219043259327077,2.404821850919356
4798,4798,4798,3.996666666666667,2.219043259327077,2.404821850919356
4799,4799,4799,3.998333333333334,2.219043259327077,2.404821850919356
4800,4800,4800,4.0,2.2186617837796603,2.404821850919356
4801,4801,4801,4.001666666666667,2.219043259327077,2.4044403753719386
4802,4802,4802,4.003333333333334,2.219043259327077,2.4044403753719386
4803,4803,4803,4.005000000000001,2.219043259327077,2.4044403753719386
4804,4804,4804,4.006666666666668,2.2194247348744947,2.4044403753719386
4805,4805,4805,4.008333333333335,2.219043259327077,2.404821850919356
4806,4806,4806,4.01,2.219043259327077,2.4044403753719386
4807,4807,4807,4.011666666666667,2.2186617837796603,2.404821850919356
4808,4808,4808,4.013333333333334,2.2186617837796603,2.4044403753719386
4809,4809,4809,4.015000000000001,2.219043259327077,2.404821850919356
4810,4810,4810,4.0166666666666675,2.2186617837796603,2.404058899824521
4811,4811,4811,4.018333333333334,2.219043259327077,2.4044403753719386
4812,4812,4812,4.020000000000001,2.2186617837796603,2.4044403753719386
4813,4813,4813,4.021666666666668,2.2186617837796603,2.4044403753719386
4814,4814,4814,4.023333333333332,2.2186617837796603,2.404821850919356
4815,4815,4815,4.025,2.219043259327077,2.4039488830739892
4816,4816,4816,4.026666666666667,2.2186617837796603,2.4039136919547395
4817,4817,4817,4.028333333333334,2.2186617837796603,2.4034970252880727
4818,4818,4818,4.030000000000001,2.2186617837796603,2.4034618341688234
4819,4819,4819,4.031666666666668,2.2186617837796603,2.4026636919547397
4820,4820,4820,4.033333333333333,2.2186617837796603,2.402247025288073
4821,4821,4821,4.035,2.218564311715224,2.4014488830739893
4822,4822,4822,4.036666666666667,2.2185291205959734,2.4010322164073217
4823,4823,4823,4.038333333333334,2.21773097838189,2.4009970252880732
4824,4824,4824,4.040000000000001,2.2169328361678056,2.4001988830739887
4825,4825,4825,4.041666666666668,2.2168976450485567,2.3997822164073215
4826,4826,4826,4.043333333333333,2.2160995028344725,2.399365549740656
4827,4827,4827,4.045,2.2156828361678063,2.3989488830739893
4828,4828,4828,4.046666666666667,2.215266169501139,2.3981507408599048
4829,4829,4829,4.048333333333334,2.21523097838189,2.3981155497406554
4830,4830,4830,4.050000000000001,2.2144328361678056,2.3976988830739887
4831,4831,4831,4.051666666666668,2.2140161695011393,2.3972822164073215
4832,4832,4832,4.053333333333335,2.2135995028344717,2.3968655497406552
4833,4833,4833,4.055,2.2128013606203885,2.396448883073989
4834,4834,4834,4.056666666666667,2.2131476450485565,2.3960322164073222
4835,4835,4835,4.058333333333334,2.2123495028344724,2.3956155497406555
4836,4836,4836,4.0600000000000005,2.2119328361678057,2.394817407526572
4837,4837,4837,4.061666666666667,2.2115161695011394,2.3947822164073216
4838,4838,4838,4.063333333333334,2.2110995028344718,2.3939840741932383
4839,4839,4839,4.065000000000001,2.2110643117152238,2.393948883073989
4840,4840,4840,4.066666666666666,2.209884693953722,2.3935322164073223
4841,4841,4841,4.068333333333333,2.2098495028344725,2.3931155497406555
4842,4842,4842,4.07,2.2094328361678057,2.392317407526572
4843,4843,4843,4.071666666666667,2.2090161695011394,2.3922822164073216
4844,4844,4844,4.073333333333334,2.2082180272870553,2.3914840741932384
4845,4845,4845,4.075000000000001,2.208182836167805,2.391067407526572
4846,4846,4846,4.076666666666668,2.2077661695011392,2.390650740859905
4847,4847,4847,4.078333333333333,2.206586551739638,2.390234074193238
4848,4848,4848,4.08,2.2065513606203884,2.3901988830739893
4849,4849,4849,4.081666666666667,2.2061346939537216,2.3897822164073217
4850,4850,4850,4.083333333333334,2.2060995028344723,2.3886025986458206
4851,4851,4851,4.085000000000001,2.205301360620388,2.388567407526572
4852,4852,4852,4.086666666666668,2.2052661695011393,2.388150740859905
4853,4853,4853,4.088333333333335,2.2048495028344717,2.3881155497406548
4854,4854,4854,4.09,2.2040513606203884,2.387317407526572
4855,4855,4855,4.091666666666667,2.2036346939537217,2.386900740859905
4856,4856,4856,4.093333333333334,2.2032180272870554,2.3864840741932385
4857,4857,4857,4.095000000000001,2.202801360620388,2.386067407526572
4858,4858,4858,4.096666666666668,2.2020032184063045,2.385650740859905
4859,4859,4859,4.0983333333333345,2.2019680272870548,2.3852340741932383
4860,4860,4860,4.1,2.2011698850729715,2.384435931979154
4861,4861,4861,4.101666666666668,2.2011346939537217,2.3840192653124874
4862,4862,4862,4.103333333333332,2.2007180272870555,2.3839840741932385
4863,4863,4863,4.105,2.2003013606203883,2.383567407526572
4864,4864,4864,4.106666666666667,2.1995032184063046,2.383150740859905
4865,4865,4865,4.108333333333334,2.1990865517396383,2.3827340741932383
4866,4866,4866,4.110000000000001,2.199051360620388,2.3819359319791538
4867,4867,4867,4.111666666666666,2.198253218406305,2.3815192653124875
4868,4868,4868,4.113333333333333,2.198218027287055,2.3811025986458207
4869,4869,4869,4.115,2.1978013606203883,2.3806859319791545
4870,4870,4870,4.116666666666667,2.1973846939537216,2.3802692653124877
4871,4871,4871,4.118333333333334,2.196968027287055,2.3798525986458205
4872,4872,4872,4.120000000000001,2.196169885072971,2.3794359319791543
4873,4873,4873,4.121666666666668,2.1957532184063044,2.379019265312487
4874,4874,4874,4.123333333333333,2.195336551739638,2.378602598645821
4875,4875,4875,4.125,2.1953013606203884,2.3781859319791545
4876,4876,4876,4.126666666666667,2.1945032184063047,2.3781507408599047
4877,4877,4877,4.128333333333334,2.1937050761922197,2.3777340741932385
4878,4878,4878,4.130000000000001,2.1936698850729712,2.3769359319791543
4879,4879,4879,4.131666666666668,2.1932532184063045,2.3765192653124867
4880,4880,4880,4.133333333333335,2.1928365517396378,2.3761025986458204
4881,4881,4881,4.135,2.1920384095255536,2.3756859319791546
4882,4882,4882,4.136666666666667,2.191621742858887,2.3752692653124874
4883,4883,4883,4.138333333333334,2.1912050761922197,2.3748525986458207
4884,4884,4884,4.140000000000001,2.1911698850729717,2.3744359319791544
4885,4885,4885,4.1416666666666675,2.1907532184063045,2.37363778976507
4886,4886,4886,4.143333333333334,2.1903365517396383,2.3736025986458205
4887,4887,4887,4.145000000000001,2.189538409525553,2.3731859319791537
4888,4888,4888,4.146666666666668,2.189121742858887,2.3727692653124874
4889,4889,4889,4.148333333333332,2.1887050761922198,2.3719711230984037
4890,4890,4890,4.15,2.1879069339781365,2.371554456431737
4891,4891,4891,4.151666666666667,2.1878717428588867,2.37113778976507
4892,4892,4892,4.153333333333334,2.18745507619222,2.370721123098403
4893,4893,4893,4.155000000000001,2.1866569339781363,2.3706859319791542
4894,4894,4894,4.156666666666668,2.1866217428588866,2.3698877897650696
4895,4895,4895,4.158333333333333,2.1862050761922203,2.369471123098404
4896,4896,4896,4.16,2.1861698850729714,2.3694359319791545
4897,4897,4897,4.161666666666667,2.185371742858887,2.36863778976507
4898,4898,4898,4.163333333333334,2.18495507619222,2.368221123098403
4899,4899,4899,4.165000000000001,2.1845384095255533,2.3678044564317364
4900,4900,4900,4.166666666666668,2.1841217428588866,2.3673877897650697
4901,4901,4901,4.168333333333333,2.1837050761922203,2.3669711230984034
4902,4902,4902,4.17,2.1832884095255536,2.3669359319791545
4903,4903,4903,4.171666666666667,2.18249026731147,2.366519265312488
4904,4904,4904,4.173333333333334,2.1824550761922197,2.3661025986458206
4905,4905,4905,4.175000000000001,2.1820384095255534,2.364922980884319
4906,4906,4906,4.176666666666668,2.1816217428588867,2.3648877897650697
4907,4907,4907,4.178333333333335,2.18120507619222,2.3648525986458204
4908,4908,4908,4.18,2.1804069339781367,2.3636729808843198
4909,4909,4909,4.181666666666667,2.17999026731147,2.36363778976507
4910,4910,4910,4.183333333333334,2.179573600644803,2.3632211230984037
4911,4911,4911,4.1850000000000005,2.1791569339781365,2.362422980884319
4912,4912,4912,4.186666666666667,2.1787402673114697,2.36238778976507
4913,4913,4913,4.188333333333334,2.1783236006448035,2.3615896475509857
4914,4914,4914,4.190000000000001,2.1779069339781363,2.3615544564317363
4915,4915,4915,4.191666666666666,2.17749026731147,2.3607563142176526
4916,4916,4916,4.193333333333333,2.1770736006448037,2.3607211230984038
4917,4917,4917,4.195,2.1766569339781365,2.3603044564317366
4918,4918,4918,4.196666666666667,2.17624026731147,2.3595063142176524
4919,4919,4919,4.198333333333334,2.175442125097385,2.359471123098403
4920,4920,4920,4.200000000000001,2.174643982883301,2.358672980884319
4921,4921,4921,4.201666666666668,2.174608791764052,2.358256314217652
4922,4922,4922,4.203333333333333,2.174192125097385,2.357839647550986
4923,4923,4923,4.205,2.1737754584307187,2.3574229808843192
4924,4924,4924,4.206666666666667,2.173358791764052,2.3573877897650704
4925,4925,4925,4.208333333333334,2.1729421250973853,2.356971123098403
4926,4926,4926,4.210000000000001,2.1725254584307185,2.356172980884319
4927,4927,4927,4.211666666666668,2.1724902673114697,2.3561377897650697
4928,4928,4928,4.213333333333335,2.171692125097385,2.3553396475509856
4929,4929,4929,4.215,2.1712754584307192,2.3549229808843197
4930,4930,4930,4.216666666666667,2.17124026731147,2.354506314217653
4931,4931,4931,4.218333333333334,2.1704421250973853,2.354089647550986
4932,4932,4932,4.220000000000001,2.1700254584307186,2.353672980884319
4933,4933,4933,4.221666666666668,2.1696087917640514,2.3532563142176524
4934,4934,4934,4.2233333333333345,2.169192125097385,2.352458172003568
4935,4935,4935,4.225,2.1687754584307193,2.352041505336902
4936,4936,4936,4.226666666666668,2.1683587917640517,2.3520063142176526
4937,4937,4937,4.228333333333332,2.1683236006448032,2.351589647550986
4938,4938,4938,4.23,2.167525458430718,2.351172980884319
4939,4939,4939,4.231666666666667,2.1674902673114698,2.350374838670235
4940,4940,4940,4.233333333333334,2.1670736006448035,2.3503396475509857
4941,4941,4941,4.235000000000001,2.1662754584307184,2.349541505336901
4942,4942,4942,4.236666666666666,2.1658587917640517,2.3495063142176527
4943,4943,4943,4.238333333333333,2.165442125097385,2.3487081720035685
4944,4944,4944,4.24,2.1646439828833017,2.348291505336902
4945,4945,4945,4.241666666666667,2.1646087917640515,2.347874838670235
4946,4946,4946,4.243333333333334,2.164192125097385,2.3478396475509857
4947,4947,4947,4.245000000000001,2.1637754584307185,2.347422980884319
4948,4948,4948,4.246666666666668,2.1629773162166352,2.346624838670235
4949,4949,4949,4.248333333333333,2.162942125097385,2.346208172003569
4950,4950,4950,4.25,2.1617625073358844,2.345791505336902
4951,4951,4951,4.251666666666667,2.161727316216635,2.3449933631228177
4952,4952,4952,4.253333333333334,2.1613106495499683,2.344576696456151
4953,4953,4953,4.255000000000001,2.160512507335884,2.344160029789484
4954,4954,4954,4.256666666666668,2.1604773162166353,2.343743363122817
4955,4955,4955,4.258333333333335,2.160060649549968,2.3437081720035686
4956,4956,4956,4.26,2.1600254584307192,2.3429100297894845
4957,4957,4957,4.261666666666667,2.159227316216635,2.342874838670235
4958,4958,4958,4.263333333333334,2.1588106495499684,2.342076696456151
4959,4959,4959,4.265000000000001,2.1587754584307186,2.3420415053369017
4960,4960,4960,4.2666666666666675,2.157595840669217,2.3412433631228176
4961,4961,4961,4.268333333333334,2.1575606495499677,2.340826696456151
4962,4962,4962,4.270000000000001,2.157143982883301,2.3404100297894836
4963,4963,4963,4.271666666666668,2.156727316216635,2.3403748386702348
4964,4964,4964,4.273333333333332,2.1563106495499684,2.339576696456151
4965,4965,4965,4.275,2.1558939828833017,2.3391600297894843
4966,4966,4966,4.276666666666667,2.155477316216635,2.339124838670235
4967,4967,4967,4.278333333333334,2.155060649549968,2.338326696456151
4968,4968,4968,4.280000000000001,2.154643982883301,2.3382915053369016
4969,4969,4969,4.281666666666668,2.1542273162166348,2.337874838670235
4970,4970,4970,4.283333333333333,2.153429174002551,2.3374581720035685
4971,4971,4971,4.285,2.1530125073358843,2.3366600297894844
4972,4972,4972,4.286666666666667,2.152977316216635,2.3362433631228177
4973,4973,4973,4.288333333333334,2.1521791740025504,2.335826696456151
4974,4974,4974,4.290000000000001,2.151762507335884,2.3350285542420672
4975,4975,4975,4.291666666666668,2.1509643651218,2.3346118875754005
4976,4976,4976,4.293333333333333,2.150929174002552,2.3349581720035686
4977,4977,4977,4.295,2.1505125073358844,2.3341600297894844
4978,4978,4978,4.296666666666667,2.1500958406692177,2.3337433631228177
4979,4979,4979,4.298333333333334,2.149297698455133,2.333326696456151
4980,4980,4980,4.300000000000001,2.1488810317884663,2.3329100297894843
4981,4981,4981,4.301666666666668,2.1484643651218,2.332493363122817
4982,4982,4982,4.303333333333335,2.148810649549968,2.332076696456151
4983,4983,4983,4.305,2.1480125073358844,2.3316600297894845
4984,4984,4984,4.306666666666667,2.1475958406692177,2.330861887575401
4985,4985,4985,4.308333333333334,2.146797698455133,2.330445220908734
4986,4986,4986,4.3100000000000005,2.1467625073358843,2.330028554242068
4987,4987,4987,4.311666666666667,2.146345840669217,2.3296118875754006
4988,4988,4988,4.313333333333334,2.1459291740025512,2.329576696456151
4989,4989,4989,4.315000000000001,2.145512507335884,2.328778554242067
4990,4990,4990,4.316666666666666,2.1447143651218,2.328361887575401
4991,4991,4991,4.318333333333333,2.144679174002551,2.328326696456151
4992,4992,4992,4.32,2.1442625073358843,2.3279100297894844
4993,4993,4993,4.321666666666667,2.1438458406692176,2.3271118875754007
4994,4994,4994,4.323333333333334,2.143047698455133,2.326695220908734
4995,4995,4995,4.325000000000001,2.143012507335884,2.326278554242067
4996,4996,4996,4.326666666666668,2.1425958406692174,2.3258618875754005
4997,4997,4997,4.328333333333333,2.141797698455133,2.3254452209087337
4998,4998,4998,4.33,2.1417625073358844,2.3250285542420674
4999,4999,4999,4.331666666666667,2.1409643651218,2.3246118875754007
5000,5000,5000,4.333333333333334,2.140547698455133,2.324195220908734
5001,5001,5001,4.335000000000001,2.1401310317884663,2.3237785542420677
5002,5002,5002,4.336666666666668,2.1397143651218,2.3233618875754005
5003,5003,5003,4.338333333333335,2.1392976984551333,2.322563745361316
5004,5004,5004,4.34,2.1388810317884666,2.3221470786946496
5005,5005,5005,4.341666666666667,2.1384643651218,2.321730412027983
5006,5006,5006,4.343333333333334,2.138047698455133,2.321695220908734
5007,5007,5007,4.345000000000001,2.1376310317884664,2.3216600297894843
5008,5008,5008,4.346666666666668,2.1372143651218,2.3204804120279827
5009,5009,5009,4.3483333333333345,2.1367976984551333,2.320445220908734
5010,5010,5010,4.350000000000001,2.1363810317884657,2.3196470786946493
5011,5011,5011,4.351666666666668,2.1359643651218,2.319230412027983
5012,5012,5012,4.353333333333332,2.135547698455133,2.318813745361316
5013,5013,5013,4.355,2.1351310317884664,2.318778554242068
5014,5014,5014,4.356666666666667,2.1343328895743823,2.3183618875754006
5015,5015,5015,4.358333333333334,2.1339162229077155,2.317563745361316
5016,5016,5016,4.360000000000001,2.1338810317884658,2.3171470786946493
5017,5017,5017,4.361666666666666,2.1334643651218,2.3167304120279826
5018,5018,5018,4.363333333333333,2.133047698455133,2.3163137453613163
5019,5019,5019,4.365,2.1326310317884665,2.3158970786946496
5020,5020,5020,4.366666666666667,2.1318328895743823,2.315480412027983
5021,5021,5021,4.368333333333334,2.131034747360298,2.315063745361316
5022,5022,5022,4.370000000000001,2.1309995562410493,2.315028554242067
5023,5023,5023,4.371666666666668,2.1305828895743817,2.313848936480565
5024,5024,5024,4.373333333333333,2.130166222907716,2.3138137453613163
5025,5025,5025,4.375,2.1297495562410487,2.3133970786946496
5026,5026,5026,4.376666666666667,2.1293328895743824,2.312980412027983
5027,5027,5027,4.378333333333334,2.129297698455133,2.3125637453613157
5028,5028,5028,4.380000000000001,2.1284995562410494,2.3121470786946494
5029,5029,5029,4.381666666666668,2.1284643651218,2.3117304120279827
5030,5030,5030,4.383333333333335,2.1276662229077155,2.311313745361316
5031,5031,5031,4.385,2.127249556241049,2.3112785542420675
5032,5032,5032,4.386666666666667,2.1268328895743824,2.310861887575401
5033,5033,5033,4.388333333333334,2.126416222907716,2.3100637453613158
5034,5034,5034,4.390000000000001,2.125999556241049,2.309265603147232
5035,5035,5035,4.3916666666666675,2.1255828895743822,2.3088489364805653
5036,5036,5036,4.393333333333334,2.1251662229077155,2.3084322698138986
5037,5037,5037,4.395000000000001,2.124368080693632,2.3083970786946497
5038,5038,5038,4.396666666666668,2.1243328895743825,2.307980412027983
5039,5039,5039,4.398333333333332,2.123916222907716,2.307182269813899
5040,5040,5040,4.4,2.123118080693632,2.307147078694649
5041,5041,5041,4.401666666666667,2.1227014140269653,2.3063489364805654
5042,5042,5042,4.403333333333334,2.122284747360298,2.306313745361316
5043,5043,5043,4.405000000000001,2.1218680806936314,2.305515603147232
5044,5044,5044,4.406666666666668,2.1218328895743817,2.3054804120279826
5045,5045,5045,4.408333333333333,2.1210347473602984,2.304300794266481
5046,5046,5046,4.41,2.120618080693632,2.3038841275998143
5047,5047,5047,4.411666666666667,2.1205828895743823,2.303467460933148
5048,5048,5048,4.413333333333334,2.119784747360298,2.3034322698138987
5049,5049,5049,4.415000000000001,2.118986605146214,2.3033970786946494
5050,5050,5050,4.416666666666668,2.1189514140269647,2.302598936480565
5051,5051,5051,4.418333333333333,2.1185347473602985,2.3025637453613164
5052,5052,5052,4.42,2.118118080693632,2.3021470786946496
5053,5053,5053,4.421666666666667,2.1180828895743824,2.301348936480565
5054,5054,5054,4.423333333333334,2.117666222907716,2.3009322698138988
5055,5055,5055,4.425000000000001,2.116486605146214,2.300515603147232
5056,5056,5056,4.426666666666668,2.1160699384795474,2.3000989364805653
5057,5057,5057,4.428333333333335,2.116034747360298,2.300063745361316
5058,5058,5058,4.43,2.1152366051462144,2.2992656031472323
5059,5059,5059,4.431666666666667,2.115201414026965,2.298467460933148
5060,5060,5060,4.433333333333334,2.114403271812881,2.298050794266481
5061,5061,5061,4.4350000000000005,2.113986605146214,2.298015603147232
5062,5062,5062,4.436666666666667,2.1135699384795474,2.2975989364805653
5063,5063,5063,4.438333333333334,2.113534747360298,2.2968007942664808
5064,5064,5064,4.440000000000001,2.112736605146214,2.296384127599814
5065,5065,5065,4.441666666666666,2.112319938479548,2.295967460933148
5066,5066,5066,4.443333333333333,2.1122847473602984,2.295932269813899
5067,5067,5067,4.445,2.111868080693632,2.295515603147232
5068,5068,5068,4.446666666666667,2.1114514140269653,2.2947174609331475
5069,5069,5069,4.448333333333334,2.111034747360298,2.2946822698138987
5070,5070,5070,4.450000000000001,2.1106180806936314,2.294265603147232
5071,5071,5071,4.451666666666668,2.1098199384795477,2.293467460933148
5072,5072,5072,4.453333333333333,2.109403271812881,2.293432269813899
5073,5073,5073,4.455,2.1086051295987964,2.2926341275998143
5074,5074,5074,4.456666666666667,2.108188462932129,2.292217460933148
5075,5075,5075,4.458333333333334,2.1077717962654634,2.2918007942664813
5076,5076,5076,4.460000000000001,2.107736605146214,2.291384127599814
5077,5077,5077,4.461666666666668,2.1077014140269648,2.2905859853857304
5078,5078,5078,4.463333333333335,2.1065217962654628,2.2905507942664807
5079,5079,5079,4.465,2.1064866051462143,2.290515603147232
5080,5080,5080,4.466666666666667,2.106069938479548,2.289717460933148
5081,5081,5081,4.468333333333334,2.1060347473602983,2.289300794266481
5082,5082,5082,4.470000000000001,2.1048551295987963,2.2888841275998137
5083,5083,5083,4.471666666666668,2.1048199384795474,2.2884674609331475
5084,5084,5084,4.4733333333333345,2.1040217962654633,2.287669318719064
5085,5085,5085,4.475000000000001,2.103223654051379,2.287634127599814
5086,5086,5086,4.476666666666668,2.103569938479548,2.287217460933148
5087,5087,5087,4.478333333333332,2.103153271812881,2.286419318719064
5088,5088,5088,4.48,2.1023551295987963,2.2863841275998142
5089,5089,5089,4.481666666666667,2.1019384629321296,2.2859674609331475
5090,5090,5090,4.483333333333334,2.1015217962654633,2.2855507942664812
5091,5091,5091,4.485000000000001,2.100723654051379,2.2847526520523966
5092,5092,5092,4.486666666666666,2.10068846293213,2.284717460933148
5093,5093,5093,4.488333333333333,2.100271796265463,2.284300794266481
5094,5094,5094,4.49,2.1002366051462142,2.2838841275998143
5095,5095,5095,4.491666666666667,2.0994384629321297,2.283467460933148
5096,5096,5096,4.493333333333334,2.099403271812881,2.2830507942664813
5097,5097,5097,4.495000000000001,2.098986605146214,2.2822526520523967
5098,5098,5098,4.496666666666668,2.0978069873847125,2.282217460933148
5099,5099,5099,4.498333333333333,2.097771796265463,2.281800794266481
5100,5100,5100,4.5,2.0973551295987964,2.2810026520523974
5101,5101,5101,4.501666666666667,2.0969384629321297,2.2805859853857307
5102,5102,5102,4.503333333333334,2.0965217962654634,2.280550794266481
5103,5103,5103,4.505000000000001,2.096105129598796,2.2797526520523967
5104,5104,5104,4.506666666666668,2.0953069873847125,2.2793359853857305
5105,5105,5105,4.508333333333335,2.094890320718046,2.278919318719064
5106,5106,5106,4.51,2.0948551295987965,2.2788841275998144
5107,5107,5107,4.511666666666667,2.094056987384713,2.278467460933148
5108,5108,5108,4.513333333333334,2.0936403207180456,2.278050794266481
5109,5109,5109,4.515000000000001,2.0936051295987963,2.277252652052397
5110,5110,5110,4.5166666666666675,2.0928069873847126,2.2768359853857305
5111,5111,5111,4.518333333333334,2.092390320718046,2.276419318719064
5112,5112,5112,4.520000000000001,2.091973654051379,2.276002652052397
5113,5113,5113,4.521666666666668,2.091556987384713,2.2755859853857308
5114,5114,5114,4.523333333333332,2.091521796265463,2.275550794266481
5115,5115,5115,4.525,2.0907236540513794,2.2747526520523973
5116,5116,5116,4.526666666666667,2.0903069873847127,2.2739545098383127
5117,5117,5117,4.528333333333334,2.089890320718046,2.2743007942664812
5118,5118,5118,4.530000000000001,2.089473654051379,2.2735026520523967
5119,5119,5119,4.531666666666668,2.0890569873847125,2.2727045098383125
5120,5120,5120,4.533333333333333,2.0886403207180457,2.272669318719064
5121,5121,5121,4.535,2.0886051295987964,2.2722526520523973
5122,5122,5122,4.536666666666667,2.0878069873847127,2.2714545098383128
5123,5123,5123,4.538333333333334,2.087390320718045,2.271419318719064
5124,5124,5124,4.540000000000001,2.0869736540513792,2.2710026520523967
5125,5125,5125,4.541666666666668,2.086938462932129,2.270204509838313
5126,5126,5126,4.543333333333333,2.0861403207180467,2.270169318719064
5127,5127,5127,4.545,2.0853421785039616,2.2693711765049795
5128,5128,5128,4.546666666666667,2.084925511837296,2.2693359853857307
5129,5129,5129,4.548333333333334,2.0845088451706286,2.268537843171646
5130,5130,5130,4.550000000000001,2.0844736540513797,2.2685026520523968
5131,5131,5131,4.551666666666668,2.083675511837295,2.2684674609331474
5132,5132,5132,4.553333333333335,2.083640320718046,2.2680507942664807
5133,5133,5133,4.555,2.0828421785039617,2.26687117650498
5134,5134,5134,4.556666666666667,2.0824255118372954,2.2668359853857307
5135,5135,5135,4.558333333333334,2.0823903207180456,2.266419318719064
5136,5136,5136,4.5600000000000005,2.081592178503962,2.2656211765049794
5137,5137,5137,4.561666666666667,2.081175511837295,2.2655859853857305
5138,5138,5138,4.563333333333334,2.081140320718046,2.265169318719064
5139,5139,5139,4.565000000000001,2.080723654051379,2.264371176504979
5140,5140,5140,4.566666666666666,2.080306987384713,2.263954509838313
5141,5141,5141,4.568333333333333,2.0798903207180457,2.263919318719064
5142,5142,5142,4.57,2.079092178503962,2.2631211765049795
5143,5143,5143,4.571666666666667,2.0786755118372957,2.2630859853857306
5144,5144,5144,4.573333333333334,2.078640320718046,2.262669318719064
5145,5145,5145,4.575000000000001,2.077842178503962,2.2618711765049797
5146,5146,5146,4.576666666666668,2.077425511837295,2.2614545098383125
5147,5147,5147,4.578333333333333,2.0770088451706292,2.2610378431716462
5148,5148,5148,4.58,2.0762107029565446,2.2610026520523974
5149,5149,5149,4.581666666666667,2.0761755118372958,2.260204509838313
5150,5150,5150,4.583333333333334,2.0757588451706286,2.260169318719064
5151,5151,5151,4.585000000000001,2.075342178503962,2.2593711765049798
5152,5152,5152,4.586666666666668,2.074925511837295,2.2593359853857304
5153,5153,5153,4.588333333333335,2.0745088451706284,2.258537843171646
5154,5154,5154,4.59,2.0740921785039617,2.25812117650498
5155,5155,5155,4.591666666666667,2.0732940362898784,2.257704509838313
5156,5156,5156,4.593333333333334,2.0732588451706286,2.2569063676242296
5157,5157,5157,4.595000000000001,2.072842178503962,2.25687117650498
5158,5158,5158,4.596666666666668,2.0728069873847126,2.2564545098383126
5159,5159,5159,4.5983333333333345,2.0720088451706284,2.256037843171646
5160,5160,5160,4.600000000000001,2.0712107029565443,2.255621176504979
5161,5161,5161,4.601666666666668,2.0711755118372954,2.255204509838313
5162,5162,5162,4.603333333333332,2.0703773696232117,2.2544063676242296
5163,5163,5163,4.605,2.070342178503962,2.2543711765049794
5164,5164,5164,4.606666666666667,2.0699255118372952,2.2539545098383127
5165,5165,5165,4.608333333333334,2.069127369623211,2.253537843171646
5166,5166,5166,4.610000000000001,2.0687107029565444,2.2535026520523966
5167,5167,5167,4.611666666666666,2.068294036289878,2.252704509838313
5168,5168,5168,4.613333333333333,2.067877369623212,2.252669318719064
5169,5169,5169,4.615,2.067842178503962,2.2518711765049795
5170,5170,5170,4.616666666666667,2.0670440362898783,2.2514545098383127
5171,5171,5171,4.618333333333334,2.067008845170629,2.250656367624229
5172,5172,5172,4.620000000000001,2.066592178503962,2.2502397009575628
5173,5173,5173,4.621666666666668,2.0657940362898777,2.2502045098383125
5174,5174,5174,4.623333333333333,2.0653773696232114,2.2497878431716463
5175,5175,5175,4.625,2.064960702956545,2.2493711765049795
5176,5176,5176,4.626666666666667,2.0645440362898784,2.248954509838313
5177,5177,5177,4.628333333333334,2.064127369623211,2.248156367624229
5178,5178,5178,4.630000000000001,2.0637107029565445,2.247739700957563
5179,5179,5179,4.631666666666668,2.063675511837295,2.2469415587434782
5180,5180,5180,4.633333333333335,2.062877369623211,2.2469063676242294
5181,5181,5181,4.635,2.0624607029565447,2.246489700957563
5182,5182,5182,4.636666666666667,2.062044036289878,2.2460730342908963
5183,5183,5183,4.638333333333334,2.0616273696232112,2.2456563676242296
5184,5184,5184,4.640000000000001,2.0612107029565445,2.245239700957563
5185,5185,5185,4.6416666666666675,2.0607940362898782,2.244823034290896
5186,5186,5186,4.643333333333334,2.060377369623211,2.244024892076812
5187,5187,5187,4.645000000000001,2.0599607029565443,2.243608225410145
5188,5188,5188,4.646666666666668,2.059544036289878,2.2435730342908964
5189,5189,5189,4.648333333333332,2.0591273696232117,2.2431563676242297
5190,5190,5190,4.65,2.058710702956545,2.2431211765049794
5191,5191,5191,4.651666666666667,2.0579125607424604,2.2419415587434783
5192,5192,5192,4.653333333333334,2.057877369623211,2.241906367624229
5193,5193,5193,4.655000000000001,2.0574607029565444,2.2414897009575627
5194,5194,5194,4.656666666666668,2.0570440362898776,2.241073034290896
5195,5195,5195,4.658333333333333,2.056627369623212,2.2406563676242297
5196,5196,5196,4.66,2.0562107029565446,2.240239700957563
5197,5197,5197,4.661666666666667,2.0554125607424605,2.239823034290896
5198,5198,5198,4.663333333333334,2.055377369623211,2.239406367624229
5199,5199,5199,4.665000000000001,2.0549607029565444,2.238608225410145
5200,5200,5200,4.666666666666668,2.0545440362898777,2.238191558743478
5201,5201,5201,4.668333333333333,2.054508845170629,2.2385378431716463
5202,5202,5202,4.67,2.0533292274091277,2.237739700957563
5203,5203,5203,4.671666666666667,2.0532940362898784,2.2369415587434784
5204,5204,5204,4.673333333333334,2.052877369623211,2.2369063676242296
5205,5205,5205,4.675000000000001,2.052079227409127,2.236489700957563
5206,5206,5206,4.676666666666668,2.0520440362898777,2.2356915587434782
5207,5207,5207,4.678333333333335,2.051627369623211,2.2356563676242294
5208,5208,5208,4.68,2.05044775186171,2.235239700957563
5209,5209,5209,4.681666666666667,2.0504125607424606,2.2348230342908963
5210,5210,5210,4.683333333333334,2.049995894075794,2.2344063676242296
5211,5211,5211,4.6850000000000005,2.049579227409127,2.233989700957563
5212,5212,5212,4.686666666666667,2.0491625607424604,2.233573034290896
5213,5213,5213,4.688333333333334,2.049127369623211,2.2331563676242294
5214,5214,5214,4.690000000000001,2.0487107029565443,2.2327397009575627
5215,5215,5215,4.691666666666666,2.0479125607424606,2.2319415587434785
5216,5216,5216,4.693333333333333,2.047495894075794,2.2315248920768123
5217,5217,5217,4.695,2.047079227409127,2.231489700957563
5218,5218,5218,4.696666666666667,2.0466625607424604,2.231073034290896
5219,5219,5219,4.698333333333334,2.0462458940757937,2.230274892076812
5220,5220,5220,4.700000000000001,2.0454477518617096,2.2302397009575627
5221,5221,5221,4.701666666666668,2.0454125607424603,2.229823034290896
5222,5222,5222,4.703333333333333,2.044995894075794,2.229024892076812
5223,5223,5223,4.705,2.04419775186171,2.228989700957563
5224,5224,5224,4.706666666666667,2.04416256074246,2.2281915587434784
5225,5225,5225,4.708333333333334,2.0437458940757938,2.227774892076812
5226,5226,5226,4.710000000000001,2.043329227409127,2.227358225410145
5227,5227,5227,4.711666666666668,2.0429125607424603,2.226560083196061
5228,5228,5228,4.713333333333335,2.0424958940757936,2.226143416529394
5229,5229,5229,4.715,2.0420792274091277,2.2257267498627282
5230,5230,5230,4.716666666666667,2.041281085195043,2.2256915587434785
5231,5231,5231,4.718333333333334,2.0408644185283764,2.225274892076812
5232,5232,5232,4.720000000000001,2.0404477518617097,2.224858225410145
5233,5233,5233,4.721666666666668,2.0404125607424604,2.224823034290896
5234,5234,5234,4.7233333333333345,2.0396144185283758,2.2240248920768115
5235,5235,5235,4.725000000000001,2.038816276314292,2.223608225410145
5236,5236,5236,4.726666666666668,2.038781085195043,2.2235730342908964
5237,5237,5237,4.728333333333332,2.0383644185283765,2.2227748920768122
5238,5238,5238,4.73,2.038329227409127,2.222739700957563
5239,5239,5239,4.731666666666667,2.037531085195043,2.221560083196061
5240,5240,5240,4.733333333333334,2.0371144185283763,2.221143416529394
5241,5241,5241,4.735000000000001,2.037079227409127,2.221108225410145
5242,5242,5242,4.736666666666666,2.0362810851950437,2.2206915587434786
5243,5243,5243,4.738333333333333,2.036245894075794,2.2202748920768123
5244,5244,5244,4.74,2.03544775186171,2.219476749862728
5245,5245,5245,4.741666666666667,2.035031085195043,2.219060083196061
5246,5246,5246,4.743333333333334,2.0346144185283763,2.2186434165293942
5247,5247,5247,4.745000000000001,2.0341977518617096,2.2182267498627275
5248,5248,5248,4.746666666666668,2.0337810851950433,2.2178100831960608
5249,5249,5249,4.748333333333333,2.033364418528377,2.2173934165293945
5250,5250,5250,4.75,2.03294775186171,2.216976749862728
5251,5251,5251,4.751666666666667,2.0321496096476257,2.2169415587434784
5252,5252,5252,4.753333333333334,2.032495894075794,2.215761940981977
5253,5253,5253,4.755000000000001,2.031316276314292,2.215726749862728
5254,5254,5254,4.756666666666668,2.0316625607424603,2.2156915587434782
5255,5255,5255,4.758333333333335,2.0304829429809588,2.2152748920768115
5256,5256,5256,4.76,2.03044775186171,2.2148582254101448
5257,5257,5257,4.761666666666667,2.030031085195043,2.214060083196061
5258,5258,5258,4.763333333333334,2.029995894075794,2.2136434165293943
5259,5259,5259,4.765000000000001,2.0291977518617097,2.213226749862728
5260,5260,5260,4.7666666666666675,2.0291625607424604,2.2124286076486435
5261,5261,5261,4.768333333333334,2.028364418528376,2.212393416529394
5262,5262,5262,4.770000000000001,2.027947751861709,2.212358225410145
5263,5263,5263,4.771666666666668,2.027531085195043,2.211560083196061
5264,5264,5264,4.773333333333332,2.0271144185283765,2.2111434165293944
5265,5265,5265,4.775,2.0266977518617098,2.210726749862728
5266,5266,5266,4.776666666666667,2.026281085195043,2.210310083196061
5267,5267,5267,4.778333333333334,2.0258644185283763,2.209511940981977
5268,5268,5268,4.780000000000001,2.0254477518617096,2.2094767498627275
5269,5269,5269,4.781666666666668,2.0250310851950433,2.2090600831960607
5270,5270,5270,4.783333333333333,2.0246144185283765,2.2086434165293944
5271,5271,5271,4.785,2.02419775186171,2.2078452743153103
5272,5272,5272,4.786666666666667,2.023781085195043,2.207810083196061
5273,5273,5273,4.788333333333334,2.023364418528376,2.207011940981977
5274,5274,5274,4.790000000000001,2.0225662763142918,2.2069767498627275
5275,5275,5275,4.791666666666668,2.022149609647625,2.206178607648644
5276,5276,5276,4.793333333333335,2.0217329429809587,2.206143416529394
5277,5277,5277,4.795,2.0213162763142924,2.2053452743153104
5278,5278,5278,4.796666666666667,2.021281085195043,2.205310083196061
5279,5279,5279,4.798333333333334,2.020482942980959,2.204511940981977
5280,5280,5280,4.800000000000001,2.0200662763142923,2.20409527431531
5281,5281,5281,4.801666666666668,2.020031085195043,2.2036786076486434
5282,5282,5282,4.803333333333336,2.0196144185283758,2.203643416529394
5283,5283,5283,4.805,2.0188162763142925,2.2032267498627283
5284,5284,5284,4.806666666666667,2.0183996096476258,2.202810083196061
5285,5285,5285,4.808333333333334,2.017982942980959,2.2020119409819765
5286,5286,5286,4.8100000000000005,2.0175662763142923,2.20159527431531
5287,5287,5287,4.811666666666667,2.0171496096476256,2.2011786076486435
5288,5288,5288,4.813333333333334,2.0171144185283763,2.201143416529394
5289,5289,5289,4.815000000000003,2.016316276314292,2.2007267498627274
5290,5290,5290,4.816666666666666,2.015899609647626,2.199928607648644
5291,5291,5291,4.818333333333333,2.015482942980959,2.1998934165293944
5292,5292,5292,4.82,2.0150662763142924,2.1990952743153103
5293,5293,5293,4.821666666666667,2.0146496096476256,2.199060083196061
5294,5294,5294,4.823333333333334,2.0146144185283763,2.198643416529394
5295,5295,5295,4.825000000000003,2.013816276314292,2.19784527431531
5296,5296,5296,4.826666666666668,2.013399609647625,2.197428607648644
5297,5297,5297,4.828333333333333,2.013364418528377,2.196630465434559
5298,5298,5298,4.83,2.0125662763142924,2.1965952743153103
5299,5299,5299,4.831666666666667,2.0121496096476257,2.1957971321012257
5300,5300,5300,4.833333333333334,2.011732942980959,2.195761940981977
5301,5301,5301,4.835000000000001,2.0113162763142918,2.1949637987678923
5302,5302,5302,4.836666666666668,2.010899609647625,2.195310083196061
5303,5303,5303,4.8383333333333365,2.0104829429809588,2.1945119409819767
5304,5304,5304,4.84,2.0100662763142925,2.1940952743153104
5305,5305,5305,4.841666666666667,2.0096496096476257,2.194060083196061
5306,5306,5306,4.843333333333334,2.009232942980959,2.1936434165293943
5307,5307,5307,4.845000000000001,2.0088162763142923,2.1928452743153106
5308,5308,5308,4.846666666666668,2.008399609647625,2.1924286076486434
5309,5309,5309,4.8483333333333345,2.0083644185283758,2.1920119409819767
5310,5310,5310,4.850000000000003,2.007184800766875,2.1912137987678917
5311,5311,5311,4.851666666666668,2.007149609647626,2.191178607648644
5312,5312,5312,4.853333333333332,2.006732942980959,2.1911434165293944
5313,5313,5313,4.855,2.0063162763142923,2.1899637987678924
5314,5314,5314,4.856666666666667,2.0058996096476256,2.1899286076486435
5315,5315,5315,4.858333333333334,2.005101467433542,2.1895119409819768
5316,5316,5316,4.860000000000003,2.004684800766875,2.18909527431531
5317,5317,5317,4.861666666666666,2.004649609647626,2.188678607648644
5318,5318,5318,4.863333333333333,2.0034699918861243,2.1882619409819766
5319,5319,5319,4.865,2.0038162763142924,2.1878452743153103
5320,5320,5320,4.866666666666667,2.0033996096476256,2.187428607648644
5321,5321,5321,4.868333333333334,2.002601467433542,2.187011940981977
5322,5322,5322,4.870000000000003,2.002184800766875,2.18659527431531
5323,5323,5323,4.871666666666668,2.002149609647625,2.185797132101225
5324,5324,5324,4.873333333333333,2.001732942980959,2.1857619409819766
5325,5325,5325,4.875,2.001316276314292,2.1853452743153103
5326,5326,5326,4.876666666666667,2.0008996096476257,2.185310083196061
5327,5327,5327,4.878333333333334,2.000482942980959,2.184511940981977
5328,5328,5328,4.880000000000001,1.9996848007668755,2.1837137987678923
5329,5329,5329,4.881666666666668,1.9992681341002083,2.1836786076486434
5330,5330,5330,4.883333333333336,1.9988514674335416,2.1832619409819767
5331,5331,5331,4.885,1.9984348007668755,2.1828452743153104
5332,5332,5332,4.886666666666667,1.9983996096476255,2.182428607648644
5333,5333,5333,4.888333333333334,1.997601467433542,2.181630465434559
5334,5334,5334,4.890000000000001,1.9975662763142925,2.18159527431531
5335,5335,5335,4.8916666666666675,1.9967681341002088,2.1811786076486435
5336,5336,5336,4.893333333333334,1.9967329429809588,2.180380465434559
5337,5337,5337,4.895000000000003,1.9963162763142919,2.18034527431531
5338,5338,5338,4.896666666666668,1.9958996096476256,2.180310083196061
5339,5339,5339,4.898333333333332,1.995482942980959,2.1795119409819765
5340,5340,5340,4.9,1.9946848007668756,2.1787137987678924
5341,5341,5341,4.901666666666667,1.9942681341002089,2.1782971321012257
5342,5342,5342,4.903333333333334,1.9942329429809589,2.177880465434559
5343,5343,5343,4.905000000000003,1.9934348007668752,2.17784527431531
5344,5344,5344,4.906666666666668,1.9930181341002084,2.177047132101225
5345,5345,5345,4.908333333333333,1.9926014674335424,2.176630465434559
5346,5346,5346,4.91,1.9921848007668757,2.176976749862728
5347,5347,5347,4.911666666666667,1.9917681341002087,2.176178607648644
5348,5348,5348,4.913333333333334,1.990969991886124,2.175380465434559
5349,5349,5349,4.915000000000003,1.9909348007668752,2.1749637987678923
5350,5350,5350,4.916666666666668,1.9905181341002085,2.174547132101225
5351,5351,5351,4.9183333333333366,1.9901014674335415,2.174130465434559
5352,5352,5352,4.92,1.9896848007668757,2.1740952743153104
5353,5353,5353,4.921666666666667,1.9892681341002088,2.1732971321012258
5354,5354,5354,4.923333333333334,1.988469991886124,2.173261940981977
5355,5355,5355,4.925000000000001,1.9884348007668755,2.1724637987678923
5356,5356,5356,4.926666666666668,1.9880181341002088,2.1720471321012256
5357,5357,5357,4.928333333333336,1.9879829429809588,2.171630465434559
5358,5358,5358,4.93,1.9868033252194577,2.171213798767893
5359,5359,5359,4.931666666666667,1.9867681341002088,2.171178607648644
5360,5360,5360,4.933333333333334,1.985969991886124,2.1699989898871426
5361,5361,5361,4.9350000000000005,1.9855533252194573,2.1699637987678924
5362,5362,5362,4.936666666666667,1.9851366585527908,2.1695471321012256
5363,5363,5363,4.938333333333334,1.9851014674335417,2.1687489898871424
5364,5364,5364,4.940000000000003,1.9846848007668751,2.16909527431531
5365,5365,5365,4.941666666666666,1.9838866585527908,2.168297132101226
5366,5366,5366,4.943333333333333,1.9834699918861245,2.167880465434559
5367,5367,5367,4.945,1.983053325219457,2.1674637987678924
5368,5368,5368,4.946666666666667,1.9822551830053732,2.1670471321012257
5369,5369,5369,4.948333333333334,1.982219991886124,2.166630465434559
5370,5370,5370,4.950000000000003,1.98142184967204,2.1662137987678918
5371,5371,5371,4.951666666666668,1.9813866585527904,2.165797132101225
5372,5372,5372,4.953333333333333,1.9809699918861243,2.1649989898871427
5373,5373,5373,4.955,1.9805533252194576,2.1649637987678925
5374,5374,5374,4.956666666666667,1.9801366585527904,2.1645471321012257
5375,5375,5375,4.958333333333334,1.9793385163387067,2.1637489898871425
5376,5376,5376,4.960000000000001,1.9793033252194572,2.1637137987678923
5377,5377,5377,4.961666666666668,1.978886658552791,2.163297132101225
5378,5378,5378,4.9633333333333365,1.9788514674335416,2.162880465434559
5379,5379,5379,4.965,1.9784348007668755,2.1624637987678925
5380,5380,5380,4.966666666666667,1.9772551830053733,2.1616656565538093
5381,5381,5381,4.968333333333334,1.977219991886124,2.161630465434559
5382,5382,5382,4.970000000000001,1.9768033252194572,2.1612137987678923
5383,5383,5383,4.971666666666668,1.9763866585527907,2.160415656553809
5384,5384,5384,4.9733333333333345,1.975969991886124,2.160380465434559
5385,5385,5385,4.975000000000003,1.9755533252194573,2.159582323220476
5386,5386,5386,4.976666666666668,1.975136658552791,2.159547132101226
5387,5387,5387,4.978333333333332,1.974719991886124,2.159130465434559
5388,5388,5388,4.98,1.9743033252194573,2.1587137987678924
5389,5389,5389,4.981666666666667,1.9738866585527908,2.157915656553809
5390,5390,5390,4.983333333333334,1.9730885163387064,2.1574989898871424
5391,5391,5391,4.985000000000003,1.9726718496720401,2.157082323220476
5392,5392,5392,4.986666666666666,1.9722551830053736,2.157428607648644
5393,5393,5393,4.988333333333333,1.9722199918861243,2.156630465434559
5394,5394,5394,4.99,1.9718033252194576,2.1565952743153103
5395,5395,5395,4.991666666666667,1.9713866585527908,2.1557971321012257
5396,5396,5396,4.993333333333334,1.970969991886124,2.1549989898871424
5397,5397,5397,4.995000000000003,1.9705533252194571,2.154582323220476
5398,5398,5398,4.996666666666668,1.9701366585527904,2.1541656565538085
5399,5399,5399,4.998333333333333,1.9697199918861243,2.1537489898871427
5400,5400,5400,5.0,1.96892184967204,2.153332323220476
5401,5401,5401,5.001666666666667,1.9688866585527909,2.152915656553809
5402,5402,5402,5.003333333333334,1.968469991886124,2.152880465434559
5403,5403,5403,5.005000000000001,1.96767184967204,2.152082323220476
5404,5404,5404,5.006666666666668,1.967636658552791,2.151665656553809
5405,5405,5405,5.008333333333336,1.9668385163387063,2.1508675143397245
5406,5406,5406,5.01,1.9664218496720405,2.150832323220476
5407,5407,5407,5.011666666666667,1.9660051830053733,2.1504156565538093
5408,5408,5408,5.013333333333334,1.965969991886124,2.1496175143397247
5409,5409,5409,5.015000000000001,1.9655533252194572,2.149582323220476
5410,5410,5410,5.0166666666666675,1.964755183005373,2.1495471321012256
5411,5411,5411,5.018333333333334,1.9639570407912887,2.1495119409819767
5412,5412,5412,5.02,1.9646848007668751,2.1479508476730578
5413,5413,5413,5.021666666666668,1.963886658552791,2.1479156565538093
5414,5414,5414,5.023333333333332,1.9630885163387068,2.147880465434559
5415,5415,5415,5.025,1.96267184967204,2.147082323220476
5416,5416,5416,5.026666666666667,1.9626366585527908,2.146665656553809
5417,5417,5417,5.028333333333334,1.9618385163387069,2.1462489898871424
5418,5418,5418,5.029999999999999,1.9614218496720401,2.1462137987678918
5419,5419,5419,5.031666666666668,1.9613866585527904,2.145415656553809
5420,5420,5420,5.033333333333333,1.960588516338707,2.1449989898871418
5421,5421,5421,5.035,1.96017184967204,2.144582323220476
5422,5422,5422,5.036666666666667,1.9601366585527908,2.1445471321012257
5423,5423,5423,5.038333333333334,1.959719991886124,2.1437489898871425
5424,5424,5424,5.039999999999999,1.95892184967204,2.1437137987678923
5425,5425,5425,5.041666666666668,1.9588866585527904,2.142915656553809
5426,5426,5426,5.0433333333333366,1.9580885163387065,2.1424989898871423
5427,5427,5427,5.045,1.95767184967204,2.142082323220476
5428,5428,5428,5.046666666666667,1.957636658552791,2.1420471321012258
5429,5429,5429,5.048333333333334,1.9568385163387068,2.1412489898871425
5430,5430,5430,5.050000000000001,1.9560403741246224,2.140832323220476
5431,5431,5431,5.051666666666668,1.9560051830053733,2.140415656553809
5432,5432,5432,5.053333333333336,1.9555885163387063,2.1399989898871423
5433,5433,5433,5.055,1.9551718496720405,2.139582323220476
5434,5434,5434,5.056666666666667,1.954755183005373,2.1391656565538093
5435,5435,5435,5.058333333333334,1.9543385163387068,2.1383675143397247
5436,5436,5436,5.0600000000000005,1.95392184967204,2.138332323220476
5437,5437,5437,5.061666666666667,1.9535051830053731,2.137915656553809
5438,5438,5438,5.063333333333334,1.9530885163387064,2.1374989898871424
5439,5439,5439,5.0649999999999995,1.95267184967204,2.137082323220476
5440,5440,5440,5.066666666666666,1.9522551830053736,2.1366656565538094
5441,5441,5441,5.068333333333333,1.9518385163387069,2.136248989887142
5442,5442,5442,5.07,1.951803325219457,2.1354508476730585
5443,5443,5443,5.071666666666667,1.9510051830053732,2.135415656553809
5444,5444,5444,5.073333333333334,1.950588516338707,2.1349989898871424
5445,5445,5445,5.074999999999999,1.9497903741246223,2.1342008476730583
5446,5446,5446,5.076666666666668,1.9497551830053728,2.134165656553809
5447,5447,5447,5.078333333333333,1.949338516338707,2.134130465434559
5448,5448,5448,5.08,1.94892184967204,2.133332323220476
5449,5449,5449,5.081666666666667,1.948123707457956,2.132915656553809
5450,5450,5450,5.083333333333334,1.9480885163387067,2.1324989898871425
5451,5451,5451,5.085000000000001,1.94767184967204,2.132082323220476
5452,5452,5452,5.086666666666668,1.946873707457956,2.131665656553809
5453,5453,5453,5.0883333333333365,1.9468385163387063,2.1312489898871423
5454,5454,5454,5.09,1.9460403741246228,2.130832323220476
5455,5455,5455,5.091666666666667,1.9460051830053733,2.1300341810063914
5456,5456,5456,5.093333333333334,1.9455885163387068,2.1299989898871425
5457,5457,5457,5.095000000000001,1.94517184967204,2.129582323220476
5458,5458,5458,5.096666666666668,1.9443737074579561,2.1287841810063908
5459,5459,5459,5.0983333333333345,1.9443385163387064,2.1287489898871423
5460,5460,5460,5.1,1.9435403741246224,2.1279508476730578
5461,5461,5461,5.101666666666668,1.943123707457956,2.1275341810063915
5462,5462,5462,5.103333333333332,1.9430885163387068,2.1271175143397247
5463,5463,5463,5.105,1.94267184967204,2.126700847673058
5464,5464,5464,5.106666666666667,1.9422551830053731,2.126665656553809
5465,5465,5465,5.108333333333334,1.9418385163387064,2.1262489898871424
5466,5466,5466,5.109999999999999,1.9414218496720401,2.1254508476730583
5467,5467,5467,5.111666666666668,1.9410051830053727,2.1250341810063906
5468,5468,5468,5.113333333333333,1.9402070407912893,2.124998989887142
5469,5469,5469,5.115,1.9397903741246227,2.124200847673058
5470,5470,5470,5.116666666666667,1.939373707457956,2.1237841810063918
5471,5471,5471,5.118333333333334,1.939338516338707,2.1237489898871424
5472,5472,5472,5.119999999999999,1.93892184967204,2.1229508476730583
5473,5473,5473,5.121666666666668,1.9385051830053728,2.1225341810063907
5474,5474,5474,5.123333333333333,1.9377070407912893,2.121736038792308
5475,5475,5475,5.125,1.9372903741246232,2.121700847673058
5476,5476,5476,5.126666666666667,1.936873707457956,2.1212841810063914
5477,5477,5477,5.128333333333334,1.9368385163387067,2.1208675143397246
5478,5478,5478,5.130000000000001,1.93642184967204,2.120832323220476
5479,5479,5479,5.131666666666668,1.9360051830053733,2.1200341810063907
5480,5480,5480,5.133333333333336,1.9352070407912887,2.1192360387923075
5481,5481,5481,5.135,1.9347903741246228,2.119200847673058
5482,5482,5482,5.136666666666667,1.934373707457956,2.1187841810063914
5483,5483,5483,5.138333333333334,1.9343385163387068,2.1183675143397247
5484,5484,5484,5.140000000000001,1.9335403741246229,2.1179508476730584
5485,5485,5485,5.1416666666666675,1.933505183005373,2.1175341810063912
5486,5486,5486,5.143333333333334,1.9330885163387064,2.1174989898871424
5487,5487,5487,5.145,1.9322903741246225,2.117082323220476
5488,5488,5488,5.146666666666668,1.931873707457956,2.1162841810063915
5489,5489,5489,5.148333333333332,1.9314570407912892,2.1158675143397248
5490,5490,5490,5.15,1.9310403741246227,2.115450847673058
5491,5491,5491,5.151666666666667,1.9310051830053732,2.1146527054589743
5492,5492,5492,5.153333333333334,1.9305885163387069,2.114617514339725
5493,5493,5493,5.154999999999999,1.9301718496720401,2.1142008476730583
5494,5494,5494,5.156666666666668,1.9289922319105384,2.1137841810063907
5495,5495,5495,5.158333333333333,1.9289570407912893,2.1133675143397253
5496,5496,5496,5.16,1.9285403741246228,2.1125693721256407
5497,5497,5497,5.161666666666667,1.928123707457956,2.112534181006392
5498,5498,5498,5.163333333333334,1.9280885163387067,2.1121175143397246
5499,5499,5499,5.164999999999999,1.9272903741246223,2.1117008476730583
5500,5500,5500,5.166666666666668,1.926873707457956,2.1112841810063907
5501,5501,5501,5.1683333333333366,1.9264570407912893,2.1108675143397244
5502,5502,5502,5.17,1.9260403741246228,2.110450847673058
5503,5503,5503,5.171666666666667,1.925623707457956,2.1096527054589744
5504,5504,5504,5.173333333333334,1.9252070407912891,2.1096175143397247
5505,5505,5505,5.175000000000001,1.9247903741246224,2.1092008476730584
5506,5506,5506,5.176666666666668,1.9247551830053733,2.1087841810063908
5507,5507,5507,5.178333333333336,1.9239570407912887,2.1083675143397245
5508,5508,5508,5.18,1.9231588985772052,2.107950847673058
5509,5509,5509,5.181666666666667,1.9227422319105387,2.1075341810063914
5510,5510,5510,5.183333333333334,1.9227070407912892,2.1071175143397247
5511,5511,5511,5.1850000000000005,1.922290374124623,2.107082323220476
5512,5512,5512,5.186666666666667,1.9218737074579562,2.1062841810063917
5513,5513,5513,5.188333333333334,1.9218385163387064,2.1058675143397245
5514,5514,5514,5.1899999999999995,1.92142184967204,2.1054508476730582
5515,5515,5515,5.191666666666666,1.920623707457956,2.1050341810063915
5516,5516,5516,5.193333333333333,1.9202070407912892,2.104998989887142
5517,5517,5517,5.195,1.92017184967204,2.104200847673058
5518,5518,5518,5.196666666666667,1.919373707457956,2.1037841810063918
5519,5519,5519,5.198333333333334,1.9189570407912893,2.103367514339725
5520,5520,5520,5.199999999999999,1.9185403741246223,2.102569372125641
5521,5521,5521,5.201666666666668,1.918123707457956,2.1025341810063907
5522,5522,5522,5.203333333333333,1.9177070407912893,2.1021175143397253
5523,5523,5523,5.205,1.91767184967204,2.101700847673058
5524,5524,5524,5.206666666666667,1.916873707457956,2.1009027054589744
5525,5525,5525,5.208333333333334,1.916457040791289,2.1008675143397246
5526,5526,5526,5.210000000000001,1.9160403741246224,2.1004508476730583
5527,5527,5527,5.211666666666668,1.915623707457956,2.1000341810063907
5528,5528,5528,5.2133333333333365,1.915207040791289,2.0992360387923075
5529,5529,5529,5.215,1.9147903741246228,2.099200847673058
5530,5530,5530,5.216666666666667,1.9147551830053733,2.0987841810063914
5531,5531,5531,5.218333333333334,1.9139570407912891,2.097986038792308
5532,5532,5532,5.220000000000001,1.9135403741246224,2.0979508476730584
5533,5533,5533,5.221666666666668,1.9131237074579561,2.0971527054589743
5534,5534,5534,5.2233333333333345,1.912325565243872,2.0967360387923075
5535,5535,5535,5.225,1.9122903741246224,2.096319372125641
5536,5536,5536,5.226666666666668,1.9114922319105387,2.0959027054589745
5537,5537,5537,5.228333333333332,1.9114570407912892,2.0958675143397247
5538,5538,5538,5.23,1.911040374124623,2.095450847673058
5539,5539,5539,5.231666666666667,1.9110051830053731,2.0950341810063917
5540,5540,5540,5.233333333333334,1.9102070407912888,2.094236038792308
5541,5541,5541,5.234999999999999,1.9097903741246225,2.0942008476730583
5542,5542,5542,5.236666666666668,1.909373707457956,2.0937841810063906
5543,5543,5543,5.238333333333333,1.9089570407912893,2.0933675143397252
5544,5544,5544,5.24,1.9085403741246227,2.0925693721256406
5545,5545,5545,5.241666666666667,1.9077422319105384,2.0925341810063918
5546,5546,5546,5.243333333333334,1.9077070407912893,2.0921175143397246
5547,5547,5547,5.244999999999999,1.9069088985772047,2.0917008476730583
5548,5548,5548,5.246666666666668,1.9064922319105384,2.0912841810063907
5549,5549,5549,5.248333333333333,1.9064570407912893,2.0908675143397253
5550,5550,5550,5.25,1.9060403741246228,2.090450847673058
5551,5551,5551,5.251666666666667,1.9052422319105389,2.0900341810063914
5552,5552,5552,5.253333333333334,1.905207040791289,2.089236038792308
5553,5553,5553,5.255000000000001,1.9047903741246224,2.0892008476730584
5554,5554,5554,5.256666666666668,1.904373707457956,2.0887841810063907
5555,5555,5555,5.258333333333336,1.903575565243872,2.0883675143397245
5556,5556,5556,5.26,1.9035403741246228,2.087950847673058
5557,5557,5557,5.261666666666667,1.9027422319105387,2.0875341810063914
5558,5558,5558,5.263333333333334,1.9023255652438718,2.0871175143397247
5559,5559,5559,5.265000000000001,1.9022903741246229,2.086319372125641
5560,5560,5560,5.2666666666666675,1.9018737074579561,2.0862841810063912
5561,5561,5561,5.268333333333334,1.9014570407912887,2.08510456324489
5562,5562,5562,5.27,1.9010403741246225,2.085069372125641
5563,5563,5563,5.271666666666668,1.900623707457956,2.0846527054589745
5564,5564,5564,5.273333333333332,1.9002070407912892,2.0846175143397248
5565,5565,5565,5.275,1.8994088985772053,2.0838193721256406
5566,5566,5566,5.276666666666667,1.899373707457956,2.0834027054589743
5567,5567,5567,5.278333333333334,1.898575565243872,2.083367514339725
5568,5568,5568,5.279999999999999,1.8985403741246225,2.0829508476730583
5569,5569,5569,5.281666666666668,1.898123707457956,2.0825341810063907
5570,5570,5570,5.283333333333333,1.8977070407912893,2.081736038792308
5571,5571,5571,5.285,1.8972903741246228,2.0813193721256407
5572,5572,5572,5.286666666666667,1.8964922319105384,2.0809027054589744
5573,5573,5573,5.288333333333334,1.8964570407912889,2.080486038792308
5574,5574,5574,5.289999999999999,1.8956588985772047,2.0804508476730583
5575,5575,5575,5.291666666666668,1.895623707457956,2.0800341810063907
5576,5576,5576,5.2933333333333366,1.8952070407912893,2.0796175143397244
5577,5577,5577,5.295,1.8944088985772052,2.079200847673058
5578,5578,5578,5.296666666666667,1.894373707457956,2.0784027054589744
5579,5579,5579,5.298333333333334,1.8935755652438717,2.0787489898871425
5580,5580,5580,5.300000000000001,1.8935403741246224,2.0779508476730584
5581,5581,5581,5.301666666666668,1.893123707457956,2.0771527054589742
5582,5582,5582,5.303333333333336,1.8927070407912887,2.0767360387923075
5583,5583,5583,5.305,1.8922903741246229,2.0763193721256408
5584,5584,5584,5.306666666666667,1.892255183005373,2.0759027054589745
5585,5585,5585,5.308333333333334,1.8910755652438718,2.0758675143397247
5586,5586,5586,5.3100000000000005,1.891040374124623,2.075069372125641
5587,5587,5587,5.311666666666667,1.8906237074579562,2.0746527054589743
5588,5588,5588,5.313333333333334,1.8902070407912888,2.074236038792308
5589,5589,5589,5.3149999999999995,1.8897903741246225,2.073819372125641
5590,5590,5590,5.316666666666666,1.889373707457956,2.0737841810063915
5591,5591,5591,5.318333333333333,1.8889570407912892,2.0733675143397248
5592,5592,5592,5.32,1.8885403741246227,2.0725693721256406
5593,5593,5593,5.321666666666667,1.8877422319105384,2.0725341810063918
5594,5594,5594,5.323333333333334,1.8877070407912893,2.072117514339725
5595,5595,5595,5.324999999999999,1.8872903741246223,2.0717008476730583
5596,5596,5596,5.326666666666668,1.886873707457956,2.070902705458974
5597,5597,5597,5.328333333333333,1.886838516338707,2.070486038792308
5598,5598,5598,5.33,1.8860403741246228,2.0700693721256407
5599,5599,5599,5.331666666666667,1.885623707457956,2.070034181006392
5600,5600,5600,5.333333333333334,1.885207040791289,2.069236038792308
5601,5601,5601,5.335000000000001,1.8847903741246224,2.0692008476730583
5602,5602,5602,5.336666666666668,1.884373707457956,2.0687841810063907
5603,5603,5603,5.3383333333333365,1.883575565243872,2.0679860387923075
5604,5604,5604,5.34,1.8835403741246228,2.067950847673058
5605,5605,5605,5.341666666666667,1.882742231910539,2.0671527054589744
5606,5606,5606,5.343333333333334,1.8827070407912891,2.0671175143397247
5607,5607,5607,5.345000000000001,1.8822903741246224,2.0667008476730584
5608,5608,5608,5.346666666666668,1.8818737074579561,2.0662841810063908
5609,5609,5609,5.3483333333333345,1.8818385163387064,2.0658675143397245
5610,5610,5610,5.35,1.8810403741246224,2.0654508476730578
5611,5611,5611,5.351666666666668,1.880623707457956,2.0650341810063915
5612,5612,5612,5.353333333333332,1.8802070407912892,2.064236038792308
5613,5613,5613,5.355,1.879790374124623,2.0638193721256406
5614,5614,5614,5.356666666666667,1.8793737074579562,2.0634027054589743
5615,5615,5615,5.358333333333334,1.8789570407912888,2.062986038792308
5616,5616,5616,5.359999999999999,1.8785403741246225,2.062569372125641
5617,5617,5617,5.361666666666668,1.8785051830053727,2.0625341810063906
5618,5618,5618,5.363333333333333,1.8777070407912893,2.0621175143397252
5619,5619,5619,5.365,1.8772903741246227,2.061700847673058
5620,5620,5620,5.366666666666667,1.876873707457956,2.0612841810063918
5621,5621,5621,5.368333333333334,1.876838516338707,2.0608675143397246
5622,5622,5622,5.369999999999999,1.8760403741246223,2.0604508476730583
5623,5623,5623,5.371666666666668,1.875623707457956,2.0600341810063907
5624,5624,5624,5.373333333333333,1.8752070407912893,2.0596175143397253
5625,5625,5625,5.375,1.8747903741246223,2.059200847673058
5626,5626,5626,5.376666666666667,1.8747551830053732,2.0584027054589744
5627,5627,5627,5.378333333333334,1.873957040791289,2.0583675143397246
5628,5628,5628,5.380000000000001,1.8735403741246224,2.0579508476730584
5629,5629,5629,5.381666666666668,1.873123707457956,2.0575341810063907
5630,5630,5630,5.383333333333336,1.8727070407912887,2.0567360387923075
5631,5631,5631,5.385,1.8722903741246228,2.056700847673058
5632,5632,5632,5.386666666666667,1.871873707457956,2.0559027054589745
5633,5633,5633,5.388333333333334,1.8714570407912892,2.055486038792308
5634,5634,5634,5.390000000000001,1.87142184967204,2.0554508476730584
5635,5635,5635,5.3916666666666675,1.8706237074579561,2.0550341810063912
5636,5636,5636,5.393333333333334,1.8702070407912887,2.0542360387923075
5637,5637,5637,5.395,1.87017184967204,2.053819372125641
5638,5638,5638,5.396666666666668,1.869373707457956,2.0534027054589745
5639,5639,5639,5.398333333333332,1.8693385163387068,2.052986038792308
5640,5640,5640,5.4,1.8685403741246227,2.0525693721256406
5641,5641,5641,5.401666666666667,1.868123707457956,2.052915656553809
5642,5642,5642,5.403333333333334,1.8677070407912888,2.051736038792308
5643,5643,5643,5.404999999999999,1.8669088985772049,2.051319372125641
5644,5644,5644,5.406666666666668,1.866873707457956,2.0512841810063907
5645,5645,5645,5.408333333333333,1.8664570407912893,2.0508675143397253
5646,5646,5646,5.41,1.8660403741246228,2.0500693721256407
5647,5647,5647,5.411666666666667,1.865623707457956,2.0496527054589744
5648,5648,5648,5.413333333333334,1.864825565243872,2.049236038792308
5649,5649,5649,5.414999999999999,1.8647903741246223,2.0492008476730583
5650,5650,5650,5.416666666666668,1.864373707457956,2.048402705458974
5651,5651,5651,5.4183333333333366,1.8643385163387065,2.0479860387923075
5652,5652,5652,5.42,1.8635403741246228,2.0475693721256407
5653,5653,5653,5.421666666666667,1.863123707457956,2.0471527054589744
5654,5654,5654,5.423333333333334,1.8627070407912891,2.0471175143397247
5655,5655,5655,5.425000000000001,1.8622903741246224,2.0467008476730584
5656,5656,5656,5.426666666666668,1.8622551830053733,2.0459027054589742
5657,5657,5657,5.428333333333336,1.8618385163387063,2.0458675143397245
5658,5658,5658,5.43,1.8610403741246224,2.0454508476730577
5659,5659,5659,5.431666666666667,1.860623707457956,2.0450341810063914
5660,5660,5660,5.433333333333334,1.8602070407912892,2.044236038792308
5661,5661,5661,5.4350000000000005,1.859790374124623,2.043819372125641
5662,5662,5662,5.436666666666667,1.8593737074579562,2.0437841810063917
5663,5663,5663,5.438333333333334,1.8589570407912888,2.0433675143397245
5664,5664,5664,5.4399999999999995,1.8585403741246225,2.0429508476730582
5665,5665,5665,5.441666666666666,1.8577422319105388,2.0425341810063915
5666,5666,5666,5.443333333333333,1.8577070407912892,2.041736038792308
5667,5667,5667,5.445,1.8572903741246227,2.0413193721256406
5668,5668,5668,5.446666666666667,1.856873707457956,2.0409027054589743
5669,5669,5669,5.448333333333334,1.8564570407912893,2.040486038792308
5670,5670,5670,5.449999999999999,1.8560403741246223,2.040069372125641
5671,5671,5671,5.451666666666668,1.855623707457956,2.039652705458974
5672,5672,5672,5.453333333333333,1.855588516338707,2.0396175143397253
5673,5673,5673,5.455,1.85517184967204,2.0388193721256407
5674,5674,5674,5.456666666666667,1.854373707457956,2.0384027054589744
5675,5675,5675,5.458333333333334,1.853957040791289,2.0383675143397246
5676,5676,5676,5.460000000000001,1.8535403741246224,2.0379508476730583
5677,5677,5677,5.461666666666668,1.853123707457956,2.037152705458974
5678,5678,5678,5.4633333333333365,1.852707040791289,2.0367360387923075
5679,5679,5679,5.465,1.8522903741246228,2.0363193721256407
5680,5680,5680,5.466666666666667,1.851873707457956,2.0359027054589744
5681,5681,5681,5.468333333333334,1.8514570407912891,2.0358675143397247
5682,5682,5682,5.470000000000001,1.8506588985772048,2.035069372125641
5683,5683,5683,5.471666666666668,1.8502422319105385,2.0350341810063908
5684,5684,5684,5.4733333333333345,1.8494440896964544,2.0342360387923075
5685,5685,5685,5.475,1.849408898577205,2.033819372125641
5686,5686,5686,5.476666666666668,1.849373707457956,2.0337841810063915
5687,5687,5687,5.478333333333332,1.8485755652438718,2.032986038792308
5688,5688,5688,5.48,1.8481588985772053,2.032950847673058
5689,5689,5689,5.481666666666667,1.8481237074579562,2.0321527054589743
5690,5690,5690,5.483333333333334,1.8477070407912888,2.031736038792308
5691,5691,5691,5.484999999999999,1.8472903741246225,2.0317008476730583
5692,5692,5692,5.486666666666668,1.8472551830053727,2.030902705458974
5693,5693,5693,5.488333333333333,1.8472199918861243,2.030486038792308
5694,5694,5694,5.49,1.8468033252194576,2.030450847673058
5695,5695,5695,5.491666666666667,1.8463866585527908,2.0296527054589744
5696,5696,5696,5.493333333333334,1.846351467433542,2.029236038792308
5697,5697,5697,5.494999999999999,1.8455533252194571,2.028819372125641
5698,5698,5698,5.496666666666668,1.8455181341002085,2.0287841810063907
5699,5699,5699,5.498333333333333,1.8451014674335424,2.0287489898871427
5700,5700,5700,5.5,1.8446848007668757,2.0275693721256407
5701,5701,5701,5.501666666666667,1.8442681341002087,2.0275341810063914
5702,5702,5702,5.503333333333334,1.843851467433542,2.026736038792308
5703,5703,5703,5.505000000000001,1.8434348007668755,2.026319372125641
5704,5704,5704,5.506666666666668,1.8433996096476253,2.025902705458974
5705,5705,5705,5.508333333333336,1.8426014674335416,2.0258675143397245
5706,5706,5706,5.51,1.8421848007668755,2.025450847673058
5707,5707,5707,5.511666666666667,1.8417681341002088,2.0250341810063914
5708,5708,5708,5.513333333333334,1.841351467433542,2.024236038792308
5709,5709,5709,5.515000000000001,1.8409348007668755,2.023819372125641
5710,5710,5710,5.5166666666666675,1.8405181341002088,2.0237841810063912
5711,5711,5711,5.518333333333334,1.8401014674335416,2.0233675143397245
5712,5712,5712,5.52,1.8400662763142919,2.0229508476730578
5713,5713,5713,5.521666666666668,1.8396496096476256,2.0225341810063915
5714,5714,5714,5.523333333333332,1.839232942980959,2.0221175143397248
5715,5715,5715,5.525,1.8384348007668756,2.0213193721256406
5716,5716,5716,5.526666666666667,1.8380181341002089,2.0212841810063917
5717,5717,5717,5.528333333333334,1.8379829429809589,2.020867514339725
5718,5718,5718,5.529999999999999,1.8371848007668752,2.0204508476730583
5719,5719,5719,5.531666666666668,1.8367681341002084,2.0200341810063907
5720,5720,5720,5.533333333333333,1.8363514674335424,2.019236038792308
5721,5721,5721,5.535,1.8363162763142924,2.019200847673058
5722,5722,5722,5.536666666666667,1.8351366585527908,2.018784181006392
5723,5723,5723,5.538333333333334,1.834719991886124,2.017986038792308
5724,5724,5724,5.539999999999999,1.8346848007668752,2.0179508476730583
5725,5725,5725,5.541666666666668,1.8342681341002085,2.0175341810063907
5726,5726,5726,5.5433333333333366,1.8338514674335415,2.0171175143397244
5727,5727,5727,5.545,1.8334348007668757,2.016700847673058
5728,5728,5728,5.546666666666667,1.8330181341002088,2.0162841810063914
5729,5729,5729,5.548333333333334,1.832601467433542,2.0158675143397247
5730,5730,5730,5.550000000000001,1.8321848007668755,2.015832323220476
5731,5731,5731,5.551666666666668,1.8317681341002088,2.0150341810063908
5732,5732,5732,5.553333333333336,1.8317329429809588,2.0146175143397245
5733,5733,5733,5.555,1.830934800766875,2.0142008476730577
5734,5734,5734,5.556666666666667,1.8305181341002088,2.0137841810063914
5735,5735,5735,5.558333333333334,1.829719991886124,2.0137489898871426
5736,5736,5736,5.5600000000000005,1.8293033252194573,2.0129508476730584
5737,5737,5737,5.561666666666667,1.8292681341002088,2.0125341810063917
5738,5738,5738,5.563333333333334,1.8292329429809588,2.0121175143397245
5739,5739,5739,5.5649999999999995,1.8284348007668751,2.0117008476730582
5740,5740,5740,5.566666666666666,1.8276366585527908,2.0109027054589745
5741,5741,5741,5.568333333333333,1.827601467433542,2.0108675143397248
5742,5742,5742,5.57,1.8271848007668756,2.010450847673058
5743,5743,5743,5.571666666666667,1.8267681341002089,2.0100341810063918
5744,5744,5744,5.573333333333334,1.826351467433542,2.009617514339725
5745,5745,5745,5.574999999999999,1.8259348007668752,2.009582323220476
5746,5746,5746,5.576666666666668,1.8255181341002085,2.0087841810063907
5747,5747,5747,5.578333333333333,1.8247199918861243,2.0083675143397253
5748,5748,5748,5.58,1.8246848007668757,2.007950847673058
5749,5749,5749,5.581666666666667,1.8242681341002087,2.007915656553809
5750,5750,5750,5.583333333333334,1.823851467433542,2.0071175143397246
5751,5751,5751,5.585000000000001,1.8234348007668757,2.0067008476730583
5752,5752,5752,5.586666666666668,1.8230181341002083,2.0062841810063907
5753,5753,5753,5.5883333333333365,1.8226014674335416,2.0058675143397244
5754,5754,5754,5.59,1.8218033252194576,2.005832323220476
5755,5755,5755,5.591666666666667,1.821386658552791,2.0050341810063914
5756,5756,5756,5.593333333333334,1.820969991886124,2.0049989898871425
5757,5757,5757,5.595000000000001,1.8205533252194572,2.0042008476730584
5758,5758,5758,5.596666666666668,1.8201366585527907,2.0037841810063908
5759,5759,5759,5.5983333333333345,1.8201014674335416,2.0033675143397245
5760,5760,5760,5.6,1.8193033252194573,2.002569372125641
5761,5761,5761,5.601666666666668,1.8192681341002088,2.0029156565538093
5762,5762,5762,5.603333333333332,1.818469991886124,2.0024989898871426
5763,5763,5763,5.605,1.8184348007668756,2.001700847673058
5764,5764,5764,5.606666666666667,1.8180181341002088,2.0012841810063917
5765,5765,5765,5.608333333333334,1.817219991886124,2.0008675143397245
5766,5766,5766,5.609999999999999,1.8168033252194573,2.000832323220476
5767,5767,5767,5.611666666666668,1.8167681341002084,2.000415656553809
5768,5768,5768,5.613333333333333,1.816351467433542,1.9999989898871424
5769,5769,5769,5.615,1.8159348007668756,1.9992008476730583
5770,5770,5770,5.616666666666667,1.8151366585527908,1.9984027054589744
5771,5771,5771,5.618333333333334,1.814719991886124,1.9983675143397248
5772,5772,5772,5.619999999999999,1.8146848007668752,1.998332323220476
5773,5773,5773,5.621666666666668,1.8142681341002085,1.9971527054589744
5774,5774,5774,5.623333333333333,1.8138514674335424,1.9971175143397248
5775,5775,5775,5.625,1.813053325219458,1.996700847673058
5776,5776,5776,5.626666666666667,1.8126366585527909,1.9962841810063916
5777,5777,5777,5.628333333333334,1.812601467433542,1.9958675143397249
5778,5778,5778,5.630000000000001,1.8118033252194572,1.9950693721256407
5779,5779,5779,5.631666666666668,1.811386658552791,1.995415656553809
5780,5780,5780,5.633333333333336,1.810969991886124,1.9946175143397245
5781,5781,5781,5.635,1.8109348007668755,1.9942008476730584
5782,5782,5782,5.636666666666667,1.810136658552791,1.9941656565538093
5783,5783,5783,5.638333333333334,1.810101467433542,1.9933675143397247
5784,5784,5784,5.640000000000001,1.8093033252194572,1.993332323220476
5785,5785,5785,5.6416666666666675,1.8092681341002088,1.9925341810063912
5786,5786,5786,5.643333333333334,1.8088514674335416,1.9921175143397245
5787,5787,5787,5.645,1.8088162763142919,1.9917008476730576
5788,5788,5788,5.646666666666668,1.8080181341002088,1.9912841810063917
5789,5789,5789,5.648333333333332,1.8072199918861245,1.9908675143397248
5790,5790,5790,5.65,1.8068033252194573,1.9900693721256408
5791,5791,5791,5.651666666666667,1.8063866585527908,1.9900341810063915
5792,5792,5792,5.653333333333334,1.806351467433542,1.9899989898871424
5793,5793,5793,5.654999999999999,1.805553325219457,1.9892008476730576
5794,5794,5794,5.656666666666668,1.8055181341002084,1.9887841810063907
5795,5795,5795,5.658333333333333,1.8047199918861243,1.9883675143397248
5796,5796,5796,5.66,1.8046848007668757,1.988332323220476
5797,5797,5797,5.661666666666667,1.8042681341002087,1.9875341810063916
5798,5798,5798,5.663333333333334,1.803469991886124,1.9874989898871425
5799,5799,5799,5.664999999999999,1.80267184967204,1.9867008476730577
5800,5800,5800,5.666666666666668,1.8026366585527904,1.9862841810063911
5801,5801,5801,5.6683333333333366,1.802219991886124,1.9862489898871425
5802,5802,5802,5.67,1.8018033252194576,1.985450847673058
5803,5803,5803,5.671666666666667,1.801386658552791,1.9850341810063907
5804,5804,5804,5.673333333333334,1.801351467433542,1.9846175143397249
5805,5805,5805,5.675000000000001,1.8005533252194574,1.984582323220476
5806,5806,5806,5.676666666666668,1.8001366585527907,1.9837841810063912
5807,5807,5807,5.678333333333336,1.8001014674335418,1.9837489898871423
5808,5808,5808,5.68,1.7993033252194572,1.983332323220476
5809,5809,5809,5.681666666666667,1.798886658552791,1.9829156565538093
5810,5810,5810,5.683333333333334,1.7980885163387068,1.9821175143397247
5811,5811,5811,5.6850000000000005,1.7980533252194577,1.982082323220476
5812,5812,5812,5.686666666666667,1.7976366585527908,1.9812841810063917
5813,5813,5813,5.688333333333334,1.797601467433542,1.9812489898871424
5814,5814,5814,5.6899999999999995,1.7968033252194573,1.9804508476730576
5815,5815,5815,5.691666666666666,1.7963866585527908,1.9804156565538091
5816,5816,5816,5.693333333333333,1.796351467433542,1.9799989898871424
5817,5817,5817,5.695,1.7955533252194575,1.979582323220476
5818,5818,5818,5.696666666666667,1.7951366585527908,1.9791656565538087
5819,5819,5819,5.698333333333334,1.794719991886124,1.9783675143397248
5820,5820,5820,5.699999999999999,1.7943033252194571,1.978332323220476
5821,5821,5821,5.701666666666668,1.7938866585527906,1.977915656553809
5822,5822,5822,5.703333333333333,1.7934699918861243,1.9771175143397248
5823,5823,5823,5.705,1.7930533252194576,1.977082323220476
5824,5824,5824,5.706666666666667,1.7922551830053732,1.9766656565538088
5825,5825,5825,5.708333333333334,1.792601467433542,1.9758675143397249
5826,5826,5826,5.710000000000001,1.7921848007668753,1.975832323220476
5827,5827,5827,5.711666666666668,1.791386658552791,1.975415656553809
5828,5828,5828,5.7133333333333365,1.790969991886124,1.9749989898871425
5829,5829,5829,5.715,1.7905533252194576,1.974582323220476
5830,5830,5830,5.716666666666667,1.7897551830053735,1.9741656565538093
5831,5831,5831,5.718333333333334,1.790101467433542,1.9737489898871423
5832,5832,5832,5.720000000000001,1.7896848007668753,1.9729508476730582
5833,5833,5833,5.721666666666668,1.7892681341002086,1.972915656553809
5834,5834,5834,5.7233333333333345,1.788469991886124,1.9724989898871423
5835,5835,5835,5.725,1.7880533252194573,1.9717008476730575
5836,5836,5836,5.726666666666668,1.787636658552791,1.971665656553809
5837,5837,5837,5.728333333333332,1.7872199918861242,1.9712489898871424
5838,5838,5838,5.73,1.7871848007668754,1.970832323220476
5839,5839,5839,5.731666666666667,1.7863866585527908,1.970415656553809
5840,5840,5840,5.733333333333334,1.7855885163387066,1.9699989898871424
5841,5841,5841,5.734999999999999,1.7855533252194573,1.969582323220476
5842,5842,5842,5.736666666666668,1.7851366585527906,1.9691656565538092
5843,5843,5843,5.738333333333333,1.7847199918861243,1.9691304654345592
5844,5844,5844,5.74,1.7846848007668754,1.9687137987678924
5845,5845,5845,5.741666666666667,1.784268134100209,1.9679156565538087
5846,5846,5846,5.743333333333334,1.783851467433542,1.9674989898871424
5847,5847,5847,5.744999999999999,1.7830533252194574,1.967082323220476
5848,5848,5848,5.746666666666668,1.7826366585527906,1.966665656553809
5849,5849,5849,5.748333333333333,1.7826014674335422,1.9666304654345592
5850,5850,5850,5.75,1.7818033252194576,1.965450847673058
5851,5851,5851,5.751666666666667,1.7817681341002087,1.9654156565538088
5852,5852,5852,5.753333333333334,1.781351467433542,1.9649989898871425
5853,5853,5853,5.755000000000001,1.7805533252194574,1.9649637987678923
5854,5854,5854,5.756666666666668,1.7805181341002083,1.964165656553809
5855,5855,5855,5.758333333333336,1.779719991886124,1.9637489898871423
5856,5856,5856,5.76,1.7796848007668755,1.963332323220476
5857,5857,5857,5.761666666666667,1.778886658552791,1.9632971321012256
5858,5858,5858,5.763333333333334,1.7784699918861242,1.962880465434559
5859,5859,5859,5.765000000000001,1.778434800766875,1.962082323220476
5860,5860,5860,5.7666666666666675,1.7780181341002086,1.961665656553809
5861,5861,5861,5.768333333333334,1.777601467433542,1.9620119409819767
5862,5862,5862,5.77,1.7771848007668751,1.960832323220476
5863,5863,5863,5.771666666666668,1.7767681341002088,1.9604156565538091
5864,5864,5864,5.773333333333332,1.776351467433542,1.9603804654345591
5865,5865,5865,5.775,1.7755533252194575,1.959582323220476
5866,5866,5866,5.776666666666667,1.7751366585527908,1.9595471321012257
5867,5867,5867,5.778333333333334,1.774719991886124,1.959130465434559
5868,5868,5868,5.779999999999999,1.7746848007668752,1.958332323220476
5869,5869,5869,5.781666666666668,1.7738866585527906,1.9582971321012252
5870,5870,5870,5.783333333333333,1.7734699918861243,1.9574989898871429
5871,5871,5871,5.785,1.7734348007668754,1.9574637987678924
5872,5872,5872,5.786666666666667,1.7726366585527908,1.9570471321012255
5873,5873,5873,5.788333333333334,1.7726014674335415,1.9562489898871425
5874,5874,5874,5.789999999999999,1.7721848007668752,1.955832323220476
5875,5875,5875,5.791666666666668,1.7713866585527906,1.955415656553809
5876,5876,5876,5.7933333333333366,1.770969991886124,1.9549989898871425
5877,5877,5877,5.795,1.7705533252194576,1.954582323220476
5878,5878,5878,5.796666666666667,1.770136658552791,1.9545471321012255
5879,5879,5879,5.798333333333334,1.770101467433542,1.954130465434559
5880,5880,5880,5.800000000000001,1.7696848007668753,1.953332323220476
5881,5881,5881,5.801666666666668,1.7692681341002086,1.9532971321012256
5882,5882,5882,5.803333333333336,1.768469991886124,1.9528804654345588
5883,5883,5883,5.805,1.768434800766875,1.952463798767892
5884,5884,5884,5.806666666666667,1.7680181341002088,1.9520471321012256
5885,5885,5885,5.808333333333334,1.7672199918861242,1.9508675143397247
5886,5886,5886,5.8100000000000005,1.7671848007668751,1.950832323220476
5887,5887,5887,5.811666666666667,1.7671496096476256,1.9507971321012256
5888,5888,5888,5.813333333333334,1.766351467433542,1.950380465434559
5889,5889,5889,5.8149999999999995,1.7659348007668751,1.949582323220476
5890,5890,5890,5.816666666666666,1.7655181341002089,1.9495471321012257
5891,5891,5891,5.818333333333333,1.765101467433542,1.9491304654345591
5892,5892,5892,5.82,1.7650662763142924,1.948332323220476
5893,5893,5893,5.821666666666667,1.7642681341002089,1.9486786076486435
5894,5894,5894,5.823333333333334,1.763851467433542,1.947880465434559
5895,5895,5895,5.824999999999999,1.7634348007668752,1.947082323220476
5896,5896,5896,5.826666666666668,1.7633996096476254,1.9470471321012253
5897,5897,5897,5.828333333333333,1.7626014674335422,1.946248989887143
5898,5898,5898,5.83,1.7625662763142924,1.945832323220476
5899,5899,5899,5.831666666666667,1.7621496096476257,1.9457971321012255
5900,5900,5900,5.833333333333334,1.761351467433542,1.945380465434559
5901,5901,5901,5.835000000000001,1.7609348007668753,1.9449637987678925
5902,5902,5902,5.836666666666668,1.7608996096476257,1.944547132101225
5903,5903,5903,5.8383333333333365,1.7604829429809588,1.9441304654345588
5904,5904,5904,5.84,1.7600662763142925,1.9437137987678923
5905,5905,5905,5.841666666666667,1.7592681341002088,1.9432971321012256
5906,5906,5906,5.843333333333334,1.7592329429809592,1.942880465434559
5907,5907,5907,5.845000000000001,1.7588162763142925,1.9424637987678923
5908,5908,5908,5.846666666666668,1.7583996096476255,1.9420471321012256
5909,5909,5909,5.8483333333333345,1.7576014674335418,1.9416304654345589
5910,5910,5910,5.85,1.757184800766875,1.941213798767892
5911,5911,5911,5.851666666666668,1.7567681341002088,1.940415656553809
5912,5912,5912,5.853333333333332,1.756351467433542,1.9403804654345589
5913,5913,5913,5.855,1.7566977518617095,1.9399637987678924
5914,5914,5914,5.856666666666667,1.7558996096476256,1.9395471321012256
5915,5915,5915,5.858333333333334,1.7551014674335421,1.9395119409819768
5916,5916,5916,5.859999999999999,1.755066276314292,1.9383323232204759
5917,5917,5917,5.861666666666668,1.7542681341002084,1.9382971321012252
5918,5918,5918,5.863333333333333,1.754232942980959,1.9378804654345592
5919,5919,5919,5.865,1.7538162763142924,1.9374637987678924
5920,5920,5920,5.866666666666667,1.753018134100209,1.937428607648644
5921,5921,5921,5.868333333333334,1.7533644185283763,1.9370119409819768
5922,5922,5922,5.869999999999999,1.7529477518617096,1.936213798767892
5923,5923,5923,5.871666666666668,1.7521496096476257,1.9357971321012253
5924,5924,5924,5.873333333333337,1.7517329429809587,1.9357619409819768
5925,5925,5925,5.875,1.751316276314292,1.9349637987678925
5926,5926,5926,5.876666666666667,1.7508996096476257,1.934928607648644
5927,5927,5927,5.878333333333334,1.7504829429809592,1.934130465434559
5928,5928,5928,5.880000000000001,1.7500662763142922,1.93409527431531
5929,5929,5929,5.881666666666668,1.7496496096476255,1.9336786076486436
5930,5930,5930,5.883333333333336,1.7492329429809588,1.933261940981977
5931,5931,5931,5.885,1.7488162763142925,1.9324637987678923
5932,5932,5932,5.886666666666667,1.7487810851950432,1.9320471321012256
5933,5933,5933,5.888333333333334,1.747982942980959,1.9320119409819767
5934,5934,5934,5.890000000000001,1.7475662763142925,1.9315952743153104
5935,5935,5935,5.8916666666666675,1.7471496096476256,1.9311786076486437
5936,5936,5936,5.893333333333334,1.7471144185283762,1.9307619409819767
5937,5937,5937,5.895,1.7463162763142919,1.9303452743153102
5938,5938,5938,5.896666666666668,1.7458996096476258,1.9299286076486435
5939,5939,5939,5.898333333333332,1.7458644185283765,1.9291304654345591
5940,5940,5940,5.9,1.7454477518617098,1.9287137987678924
5941,5941,5941,5.901666666666667,1.7446496096476256,1.9286786076486435
5942,5942,5942,5.903333333333334,1.7442329429809589,1.927880465434559
5943,5943,5943,5.904999999999999,1.743816276314292,1.92784527431531
5944,5944,5944,5.906666666666668,1.7437810851950428,1.9274286076486435
5945,5945,5945,5.908333333333333,1.7429829429809591,1.9273934165293944
5946,5946,5946,5.91,1.7429477518617098,1.926976749862728
5947,5947,5947,5.911666666666667,1.742531085195043,1.926178607648644
5948,5948,5948,5.913333333333334,1.7417329429809592,1.9261434165293945
5949,5949,5949,5.914999999999999,1.7413162763142922,1.92534527431531
5950,5950,5950,5.916666666666668,1.7412810851950429,1.9249286076486436
5951,5951,5951,5.9183333333333366,1.740864418528376,1.9245119409819769
5952,5952,5952,5.92,1.7400662763142924,1.9237137987678925
5953,5953,5953,5.921666666666667,1.7396496096476255,1.923678607648644
5954,5954,5954,5.923333333333334,1.7392329429809592,1.9232619409819767
5955,5955,5955,5.925000000000001,1.7391977518617097,1.9228452743153104
5956,5956,5956,5.926666666666668,1.7387810851950432,1.9224286076486437
5957,5957,5957,5.928333333333336,1.7383644185283762,1.922393416529394
5958,5958,5958,5.93,1.737566276314292,1.9215952743153102
5959,5959,5959,5.931666666666667,1.7375310851950432,1.9215600831960609
5960,5960,5960,5.933333333333334,1.736732942980959,1.9207619409819767
5961,5961,5961,5.9350000000000005,1.7366977518617095,1.9203452743153104
5962,5962,5962,5.936666666666667,1.736281085195043,1.9199286076486437
5963,5963,5963,5.938333333333334,1.7358644185283765,1.9195119409819767
5964,5964,5964,5.9399999999999995,1.7354477518617095,1.9194767498627276
5965,5965,5965,5.941666666666666,1.7350310851950432,1.918678607648644
5966,5966,5966,5.943333333333333,1.734232942980959,1.9182619409819768
5967,5967,5967,5.945,1.7341977518617098,1.918226749862728
5968,5968,5968,5.946666666666667,1.733781085195043,1.9174286076486435
5969,5969,5969,5.948333333333334,1.7333644185283763,1.9170119409819768
5970,5970,5970,5.949999999999999,1.7329477518617096,1.9169767498627277
5971,5971,5971,5.951666666666668,1.7325310851950428,1.9165600831960607
5972,5972,5972,5.953333333333333,1.7321144185283766,1.9157619409819766
5973,5973,5973,5.955,1.7316977518617098,1.9153452743153103
5974,5974,5974,5.956666666666667,1.7312810851950426,1.915310083196061
5975,5975,5975,5.958333333333334,1.7304829429809592,1.9145119409819769
5976,5976,5976,5.960000000000001,1.7304477518617096,1.9144767498627275
5977,5977,5977,5.961666666666668,1.7300310851950431,1.9140600831960608
5978,5978,5978,5.9633333333333365,1.7296144185283762,1.9128804654345588
5979,5979,5979,5.965,1.7295792274091273,1.913226749862728
5980,5980,5980,5.966666666666667,1.7287810851950431,1.912428607648644
5981,5981,5981,5.968333333333334,1.7283644185283764,1.9120119409819767
5982,5982,5982,5.970000000000001,1.7287107029565445,1.9115952743153104
5983,5983,5983,5.971666666666668,1.7279125607424604,1.9111786076486437
5984,5984,5984,5.9733333333333345,1.7271144185283762,1.9107619409819767
5985,5985,5985,5.975,1.7266977518617097,1.9103452743153102
5986,5986,5986,5.976666666666668,1.7262810851950432,1.909928607648644
5987,5987,5987,5.978333333333332,1.726245894075794,1.9095119409819767
5988,5988,5988,5.98,1.7258292274091271,1.9090952743153105
5989,5989,5989,5.981666666666667,1.725031085195043,1.909060083196061
5990,5990,5990,5.983333333333334,1.7249958940757937,1.9086434165293944
5991,5991,5991,5.984999999999999,1.7241977518617095,1.90784527431531
5992,5992,5992,5.986666666666668,1.7241625607424602,1.9074286076486435
5993,5993,5993,5.988333333333333,1.7233644185283763,1.9073934165293944
5994,5994,5994,5.99,1.7233292274091272,1.906976749862728
5995,5995,5995,5.991666666666667,1.722531085195043,1.9069415587434784
5996,5996,5996,5.993333333333334,1.7221144185283763,1.9061434165293945
5997,5997,5997,5.994999999999999,1.722079227409127,1.9057267498627275
5998,5998,5998,5.996666666666668,1.7216625607424605,1.9053100831960608
5999,5999,5999,5.998333333333337,1.7212458940757935,1.9045119409819768
