,Unnamed: 0,Unnamed: 0.1,time,discharge_pressure,suction_pressure
2400,2400,2400,0.0,2.02563515678645,1.9508659494926373
2401,2401,2401,0.0016666666666669272,2.0252536812390325,1.95353627832456
2402,2402,2402,0.0033333333333338544,2.024872205691615,1.9577325093461508
2403,2403,2403,0.004999999999999893,2.024872205691615,1.9611657892729075
2404,2404,2404,0.006666666666666821,2.0241092545967803,1.96231021591516
2405,2405,2405,0.008333333333333748,2.0244907301441977,1.9626916914625767
2406,2406,2406,0.010000000000001563,2.0244907301441977,1.9626916914625767
2407,2407,2407,0.011666666666666714,2.024872205691615,1.9630731670099943
2408,2408,2408,0.013333333333333641,2.026016632333868,1.96231021591516
2409,2409,2409,0.015000000000001457,2.02563515678645,1.96231021591516
2410,2410,2410,0.016666666666666607,2.0252536812390325,1.9619287403677423
2411,2411,2411,0.018333333333333535,2.02563515678645,1.96231021591516
2412,2412,2412,0.020000000000000462,2.026016632333868,1.96231021591516
2413,2413,2413,0.0216666666666665,2.02563515678645,1.9626916914625767
2414,2414,2414,0.023333333333333428,2.02563515678645,1.9630731670099943
2415,2415,2415,0.025000000000000355,2.0263981078812847,1.96231021591516
2416,2416,2416,0.026666666666667282,2.02563515678645,1.9619287403677423
2417,2417,2417,0.02833333333333332,2.0244907301441977,1.9619287403677423
2418,2418,2418,0.03000000000000025,2.0252536812390325,1.9611657892729075
2419,2419,2419,0.031666666666667176,2.0244907301441977,1.96078431372549
2420,2420,2420,0.033333333333333215,2.023346303501945,1.9611657892729075
2421,2421,2421,0.03500000000000014,2.022964827954528,1.9604028381780727
2422,2422,2422,0.03666666666666707,2.023346303501945,1.9592584115358205
2423,2423,2423,0.038333333333333997,2.0237277790493637,1.9596398870832377
2424,2424,2424,0.040000000000000036,2.0241092545967803,1.9604028381780727
2425,2425,2425,0.04166666666666696,2.0241092545967803,1.96078431372549
2426,2426,2426,0.04333333333333389,2.0241092545967803,1.9604028381780727
2427,2427,2427,0.04499999999999993,2.022201876859693,1.9604028381780727
2428,2428,2428,0.046666666666666856,2.021820401312276,1.9600213626306555
2429,2429,2429,0.04833333333333378,2.021820401312276,1.9592584115358205
2430,2430,2430,0.04999999999999982,2.0214389257648584,1.958876935988403
2431,2431,2431,0.05166666666666675,2.0214389257648584,1.9600213626306555
2432,2432,2432,0.05333333333333368,2.02258335240711,1.96078431372549
2433,2433,2433,0.05500000000000149,2.023346303501945,1.96078431372549
2434,2434,2434,0.05666666666666664,2.022201876859693,1.9604028381780727
2435,2435,2435,0.05833333333333357,2.0199130235751888,1.9592584115358205
2436,2436,2436,0.0600000000000005,2.019150072480354,1.9581139848935682
2437,2437,2437,0.061666666666666536,2.019150072480354,1.9577325093461508
2438,2438,2438,0.06333333333333346,2.019531548027772,1.9581139848935682
2439,2439,2439,0.06500000000000039,2.019531548027772,1.9577325093461508
2440,2440,2440,0.06666666666666643,2.0199130235751888,1.9581139848935682
2441,2441,2441,0.06833333333333336,2.0199130235751888,1.9584954604409857
2442,2442,2442,0.07000000000000028,2.019150072480354,1.9592584115358205
2443,2443,2443,0.07166666666666721,2.018387121385519,1.958876935988403
2444,2444,2444,0.07333333333333325,2.0180056458381017,1.958876935988403
2445,2445,2445,0.07500000000000018,2.0176241702906843,1.9596398870832377
2446,2446,2446,0.0766666666666671,2.0176241702906843,1.9592584115358205
2447,2447,2447,0.07833333333333403,2.018387121385519,1.958876935988403
2448,2448,2448,0.08000000000000007,2.019150072480354,1.958876935988403
2449,2449,2449,0.081666666666667,2.0176241702906843,1.958876935988403
2450,2450,2450,0.08333333333333393,2.016479743648432,1.9584954604409857
2451,2451,2451,0.08499999999999996,2.0157167925535973,1.9584954604409857
2452,2452,2452,0.08666666666666689,2.01533531700618,1.9584954604409857
2453,2453,2453,0.08833333333333382,2.01533531700618,1.9584954604409857
2454,2454,2454,0.08999999999999986,2.01533531700618,1.958876935988403
2455,2455,2455,0.09166666666666679,2.0149538414587624,1.958876935988403
2456,2456,2456,0.09333333333333371,2.0149538414587624,1.9581139848935682
2457,2457,2457,0.09500000000000153,2.01533531700618,1.956969558251316
2458,2458,2458,0.09666666666666668,2.014572365911345,1.956969558251316
2459,2459,2459,0.0983333333333336,2.014572365911345,1.9573510337987328
2460,2460,2460,0.10000000000000053,2.014572365911345,1.956969558251316
2461,2461,2461,0.10166666666666657,2.01380941481651,1.956969558251316
2462,2462,2462,0.1033333333333335,2.011902037079423,1.9573510337987328
2463,2463,2463,0.10500000000000043,2.0111390859845883,1.9565880827038984
2464,2464,2464,0.10666666666666647,2.0111390859845883,1.9565880827038984
2465,2465,2465,0.10833333333333339,2.0096131837949187,1.9562066071564808
2466,2466,2466,0.11000000000000032,2.0096131837949187,1.955825131609064
2467,2467,2467,0.11166666666666725,2.009994659342336,1.955062180514229
2468,2468,2468,0.11333333333333329,2.0092317082475013,1.9542992294193944
2469,2469,2469,0.11500000000000021,2.008850232700084,1.9554436560616464
2470,2470,2470,0.11666666666666714,2.0092317082475013,1.955825131609064
2471,2471,2471,0.11833333333333318,2.0096131837949187,1.955825131609064
2472,2472,2472,0.1200000000000001,2.0084687571526665,1.9562066071564808
2473,2473,2473,0.12166666666666703,2.0077058060578317,1.955825131609064
2474,2474,2474,0.12333333333333396,2.0077058060578317,1.955062180514229
2475,2475,2475,0.125,2.0077058060578317,1.9546807049668118
2476,2476,2476,0.12666666666666693,2.0077058060578317,1.955062180514229
2477,2477,2477,0.12833333333333385,2.0077058060578317,1.955062180514229
2478,2478,2478,0.1299999999999999,2.0073243305104143,1.955062180514229
2479,2479,2479,0.13166666666666682,2.0073243305104143,1.9565880827038984
2480,2480,2480,0.13333333333333375,2.006942854962997,1.956969558251316
2481,2481,2481,0.13500000000000156,2.0065613794155794,1.9562066071564808
2482,2482,2482,0.13666666666666671,2.0057984283207446,1.9539177538719767
2483,2483,2483,0.13833333333333364,2.0046540016784924,1.9539177538719767
2484,2484,2484,0.14000000000000146,2.004272526131075,1.9546807049668118
2485,2485,2485,0.1416666666666666,2.0054169527733268,1.9546807049668118
2486,2486,2486,0.14333333333333353,2.0065613794155794,1.9546807049668118
2487,2487,2487,0.14500000000000046,2.0061799038681616,1.9554436560616464
2488,2488,2488,0.1466666666666665,2.0057984283207446,1.9554436560616464
2489,2489,2489,0.14833333333333343,2.0061799038681616,1.955062180514229
2490,2490,2490,0.15000000000000036,2.00503547722591,1.9542992294193944
2491,2491,2491,0.15166666666666728,2.00503547722591,1.9542992294193944
2492,2492,2492,0.15333333333333332,2.004272526131075,1.9539177538719767
2493,2493,2493,0.15500000000000025,2.0038910505836576,1.9546807049668118
2494,2494,2494,0.15666666666666718,2.0031280994888228,1.955825131609064
2495,2495,2495,0.15833333333333321,2.002365148393988,1.9562066071564808
2496,2496,2496,0.16000000000000014,2.002365148393988,1.9546807049668118
2497,2497,2497,0.16166666666666707,2.0027466239414053,1.9539177538719767
2498,2498,2498,0.163333333333334,2.0038910505836576,1.95353627832456
2499,2499,2499,0.16500000000000004,2.0038910505836576,1.95353627832456
2500,2500,2500,0.16666666666666696,2.0031280994888228,1.9539177538719767
2501,2501,2501,0.1683333333333339,2.002365148393988,1.9539177538719767
2502,2502,2502,0.16999999999999993,2.002365148393988,1.9539177538719767
2503,2503,2503,0.17166666666666686,2.001602197299153,1.9546807049668118
2504,2504,2504,0.17333333333333378,2.0008392462043183,1.955062180514229
2505,2505,2505,0.1750000000000016,2.001602197299153,1.9554436560616464
2506,2506,2506,0.17666666666666675,2.002365148393988,1.9554436560616464
2507,2507,2507,0.17833333333333368,2.0031280994888228,1.955825131609064
2508,2508,2508,0.1800000000000015,2.0027466239414053,1.955062180514229
2509,2509,2509,0.18166666666666664,2.001602197299153,1.9539177538719767
2510,2510,2510,0.18333333333333357,2.001602197299153,1.95353627832456
2511,2511,2511,0.1850000000000005,2.0012207217517357,1.95353627832456
2512,2512,2512,0.18666666666666654,2.0000762951094835,1.953154802777142
2513,2513,2513,0.18833333333333346,1.998931868467232,1.95353627832456
2514,2514,2514,0.1900000000000004,1.998931868467232,1.95353627832456
2515,2515,2515,0.19166666666666643,1.9985503929198136,1.95353627832456
2516,2516,2516,0.19333333333333336,1.9977874418249788,1.9539177538719767
2517,2517,2517,0.19500000000000028,1.9966430151827268,1.9539177538719767
2518,2518,2518,0.1966666666666672,1.9966430151827268,1.9542992294193944
2519,2519,2519,0.19833333333333325,1.9974059662775616,1.9539177538719767
2520,2520,2520,0.20000000000000018,1.997024490730144,1.953154802777142
2521,2521,2521,0.2016666666666671,1.9966430151827268,1.953154802777142
2522,2522,2522,0.20333333333333403,1.997024490730144,1.9539177538719767
2523,2523,2523,0.20500000000000007,1.9977874418249788,1.9539177538719767
2524,2524,2524,0.206666666666667,1.9977874418249788,1.9539177538719767
2525,2525,2525,0.20833333333333393,1.9962615396353087,1.9542992294193944
2526,2526,2526,0.20999999999999996,1.9954985885404743,1.9542992294193944
2527,2527,2527,0.2116666666666669,1.995880064087892,1.9539177538719767
2528,2528,2528,0.21333333333333382,1.99473563744564,1.9539177538719767
2529,2529,2529,0.21499999999999986,1.9935912108033875,1.953154802777142
2530,2530,2530,0.21666666666666679,1.9932097352559701,1.9520103761348897
2531,2531,2531,0.2183333333333337,1.9935912108033875,1.9523918516823071
2532,2532,2532,0.22000000000000153,1.9935912108033875,1.95353627832456
2533,2533,2533,0.22166666666666668,1.9951171129930567,1.9539177538719767
2534,2534,2534,0.2233333333333336,1.9962615396353087,1.9542992294193944
2535,2535,2535,0.22500000000000053,1.9962615396353087,1.95353627832456
2536,2536,2536,0.22666666666666657,1.9951171129930567,1.9542992294193944
2537,2537,2537,0.2283333333333335,1.993972686350805,1.9542992294193944
2538,2538,2538,0.23000000000000043,1.993972686350805,1.9539177538719767
2539,2539,2539,0.23166666666666647,1.9932097352559701,1.9527733272297243
2540,2540,2540,0.2333333333333334,1.9932097352559701,1.9523918516823071
2541,2541,2541,0.23500000000000032,1.9943541618982223,1.953154802777142
2542,2542,2542,0.23666666666666725,1.993972686350805,1.953154802777142
2543,2543,2543,0.23833333333333329,1.99473563744564,1.9527733272297243
2544,2544,2544,0.2400000000000002,1.9954985885404743,1.953154802777142
2545,2545,2545,0.24166666666666714,1.9951171129930567,1.953154802777142
2546,2546,2546,0.24333333333333318,1.9943541618982223,1.953154802777142
2547,2547,2547,0.2450000000000001,1.99473563744564,1.9527733272297243
2548,2548,2548,0.24666666666666703,1.99473563744564,1.9523918516823071
2549,2549,2549,0.24833333333333396,1.99473563744564,1.9520103761348897
2550,2550,2550,0.25,1.9954985885404743,1.9516289005874723
2551,2551,2551,0.2516666666666669,1.9962615396353087,1.9516289005874723
2552,2552,2552,0.25333333333333385,1.9962615396353087,1.9523918516823071
2553,2553,2553,0.2549999999999999,1.995880064087892,1.95353627832456
2554,2554,2554,0.2566666666666668,1.9951171129930567,1.95353627832456
2555,2555,2555,0.25833333333333375,1.9943541618982223,1.95353627832456
2556,2556,2556,0.26000000000000156,1.9943541618982223,1.953154802777142
2557,2557,2557,0.2616666666666667,1.9932097352559701,1.9539177538719767
2558,2558,2558,0.26333333333333364,1.9924467841611355,1.95353627832456
2559,2559,2559,0.26500000000000146,1.9928282597085527,1.953154802777142
2560,2560,2560,0.2666666666666666,1.9928282597085527,1.953154802777142
2561,2561,2561,0.26833333333333353,1.9932097352559701,1.95353627832456
2562,2562,2562,0.27000000000000046,1.9932097352559701,1.95353627832456
2563,2563,2563,0.2716666666666665,1.9932097352559701,1.953154802777142
2564,2564,2564,0.27333333333333343,1.9943541618982223,1.9527733272297243
2565,2565,2565,0.27500000000000036,1.9943541618982223,1.953154802777142
2566,2566,2566,0.2766666666666673,1.993972686350805,1.9539177538719767
2567,2567,2567,0.2783333333333333,1.9943541618982223,1.9539177538719767
2568,2568,2568,0.28000000000000025,1.9951171129930567,1.95353627832456
2569,2569,2569,0.2816666666666672,1.995880064087892,1.9546807049668118
2570,2570,2570,0.2833333333333332,1.9943541618982223,1.9554436560616464
2571,2571,2571,0.28500000000000014,1.9935912108033875,1.9554436560616464
2572,2572,2572,0.28666666666666707,1.99473563744564,1.9539177538719767
2573,2573,2573,0.288333333333334,1.9943541618982223,1.9539177538719767
2574,2574,2574,0.29000000000000004,1.9935912108033875,1.9539177538719767
2575,2575,2575,0.29166666666666696,1.993972686350805,1.953154802777142
2576,2576,2576,0.2933333333333339,1.993972686350805,1.9523918516823071
2577,2577,2577,0.29499999999999993,1.9932097352559701,1.9520103761348897
2578,2578,2578,0.29666666666666686,1.9928282597085527,1.9527733272297243
2579,2579,2579,0.2983333333333338,1.9928282597085527,1.95353627832456
2580,2580,2580,0.3000000000000016,1.9932097352559701,1.95353627832456
2581,2581,2581,0.30166666666666675,1.993972686350805,1.955062180514229
2582,2582,2582,0.3033333333333337,1.993972686350805,1.9546807049668118
2583,2583,2583,0.3050000000000015,1.9924467841611355,1.95353627832456
2584,2584,2584,0.30666666666666664,1.9920653086137177,1.953154802777142
2585,2585,2585,0.30833333333333357,1.9935912108033875,1.9520103761348897
2586,2586,2586,0.3100000000000005,1.993972686350805,1.9520103761348897
2587,2587,2587,0.31166666666666654,1.9920653086137177,1.9527733272297243
2588,2588,2588,0.31333333333333346,1.9928282597085527,1.9527733272297243
2589,2589,2589,0.3150000000000004,1.993972686350805,1.95353627832456
2590,2590,2590,0.31666666666666643,1.993972686350805,1.9539177538719767
2591,2591,2591,0.31833333333333336,1.9928282597085527,1.955062180514229
2592,2592,2592,0.3200000000000003,1.9916838330663005,1.9546807049668118
2593,2593,2593,0.3216666666666672,1.9916838330663005,1.9542992294193944
2594,2594,2594,0.32333333333333325,1.9924467841611355,1.9542992294193944
2595,2595,2595,0.3250000000000002,1.9924467841611355,1.9539177538719767
2596,2596,2596,0.3266666666666671,1.9932097352559701,1.9539177538719767
2597,2597,2597,0.32833333333333403,1.993972686350805,1.9554436560616464
2598,2598,2598,0.33000000000000007,1.9943541618982223,1.955062180514229
2599,2599,2599,0.331666666666667,1.993972686350805,1.9554436560616464
2600,2600,2600,0.3333333333333339,1.9935912108033875,1.9546807049668118
2601,2601,2601,0.33499999999999996,1.9943541618982223,1.9542992294193944
2602,2602,2602,0.3366666666666669,1.9943541618982223,1.9539177538719767
2603,2603,2603,0.3383333333333338,1.9943541618982223,1.95353627832456
2604,2604,2604,0.33999999999999986,1.9962615396353087,1.953154802777142
2605,2605,2605,0.3416666666666668,2.000457770656901,1.953154802777142
2606,2606,2606,0.3433333333333337,2.006942854962997,1.95353627832456
2607,2607,2607,0.3450000000000015,2.013427939269093,1.95353627832456
2608,2608,2608,0.3466666666666667,2.019531548027772,1.95353627832456
2609,2609,2609,0.3483333333333336,2.02258335240711,1.9539177538719767
2610,2610,2610,0.35000000000000053,2.0244907301441977,1.9542992294193944
2611,2611,2611,0.35166666666666657,2.026016632333868,1.9554436560616464
2612,2612,2612,0.3533333333333335,2.0279240100709544,1.9554436560616464
2613,2613,2613,0.3550000000000004,2.0279240100709544,1.955062180514229
2614,2614,2614,0.35666666666666647,2.0263981078812847,1.9554436560616464
2615,2615,2615,0.3583333333333334,2.0263981078812847,1.955825131609064
2616,2616,2616,0.3600000000000003,2.028686961165789,1.9562066071564808
2617,2617,2617,0.36166666666666725,2.0279240100709544,1.9546807049668118
2618,2618,2618,0.3633333333333333,2.0267795834287017,1.9542992294193944
2619,2619,2619,0.3650000000000002,2.0271610589761195,1.955062180514229
2620,2620,2620,0.36666666666666714,2.0279240100709544,1.9542992294193944
2621,2621,2621,0.3683333333333332,2.0271610589761195,1.9542992294193944
2622,2622,2622,0.3700000000000001,2.0267795834287017,1.9546807049668118
2623,2623,2623,0.37166666666666703,2.0279240100709544,1.9539177538719767
2624,2624,2624,0.37333333333333396,2.0283054856183718,1.95353627832456
2625,2625,2625,0.375,2.0267795834287017,1.9527733272297243
2626,2626,2626,0.3766666666666669,2.0263981078812847,1.953154802777142
2627,2627,2627,0.37833333333333385,2.027542534523537,1.9542992294193944
2628,2628,2628,0.3799999999999999,2.027542534523537,1.9546807049668118
2629,2629,2629,0.3816666666666668,2.0267795834287017,1.9539177538719767
2630,2630,2630,0.38333333333333375,2.027542534523537,1.95353627832456
2631,2631,2631,0.38500000000000156,2.028686961165789,1.95353627832456
2632,2632,2632,0.3866666666666667,2.0283054856183718,1.9546807049668118
2633,2633,2633,0.38833333333333364,2.0283054856183718,1.9542992294193944
2634,2634,2634,0.39000000000000146,2.0290684367132066,1.95353627832456
2635,2635,2635,0.3916666666666666,2.0283054856183718,1.9539177538719767
2636,2636,2636,0.39333333333333353,2.0271610589761195,1.955062180514229
2637,2637,2637,0.39500000000000046,2.0279240100709544,1.955062180514229
2638,2638,2638,0.3966666666666665,2.0298313878080414,1.9539177538719767
2639,2639,2639,0.39833333333333343,2.028686961165789,1.9527733272297243
2640,2640,2640,0.40000000000000036,2.0283054856183718,1.953154802777142
2641,2641,2641,0.4016666666666673,2.028686961165789,1.9539177538719767
2642,2642,2642,0.4033333333333333,2.0283054856183718,1.9539177538719767
2643,2643,2643,0.40500000000000025,2.0283054856183718,1.955062180514229
2644,2644,2644,0.4066666666666672,2.028686961165789,1.9554436560616464
2645,2645,2645,0.4083333333333332,2.028686961165789,1.9554436560616464
2646,2646,2646,0.41000000000000014,2.027542534523537,1.955062180514229
2647,2647,2647,0.41166666666666707,2.026016632333868,1.9554436560616464
2648,2648,2648,0.413333333333334,2.0267795834287017,1.955825131609064
2649,2649,2649,0.41500000000000004,2.028686961165789,1.955825131609064
2650,2650,2650,0.41666666666666696,2.0279240100709544,1.9562066071564808
2651,2651,2651,0.4183333333333339,2.027542534523537,1.9584954604409857
2652,2652,2652,0.41999999999999993,2.027542534523537,1.9626916914625767
2653,2653,2653,0.42166666666666686,2.0290684367132066,1.9691767757686731
2654,2654,2654,0.4233333333333338,2.030594338902876,1.9756618600747688
2655,2655,2655,0.4250000000000016,2.0309758144502936,1.980239566643778
2656,2656,2656,0.42666666666666675,2.0309758144502936,1.9832913710231173
2657,2657,2657,0.4283333333333337,2.0317387655451284,1.984817273212787
2658,2658,2658,0.4300000000000015,2.0317387655451284,1.986724650949874
2659,2659,2659,0.43166666666666664,2.032501716639964,1.9882505531395438
2660,2660,2660,0.43333333333333357,2.032120241092546,1.9878690775921264
2661,2661,2661,0.4350000000000005,2.032501716639964,1.987106126497292
2662,2662,2662,0.43666666666666654,2.0328831921873807,1.9882505531395438
2663,2663,2663,0.43833333333333346,2.034027618829633,1.989394979781796
2664,2664,2664,0.4400000000000004,2.0344090943770503,1.988632028686961
2665,2665,2665,0.44166666666666643,2.035172045471885,1.9878690775921264
2666,2666,2666,0.44333333333333336,2.0363164721141374,1.9882505531395438
2667,2667,2667,0.4450000000000003,2.03593499656672,1.9878690775921264
2668,2668,2668,0.4466666666666672,2.0363164721141374,1.9863431754024563
2669,2669,2669,0.44833333333333325,2.0363164721141374,1.9851987487602043
2670,2670,2670,0.4500000000000002,2.0363164721141374,1.9851987487602043
2671,2671,2671,0.4516666666666671,2.037079423208972,1.9844357976653693
2672,2672,2672,0.45333333333333403,2.037842374303807,1.9825284199282824
2673,2673,2673,0.45500000000000007,2.037079423208972,1.9817654688334483
2674,2674,2674,0.456666666666667,2.0366979476615548,1.9825284199282824
2675,2675,2675,0.4583333333333339,2.03593499656672,1.9829098954756998
2676,2676,2676,0.45999999999999996,2.0366979476615548,1.982146944380865
2677,2677,2677,0.4616666666666669,2.0374608987563896,1.9825284199282824
2678,2678,2678,0.4633333333333338,2.0374608987563896,1.9829098954756998
2679,2679,2679,0.46499999999999986,2.038605325398642,1.982146944380865
2680,2680,2680,0.4666666666666668,2.0393682764934766,1.9817654688334483
2681,2681,2681,0.4683333333333337,2.0393682764934766,1.982146944380865
2682,2682,2682,0.4700000000000015,2.038986800946059,1.9810025177386128
2683,2683,2683,0.4716666666666667,2.0393682764934766,1.980621042191196
2684,2684,2684,0.4733333333333336,2.0408941786831463,1.9810025177386128
2685,2685,2685,0.47500000000000053,2.0393682764934766,1.982146944380865
2686,2686,2686,0.47666666666666657,2.037842374303807,1.9813839932860304
2687,2687,2687,0.4783333333333335,2.038986800946059,1.9810025177386128
2688,2688,2688,0.4800000000000004,2.039749752040894,1.9810025177386128
2689,2689,2689,0.48166666666666647,2.039749752040894,1.980621042191196
2690,2690,2690,0.4833333333333334,2.0405127031357293,1.980621042191196
2691,2691,2691,0.4850000000000003,2.0420386053253985,1.9810025177386128
2692,2692,2692,0.48666666666666725,2.0408941786831463,1.9810025177386128
2693,2693,2693,0.4883333333333333,2.039749752040894,1.9798580910963608
2694,2694,2694,0.4900000000000002,2.0408941786831463,1.9787136644541083
2695,2695,2695,0.49166666666666714,2.0405127031357293,1.9798580910963608
2696,2696,2696,0.4933333333333332,2.0405127031357293,1.9813839932860304
2697,2697,2697,0.4950000000000001,2.0408941786831463,1.980621042191196
2698,2698,2698,0.49666666666666703,2.041657129777981,1.980621042191196
2699,2699,2699,0.49833333333333396,2.0420386053253985,1.980621042191196
2700,2700,2700,0.5,2.042420080872816,1.982146944380865
2701,2701,2701,0.5016666666666669,2.041275654230564,1.9832913710231173
2702,2702,2702,0.5033333333333339,2.041657129777981,1.9836728465705349
2703,2703,2703,0.5049999999999999,2.0420386053253985,1.9836728465705349
2704,2704,2704,0.5066666666666668,2.0420386053253985,1.984054322117952
2705,2705,2705,0.5083333333333337,2.0428015564202333,1.9844357976653693
2706,2706,2706,0.5100000000000016,2.0428015564202333,1.9851987487602043
2707,2707,2707,0.5116666666666667,2.0420386053253985,1.9844357976653693
2708,2708,2708,0.5133333333333336,2.0408941786831463,1.984054322117952
2709,2709,2709,0.5150000000000015,2.0393682764934766,1.9844357976653693
2710,2710,2710,0.5166666666666666,2.039749752040894,1.9859616998550391
2711,2711,2711,0.5183333333333335,2.0401312275883114,1.9863431754024563
2712,2712,2712,0.5200000000000005,2.0393682764934766,1.986724650949874
2713,2713,2713,0.5216666666666665,2.0393682764934766,1.9874876020447088
2714,2714,2714,0.5233333333333334,2.0401312275883114,1.9878690775921264
2715,2715,2715,0.5250000000000004,2.0393682764934766,1.9878690775921264
2716,2716,2716,0.5266666666666673,2.0393682764934766,1.9878690775921264
2717,2717,2717,0.5283333333333333,2.0405127031357293,1.988632028686961
2718,2718,2718,0.5300000000000002,2.041275654230564,1.9890135042343784
2719,2719,2719,0.5316666666666672,2.039749752040894,1.989394979781796
2720,2720,2720,0.5333333333333332,2.038986800946059,1.9890135042343784
2721,2721,2721,0.5350000000000001,2.039749752040894,1.9882505531395438
2722,2722,2722,0.5366666666666671,2.038986800946059,1.9878690775921264
2723,2723,2723,0.538333333333334,2.0374608987563896,1.9890135042343784
2724,2724,2724,0.54,2.038605325398642,1.9897764553292128
2725,2725,2725,0.541666666666667,2.0393682764934766,1.9897764553292128
2726,2726,2726,0.5433333333333339,2.037842374303807,1.990539406424048
2727,2727,2727,0.5449999999999999,2.0374608987563896,1.9916838330663005
2728,2728,2728,0.5466666666666669,2.037842374303807,1.9913023575188828
2729,2729,2729,0.5483333333333338,2.037079423208972,1.9909208819714648
2730,2730,2730,0.5500000000000016,2.037079423208972,1.9916838330663005
2731,2731,2731,0.5516666666666667,2.0405127031357293,1.9928282597085527
2732,2732,2732,0.5533333333333337,2.04623483634699,1.9913023575188828
2733,2733,2733,0.5550000000000015,2.0511940184634163,1.9901579308766304
2734,2734,2734,0.5566666666666666,2.055771725032425,1.9913023575188828
2735,2735,2735,0.5583333333333336,2.0614938582436864,1.9920653086137177
2736,2736,2736,0.5600000000000005,2.0687418936446167,1.9920653086137177
2737,2737,2737,0.5616666666666665,2.0721751735713743,1.9928282597085527
2738,2738,2738,0.5633333333333335,2.0721751735713743,1.9932097352559701
2739,2739,2739,0.5650000000000004,2.072556649118792,1.9924467841611355
2740,2740,2740,0.5666666666666664,2.073701075761044,1.9920653086137177
2741,2741,2741,0.5683333333333334,2.073701075761044,1.9920653086137177
2742,2742,2742,0.5700000000000003,2.0740825513084613,1.9924467841611355
2743,2743,2743,0.5716666666666672,2.072556649118792,1.9924467841611355
2744,2744,2744,0.5733333333333333,2.071793698023957,1.9924467841611355
2745,2745,2745,0.5750000000000002,2.0691233691920345,1.9935912108033875
2746,2746,2746,0.5766666666666671,2.0691233691920345,1.9943541618982223
2747,2747,2747,0.578333333333334,2.069504844739452,1.9943541618982223
2748,2748,2748,0.5800000000000001,2.0702677958342868,1.9932097352559701
2749,2749,2749,0.581666666666667,2.0706492713817046,1.9935912108033875
2750,2750,2750,0.5833333333333339,2.069504844739452,1.993972686350805
2751,2751,2751,0.585,2.0698863202868694,1.993972686350805
2752,2752,2752,0.5866666666666669,2.0698863202868694,1.99473563744564
2753,2753,2753,0.5883333333333338,2.0698863202868694,1.9943541618982223
2754,2754,2754,0.5899999999999999,2.0706492713817046,1.993972686350805
2755,2755,2755,0.5916666666666668,2.069504844739452,1.9928282597085527
2756,2756,2756,0.5933333333333337,2.0691233691920345,1.9920653086137177
2757,2757,2757,0.5950000000000015,2.0698863202868694,1.9928282597085527
2758,2758,2758,0.5966666666666667,2.0714122224765394,1.9928282597085527
2759,2759,2759,0.5983333333333336,2.0714122224765394,1.9924467841611355
2760,2760,2760,0.6000000000000005,2.071030746929122,1.9928282597085527
2761,2761,2761,0.6016666666666666,2.071793698023957,1.9932097352559701
2762,2762,2762,0.6033333333333335,2.0721751735713743,1.9928282597085527
2763,2763,2763,0.6050000000000004,2.0721751735713743,1.9932097352559701
2764,2764,2764,0.6066666666666665,2.0733196002136265,1.993972686350805
2765,2765,2765,0.6083333333333334,2.0740825513084613,1.9943541618982223
2766,2766,2766,0.6100000000000003,2.0733196002136265,1.9935912108033875
2767,2767,2767,0.6116666666666672,2.072938124666209,1.9928282597085527
2768,2768,2768,0.6133333333333333,2.0733196002136265,1.9932097352559701
2769,2769,2769,0.6150000000000002,2.073701075761044,1.9924467841611355
2770,2770,2770,0.6166666666666671,2.0740825513084613,1.9924467841611355
2771,2771,2771,0.6183333333333341,2.0740825513084613,1.9935912108033875
2772,2772,2772,0.6200000000000001,2.0740825513084613,1.99473563744564
2773,2773,2773,0.621666666666667,2.0744640268558787,1.9951171129930567
2774,2774,2774,0.623333333333334,2.0744640268558787,1.9951171129930567
2775,2775,2775,0.625,2.0740825513084613,1.9951171129930567
2776,2776,2776,0.6266666666666669,2.0740825513084613,1.9951171129930567
2777,2777,2777,0.6283333333333339,2.0740825513084613,1.9962615396353087
2778,2778,2778,0.6299999999999999,2.0759899290455484,1.9993133440146489
2779,2779,2779,0.6316666666666668,2.0767528801403827,2.00503547722591
2780,2780,2780,0.6333333333333337,2.0771343556878006,2.009994659342336
2781,2781,2781,0.6350000000000016,2.0771343556878006,2.014572365911345
2782,2782,2782,0.6366666666666667,2.0771343556878006,2.020675974670024
2783,2783,2783,0.6383333333333336,2.0786602578774698,2.027542534523537
2784,2784,2784,0.6400000000000015,2.079423208972305,2.030212863355459
2785,2785,2785,0.6416666666666666,2.08018616006714,2.0298313878080414
2786,2786,2786,0.6433333333333335,2.0805676356145573,2.030594338902876
2787,2787,2787,0.6450000000000005,2.0809491111619747,2.0317387655451284
2788,2788,2788,0.6466666666666665,2.0828564888990617,2.032501716639964
2789,2789,2789,0.6483333333333334,2.084382391088732,2.032120241092546
2790,2790,2790,0.6500000000000004,2.0836194399938965,2.0309758144502936
2791,2791,2791,0.6516666666666673,2.0847638666361488,2.030212863355459
2792,2792,2792,0.6533333333333333,2.084000915541314,2.0283054856183718
2793,2793,2793,0.6550000000000002,2.0836194399938965,2.0283054856183718
2794,2794,2794,0.6566666666666672,2.0828564888990617,2.028686961165789
2795,2795,2795,0.6583333333333332,2.084382391088732,2.029449912260624
2796,2796,2796,0.6600000000000001,2.085526817730984,2.0298313878080414
2797,2797,2797,0.6616666666666671,2.085908293278401,2.028686961165789
2798,2798,2798,0.663333333333334,2.086671244373236,2.028686961165789
2799,2799,2799,0.665,2.086671244373236,2.0283054856183718
2800,2800,2800,0.666666666666667,2.087052719920653,2.028686961165789
2801,2801,2801,0.6683333333333339,2.088197146562905,2.0290684367132066
2802,2802,2802,0.6699999999999999,2.0889600976577403,2.0283054856183718
2803,2803,2803,0.6716666666666669,2.08743419546807,2.0279240100709544
2804,2804,2804,0.6733333333333338,2.086671244373236,2.0283054856183718
2805,2805,2805,0.6750000000000016,2.088197146562905,2.0290684367132066
2806,2806,2806,0.6766666666666667,2.0885786221103237,2.0290684367132066
2807,2807,2807,0.6783333333333337,2.087815671015488,2.0290684367132066
2808,2808,2808,0.6800000000000015,2.087052719920653,2.0298313878080414
2809,2809,2809,0.6816666666666666,2.08743419546807,2.030212863355459
2810,2810,2810,0.6833333333333336,2.086671244373236,2.030212863355459
2811,2811,2811,0.6850000000000005,2.085526817730984,2.0309758144502936
2812,2812,2812,0.6866666666666665,2.085526817730984,2.0309758144502936
2813,2813,2813,0.6883333333333335,2.0851453421835657,2.0309758144502936
2814,2814,2814,0.6900000000000004,2.0851453421835657,2.030594338902876
2815,2815,2815,0.6916666666666664,2.085526817730984,2.030594338902876
2816,2816,2816,0.6933333333333334,2.08743419546807,2.031357289997711
2817,2817,2817,0.6950000000000003,2.087815671015488,2.032120241092546
2818,2818,2818,0.6966666666666672,2.087052719920653,2.032501716639964
2819,2819,2819,0.6983333333333333,2.087052719920653,2.0328831921873807
2820,2820,2820,0.7000000000000002,2.088197146562905,2.033264667734798
2821,2821,2821,0.7016666666666671,2.0893415732051577,2.033264667734798
2822,2822,2822,0.703333333333334,2.089723048752575,2.033264667734798
2823,2823,2823,0.7050000000000001,2.0885786221103237,2.033264667734798
2824,2824,2824,0.706666666666667,2.088197146562905,2.034027618829633
2825,2825,2825,0.7083333333333339,2.0885786221103237,2.035172045471885
2826,2826,2826,0.71,2.088197146562905,2.0366979476615548
2827,2827,2827,0.7116666666666669,2.087815671015488,2.0366979476615548
2828,2828,2828,0.7133333333333338,2.08743419546807,2.0366979476615548
2829,2829,2829,0.7150000000000016,2.086671244373236,2.037079423208972
2830,2830,2830,0.7166666666666668,2.0862897688258184,2.038605325398642
2831,2831,2831,0.7183333333333337,2.086671244373236,2.039749752040894
2832,2832,2832,0.7200000000000015,2.086671244373236,2.0401312275883114
2833,2833,2833,0.7216666666666667,2.0862897688258184,2.0401312275883114
2834,2834,2834,0.7233333333333336,2.085526817730984,2.0405127031357293
2835,2835,2835,0.7250000000000005,2.084000915541314,2.042420080872816
2836,2836,2836,0.7266666666666666,2.084382391088732,2.043564507515068
2837,2837,2837,0.7283333333333335,2.0847638666361488,2.0428015564202333
2838,2838,2838,0.7300000000000004,2.0836194399938965,2.043945983062485
2839,2839,2839,0.7316666666666665,2.083237964446479,2.0431830319676507
2840,2840,2840,0.7333333333333334,2.0828564888990617,2.0431830319676507
2841,2841,2841,0.7350000000000003,2.0824750133516443,2.0428015564202333
2842,2842,2842,0.7366666666666672,2.082093537804227,2.044327458609903
2843,2843,2843,0.7383333333333333,2.082093537804227,2.045471885252155
2844,2844,2844,0.7400000000000002,2.0824750133516443,2.0466163118944074
2845,2845,2845,0.7416666666666671,2.0805676356145573,2.0466163118944074
2846,2846,2846,0.7433333333333341,2.0805676356145573,2.0466163118944074
2847,2847,2847,0.7450000000000001,2.0805676356145573,2.047379262989242
2848,2848,2848,0.746666666666667,2.08018616006714,2.048905165178912
2849,2849,2849,0.748333333333334,2.08018616006714,2.048905165178912
2850,2850,2850,0.75,2.0805676356145573,2.047379262989242
2851,2851,2851,0.7516666666666669,2.08018616006714,2.047379262989242
2852,2852,2852,0.7533333333333339,2.0786602578774698,2.048905165178912
2853,2853,2853,0.7549999999999999,2.079041733424888,2.048905165178912
2854,2854,2854,0.7566666666666668,2.0798046845197224,2.0485236896314944
2855,2855,2855,0.7583333333333337,2.079041733424888,2.047379262989242
2856,2856,2856,0.7600000000000016,2.0786602578774698,2.0477607385366596
2857,2857,2857,0.7616666666666667,2.079423208972305,2.047379262989242
2858,2858,2858,0.7633333333333336,2.08018616006714,2.0458533607995726
2859,2859,2859,0.7650000000000015,2.0798046845197224,2.0458533607995726
2860,2860,2860,0.7666666666666666,2.08018616006714,2.04623483634699
2861,2861,2861,0.7683333333333335,2.0798046845197224,2.04623483634699
2862,2862,2862,0.7700000000000005,2.079423208972305,2.0466163118944074
2863,2863,2863,0.7716666666666665,2.0782787823300533,2.0477607385366596
2864,2864,2864,0.7733333333333334,2.077515831235218,2.0485236896314944
2865,2865,2865,0.7750000000000004,2.0778973067826354,2.046997787441825
2866,2866,2866,0.7766666666666673,2.077515831235218,2.047379262989242
2867,2867,2867,0.7783333333333333,2.0771343556878006,2.0485236896314944
2868,2868,2868,0.7800000000000002,2.0763714045929658,2.0496681162737467
2869,2869,2869,0.7816666666666672,2.075608453498131,2.0496681162737467
2870,2870,2870,0.7833333333333332,2.0763714045929658,2.0485236896314944
2871,2871,2871,0.7850000000000001,2.0767528801403827,2.0485236896314944
2872,2872,2872,0.7866666666666671,2.0763714045929658,2.048905165178912
2873,2873,2873,0.788333333333334,2.075608453498131,2.0485236896314944
2874,2874,2874,0.79,2.0759899290455484,2.0485236896314944
2875,2875,2875,0.791666666666667,2.0767528801403827,2.0477607385366596
2876,2876,2876,0.7933333333333339,2.0767528801403827,2.046997787441825
2877,2877,2877,0.7949999999999999,2.0763714045929658,2.047379262989242
2878,2878,2878,0.7966666666666669,2.0767528801403827,2.047379262989242
2879,2879,2879,0.7983333333333338,2.075226977950713,2.0477607385366596
2880,2880,2880,0.8000000000000016,2.0744640268558787,2.047379262989242
2881,2881,2881,0.8016666666666667,2.0763714045929658,2.0466163118944074
2882,2882,2882,0.8033333333333337,2.0759899290455484,2.0458533607995726
2883,2883,2883,0.8050000000000015,2.0740825513084613,2.04623483634699
2884,2884,2884,0.8066666666666666,2.074845502403296,2.04623483634699
2885,2885,2885,0.8083333333333336,2.0759899290455484,2.0458533607995726
2886,2886,2886,0.8100000000000005,2.075226977950713,2.0450904097047378
2887,2887,2887,0.8116666666666665,2.074845502403296,2.045471885252155
2888,2888,2888,0.8133333333333335,2.0759899290455484,2.0450904097047378
2889,2889,2889,0.8150000000000004,2.0767528801403827,2.0447089341573204
2890,2890,2890,0.8166666666666664,2.0759899290455484,2.0447089341573204
2891,2891,2891,0.8183333333333334,2.0763714045929658,2.044327458609903
2892,2892,2892,0.8200000000000003,2.0763714045929658,2.043564507515068
2893,2893,2893,0.8216666666666672,2.075608453498131,2.043564507515068
2894,2894,2894,0.8233333333333333,2.075226977950713,2.043564507515068
2895,2895,2895,0.8250000000000002,2.075226977950713,2.043564507515068
2896,2896,2896,0.8266666666666671,2.074845502403296,2.0428015564202333
2897,2897,2897,0.828333333333334,2.0740825513084613,2.0431830319676507
2898,2898,2898,0.8300000000000001,2.0744640268558787,2.0428015564202333
2899,2899,2899,0.831666666666667,2.0740825513084613,2.0420386053253985
2900,2900,2900,0.8333333333333339,2.0740825513084613,2.041657129777981
2901,2901,2901,0.835,2.075226977950713,2.0420386053253985
2902,2902,2902,0.8366666666666669,2.075226977950713,2.041657129777981
2903,2903,2903,0.8383333333333338,2.075608453498131,2.041275654230564
2904,2904,2904,0.8400000000000016,2.075608453498131,2.0420386053253985
2905,2905,2905,0.8416666666666668,2.0759899290455484,2.042420080872816
2906,2906,2906,0.8433333333333337,2.0763714045929658,2.043564507515068
2907,2907,2907,0.8450000000000015,2.0763714045929658,2.0428015564202333
2908,2908,2908,0.8466666666666667,2.075608453498131,2.0428015564202333
2909,2909,2909,0.8483333333333336,2.075226977950713,2.0428015564202333
2910,2910,2910,0.8500000000000005,2.074845502403296,2.042420080872816
2911,2911,2911,0.8516666666666666,2.075608453498131,2.0420386053253985
2912,2912,2912,0.8533333333333335,2.075608453498131,2.0420386053253985
2913,2913,2913,0.8550000000000004,2.0740825513084613,2.041657129777981
2914,2914,2914,0.8566666666666665,2.073701075761044,2.041275654230564
2915,2915,2915,0.8583333333333334,2.072556649118792,2.0405127031357293
2916,2916,2916,0.8600000000000003,2.0733196002136265,2.0401312275883114
2917,2917,2917,0.8616666666666672,2.0733196002136265,2.041275654230564
2918,2918,2918,0.8633333333333333,2.072556649118792,2.041275654230564
2919,2919,2919,0.8650000000000002,2.073701075761044,2.0408941786831463
2920,2920,2920,0.8666666666666671,2.0740825513084613,2.0401312275883114
2921,2921,2921,0.8683333333333341,2.0733196002136265,2.041275654230564
2922,2922,2922,0.8700000000000001,2.073701075761044,2.041275654230564
2923,2923,2923,0.871666666666667,2.0744640268558787,2.041657129777981
2924,2924,2924,0.873333333333334,2.0744640268558787,2.041657129777981
2925,2925,2925,0.875,2.075226977950713,2.041657129777981
2926,2926,2926,0.8766666666666669,2.0759899290455484,2.0405127031357293
2927,2927,2927,0.8783333333333339,2.075226977950713,2.0401312275883114
2928,2928,2928,0.8799999999999999,2.075226977950713,2.041275654230564
2929,2929,2929,0.8816666666666668,2.075608453498131,2.041275654230564
2930,2930,2930,0.8833333333333337,2.074845502403296,2.0401312275883114
2931,2931,2931,0.8850000000000016,2.074845502403296,2.0405127031357293
2932,2932,2932,0.8866666666666667,2.074845502403296,2.041275654230564
2933,2933,2933,0.8883333333333336,2.074845502403296,2.041275654230564
2934,2934,2934,0.8900000000000015,2.075226977950713,2.041275654230564
2935,2935,2935,0.8916666666666666,2.0763714045929658,2.0420386053253985
2936,2936,2936,0.8933333333333335,2.0763714045929658,2.042420080872816
2937,2937,2937,0.8950000000000005,2.0759899290455484,2.0428015564202333
2938,2938,2938,0.8966666666666665,2.075608453498131,2.0428015564202333
2939,2939,2939,0.8983333333333334,2.075608453498131,2.0428015564202333
2940,2940,2940,0.9000000000000004,2.075608453498131,2.0420386053253985
2941,2941,2941,0.9016666666666673,2.075608453498131,2.0420386053253985
2942,2942,2942,0.9033333333333333,2.075226977950713,2.0420386053253985
2943,2943,2943,0.9050000000000002,2.074845502403296,2.041657129777981
2944,2944,2944,0.9066666666666672,2.0744640268558787,2.041275654230564
2945,2945,2945,0.9083333333333332,2.0744640268558787,2.041275654230564
2946,2946,2946,0.9100000000000001,2.0744640268558787,2.0405127031357293
2947,2947,2947,0.9116666666666671,2.0744640268558787,2.0408941786831463
2948,2948,2948,0.913333333333334,2.0744640268558787,2.041275654230564
2949,2949,2949,0.915,2.075226977950713,2.041275654230564
2950,2950,2950,0.916666666666667,2.074845502403296,2.041657129777981
2951,2951,2951,0.9183333333333339,2.073701075761044,2.041657129777981
2952,2952,2952,0.9199999999999999,2.0733196002136265,2.041657129777981
2953,2953,2953,0.9216666666666669,2.0740825513084613,2.0420386053253985
2954,2954,2954,0.9233333333333338,2.074845502403296,2.0420386053253985
2955,2955,2955,0.9250000000000016,2.074845502403296,2.041275654230564
2956,2956,2956,0.9266666666666667,2.0740825513084613,2.0408941786831463
2957,2957,2957,0.9283333333333337,2.073701075761044,2.0408941786831463
2958,2958,2958,0.9300000000000015,2.0740825513084613,2.041275654230564
2959,2959,2959,0.9316666666666666,2.073701075761044,2.0405127031357293
2960,2960,2960,0.9333333333333336,2.072556649118792,2.0393682764934766
2961,2961,2961,0.9350000000000005,2.072556649118792,2.038605325398642
2962,2962,2962,0.9366666666666665,2.072938124666209,2.037842374303807
2963,2963,2963,0.9383333333333335,2.0733196002136265,2.038605325398642
2964,2964,2964,0.9400000000000004,2.072556649118792,2.037842374303807
2965,2965,2965,0.9416666666666664,2.072938124666209,2.037842374303807
2966,2966,2966,0.9433333333333334,2.0733196002136265,2.0382238498512244
2967,2967,2967,0.9450000000000003,2.072556649118792,2.038605325398642
2968,2968,2968,0.9466666666666672,2.072556649118792,2.037842374303807
2969,2969,2969,0.9483333333333333,2.0721751735713743,2.037842374303807
2970,2970,2970,0.9500000000000002,2.0721751735713743,2.0382238498512244
2971,2971,2971,0.9516666666666671,2.0714122224765394,2.0382238498512244
2972,2972,2972,0.953333333333334,2.0714122224765394,2.038986800946059
2973,2973,2973,0.9550000000000001,2.071793698023957,2.0382238498512244
2974,2974,2974,0.956666666666667,2.071030746929122,2.037842374303807
2975,2975,2975,0.9583333333333339,2.071030746929122,2.0366979476615548
2976,2976,2976,0.96,2.071030746929122,2.035172045471885
2977,2977,2977,0.9616666666666669,2.0698863202868694,2.034027618829633
2978,2978,2978,0.9633333333333338,2.0721751735713743,2.032501716639964
2979,2979,2979,0.9650000000000016,2.073701075761044,2.031357289997711
2980,2980,2980,0.9666666666666668,2.072938124666209,2.030212863355459
2981,2981,2981,0.9683333333333337,2.0733196002136265,2.030212863355459
2982,2982,2982,0.9700000000000015,2.0733196002136265,2.030212863355459
2983,2983,2983,0.9716666666666667,2.073701075761044,2.0290684367132066
2984,2984,2984,0.9733333333333336,2.0733196002136265,2.0283054856183718
2985,2985,2985,0.9750000000000005,2.0721751735713743,2.027542534523537
2986,2986,2986,0.9766666666666666,2.0744640268558787,2.027542534523537
2987,2987,2987,0.9783333333333335,2.0744640268558787,2.0271610589761195
2988,2988,2988,0.9800000000000004,2.073701075761044,2.0263981078812847
2989,2989,2989,0.9816666666666665,2.073701075761044,2.026016632333868
2990,2990,2990,0.9833333333333334,2.073701075761044,2.0252536812390325
2991,2991,2991,0.9850000000000003,2.073701075761044,2.0252536812390325
2992,2992,2992,0.9866666666666672,2.074845502403296,2.024872205691615
2993,2993,2993,0.9883333333333333,2.0782787823300533,2.0241092545967803
2994,2994,2994,0.9900000000000002,2.084000915541314,2.0244907301441977
2995,2995,2995,0.9916666666666671,2.0901045242999925,2.0241092545967803
2996,2996,2996,0.9933333333333341,2.0958266575112536,2.0244907301441977
2997,2997,2997,0.9950000000000001,2.101930266269932,2.0241092545967803
2998,2998,2998,0.996666666666667,2.106507972838941,2.02258335240711
2999,2999,2999,0.998333333333334,2.1095597772182804,2.022201876859693
3000,3000,3000,1.0,2.1114671549553674,2.022964827954528
3001,3001,3001,1.001666666666667,2.11108567940795,2.0237277790493637
3002,3002,3002,1.0033333333333339,2.1114671549553674,2.023346303501945
3003,3003,3003,1.005,2.11108567940795,2.02258335240711
3004,3004,3004,1.0066666666666668,2.1107042038605326,2.02258335240711
3005,3005,3005,1.0083333333333337,2.1095597772182804,2.02258335240711
3006,3006,3006,1.0100000000000016,2.108796826123445,2.022201876859693
3007,3007,3007,1.0116666666666667,2.108796826123445,2.0214389257648584
3008,3008,3008,1.0133333333333336,2.109178301670863,2.0214389257648584
3009,3009,3009,1.0150000000000015,2.108796826123445,2.0214389257648584
3010,3010,3010,1.0166666666666666,2.107270923933776,2.021057450217441
3011,3011,3011,1.0183333333333335,2.106507972838941,2.020675974670024
3012,3012,3012,1.0200000000000005,2.1068894483863585,2.021057450217441
3013,3013,3013,1.0216666666666665,2.106126497291524,2.0202944991226057
3014,3014,3014,1.0233333333333334,2.106507972838941,2.0199130235751888
3015,3015,3015,1.0250000000000004,2.106507972838941,2.019531548027772
3016,3016,3016,1.0266666666666673,2.106126497291524,2.019531548027772
3017,3017,3017,1.0283333333333333,2.106507972838941,2.019150072480354
3018,3018,3018,1.0300000000000002,2.1057450217441063,2.0180056458381017
3019,3019,3019,1.0316666666666672,2.105363546196689,2.0180056458381017
3020,3020,3020,1.0333333333333332,2.105363546196689,2.0180056458381017
3021,3021,3021,1.0350000000000001,2.105363546196689,2.017242694743267
3022,3022,3022,1.036666666666667,2.1057450217441063,2.017242694743267
3023,3023,3023,1.038333333333334,2.106507972838941,2.016479743648432
3024,3024,3024,1.04,2.106507972838941,2.0157167925535973
3025,3025,3025,1.041666666666667,2.106126497291524,2.0176241702906843
3026,3026,3026,1.043333333333334,2.106126497291524,2.0187685969329365
3027,3027,3027,1.045,2.106507972838941,2.0187685969329365
3028,3028,3028,1.0466666666666669,2.105363546196689,2.0180056458381017
3029,3029,3029,1.0483333333333338,2.1049820706492715,2.0176241702906843
3030,3030,3030,1.0500000000000016,2.105363546196689,2.0180056458381017
3031,3031,3031,1.0516666666666667,2.1049820706492715,2.0176241702906843
3032,3032,3032,1.0533333333333337,2.1042191195544366,2.016861219195849
3033,3033,3033,1.0550000000000015,2.1038376440070192,2.018387121385519
3034,3034,3034,1.0566666666666666,2.1023117418173496,2.0187685969329365
3035,3035,3035,1.0583333333333336,2.1015487907225148,2.0180056458381017
3036,3036,3036,1.0600000000000005,2.1004043640802625,2.017242694743267
3037,3037,3037,1.0616666666666665,2.1004043640802625,2.017242694743267
3038,3038,3038,1.0633333333333335,2.0992599374380103,2.017242694743267
3039,3039,3039,1.0650000000000004,2.0984969863431755,2.018387121385519
3040,3040,3040,1.0666666666666664,2.0984969863431755,2.021057450217441
3041,3041,3041,1.0683333333333334,2.0984969863431755,2.0263981078812847
3042,3042,3042,1.0700000000000003,2.098878461890593,2.032120241092546
3043,3043,3043,1.0716666666666672,2.099641412985428,2.037079423208972
3044,3044,3044,1.0733333333333333,2.098878461890593,2.042420080872816
3045,3045,3045,1.0750000000000002,2.0992599374380103,2.04623483634699
3046,3046,3046,1.076666666666667,2.100022888532845,2.0496681162737467
3047,3047,3047,1.078333333333334,2.100022888532845,2.050812542915999
3048,3048,3048,1.08,2.101930266269932,2.050431067368581
3049,3049,3049,1.081666666666667,2.102693217364767,2.050812542915999
3050,3050,3050,1.083333333333334,2.1023117418173496,2.050431067368581
3051,3051,3051,1.085,2.1023117418173496,2.050049591821164
3052,3052,3052,1.086666666666667,2.1030746929121844,2.0496681162737467
3053,3053,3053,1.0883333333333338,2.1023117418173496,2.048142214084077
3054,3054,3054,1.0900000000000016,2.1011673151750974,2.048142214084077
3055,3055,3055,1.0916666666666668,2.1015487907225148,2.0485236896314944
3056,3056,3056,1.0933333333333337,2.1030746929121844,2.0477607385366596
3057,3057,3057,1.0950000000000015,2.1030746929121844,2.04623483634699
3058,3058,3058,1.0966666666666667,2.1030746929121844,2.04623483634699
3059,3059,3059,1.0983333333333336,2.103456168459602,2.0458533607995726
3060,3060,3060,1.1000000000000005,2.103456168459602,2.045471885252155
3061,3061,3061,1.1016666666666666,2.1030746929121844,2.045471885252155
3062,3062,3062,1.1033333333333335,2.1030746929121844,2.0450904097047378
3063,3063,3063,1.1050000000000004,2.1030746929121844,2.0447089341573204
3064,3064,3064,1.1066666666666665,2.102693217364767,2.0447089341573204
3065,3065,3065,1.1083333333333334,2.102693217364767,2.044327458609903
3066,3066,3066,1.1100000000000003,2.102693217364767,2.043945983062485
3067,3067,3067,1.1116666666666672,2.103456168459602,2.043945983062485
3068,3068,3068,1.1133333333333333,2.103456168459602,2.043945983062485
3069,3069,3069,1.1150000000000002,2.1030746929121844,2.043564507515068
3070,3070,3070,1.1166666666666671,2.1023117418173496,2.043564507515068
3071,3071,3071,1.118333333333334,2.1030746929121844,2.043945983062485
3072,3072,3072,1.12,2.1030746929121844,2.043564507515068
3073,3073,3073,1.121666666666667,2.103456168459602,2.043945983062485
3074,3074,3074,1.123333333333334,2.1023117418173496,2.043564507515068
3075,3075,3075,1.125,2.1030746929121844,2.0420386053253985
3076,3076,3076,1.126666666666667,2.103456168459602,2.042420080872816
3077,3077,3077,1.1283333333333339,2.1030746929121844,2.042420080872816
3078,3078,3078,1.13,2.1023117418173496,2.0420386053253985
3079,3079,3079,1.1316666666666668,2.1023117418173496,2.0428015564202333
3080,3080,3080,1.1333333333333337,2.1023117418173496,2.0428015564202333
3081,3081,3081,1.1350000000000016,2.1023117418173496,2.0428015564202333
3082,3082,3082,1.1366666666666667,2.101930266269932,2.042420080872816
3083,3083,3083,1.1383333333333336,2.1015487907225148,2.0420386053253985
3084,3084,3084,1.1400000000000015,2.1023117418173496,2.0420386053253985
3085,3085,3085,1.1416666666666666,2.1030746929121844,2.0420386053253985
3086,3086,3086,1.1433333333333335,2.1030746929121844,2.0420386053253985
3087,3087,3087,1.1450000000000005,2.102693217364767,2.042420080872816
3088,3088,3088,1.1466666666666665,2.101930266269932,2.042420080872816
3089,3089,3089,1.1483333333333334,2.1015487907225148,2.043945983062485
3090,3090,3090,1.1500000000000004,2.10078583962768,2.044327458609903
3091,3091,3091,1.1516666666666673,2.10078583962768,2.0447089341573204
3092,3092,3092,1.1533333333333333,2.101930266269932,2.0450904097047378
3093,3093,3093,1.1550000000000002,2.1015487907225148,2.0458533607995726
3094,3094,3094,1.1566666666666672,2.10078583962768,2.0466163118944074
3095,3095,3095,1.158333333333334,2.1004043640802625,2.048142214084077
3096,3096,3096,1.1600000000000001,2.10078583962768,2.0485236896314944
3097,3097,3097,1.161666666666667,2.1004043640802625,2.048142214084077
3098,3098,3098,1.163333333333334,2.0992599374380103,2.0485236896314944
3099,3099,3099,1.165,2.098878461890593,2.048905165178912
3100,3100,3100,1.166666666666667,2.0984969863431755,2.048142214084077
3101,3101,3101,1.168333333333334,2.0977340352483407,2.0477607385366596
3102,3102,3102,1.17,2.0977340352483407,2.048142214084077
3103,3103,3103,1.1716666666666669,2.098115510795758,2.048905165178912
3104,3104,3104,1.1733333333333338,2.097352559700924,2.048905165178912
3105,3105,3105,1.1750000000000016,2.0962081330586706,2.0485236896314944
3106,3106,3106,1.1766666666666667,2.0965896086060885,2.048905165178912
3107,3107,3107,1.1783333333333337,2.096971084153506,2.0492866407263293
3108,3108,3108,1.1800000000000015,2.0962081330586706,2.0492866407263293
3109,3109,3109,1.1816666666666666,2.0962081330586706,2.0485236896314944
3110,3110,3110,1.1833333333333336,2.0965896086060885,2.0485236896314944
3111,3111,3111,1.1850000000000005,2.096971084153506,2.0485236896314944
3112,3112,3112,1.1866666666666665,2.096971084153506,2.048142214084077
3113,3113,3113,1.1883333333333335,2.0965896086060885,2.048142214084077
3114,3114,3114,1.1900000000000004,2.0962081330586706,2.0492866407263293
3115,3115,3115,1.1916666666666664,2.0962081330586706,2.048905165178912
3116,3116,3116,1.1933333333333334,2.0962081330586706,2.0485236896314944
3117,3117,3117,1.1950000000000003,2.0958266575112536,2.048142214084077
3118,3118,3118,1.1966666666666672,2.095445181963836,2.0485236896314944
3119,3119,3119,1.1983333333333333,2.095445181963836,2.048905165178912
3120,3120,3120,1.2000000000000002,2.0958266575112536,2.0485236896314944
3121,3121,3121,1.201666666666667,2.095063706416419,2.0485236896314944
3122,3122,3122,1.203333333333334,2.095445181963836,2.0492866407263293
3123,3123,3123,1.205,2.095063706416419,2.0492866407263293
3124,3124,3124,1.206666666666667,2.095063706416419,2.048905165178912
3125,3125,3125,1.208333333333334,2.095445181963836,2.048142214084077
3126,3126,3126,1.21,2.0958266575112536,2.048142214084077
3127,3127,3127,1.211666666666667,2.095445181963836,2.048142214084077
3128,3128,3128,1.2133333333333338,2.095445181963836,2.048142214084077
3129,3129,3129,1.2150000000000016,2.098878461890593,2.047379262989242
3130,3130,3130,1.2166666666666668,2.103456168459602,2.047379262989242
3131,3131,3131,1.2183333333333337,2.107270923933776,2.048142214084077
3132,3132,3132,1.2200000000000015,2.111848630502785,2.048905165178912
3133,3133,3133,1.2216666666666667,2.1183337148088808,2.0485236896314944
3134,3134,3134,1.2233333333333336,2.12443732356756,2.0477607385366596
3135,3135,3135,1.2250000000000005,2.1271076523994807,2.047379262989242
3136,3136,3136,1.2266666666666666,2.128633554589151,2.047379262989242
3137,3137,3137,1.2283333333333335,2.129777981231403,2.0466163118944074
3138,3138,3138,1.2300000000000004,2.128633554589151,2.0466163118944074
3139,3139,3139,1.2316666666666665,2.1282520790417334,2.047379262989242
3140,3140,3140,1.2333333333333334,2.127870603494316,2.046997787441825
3141,3141,3141,1.2350000000000003,2.1274891279468986,2.04623483634699
3142,3142,3142,1.2366666666666672,2.1263447013046464,2.0458533607995726
3143,3143,3143,1.2383333333333333,2.125963225757229,2.0458533607995726
3144,3144,3144,1.2400000000000002,2.125200274662394,2.045471885252155
3145,3145,3145,1.2416666666666671,2.1248187991149767,2.0447089341573204
3146,3146,3146,1.243333333333334,2.1248187991149767,2.0447089341573204
3147,3147,3147,1.245,2.123292896925307,2.0447089341573204
3148,3148,3148,1.246666666666667,2.1236743724727245,2.043945983062485
3149,3149,3149,1.248333333333334,2.1229114213778897,2.043945983062485
3150,3150,3150,1.25,2.1229114213778897,2.044327458609903
3151,3151,3151,1.251666666666667,2.1229114213778897,2.043945983062485
3152,3152,3152,1.2533333333333339,2.1225299458304723,2.0431830319676507
3153,3153,3153,1.255,2.121766994735637,2.0431830319676507
3154,3154,3154,1.2566666666666668,2.1206225680933852,2.043945983062485
3155,3155,3155,1.2583333333333337,2.1210040436408018,2.0431830319676507
3156,3156,3156,1.2600000000000016,2.121766994735637,2.0428015564202333
3157,3157,3157,1.2616666666666667,2.121766994735637,2.0431830319676507
3158,3158,3158,1.2633333333333336,2.1225299458304723,2.043564507515068
3159,3159,3159,1.2650000000000015,2.1229114213778897,2.0431830319676507
3160,3160,3160,1.2666666666666666,2.1236743724727245,2.0428015564202333
3161,3161,3161,1.2683333333333335,2.124055848020142,2.0428015564202333
3162,3162,3162,1.2700000000000005,2.1236743724727245,2.0428015564202333
3163,3163,3163,1.2716666666666665,2.12443732356756,2.0428015564202333
3164,3164,3164,1.2733333333333334,2.12443732356756,2.042420080872816
3165,3165,3165,1.2750000000000004,2.1229114213778897,2.0420386053253985
3166,3166,3166,1.2766666666666673,2.1229114213778897,2.0420386053253985
3167,3167,3167,1.2783333333333333,2.123292896925307,2.0420386053253985
3168,3168,3168,1.2800000000000002,2.1229114213778897,2.041657129777981
3169,3169,3169,1.2816666666666672,2.122148470283055,2.041657129777981
3170,3170,3170,1.283333333333334,2.121766994735637,2.041275654230564
3171,3171,3171,1.2850000000000001,2.121766994735637,2.041657129777981
3172,3172,3172,1.286666666666667,2.1210040436408018,2.0420386053253985
3173,3173,3173,1.288333333333334,2.12138551918822,2.0420386053253985
3174,3174,3174,1.29,2.1225299458304723,2.0420386053253985
3175,3175,3175,1.291666666666667,2.1229114213778897,2.042420080872816
3176,3176,3176,1.293333333333334,2.1229114213778897,2.0466163118944074
3177,3177,3177,1.295,2.123292896925307,2.050812542915999
3178,3178,3178,1.2966666666666669,2.1236743724727245,2.0550087739375904
3179,3179,3179,1.2983333333333338,2.12443732356756,2.059205004959182
3180,3180,3180,1.3000000000000016,2.12443732356756,2.0653086137178605
3181,3181,3181,1.3016666666666667,2.125200274662394,2.0714122224765394
3182,3182,3182,1.3033333333333337,2.1267261768520638,2.0744640268558787
3183,3183,3183,1.3050000000000015,2.127870603494316,2.0759899290455484
3184,3184,3184,1.3066666666666666,2.129777981231403,2.0771343556878006
3185,3185,3185,1.3083333333333336,2.1305409323262383,2.0771343556878006
3186,3186,3186,1.3100000000000005,2.130922407873656,2.0771343556878006
3187,3187,3187,1.3116666666666665,2.132448310063325,2.0763714045929658
3188,3188,3188,1.3133333333333335,2.13321126115816,2.0763714045929658
3189,3189,3189,1.3150000000000004,2.1335927367055767,2.075608453498131
3190,3190,3190,1.3166666666666664,2.1335927367055767,2.075226977950713
3191,3191,3191,1.3183333333333334,2.134355687800412,2.074845502403296
3192,3192,3192,1.3200000000000003,2.134355687800412,2.074845502403296
3193,3193,3193,1.3216666666666672,2.134355687800412,2.0740825513084613
3194,3194,3194,1.3233333333333333,2.134355687800412,2.0733196002136265
3195,3195,3195,1.3250000000000002,2.134355687800412,2.0740825513084613
3196,3196,3196,1.326666666666667,2.134355687800412,2.073701075761044
3197,3197,3197,1.328333333333334,2.135118638895247,2.0733196002136265
3198,3198,3198,1.33,2.135118638895247,2.0733196002136265
3199,3199,3199,1.331666666666667,2.135118638895247,2.0733196002136265
3200,3200,3200,1.333333333333334,2.135500114442664,2.072938124666209
3201,3201,3201,1.335,2.135500114442664,2.0721751735713743
3202,3202,3202,1.336666666666667,2.1358815899900816,2.0721751735713743
3203,3203,3203,1.3383333333333338,2.1358815899900816,2.0721751735713743
3204,3204,3204,1.3400000000000016,2.1358815899900816,2.072556649118792
3205,3205,3205,1.3416666666666668,2.136263065537499,2.072938124666209
3206,3206,3206,1.3433333333333337,2.136263065537499,2.0740825513084613
3207,3207,3207,1.3450000000000015,2.136263065537499,2.0744640268558787
3208,3208,3208,1.3466666666666667,2.1358815899900816,2.074845502403296
3209,3209,3209,1.3483333333333336,2.136263065537499,2.0744640268558787
3210,3210,3210,1.3500000000000005,2.136263065537499,2.074845502403296
3211,3211,3211,1.3516666666666666,2.136263065537499,2.074845502403296
3212,3212,3212,1.3533333333333335,2.136263065537499,2.0744640268558787
3213,3213,3213,1.3550000000000004,2.1366445410849164,2.074845502403296
3214,3214,3214,1.3566666666666665,2.1366445410849164,2.074845502403296
3215,3215,3215,1.3583333333333334,2.1366445410849164,2.073701075761044
3216,3216,3216,1.3600000000000003,2.137026016632334,2.072556649118792
3217,3217,3217,1.3616666666666672,2.1374074921797512,2.071030746929122
3218,3218,3218,1.3633333333333333,2.1377889677271686,2.0698863202868694
3219,3219,3219,1.3650000000000002,2.1377889677271686,2.0687418936446167
3220,3220,3220,1.3666666666666671,2.138170443274586,2.0679789425497823
3221,3221,3221,1.368333333333334,2.138170443274586,2.0679789425497823
3222,3222,3222,1.37,2.1385519188220035,2.067597467002365
3223,3223,3223,1.371666666666667,2.138933394369421,2.0672159914549475
3224,3224,3224,1.373333333333334,2.1393148699168383,2.0672159914549475
3225,3225,3225,1.375,2.138933394369421,2.0672159914549475
3226,3226,3226,1.3766666666666678,2.138933394369421,2.067597467002365
3227,3227,3227,1.3783333333333339,2.138933394369421,2.0679789425497823
3228,3228,3228,1.3800000000000008,2.1385519188220035,2.0679789425497823
3229,3229,3229,1.3816666666666677,2.138170443274586,2.0691233691920345
3230,3230,3230,1.3833333333333337,2.1374074921797512,2.0698863202868694
3231,3231,3231,1.3850000000000025,2.1374074921797512,2.071030746929122
3232,3232,3232,1.3866666666666676,2.138170443274586,2.071793698023957
3233,3233,3233,1.3883333333333336,2.1377889677271686,2.0721751735713743
3234,3234,3234,1.3900000000000015,2.1377889677271686,2.072938124666209
3235,3235,3235,1.3916666666666684,2.1377889677271686,2.0733196002136265
3236,3236,3236,1.3933333333333335,2.138170443274586,2.0740825513084613
3237,3237,3237,1.3950000000000005,2.138170443274586,2.0744640268558787
3238,3238,3238,1.3966666666666674,2.1377889677271686,2.074845502403296
3239,3239,3239,1.3983333333333325,2.1374074921797512,2.074845502403296
3240,3240,3240,1.4000000000000004,2.1374074921797512,2.074845502403296
3241,3241,3241,1.4016666666666673,2.138170443274586,2.075226977950713
3242,3242,3242,1.4033333333333324,2.1393148699168383,2.075226977950713
3243,3243,3243,1.4050000000000002,2.1385519188220035,2.075608453498131
3244,3244,3244,1.4066666666666672,2.138170443274586,2.075608453498131
3245,3245,3245,1.408333333333334,2.1377889677271686,2.075608453498131
3246,3246,3246,1.4100000000000001,2.1377889677271686,2.0759899290455484
3247,3247,3247,1.411666666666667,2.138170443274586,2.0763714045929658
3248,3248,3248,1.413333333333334,2.1385519188220035,2.0763714045929658
3249,3249,3249,1.415,2.138170443274586,2.0771343556878006
3250,3250,3250,1.4166666666666679,2.138933394369421,2.0771343556878006
3251,3251,3251,1.418333333333334,2.1393148699168383,2.077515831235218
3252,3252,3252,1.42,2.1393148699168383,2.0778973067826354
3253,3253,3253,1.4216666666666677,2.1393148699168383,2.077515831235218
3254,3254,3254,1.4233333333333338,2.1393148699168383,2.077515831235218
3255,3255,3255,1.4250000000000025,2.1393148699168383,2.0771343556878006
3256,3256,3256,1.4266666666666676,2.1396963454642557,2.077515831235218
3257,3257,3257,1.4283333333333337,2.140077821011673,2.077515831235218
3258,3258,3258,1.4300000000000015,2.1404592965590905,2.077515831235218
3259,3259,3259,1.4316666666666684,2.140840772106508,2.077515831235218
3260,3260,3260,1.4333333333333336,2.1404592965590905,2.077515831235218
3261,3261,3261,1.4350000000000005,2.140840772106508,2.0778973067826354
3262,3262,3262,1.4366666666666674,2.140840772106508,2.0778973067826354
3263,3263,3263,1.4383333333333335,2.140840772106508,2.0778973067826354
3264,3264,3264,1.4400000000000004,2.1412222476539253,2.0786602578774698
3265,3265,3265,1.4416666666666673,2.1412222476539253,2.079041733424888
3266,3266,3266,1.4433333333333325,2.140840772106508,2.079041733424888
3267,3267,3267,1.4450000000000003,2.1404592965590905,2.0798046845197224
3268,3268,3268,1.4466666666666672,2.140840772106508,2.08018616006714
3269,3269,3269,1.4483333333333324,2.140840772106508,2.0805676356145573
3270,3270,3270,1.4500000000000002,2.1404592965590905,2.0809491111619747
3271,3271,3271,1.451666666666667,2.1396963454642557,2.081330586709392
3272,3272,3272,1.453333333333334,2.1396963454642557,2.081712062256809
3273,3273,3273,1.455,2.1393148699168383,2.081330586709392
3274,3274,3274,1.4566666666666679,2.137026016632334,2.081330586709392
3275,3275,3275,1.458333333333334,2.1358815899900816,2.0809491111619747
3276,3276,3276,1.46,2.1358815899900816,2.0805676356145573
3277,3277,3277,1.4616666666666678,2.1347371633478294,2.0798046845197224
3278,3278,3278,1.4633333333333338,2.134355687800412,2.0798046845197224
3279,3279,3279,1.4650000000000025,2.1339742122529946,2.08018616006714
3280,3280,3280,1.4666666666666677,2.1335927367055767,2.079423208972305
3281,3281,3281,1.4683333333333337,2.1335927367055767,2.079423208972305
3282,3282,3282,1.4700000000000015,2.13321126115816,2.0798046845197224
3283,3283,3283,1.4716666666666676,2.1335927367055767,2.0798046845197224
3284,3284,3284,1.4733333333333336,2.1335927367055767,2.08018616006714
3285,3285,3285,1.4750000000000005,2.1328297856107423,2.079041733424888
3286,3286,3286,1.4766666666666675,2.13321126115816,2.079041733424888
3287,3287,3287,1.4783333333333335,2.1328297856107423,2.0786602578774698
3288,3288,3288,1.4800000000000004,2.1328297856107423,2.0798046845197224
3289,3289,3289,1.4816666666666674,2.13321126115816,2.08018616006714
3290,3290,3290,1.4833333333333325,2.1328297856107423,2.0798046845197224
3291,3291,3291,1.4850000000000003,2.1335927367055767,2.079423208972305
3292,3292,3292,1.4866666666666672,2.1335927367055767,2.0786602578774698
3293,3293,3293,1.4883333333333324,2.1335927367055767,2.0786602578774698
3294,3294,3294,1.4900000000000002,2.13321126115816,2.079041733424888
3295,3295,3295,1.4916666666666671,2.1339742122529946,2.079041733424888
3296,3296,3296,1.493333333333334,2.134355687800412,2.079041733424888
3297,3297,3297,1.495,2.1335927367055767,2.079041733424888
3298,3298,3298,1.496666666666667,2.1335927367055767,2.08018616006714
3299,3299,3299,1.498333333333334,2.1339742122529946,2.08018616006714
3300,3300,3300,1.5,2.134355687800412,2.0798046845197224
3301,3301,3301,1.5016666666666678,2.1347371633478294,2.08018616006714
3302,3302,3302,1.5033333333333339,2.135118638895247,2.08018616006714
3303,3303,3303,1.5050000000000008,2.1347371633478294,2.0805676356145573
3304,3304,3304,1.5066666666666677,2.1347371633478294,2.0809491111619747
3305,3305,3305,1.5083333333333337,2.135118638895247,2.0805676356145573
3306,3306,3306,1.5100000000000025,2.135500114442664,2.081330586709392
3307,3307,3307,1.5116666666666676,2.135118638895247,2.0809491111619747
3308,3308,3308,1.5133333333333336,2.1347371633478294,2.081330586709392
3309,3309,3309,1.5150000000000015,2.135500114442664,2.081330586709392
3310,3310,3310,1.5166666666666684,2.1347371633478294,2.0809491111619747
3311,3311,3311,1.5183333333333335,2.135118638895247,2.081712062256809
3312,3312,3312,1.5200000000000005,2.135500114442664,2.081712062256809
3313,3313,3313,1.5216666666666674,2.135500114442664,2.0809491111619747
3314,3314,3314,1.5233333333333325,2.1358815899900816,2.0809491111619747
3315,3315,3315,1.5250000000000004,2.135500114442664,2.081330586709392
3316,3316,3316,1.5266666666666673,2.135118638895247,2.081712062256809
3317,3317,3317,1.5283333333333324,2.1358815899900816,2.081712062256809
3318,3318,3318,1.5300000000000002,2.136263065537499,2.081330586709392
3319,3319,3319,1.5316666666666672,2.1358815899900816,2.081712062256809
3320,3320,3320,1.533333333333334,2.1366445410849164,2.0824750133516443
3321,3321,3321,1.5350000000000001,2.1366445410849164,2.081712062256809
3322,3322,3322,1.536666666666667,2.1374074921797512,2.081712062256809
3323,3323,3323,1.538333333333334,2.1377889677271686,2.082093537804227
3324,3324,3324,1.54,2.1377889677271686,2.082093537804227
3325,3325,3325,1.5416666666666679,2.1374074921797512,2.082093537804227
3326,3326,3326,1.543333333333334,2.1374074921797512,2.0824750133516443
3327,3327,3327,1.545,2.138170443274586,2.0828564888990617
3328,3328,3328,1.5466666666666677,2.1385519188220035,2.083237964446479
3329,3329,3329,1.5483333333333338,2.138170443274586,2.083237964446479
3330,3330,3330,1.5500000000000025,2.138170443274586,2.0836194399938965
3331,3331,3331,1.5516666666666676,2.138170443274586,2.084000915541314
3332,3332,3332,1.5533333333333337,2.138170443274586,2.084000915541314
3333,3333,3333,1.5550000000000015,2.138933394369421,2.0847638666361488
3334,3334,3334,1.5566666666666684,2.1385519188220035,2.0847638666361488
3335,3335,3335,1.5583333333333336,2.138170443274586,2.0851453421835657
3336,3336,3336,1.5600000000000005,2.138170443274586,2.0851453421835657
3337,3337,3337,1.5616666666666674,2.138170443274586,2.085526817730984
3338,3338,3338,1.5633333333333335,2.138933394369421,2.0862897688258184
3339,3339,3339,1.5650000000000004,2.138933394369421,2.0862897688258184
3340,3340,3340,1.5666666666666673,2.1385519188220035,2.085908293278401
3341,3341,3341,1.5683333333333325,2.138170443274586,2.0862897688258184
3342,3342,3342,1.5700000000000003,2.1385519188220035,2.086671244373236
3343,3343,3343,1.5716666666666672,2.1385519188220035,2.087052719920653
3344,3344,3344,1.5733333333333324,2.1385519188220035,2.086671244373236
3345,3345,3345,1.5750000000000002,2.138933394369421,2.0862897688258184
3346,3346,3346,1.576666666666667,2.138933394369421,2.086671244373236
3347,3347,3347,1.578333333333334,2.1385519188220035,2.087815671015488
3348,3348,3348,1.58,2.1377889677271686,2.088197146562905
3349,3349,3349,1.5816666666666679,2.1377889677271686,2.087815671015488
3350,3350,3350,1.583333333333334,2.138170443274586,2.087815671015488
3351,3351,3351,1.585,2.138170443274586,2.088197146562905
3352,3352,3352,1.5866666666666678,2.1377889677271686,2.0885786221103237
3353,3353,3353,1.5883333333333338,2.1374074921797512,2.0885786221103237
3354,3354,3354,1.5900000000000025,2.1377889677271686,2.0889600976577403
3355,3355,3355,1.5916666666666677,2.138170443274586,2.0885786221103237
3356,3356,3356,1.5933333333333337,2.1385519188220035,2.0885786221103237
3357,3357,3357,1.5950000000000015,2.1385519188220035,2.0889600976577403
3358,3358,3358,1.5966666666666676,2.138933394369421,2.0889600976577403
3359,3359,3359,1.5983333333333336,2.1385519188220035,2.0893415732051577
3360,3360,3360,1.6000000000000005,2.138170443274586,2.0893415732051577
3361,3361,3361,1.6016666666666675,2.1385519188220035,2.089723048752575
3362,3362,3362,1.6033333333333335,2.138933394369421,2.089723048752575
3363,3363,3363,1.6050000000000004,2.138933394369421,2.089723048752575
3364,3364,3364,1.6066666666666674,2.138933394369421,2.09048599984741
3365,3365,3365,1.6083333333333325,2.138933394369421,2.09048599984741
3366,3366,3366,1.6100000000000003,2.1385519188220035,2.090867475394828
3367,3367,3367,1.6116666666666672,2.138933394369421,2.0912489509422447
3368,3368,3368,1.6133333333333324,2.138933394369421,2.0912489509422447
3369,3369,3369,1.6150000000000002,2.1385519188220035,2.0920119020370795
3370,3370,3370,1.6166666666666671,2.138170443274586,2.092393377584497
3371,3371,3371,1.618333333333334,2.138933394369421,2.092393377584497
3372,3372,3372,1.62,2.1393148699168383,2.092393377584497
3373,3373,3373,1.621666666666667,2.1393148699168383,2.0920119020370795
3374,3374,3374,1.623333333333334,2.1393148699168383,2.092393377584497
3375,3375,3375,1.625,2.1393148699168383,2.0931563286793318
3376,3376,3376,1.6266666666666678,2.140077821011673,2.0931563286793318
3377,3377,3377,1.6283333333333339,2.140077821011673,2.0931563286793318
3378,3378,3378,1.6300000000000008,2.1404592965590905,2.0927748531319144
3379,3379,3379,1.6316666666666677,2.140840772106508,2.0931563286793318
3380,3380,3380,1.6333333333333337,2.140840772106508,2.0935378042267487
3381,3381,3381,1.6350000000000025,2.14198519874876,2.0935378042267487
3382,3382,3382,1.6366666666666676,2.1416037232013427,2.0931563286793318
3383,3383,3383,1.6383333333333336,2.1423666742961776,2.0931563286793318
3384,3384,3384,1.6400000000000015,2.14198519874876,2.0931563286793318
3385,3385,3385,1.6416666666666684,2.14198519874876,2.0935378042267487
3386,3386,3386,1.6433333333333335,2.1431296253910124,2.094300755321584
3387,3387,3387,1.6450000000000005,2.14351110093843,2.0931563286793318
3388,3388,3388,1.6466666666666674,2.1431296253910124,2.0935378042267487
3389,3389,3389,1.6483333333333325,2.142748149843595,2.0939192797741666
3390,3390,3390,1.6500000000000004,2.1423666742961776,2.0935378042267487
3391,3391,3391,1.6516666666666673,2.1423666742961776,2.0939192797741666
3392,3392,3392,1.6533333333333324,2.142748149843595,2.094300755321584
3393,3393,3393,1.6550000000000002,2.1423666742961776,2.094300755321584
3394,3394,3394,1.6566666666666672,2.1423666742961776,2.0939192797741666
3395,3395,3395,1.658333333333334,2.1423666742961776,2.0927748531319144
3396,3396,3396,1.6600000000000001,2.14351110093843,2.0927748531319144
3397,3397,3397,1.661666666666667,2.14351110093843,2.0935378042267487
3398,3398,3398,1.663333333333334,2.14351110093843,2.0931563286793318
3399,3399,3399,1.665,2.14351110093843,2.0931563286793318
3400,3400,3400,1.6666666666666679,2.1438925764858467,2.0927748531319144
3401,3401,3401,1.668333333333334,2.1438925764858467,2.0927748531319144
3402,3402,3402,1.67,2.142748149843595,2.0935378042267487
3403,3403,3403,1.6716666666666677,2.14351110093843,2.0939192797741666
3404,3404,3404,1.6733333333333338,2.1450370031280994,2.0939192797741666
3405,3405,3405,1.6750000000000025,2.1442740520332646,2.094300755321584
3406,3406,3406,1.6766666666666676,2.1442740520332646,2.0939192797741666
3407,3407,3407,1.6783333333333337,2.1446555275806816,2.0939192797741666
3408,3408,3408,1.6800000000000015,2.145418478675517,2.094300755321584
3409,3409,3409,1.6816666666666684,2.1457999542229342,2.0946822308690014
3410,3410,3410,1.6833333333333336,2.1450370031280994,2.0946822308690014
3411,3411,3411,1.6850000000000005,2.145418478675517,2.0946822308690014
3412,3412,3412,1.6866666666666674,2.1477073319600213,2.094300755321584
3413,3413,3413,1.6883333333333335,2.1484702830548565,2.0946822308690014
3414,3414,3414,1.6900000000000004,2.1484702830548565,2.0946822308690014
3415,3415,3415,1.6916666666666673,2.1480888075074387,2.0946822308690014
3416,3416,3416,1.6933333333333325,2.1480888075074387,2.094300755321584
3417,3417,3417,1.6950000000000003,2.1480888075074387,2.0939192797741666
3418,3418,3418,1.6966666666666672,2.1484702830548565,2.0946822308690014
3419,3419,3419,1.6983333333333341,2.148851758602274,2.0946822308690014
3420,3420,3420,1.7000000000000002,2.151903562981613,2.095445181963836
3421,3421,3421,1.701666666666667,2.15228503852903,2.095063706416419
3422,3422,3422,1.703333333333334,2.1553368429083704,2.095063706416419
3423,3423,3423,1.705,2.1564812695506217,2.095445181963836
3424,3424,3424,1.7066666666666679,2.1576256961928744,2.095445181963836
3425,3425,3425,1.708333333333334,2.159151598382544,2.0958266575112536
3426,3426,3426,1.71,2.1614404516670485,2.0962081330586706
3427,3427,3427,1.7116666666666678,2.162966353856718,2.0965896086060885
3428,3428,3428,1.7133333333333338,2.164873731593805,2.097352559700924
3429,3429,3429,1.7150000000000025,2.1660181582360574,2.096971084153506
3430,3430,3430,1.7166666666666677,2.1675440604257266,2.097352559700924
3431,3431,3431,1.7183333333333337,2.1690699626153966,2.097352559700924
3432,3432,3432,1.7200000000000015,2.170977340352484,2.0977340352483407
3433,3433,3433,1.7216666666666676,2.1728847180895707,2.098878461890593
3434,3434,3434,1.7233333333333336,2.1728847180895707,2.098878461890593
3435,3435,3435,1.7250000000000005,2.1728847180895707,2.0984969863431755
3436,3436,3436,1.7266666666666675,2.173266193636988,2.0984969863431755
3437,3437,3437,1.7283333333333335,2.1736476691844056,2.0984969863431755
3438,3438,3438,1.7300000000000004,2.173266193636988,2.0984969863431755
3439,3439,3439,1.7316666666666674,2.1740291447318234,2.098878461890593
3440,3440,3440,1.7333333333333325,2.1747920958266582,2.0984969863431755
3441,3441,3441,1.7350000000000003,2.1740291447318234,2.0984969863431755
3442,3442,3442,1.7366666666666672,2.1740291447318234,2.098878461890593
3443,3443,3443,1.7383333333333324,2.1740291447318234,2.099641412985428
3444,3444,3444,1.7400000000000002,2.1740291447318234,2.1004043640802625
3445,3445,3445,1.7416666666666671,2.1740291447318234,2.100022888532845
3446,3446,3446,1.743333333333334,2.1751735713740747,2.100022888532845
3447,3447,3447,1.745,2.1751735713740747,2.10078583962768
3448,3448,3448,1.746666666666667,2.1751735713740747,2.1004043640802625
3449,3449,3449,1.748333333333334,2.1755550469214926,2.100022888532845
3450,3450,3450,1.75,2.1755550469214926,2.099641412985428
3451,3451,3451,1.7516666666666678,2.17593652246891,2.1011673151750974
3452,3452,3452,1.7533333333333339,2.1763179980163274,2.1011673151750974
3453,3453,3453,1.7550000000000008,2.17593652246891,2.10078583962768
3454,3454,3454,1.7566666666666677,2.176699473563745,2.1004043640802625
3455,3455,3455,1.7583333333333337,2.17593652246891,2.1004043640802625
3456,3456,3456,1.7600000000000025,2.1763179980163274,2.10078583962768
3457,3457,3457,1.7616666666666676,2.1763179980163274,2.1004043640802625
3458,3458,3458,1.7633333333333336,2.17746242465858,2.1004043640802625
3459,3459,3459,1.7650000000000015,2.178606851300832,2.101930266269932
3460,3460,3460,1.7666666666666684,2.178606851300832,2.101930266269932
3461,3461,3461,1.7683333333333335,2.1782253757534145,2.1004043640802625
3462,3462,3462,1.7700000000000005,2.176699473563745,2.098115510795758
3463,3463,3463,1.7716666666666674,2.1744106202792404,2.097352559700924
3464,3464,3464,1.7733333333333325,2.1725032425421533,2.0958266575112536
3465,3465,3465,1.7750000000000004,2.1713588158999007,2.095063706416419
3466,3466,3466,1.7766666666666673,2.1713588158999007,2.0927748531319144
3467,3467,3467,1.7783333333333324,2.1705958648050663,2.0912489509422447
3468,3468,3468,1.7800000000000002,2.1702143892576493,2.09048599984741
3469,3469,3469,1.7816666666666672,2.1713588158999007,2.0893415732051577
3470,3470,3470,1.783333333333334,2.172121766994736,2.088197146562905
3471,3471,3471,1.7850000000000001,2.1713588158999007,2.0862897688258184
3472,3472,3472,1.786666666666667,2.1675440604257266,2.0851453421835657
3473,3473,3473,1.788333333333334,2.164492256046388,2.084000915541314
3474,3474,3474,1.79,2.1625848783093007,2.0828564888990617
3475,3475,3475,1.7916666666666679,2.159914549477379,2.082093537804227
3476,3476,3476,1.793333333333334,2.1576256961928744,2.081712062256809
3477,3477,3477,1.795,2.1576256961928744,2.081712062256809
3478,3478,3478,1.7966666666666677,2.1564812695506217,2.081330586709392
3479,3479,3479,1.7983333333333338,2.1564812695506217,2.081330586709392
3480,3480,3480,1.8000000000000025,2.157244220645457,2.081330586709392
3481,3481,3481,1.8016666666666676,2.1576256961928744,2.081330586709392
3482,3482,3482,1.8033333333333337,2.1576256961928744,2.081330586709392
3483,3483,3483,1.8050000000000015,2.1560997940032047,2.081330586709392
3484,3484,3484,1.8066666666666684,2.1560997940032047,2.082093537804227
3485,3485,3485,1.8083333333333336,2.1560997940032047,2.082093537804227
3486,3486,3486,1.8100000000000005,2.1553368429083704,2.082093537804227
3487,3487,3487,1.8116666666666674,2.1553368429083704,2.0828564888990617
3488,3488,3488,1.8133333333333335,2.1553368429083704,2.083237964446479
3489,3489,3489,1.8150000000000004,2.1549553673609525,2.0828564888990617
3490,3490,3490,1.8166666666666673,2.1553368429083704,2.0828564888990617
3491,3491,3491,1.8183333333333325,2.1549553673609525,2.083237964446479
3492,3492,3492,1.8200000000000003,2.154573891813534,2.0828564888990617
3493,3493,3493,1.8216666666666672,2.1549553673609525,2.083237964446479
3494,3494,3494,1.8233333333333341,2.1553368429083704,2.083237964446479
3495,3495,3495,1.8250000000000002,2.1549553673609525,2.0828564888990617
3496,3496,3496,1.826666666666667,2.1560997940032047,2.0836194399938965
3497,3497,3497,1.828333333333334,2.155718318455788,2.0836194399938965
3498,3498,3498,1.83,2.155718318455788,2.084000915541314
3499,3499,3499,1.8316666666666679,2.1564812695506217,2.0836194399938965
3500,3500,3500,1.833333333333334,2.158007171740292,2.0824750133516443
3501,3501,3501,1.835,2.158007171740292,2.0824750133516443
3502,3502,3502,1.8366666666666678,2.158007171740292,2.083237964446479
3503,3503,3503,1.8383333333333338,2.159151598382544,2.084382391088732
3504,3504,3504,1.8400000000000025,2.159151598382544,2.087052719920653
3505,3505,3505,1.8416666666666677,2.1587701228351266,2.088197146562905
3506,3506,3506,1.8433333333333337,2.159151598382544,2.089723048752575
3507,3507,3507,1.8450000000000015,2.1587701228351266,2.091630426489662
3508,3508,3508,1.8466666666666676,2.159151598382544,2.0931563286793318
3509,3509,3509,1.8483333333333336,2.1595330739299614,2.0939192797741666
3510,3510,3510,1.8500000000000005,2.1595330739299614,2.0927748531319144
3511,3511,3511,1.8516666666666675,2.160296025024796,2.091630426489662
3512,3512,3512,1.8533333333333335,2.1606775005722136,2.0912489509422447
3513,3513,3513,1.8550000000000004,2.1606775005722136,2.094300755321584
3514,3514,3514,1.8566666666666674,2.160296025024796,2.0977340352483407
3515,3515,3515,1.8583333333333325,2.160296025024796,2.1004043640802625
3516,3516,3516,1.8600000000000003,2.1606775005722136,2.102693217364767
3517,3517,3517,1.8616666666666672,2.160296025024796,2.1049820706492715
3518,3518,3518,1.8633333333333324,2.160296025024796,2.107270923933776
3519,3519,3519,1.8650000000000002,2.1606775005722136,2.1080338750286107
3520,3520,3520,1.8666666666666671,2.161058976119631,2.1080338750286107
3521,3521,3521,1.868333333333334,2.161821927214466,2.1080338750286107
3522,3522,3522,1.87,2.161058976119631,2.1080338750286107
3523,3523,3523,1.871666666666667,2.1606775005722136,2.1076523994811933
3524,3524,3524,1.873333333333334,2.1614404516670485,2.108415350576028
3525,3525,3525,1.875,2.161058976119631,2.109178301670863
3526,3526,3526,1.8766666666666678,2.162203402761884,2.1103227283131147
3527,3527,3527,1.8783333333333339,2.162203402761884,2.11108567940795
3528,3528,3528,1.8800000000000008,2.1625848783093007,2.111848630502785
3529,3529,3529,1.8816666666666677,2.162966353856718,2.111848630502785
3530,3530,3530,1.8833333333333337,2.1633478294041355,2.1114671549553674
3531,3531,3531,1.8850000000000025,2.1633478294041355,2.1122301060502022
3532,3532,3532,1.8866666666666676,2.1633478294041355,2.1133745326924545
3533,3533,3533,1.8883333333333336,2.1633478294041355,2.1129930571450366
3534,3534,3534,1.8900000000000015,2.1633478294041355,2.1129930571450366
3535,3535,3535,1.8916666666666684,2.1633478294041355,2.1129930571450366
3536,3536,3536,1.8933333333333335,2.1633478294041355,2.1133745326924545
3537,3537,3537,1.8950000000000005,2.1637293049515534,2.113756008239872
3538,3538,3538,1.8966666666666674,2.164873731593805,2.1133745326924545
3539,3539,3539,1.8983333333333325,2.164492256046388,2.11261158159762
3540,3540,3540,1.9000000000000004,2.164492256046388,2.11261158159762
3541,3541,3541,1.9016666666666673,2.164492256046388,2.1122301060502022
3542,3542,3542,1.9033333333333324,2.164492256046388,2.11261158159762
3543,3543,3543,1.9050000000000002,2.164873731593805,2.1133745326924545
3544,3544,3544,1.9066666666666672,2.164873731593805,2.1129930571450366
3545,3545,3545,1.908333333333334,2.164873731593805,2.11261158159762
3546,3546,3546,1.9100000000000001,2.16563668268864,2.1133745326924545
3547,3547,3547,1.911666666666667,2.166781109330892,2.1141374837872893
3548,3548,3548,1.913333333333334,2.1679255359731444,2.1145189593347067
3549,3549,3549,1.915,2.168307011520562,2.1145189593347067
3550,3550,3550,1.9166666666666679,2.1705958648050663,2.115281910429541
3551,3551,3551,1.918333333333334,2.1713588158999007,2.114900434882124
3552,3552,3552,1.9200000000000008,2.172121766994736,2.114900434882124
3553,3553,3553,1.9216666666666677,2.1728847180895707,2.115281910429541
3554,3554,3554,1.9233333333333338,2.1725032425421533,2.114900434882124
3555,3555,3555,1.9250000000000025,2.1717402914473185,2.114900434882124
3556,3556,3556,1.9266666666666676,2.1717402914473185,2.115663385976959
3557,3557,3557,1.9283333333333337,2.173266193636988,2.115281910429541
3558,3558,3558,1.9300000000000015,2.173266193636988,2.1160448615243763
3559,3559,3559,1.9316666666666684,2.1751735713740747,2.116807812619211
3560,3560,3560,1.9333333333333336,2.1789883268482493,2.1164263370717937
3561,3561,3561,1.9350000000000005,2.180514229037919,2.1164263370717937
3562,3562,3562,1.9366666666666674,2.186617837796597,2.1164263370717937
3563,3563,3563,1.9383333333333335,2.186999313344015,2.1164263370717937
3564,3564,3564,1.9400000000000004,2.1873807888914323,2.116807812619211
3565,3565,3565,1.9416666666666673,2.18928816662852,2.1164263370717937
3566,3566,3566,1.9433333333333325,2.190051117723354,2.116807812619211
3567,3567,3567,1.9450000000000003,2.190814068818189,2.117570763714046
3568,3568,3568,1.9466666666666672,2.192721446555276,2.1183337148088808
3569,3569,3569,1.9483333333333341,2.1950102998397805,2.1171892881666285
3570,3570,3570,1.9500000000000002,2.19653620202945,2.116807812619211
3571,3571,3571,1.951666666666667,2.1976806286717023,2.117570763714046
3572,3572,3572,1.953333333333334,2.201876859693294,2.1179522392614643
3573,3573,3573,1.955,2.2045471885252157,2.1179522392614643
3574,3574,3574,1.9566666666666679,2.2026398107881286,2.118715190356298
3575,3575,3575,1.958333333333334,2.2022583352407112,2.118715190356298
3576,3576,3576,1.96,2.2026398107881286,2.1190966659037156
3577,3577,3577,1.9616666666666678,2.2030212863355456,2.119478141451133
3578,3578,3578,1.9633333333333338,2.2045471885252157,2.119478141451133
3579,3579,3579,1.9650000000000025,2.204928664072633,2.119478141451133
3580,3580,3580,1.9666666666666677,2.2053101396200505,2.119478141451133
3581,3581,3581,1.9683333333333337,2.2056916151674684,2.1190966659037156
3582,3582,3582,1.9700000000000015,2.2053101396200505,2.1190966659037156
3583,3583,3583,1.9716666666666676,2.204928664072633,2.1190966659037156
3584,3584,3584,1.9733333333333336,2.2060730907148853,2.119478141451133
3585,3585,3585,1.9750000000000005,2.2064545662623027,2.1198596169985504
3586,3586,3586,1.9766666666666675,2.2072175173571376,2.1198596169985504
3587,3587,3587,1.9783333333333335,2.2072175173571376,2.1198596169985504
3588,3588,3588,1.9800000000000004,2.2075989929045554,2.1190966659037156
3589,3589,3589,1.9816666666666674,2.2079804684519724,2.1179522392614643
3590,3590,3590,1.9833333333333325,2.2072175173571376,2.116807812619211
3591,3591,3591,1.9850000000000003,2.2079804684519724,2.1141374837872893
3592,3592,3592,1.9866666666666672,2.20836194399939,2.111848630502785
3593,3593,3593,1.9883333333333324,2.2098878461890594,2.11108567940795
3594,3594,3594,1.9900000000000002,2.211032272831312,2.1103227283131147
3595,3595,3595,1.9916666666666671,2.211413748378729,2.1095597772182804
3596,3596,3596,1.993333333333334,2.2117952239261465,2.109178301670863
3597,3597,3597,1.995,2.211413748378729,2.108796826123445
3598,3598,3598,1.996666666666667,2.2106507972838942,2.108796826123445
3599,3599,3599,1.998333333333334,2.211032272831312,2.1076523994811933
3600,3600,3600,2.0,2.2106507972838942,2.1068894483863585
3601,3601,3601,2.001666666666668,2.2106507972838942,2.103456168459602
3602,3602,3602,2.003333333333334,2.211032272831312,2.1015487907225148
3603,3603,3603,2.005000000000001,2.211032272831312,2.0965896086060885
3604,3604,3604,2.0066666666666677,2.2106507972838942,2.095445181963836
3605,3605,3605,2.0083333333333337,2.210269321736477,2.095063706416419
3606,3606,3606,2.0100000000000025,2.210269321736477,2.094300755321584
3607,3607,3607,2.0116666666666676,2.2106507972838942,2.0931563286793318
3608,3608,3608,2.0133333333333336,2.2098878461890594,2.0927748531319144
3609,3609,3609,2.0150000000000015,2.210269321736477,2.0920119020370795
3610,3610,3610,2.0166666666666675,2.2106507972838942,2.090867475394828
3611,3611,3611,2.0183333333333335,2.2106507972838942,2.088197146562905
3612,3612,3612,2.0200000000000005,2.211413748378729,2.087052719920653
3613,3613,3613,2.0216666666666674,2.2125581750209813,2.085526817730984
3614,3614,3614,2.0233333333333325,2.211032272831312,2.082093537804227
3615,3615,3615,2.0250000000000004,2.210269321736477,2.0824750133516443
3616,3616,3616,2.0266666666666673,2.2091248950942246,2.0828564888990617
3617,3617,3617,2.0283333333333324,2.2079804684519724,2.083237964446479
3618,3618,3618,2.0300000000000002,2.2064545662623027,2.0828564888990617
3619,3619,3619,2.031666666666667,2.2064545662623027,2.081712062256809
3620,3620,3620,2.033333333333334,2.2056916151674684,2.081712062256809
3621,3621,3621,2.035,2.204928664072633,2.081330586709392
3622,3622,3622,2.036666666666667,2.2056916151674684,2.08018616006714
3623,3623,3623,2.038333333333334,2.20683604180972,2.0805676356145573
3624,3624,3624,2.04,2.2072175173571376,2.0805676356145573
3625,3625,3625,2.041666666666668,2.2056916151674684,2.0809491111619747
3626,3626,3626,2.043333333333334,2.2026398107881286,2.0805676356145573
3627,3627,3627,2.045000000000001,2.1995880064087894,2.0805676356145573
3628,3628,3628,2.0466666666666677,2.1953917753871983,2.08018616006714
3629,3629,3629,2.048333333333334,2.1911955443656064,2.0798046845197224
3630,3630,3630,2.0500000000000025,2.18928816662852,2.079041733424888
3631,3631,3631,2.0516666666666676,2.186617837796597,2.079041733424888
3632,3632,3632,2.0533333333333337,2.185473411154345,2.079041733424888
3633,3633,3633,2.0550000000000015,2.1847104600595104,2.079423208972305
3634,3634,3634,2.0566666666666684,2.1835660334172577,2.079041733424888
3635,3635,3635,2.0583333333333336,2.183184557869841,2.079041733424888
3636,3636,3636,2.0600000000000005,2.18623636224918,2.079423208972305
3637,3637,3637,2.0616666666666674,2.186999313344015,2.0786602578774698
3638,3638,3638,2.0633333333333335,2.184328984512093,2.0786602578774698
3639,3639,3639,2.0650000000000004,2.181658655680171,2.079041733424888
3640,3640,3640,2.0666666666666673,2.180514229037919,2.08018616006714
3641,3641,3641,2.0683333333333325,2.180132753490501,2.081330586709392
3642,3642,3642,2.0700000000000003,2.1793698023956667,2.082093537804227
3643,3643,3643,2.071666666666667,2.1793698023956667,2.0824750133516443
3644,3644,3644,2.073333333333334,2.1789883268482493,2.0828564888990617
3645,3645,3645,2.075,2.178606851300832,2.0824750133516443
3646,3646,3646,2.076666666666667,2.178606851300832,2.0828564888990617
3647,3647,3647,2.078333333333334,2.177843900205997,2.0828564888990617
3648,3648,3648,2.08,2.1763179980163274,2.083237964446479
3649,3649,3649,2.081666666666668,2.1755550469214926,2.083237964446479
3650,3650,3650,2.083333333333334,2.1747920958266582,2.0836194399938965
3651,3651,3651,2.085,2.1747920958266582,2.083237964446479
3652,3652,3652,2.086666666666668,2.1744106202792404,2.083237964446479
3653,3653,3653,2.088333333333334,2.173266193636988,2.0828564888990617
3654,3654,3654,2.0900000000000025,2.1728847180895707,2.0836194399938965
3655,3655,3655,2.0916666666666677,2.172121766994736,2.083237964446479
3656,3656,3656,2.0933333333333337,2.1717402914473185,2.084000915541314
3657,3657,3657,2.0950000000000015,2.1713588158999007,2.0851453421835657
3658,3658,3658,2.0966666666666676,2.170977340352484,2.087052719920653
3659,3659,3659,2.0983333333333336,2.170977340352484,2.0889600976577403
3660,3660,3660,2.1000000000000005,2.170977340352484,2.089723048752575
3661,3661,3661,2.1016666666666675,2.170977340352484,2.09048599984741
3662,3662,3662,2.1033333333333335,2.1705958648050663,2.091630426489662
3663,3663,3663,2.1050000000000004,2.170977340352484,2.0920119020370795
3664,3664,3664,2.1066666666666674,2.170977340352484,2.0920119020370795
3665,3665,3665,2.1083333333333325,2.170977340352484,2.0912489509422447
3666,3666,3666,2.1100000000000003,2.170977340352484,2.0920119020370795
3667,3667,3667,2.1116666666666672,2.1713588158999007,2.0939192797741666
3668,3668,3668,2.1133333333333324,2.1713588158999007,2.0977340352483407
3669,3669,3669,2.115,2.170977340352484,2.1015487907225148
3670,3670,3670,2.116666666666667,2.170977340352484,2.1057450217441063
3671,3671,3671,2.118333333333334,2.1717402914473185,2.108415350576028
3672,3672,3672,2.12,2.1713588158999007,2.1107042038605326
3673,3673,3673,2.121666666666667,2.1713588158999007,2.1129930571450366
3674,3674,3674,2.123333333333334,2.1717402914473185,2.114900434882124
3675,3675,3675,2.125,2.172121766994736,2.115663385976959
3676,3676,3676,2.126666666666668,2.1728847180895707,2.115663385976959
3677,3677,3677,2.128333333333334,2.1725032425421533,2.115281910429541
3678,3678,3678,2.130000000000001,2.1728847180895707,2.113756008239872
3679,3679,3679,2.1316666666666677,2.173266193636988,2.1145189593347067
3680,3680,3680,2.1333333333333337,2.1744106202792404,2.1164263370717937
3681,3681,3681,2.1350000000000025,2.1747920958266582,2.119478141451133
3682,3682,3682,2.1366666666666676,2.1744106202792404,2.1206225680933852
3683,3683,3683,2.1383333333333336,2.1744106202792404,2.121766994735637
3684,3684,3684,2.1400000000000015,2.17593652246891,2.121766994735637
3685,3685,3685,2.1416666666666675,2.1751735713740747,2.12138551918822
3686,3686,3686,2.1433333333333335,2.1751735713740747,2.121766994735637
3687,3687,3687,2.1450000000000005,2.1747920958266582,2.12138551918822
3688,3688,3688,2.1466666666666674,2.1744106202792404,2.122148470283055
3689,3689,3689,2.1483333333333325,2.1740291447318234,2.122148470283055
3690,3690,3690,2.1500000000000004,2.1740291447318234,2.121766994735637
3691,3691,3691,2.1516666666666673,2.1740291447318234,2.12138551918822
3692,3692,3692,2.1533333333333324,2.1740291447318234,2.120241092545968
3693,3693,3693,2.1550000000000002,2.1751735713740747,2.1198596169985504
3694,3694,3694,2.156666666666667,2.1751735713740747,2.1190966659037156
3695,3695,3695,2.158333333333334,2.1751735713740747,2.1183337148088808
3696,3696,3696,2.16,2.1755550469214926,2.1171892881666285
3697,3697,3697,2.161666666666667,2.1755550469214926,2.1164263370717937
3698,3698,3698,2.163333333333334,2.17593652246891,2.1164263370717937
3699,3699,3699,2.165,2.1763179980163274,2.1164263370717937
3700,3700,3700,2.166666666666668,2.1763179980163274,2.115663385976959
3701,3701,3701,2.168333333333334,2.17593652246891,2.114900434882124
3702,3702,3702,2.170000000000001,2.1755550469214926,2.1145189593347067
3703,3703,3703,2.1716666666666677,2.17593652246891,2.1145189593347067
3704,3704,3704,2.173333333333334,2.17593652246891,2.1141374837872893
3705,3705,3705,2.1750000000000025,2.17593652246891,2.113756008239872
3706,3706,3706,2.1766666666666676,2.1763179980163274,2.113756008239872
3707,3707,3707,2.1783333333333337,2.1763179980163274,2.1141374837872893
3708,3708,3708,2.1800000000000015,2.1770809491111622,2.113756008239872
3709,3709,3709,2.1816666666666684,2.1782253757534145,2.113756008239872
3710,3710,3710,2.1833333333333336,2.1782253757534145,2.1141374837872893
3711,3711,3711,2.1850000000000005,2.178606851300832,2.113756008239872
3712,3712,3712,2.1866666666666674,2.1782253757534145,2.113756008239872
3713,3713,3713,2.1883333333333335,2.17746242465858,2.113756008239872
3714,3714,3714,2.1900000000000004,2.17746242465858,2.113756008239872
3715,3715,3715,2.1916666666666673,2.1763179980163274,2.113756008239872
3716,3716,3716,2.1933333333333325,2.1770809491111622,2.113756008239872
3717,3717,3717,2.1950000000000003,2.177843900205997,2.113756008239872
3718,3718,3718,2.196666666666667,2.1770809491111622,2.1141374837872893
3719,3719,3719,2.198333333333334,2.17746242465858,2.113756008239872
3720,3720,3720,2.2,2.1782253757534145,2.113756008239872
3721,3721,3721,2.201666666666667,2.178606851300832,2.113756008239872
3722,3722,3722,2.203333333333334,2.178606851300832,2.113756008239872
3723,3723,3723,2.205,2.178606851300832,2.1141374837872893
3724,3724,3724,2.206666666666668,2.178606851300832,2.113756008239872
3725,3725,3725,2.208333333333334,2.178606851300832,2.113756008239872
3726,3726,3726,2.21,2.177843900205997,2.113756008239872
3727,3727,3727,2.211666666666668,2.177843900205997,2.1145189593347067
3728,3728,3728,2.213333333333334,2.1782253757534145,2.114900434882124
3729,3729,3729,2.2150000000000025,2.1782253757534145,2.1145189593347067
3730,3730,3730,2.2166666666666677,2.1782253757534145,2.114900434882124
3731,3731,3731,2.2183333333333337,2.17746242465858,2.115663385976959
3732,3732,3732,2.2200000000000015,2.178606851300832,2.1160448615243763
3733,3733,3733,2.2216666666666676,2.1789883268482493,2.115281910429541
3734,3734,3734,2.2233333333333336,2.1789883268482493,2.114900434882124
3735,3735,3735,2.2250000000000005,2.178606851300832,2.1141374837872893
3736,3736,3736,2.2266666666666675,2.1782253757534145,2.1141374837872893
3737,3737,3737,2.2283333333333335,2.178606851300832,2.1141374837872893
3738,3738,3738,2.2300000000000004,2.178606851300832,2.1141374837872893
3739,3739,3739,2.2316666666666674,2.178606851300832,2.1141374837872893
3740,3740,3740,2.2333333333333325,2.1782253757534145,2.1145189593347067
3741,3741,3741,2.2350000000000003,2.1782253757534145,2.114900434882124
3742,3742,3742,2.2366666666666672,2.178606851300832,2.114900434882124
3743,3743,3743,2.238333333333334,2.178606851300832,2.115281910429541
3744,3744,3744,2.24,2.1789883268482493,2.115663385976959
3745,3745,3745,2.241666666666667,2.1782253757534145,2.1160448615243763
3746,3746,3746,2.243333333333334,2.178606851300832,2.1171892881666285
3747,3747,3747,2.245,2.177843900205997,2.116807812619211
3748,3748,3748,2.246666666666667,2.1770809491111622,2.116807812619211
3749,3749,3749,2.248333333333334,2.17593652246891,2.1160448615243763
3750,3750,3750,2.25,2.17593652246891,2.1160448615243763
3751,3751,3751,2.251666666666668,2.1755550469214926,2.1164263370717937
3752,3752,3752,2.253333333333334,2.1740291447318234,2.1164263370717937
3753,3753,3753,2.255000000000001,2.173266193636988,2.1164263370717937
3754,3754,3754,2.2566666666666677,2.1736476691844056,2.1164263370717937
3755,3755,3755,2.2583333333333337,2.1736476691844056,2.116807812619211
3756,3756,3756,2.2600000000000025,2.173266193636988,2.1179522392614643
3757,3757,3757,2.2616666666666676,2.1728847180895707,2.118715190356298
3758,3758,3758,2.2633333333333336,2.1725032425421533,2.118715190356298
3759,3759,3759,2.2650000000000015,2.173266193636988,2.1183337148088808
3760,3760,3760,2.2666666666666675,2.173266193636988,2.117570763714046
3761,3761,3761,2.2683333333333335,2.173266193636988,2.1179522392614643
3762,3762,3762,2.2700000000000005,2.1728847180895707,2.1171892881666285
3763,3763,3763,2.2716666666666674,2.173266193636988,2.117570763714046
3764,3764,3764,2.2733333333333325,2.173266193636988,2.1179522392614643
3765,3765,3765,2.2750000000000004,2.173266193636988,2.117570763714046
3766,3766,3766,2.2766666666666673,2.173266193636988,2.1179522392614643
3767,3767,3767,2.2783333333333324,2.1736476691844056,2.1183337148088808
3768,3768,3768,2.2800000000000002,2.1736476691844056,2.1183337148088808
3769,3769,3769,2.281666666666667,2.1728847180895707,2.118715190356298
3770,3770,3770,2.283333333333334,2.1740291447318234,2.1179522392614643
3771,3771,3771,2.285,2.1740291447318234,2.118715190356298
3772,3772,3772,2.286666666666667,2.1736476691844056,2.1190966659037156
3773,3773,3773,2.288333333333334,2.1736476691844056,2.1183337148088808
3774,3774,3774,2.29,2.173266193636988,2.1183337148088808
3775,3775,3775,2.291666666666668,2.173266193636988,2.118715190356298
3776,3776,3776,2.293333333333334,2.1736476691844056,2.1190966659037156
3777,3777,3777,2.295000000000001,2.1744106202792404,2.118715190356298
3778,3778,3778,2.2966666666666677,2.1747920958266582,2.1183337148088808
3779,3779,3779,2.298333333333334,2.1740291447318234,2.118715190356298
3780,3780,3780,2.3000000000000025,2.1744106202792404,2.1190966659037156
3781,3781,3781,2.3016666666666676,2.1747920958266582,2.119478141451133
3782,3782,3782,2.3033333333333337,2.1740291447318234,2.1190966659037156
3783,3783,3783,2.3050000000000015,2.1736476691844056,2.118715190356298
3784,3784,3784,2.3066666666666684,2.173266193636988,2.118715190356298
3785,3785,3785,2.3083333333333336,2.1740291447318234,2.1190966659037156
3786,3786,3786,2.3100000000000005,2.1744106202792404,2.1190966659037156
3787,3787,3787,2.3116666666666674,2.1744106202792404,2.1190966659037156
3788,3788,3788,2.3133333333333335,2.1747920958266582,2.118715190356298
3789,3789,3789,2.3150000000000004,2.1755550469214926,2.118715190356298
3790,3790,3790,2.3166666666666673,2.1755550469214926,2.1190966659037156
3791,3791,3791,2.3183333333333325,2.1755550469214926,2.119478141451133
3792,3792,3792,2.3200000000000003,2.1751735713740747,2.119478141451133
3793,3793,3793,2.321666666666667,2.1747920958266582,2.1198596169985504
3794,3794,3794,2.323333333333334,2.1751735713740747,2.1198596169985504
3795,3795,3795,2.325,2.1751735713740747,2.1198596169985504
3796,3796,3796,2.326666666666667,2.1744106202792404,2.1198596169985504
3797,3797,3797,2.328333333333334,2.1751735713740747,2.120241092545968
3798,3798,3798,2.33,2.17593652246891,2.1210040436408018
3799,3799,3799,2.331666666666668,2.17593652246891,2.1206225680933852
3800,3800,3800,2.333333333333334,2.1755550469214926,2.1198596169985504
3801,3801,3801,2.335,2.17593652246891,2.120241092545968
3802,3802,3802,2.336666666666668,2.176699473563745,2.1210040436408018
3803,3803,3803,2.338333333333334,2.1763179980163274,2.1210040436408018
3804,3804,3804,2.3400000000000025,2.17593652246891,2.1210040436408018
3805,3805,3805,2.3416666666666677,2.17593652246891,2.120241092545968
3806,3806,3806,2.3433333333333337,2.1763179980163274,2.1210040436408018
3807,3807,3807,2.3450000000000015,2.1763179980163274,2.12138551918822
3808,3808,3808,2.3466666666666676,2.1763179980163274,2.121766994735637
3809,3809,3809,2.3483333333333336,2.1763179980163274,2.121766994735637
3810,3810,3810,2.3500000000000005,2.176699473563745,2.121766994735637
3811,3811,3811,2.3516666666666675,2.17746242465858,2.121766994735637
3812,3812,3812,2.3533333333333335,2.1763179980163274,2.121766994735637
3813,3813,3813,2.3550000000000004,2.1763179980163274,2.121766994735637
3814,3814,3814,2.3566666666666674,2.1770809491111622,2.122148470283055
3815,3815,3815,2.3583333333333325,2.17746242465858,2.1225299458304723
3816,3816,3816,2.3600000000000003,2.17746242465858,2.122148470283055
3817,3817,3817,2.3616666666666672,2.1782253757534145,2.1225299458304723
3818,3818,3818,2.363333333333334,2.1793698023956667,2.123292896925307
3819,3819,3819,2.365,2.178606851300832,2.1229114213778897
3820,3820,3820,2.366666666666667,2.1782253757534145,2.1229114213778897
3821,3821,3821,2.368333333333334,2.1789883268482493,2.1225299458304723
3822,3822,3822,2.37,2.1789883268482493,2.1225299458304723
3823,3823,3823,2.371666666666667,2.1789883268482493,2.1229114213778897
3824,3824,3824,2.373333333333334,2.1789883268482493,2.123292896925307
3825,3825,3825,2.375,2.1789883268482493,2.124055848020142
3826,3826,3826,2.376666666666668,2.179751277943084,2.1236743724727245
3827,3827,3827,2.378333333333334,2.178606851300832,2.123292896925307
3828,3828,3828,2.380000000000001,2.1793698023956667,2.124055848020142
3829,3829,3829,2.3816666666666677,2.1789883268482493,2.1236743724727245
3830,3830,3830,2.3833333333333337,2.178606851300832,2.1229114213778897
3831,3831,3831,2.3850000000000025,2.1789883268482493,2.1225299458304723
3832,3832,3832,2.3866666666666676,2.1793698023956667,2.1229114213778897
3833,3833,3833,2.3883333333333336,2.1789883268482493,2.1236743724727245
3834,3834,3834,2.3900000000000015,2.1789883268482493,2.1236743724727245
3835,3835,3835,2.3916666666666675,2.1793698023956667,2.1236743724727245
3836,3836,3836,2.3933333333333335,2.178606851300832,2.1248187991149767
3837,3837,3837,2.3950000000000005,2.178606851300832,2.1248187991149767
3838,3838,3838,2.3966666666666674,2.1793698023956667,2.1248187991149767
3839,3839,3839,2.3983333333333325,2.179751277943084,2.1248187991149767
3840,3840,3840,2.4000000000000004,2.1789883268482493,2.12443732356756
3841,3841,3841,2.4016666666666673,2.1793698023956667,2.1248187991149767
3842,3842,3842,2.4033333333333324,2.179751277943084,2.1248187991149767
3843,3843,3843,2.4050000000000002,2.180514229037919,2.12443732356756
3844,3844,3844,2.406666666666667,2.1793698023956667,2.1248187991149767
3845,3845,3845,2.408333333333334,2.178606851300832,2.125200274662394
3846,3846,3846,2.41,2.1793698023956667,2.125200274662394
3847,3847,3847,2.411666666666667,2.1789883268482493,2.1255817502098115
3848,3848,3848,2.413333333333334,2.1789883268482493,2.125200274662394
3849,3849,3849,2.415,2.1793698023956667,2.125963225757229
3850,3850,3850,2.416666666666668,2.1793698023956667,2.1263447013046464
3851,3851,3851,2.418333333333334,2.1793698023956667,2.125200274662394
3852,3852,3852,2.420000000000001,2.1808957045853363,2.1255817502098115
3853,3853,3853,2.4216666666666677,2.1812771801327537,2.125963225757229
3854,3854,3854,2.423333333333334,2.181658655680171,2.125963225757229
3855,3855,3855,2.4250000000000025,2.181658655680171,2.1263447013046464
3856,3856,3856,2.4266666666666676,2.1812771801327537,2.125963225757229
3857,3857,3857,2.4283333333333337,2.181658655680171,2.1271076523994807
3858,3858,3858,2.4300000000000015,2.1820401312275894,2.1271076523994807
3859,3859,3859,2.4316666666666684,2.182421606775006,2.1263447013046464
3860,3860,3860,2.4333333333333336,2.181658655680171,2.125963225757229
3861,3861,3861,2.4350000000000005,2.1812771801327537,2.1267261768520638
3862,3862,3862,2.4366666666666674,2.1820401312275894,2.1271076523994807
3863,3863,3863,2.4383333333333335,2.1820401312275894,2.1274891279468986
3864,3864,3864,2.4400000000000004,2.182421606775006,2.1274891279468986
3865,3865,3865,2.4416666666666673,2.182421606775006,2.127870603494316
3866,3866,3866,2.4433333333333325,2.1828030823224243,2.1282520790417334
3867,3867,3867,2.4450000000000003,2.183184557869841,2.1274891279468986
3868,3868,3868,2.446666666666667,2.1835660334172577,2.1274891279468986
3869,3869,3869,2.448333333333334,2.183947508964676,2.127870603494316
3870,3870,3870,2.45,2.183947508964676,2.127870603494316
3871,3871,3871,2.451666666666667,2.1835660334172577,2.127870603494316
3872,3872,3872,2.453333333333334,2.183947508964676,2.1274891279468986
3873,3873,3873,2.455,2.1847104600595104,2.1290150301365682
3874,3874,3874,2.456666666666668,2.184328984512093,2.128633554589151
3875,3875,3875,2.458333333333334,2.183947508964676,2.1282520790417334
3876,3876,3876,2.460000000000001,2.1847104600595104,2.1282520790417334
3877,3877,3877,2.461666666666668,2.185473411154345,2.1282520790417334
3878,3878,3878,2.463333333333334,2.1850919356069283,2.128633554589151
3879,3879,3879,2.4650000000000025,2.185473411154345,2.128633554589151
3880,3880,3880,2.4666666666666677,2.185854886701762,2.1293965056839856
3881,3881,3881,2.4683333333333337,2.18623636224918,2.1293965056839856
3882,3882,3882,2.4700000000000015,2.185473411154345,2.129777981231403
3883,3883,3883,2.4716666666666676,2.185473411154345,2.1290150301365682
3884,3884,3884,2.4733333333333336,2.185854886701762,2.1290150301365682
3885,3885,3885,2.4750000000000005,2.185854886701762,2.129777981231403
3886,3886,3886,2.4766666666666675,2.185854886701762,2.1301594567788205
3887,3887,3887,2.4783333333333335,2.185854886701762,2.1301594567788205
3888,3888,3888,2.4800000000000004,2.185854886701762,2.1301594567788205
3889,3889,3889,2.4816666666666674,2.186617837796597,2.130922407873656
3890,3890,3890,2.4833333333333325,2.186999313344015,2.130922407873656
3891,3891,3891,2.4850000000000003,2.186617837796597,2.1305409323262383
3892,3892,3892,2.4866666666666672,2.185854886701762,2.1301594567788205
3893,3893,3893,2.488333333333334,2.18623636224918,2.1305409323262383
3894,3894,3894,2.49,2.186999313344015,2.1305409323262383
3895,3895,3895,2.491666666666667,2.18623636224918,2.1305409323262383
3896,3896,3896,2.493333333333334,2.185854886701762,2.1305409323262383
3897,3897,3897,2.495,2.185473411154345,2.1313038834210727
3898,3898,3898,2.496666666666667,2.185854886701762,2.1313038834210727
3899,3899,3899,2.498333333333334,2.18623636224918,2.13168535896849
3900,3900,3900,2.5,2.185854886701762,2.132448310063325
3901,3901,3901,2.501666666666668,2.18623636224918,2.13321126115816
3902,3902,3902,2.503333333333334,2.185854886701762,2.1328297856107423
3903,3903,3903,2.505000000000001,2.185854886701762,2.132448310063325
3904,3904,3904,2.5066666666666677,2.1850919356069283,2.1328297856107423
3905,3905,3905,2.5083333333333337,2.185473411154345,2.13321126115816
3906,3906,3906,2.5100000000000025,2.1850919356069283,2.1335927367055767
3907,3907,3907,2.5116666666666676,2.1847104600595104,2.13321126115816
3908,3908,3908,2.5133333333333336,2.1850919356069283,2.1328297856107423
3909,3909,3909,2.5150000000000015,2.185473411154345,2.1328297856107423
3910,3910,3910,2.5166666666666675,2.1850919356069283,2.1328297856107423
3911,3911,3911,2.5183333333333335,2.18623636224918,2.13321126115816
3912,3912,3912,2.5200000000000005,2.186617837796597,2.1335927367055767
3913,3913,3913,2.5216666666666674,2.18623636224918,2.13321126115816
3914,3914,3914,2.5233333333333325,2.18623636224918,2.1335927367055767
3915,3915,3915,2.5250000000000004,2.18623636224918,2.1339742122529946
3916,3916,3916,2.5266666666666673,2.186617837796597,2.134355687800412
3917,3917,3917,2.5283333333333324,2.1873807888914323,2.134355687800412
3918,3918,3918,2.5300000000000002,2.18623636224918,2.134355687800412
3919,3919,3919,2.531666666666667,2.18623636224918,2.1339742122529946
3920,3920,3920,2.533333333333334,2.186617837796597,2.1347371633478294
3921,3921,3921,2.535,2.1873807888914323,2.135118638895247
3922,3922,3922,2.536666666666667,2.1873807888914323,2.134355687800412
3923,3923,3923,2.538333333333334,2.1877622644388497,2.1347371633478294
3924,3924,3924,2.54,2.1877622644388497,2.135500114442664
3925,3925,3925,2.541666666666668,2.1877622644388497,2.135500114442664
3926,3926,3926,2.543333333333334,2.188906691081102,2.135500114442664
3927,3927,3927,2.545000000000001,2.188906691081102,2.135500114442664
3928,3928,3928,2.5466666666666677,2.1885252155336845,2.1358815899900816
3929,3929,3929,2.548333333333334,2.1885252155336845,2.1358815899900816
3930,3930,3930,2.5500000000000025,2.1881437399862667,2.135500114442664
3931,3931,3931,2.5516666666666676,2.188906691081102,2.135500114442664
3932,3932,3932,2.5533333333333337,2.18928816662852,2.1358815899900816
3933,3933,3933,2.5550000000000015,2.18928816662852,2.1358815899900816
3934,3934,3934,2.5566666666666675,2.18928816662852,2.1358815899900816
3935,3935,3935,2.5583333333333336,2.1885252155336845,2.135500114442664
3936,3936,3936,2.5600000000000005,2.188906691081102,2.136263065537499
3937,3937,3937,2.5616666666666674,2.188906691081102,2.1366445410849164
3938,3938,3938,2.5633333333333335,2.1885252155336845,2.1366445410849164
3939,3939,3939,2.5650000000000004,2.188906691081102,2.1358815899900816
3940,3940,3940,2.5666666666666673,2.1896696421759367,2.1358815899900816
3941,3941,3941,2.5683333333333325,2.18928816662852,2.137026016632334
3942,3942,3942,2.5700000000000003,2.18928816662852,2.137026016632334
3943,3943,3943,2.571666666666667,2.1896696421759367,2.136263065537499
3944,3944,3944,2.573333333333334,2.1896696421759367,2.135500114442664
3945,3945,3945,2.575,2.18928816662852,2.135500114442664
3946,3946,3946,2.576666666666667,2.1896696421759367,2.136263065537499
3947,3947,3947,2.578333333333334,2.190432593270772,2.1358815899900816
3948,3948,3948,2.58,2.1911955443656064,2.135500114442664
3949,3949,3949,2.581666666666668,2.190814068818189,2.135500114442664
3950,3950,3950,2.583333333333334,2.191577019913024,2.135500114442664
3951,3951,3951,2.585000000000001,2.1919584954604407,2.135500114442664
3952,3952,3952,2.586666666666668,2.1919584954604407,2.135500114442664
3953,3953,3953,2.588333333333334,2.1919584954604407,2.135500114442664
3954,3954,3954,2.5900000000000025,2.1919584954604407,2.135118638895247
3955,3955,3955,2.5916666666666677,2.1919584954604407,2.134355687800412
3956,3956,3956,2.5933333333333337,2.1923399710078586,2.1347371633478294
3957,3957,3957,2.5950000000000015,2.192721446555276,2.135118638895247
3958,3958,3958,2.5966666666666676,2.192721446555276,2.1347371633478294
3959,3959,3959,2.5983333333333336,2.1923399710078586,2.1358815899900816
3960,3960,3960,2.6000000000000005,2.1923399710078586,2.135500114442664
3961,3961,3961,2.6016666666666675,2.192721446555276,2.135500114442664
3962,3962,3962,2.6033333333333335,2.192721446555276,2.135500114442664
3963,3963,3963,2.6050000000000004,2.1931029221026934,2.1358815899900816
3964,3964,3964,2.6066666666666674,2.192721446555276,2.136263065537499
3965,3965,3965,2.6083333333333325,2.193484397650111,2.135500114442664
3966,3966,3966,2.6100000000000003,2.194628824292363,2.135118638895247
3967,3967,3967,2.6116666666666672,2.194628824292363,2.135500114442664
3968,3968,3968,2.613333333333334,2.194628824292363,2.1358815899900816
3969,3969,3969,2.615,2.194628824292363,2.1358815899900816
3970,3970,3970,2.616666666666667,2.1950102998397805,2.1358815899900816
3971,3971,3971,2.618333333333334,2.1950102998397805,2.136263065537499
3972,3972,3972,2.62,2.1950102998397805,2.1358815899900816
3973,3973,3973,2.621666666666667,2.194628824292363,2.1366445410849164
3974,3974,3974,2.623333333333334,2.194628824292363,2.137026016632334
3975,3975,3975,2.625,2.194628824292363,2.137026016632334
3976,3976,3976,2.626666666666668,2.1950102998397805,2.1366445410849164
3977,3977,3977,2.628333333333334,2.1953917753871983,2.1358815899900816
3978,3978,3978,2.630000000000001,2.1961547264820327,2.136263065537499
3979,3979,3979,2.6316666666666677,2.195773250934616,2.136263065537499
3980,3980,3980,2.6333333333333337,2.1953917753871983,2.136263065537499
3981,3981,3981,2.6350000000000025,2.19653620202945,2.1358815899900816
3982,3982,3982,2.6366666666666676,2.197299153124285,2.134355687800412
3983,3983,3983,2.6383333333333336,2.197299153124285,2.1335927367055767
3984,3984,3984,2.6400000000000015,2.1995880064087894,2.1328297856107423
3985,3985,3985,2.6416666666666675,2.1999694819562072,2.1320668345159075
3986,3986,3986,2.6433333333333335,2.1999694819562072,2.13168535896849
3987,3987,3987,2.6450000000000005,2.201113908598459,2.1320668345159075
3988,3988,3988,2.6466666666666674,2.2014953841458764,2.13168535896849
3989,3989,3989,2.6483333333333325,2.201876859693294,2.1313038834210727
3990,3990,3990,2.6500000000000004,2.201876859693294,2.130922407873656
3991,3991,3991,2.6516666666666673,2.2034027618829635,2.1313038834210727
3992,3992,3992,2.6533333333333324,2.2045471885252157,2.130922407873656
3993,3993,3993,2.6550000000000002,2.2053101396200505,2.1305409323262383
3994,3994,3994,2.656666666666667,2.2072175173571376,2.1305409323262383
3995,3995,3995,2.658333333333334,2.2075989929045554,2.1313038834210727
3996,3996,3996,2.66,2.2098878461890594,2.1313038834210727
3997,3997,3997,2.661666666666667,2.2129396505683987,2.1313038834210727
3998,3998,3998,2.663333333333334,2.215609979400321,2.1320668345159075
3999,3999,3999,2.665,2.2182803082322424,2.132448310063325
4000,4000,4000,2.666666666666668,2.220187685969329,2.132448310063325
4001,4001,4001,2.668333333333334,2.2220950637064165,2.1320668345159075
4002,4002,4002,2.670000000000001,2.224002441443504,2.132448310063325
4003,4003,4003,2.6716666666666677,2.225528343633173,2.132448310063325
4004,4004,4004,2.673333333333334,2.2266727702754245,2.1328297856107423
4005,4005,4005,2.6750000000000025,2.22743572137026,2.1328297856107423
4006,4006,4006,2.6766666666666676,2.2297245746547647,2.132448310063325
4007,4007,4007,2.6783333333333337,2.233920805676356,2.1320668345159075
4008,4008,4008,2.6800000000000015,2.2350652323186084,2.132448310063325
4009,4009,4009,2.6816666666666675,2.2350652323186084,2.132448310063325
4010,4010,4010,2.6833333333333336,2.234683756771191,2.1320668345159075
4011,4011,4011,2.6850000000000005,2.234683756771191,2.1320668345159075
4012,4012,4012,2.6866666666666674,2.234683756771191,2.1320668345159075
4013,4013,4013,2.6883333333333335,2.233920805676356,2.132448310063325
4014,4014,4014,2.6900000000000004,2.2323949034866866,2.13321126115816
4015,4015,4015,2.6916666666666673,2.232013427939269,2.1328297856107423
4016,4016,4016,2.6933333333333325,2.232776379034104,2.1328297856107423
4017,4017,4017,2.6950000000000003,2.2323949034866866,2.1328297856107423
4018,4018,4018,2.696666666666667,2.2323949034866866,2.13321126115816
4019,4019,4019,2.698333333333334,2.2323949034866866,2.1328297856107423
4020,4020,4020,2.7,2.2323949034866866,2.132448310063325
4021,4021,4021,2.701666666666667,2.231631952391852,2.132448310063325
4022,4022,4022,2.703333333333334,2.232013427939269,2.132448310063325
4023,4023,4023,2.705,2.232776379034104,2.13168535896849
4024,4024,4024,2.706666666666668,2.2323949034866866,2.1313038834210727
4025,4025,4025,2.708333333333334,2.232013427939269,2.130922407873656
4026,4026,4026,2.710000000000001,2.2323949034866866,2.130922407873656
4027,4027,4027,2.711666666666668,2.2312504768444343,2.129777981231403
4028,4028,4028,2.713333333333334,2.2304875257495995,2.1293965056839856
4029,4029,4029,2.7150000000000025,2.231631952391852,2.1293965056839856
4030,4030,4030,2.7166666666666677,2.231631952391852,2.1290150301365682
4031,4031,4031,2.7183333333333337,2.230869001297017,2.128633554589151
4032,4032,4032,2.7200000000000015,2.2289616235599303,2.1282520790417334
4033,4033,4033,2.7216666666666676,2.22743572137026,2.1271076523994807
4034,4034,4034,2.7233333333333336,2.2266727702754245,2.1271076523994807
4035,4035,4035,2.7250000000000005,2.224002441443504,2.125200274662394
4036,4036,4036,2.7266666666666675,2.2220950637064165,2.12443732356756
4037,4037,4037,2.7283333333333335,2.2220950637064165,2.1229114213778897
4038,4038,4038,2.7300000000000004,2.2209506370641643,2.120241092545968
4039,4039,4039,2.7316666666666674,2.219043259327077,2.1190966659037156
4040,4040,4040,2.7333333333333325,2.2205691615167478,2.1171892881666285
4041,4041,4041,2.7350000000000003,2.2220950637064165,2.114900434882124
4042,4042,4042,2.7366666666666672,2.2220950637064165,2.1129930571450366
4043,4043,4043,2.738333333333334,2.2194247348744947,2.1114671549553674
4044,4044,4044,2.74,2.2159914549477384,2.1099412527656978
4045,4045,4045,2.741666666666667,2.2125581750209813,2.108796826123445
4046,4046,4046,2.743333333333334,2.209506370641642,2.1080338750286107
4047,4047,4047,2.745,2.20836194399939,2.107270923933776
4048,4048,4048,2.746666666666667,2.2075989929045554,2.104600595101854
4049,4049,4049,2.748333333333334,2.2072175173571376,2.1023117418173496
4050,4050,4050,2.75,2.2079804684519724,2.101930266269932
4051,4051,4051,2.751666666666668,2.211413748378729,2.101930266269932
4052,4052,4052,2.753333333333334,2.216754406042573,2.101930266269932
4053,4053,4053,2.755000000000001,2.222476539253834,2.1023117418173496
4054,4054,4054,2.7566666666666677,2.229343099107348,2.1030746929121844
4055,4055,4055,2.7583333333333337,2.233920805676356,2.1038376440070192
4056,4056,4056,2.7600000000000025,2.2384985122453656,2.104600595101854
4057,4057,4057,2.7616666666666676,2.242313267719539,2.1049820706492715
4058,4058,4058,2.7633333333333336,2.243839169909209,2.1049820706492715
4059,4059,4059,2.7650000000000015,2.2446021210040437,2.1057450217441063
4060,4060,4060,2.7666666666666675,2.2446021210040437,2.105363546196689
4061,4061,4061,2.7683333333333335,2.244983596551461,2.105363546196689
4062,4062,4062,2.7700000000000005,2.243839169909209,2.1049820706492715
4063,4063,4063,2.7716666666666674,2.242313267719539,2.1057450217441063
4064,4064,4064,2.7733333333333325,2.2415503166247044,2.106126497291524
4065,4065,4065,2.7750000000000004,2.2407873655298696,2.106507972838941
4066,4066,4066,2.7766666666666673,2.2392614633402004,2.1068894483863585
4067,4067,4067,2.7783333333333324,2.2388799877927825,2.107270923933776
4068,4068,4068,2.7800000000000002,2.2377355611505303,2.107270923933776
4069,4069,4069,2.781666666666667,2.2377355611505303,2.1076523994811933
4070,4070,4070,2.783333333333334,2.2373540856031133,2.1080338750286107
4071,4071,4071,2.785,2.2373540856031133,2.108796826123445
4072,4072,4072,2.786666666666667,2.2373540856031133,2.108415350576028
4073,4073,4073,2.788333333333334,2.2373540856031133,2.108796826123445
4074,4074,4074,2.79,2.2373540856031133,2.1095597772182804
4075,4075,4075,2.791666666666668,2.2373540856031133,2.1103227283131147
4076,4076,4076,2.793333333333334,2.2373540856031133,2.11261158159762
4077,4077,4077,2.795000000000001,2.2373540856031133,2.1141374837872893
4078,4078,4078,2.7966666666666677,2.2384985122453656,2.115281910429541
4079,4079,4079,2.798333333333334,2.2384985122453656,2.1141374837872893
4080,4080,4080,2.8000000000000025,2.2392614633402004,2.1141374837872893
4081,4081,4081,2.8016666666666676,2.2396429388876173,2.1145189593347067
4082,4082,4082,2.8033333333333337,2.238117036697948,2.113756008239872
4083,4083,4083,2.8050000000000015,2.2384985122453656,2.1122301060502022
4084,4084,4084,2.8066666666666675,2.2396429388876173,2.1133745326924545
4085,4085,4085,2.8083333333333336,2.2388799877927825,2.117570763714046
4086,4086,4086,2.8100000000000005,2.2392614633402004,2.120241092545968
4087,4087,4087,2.8116666666666674,2.2388799877927825,2.12443732356756
4088,4088,4088,2.8133333333333335,2.2388799877927825,2.1271076523994807
4089,4089,4089,2.8150000000000004,2.2396429388876173,2.1293965056839856
4090,4090,4090,2.8166666666666673,2.2392614633402004,2.129777981231403
4091,4091,4091,2.8183333333333325,2.2388799877927825,2.1301594567788205
4092,4092,4092,2.8200000000000003,2.2384985122453656,2.130922407873656
4093,4093,4093,2.821666666666667,2.2384985122453656,2.1313038834210727
4094,4094,4094,2.823333333333334,2.2377355611505303,2.1313038834210727
4095,4095,4095,2.825,2.2377355611505303,2.13168535896849
4096,4096,4096,2.826666666666667,2.2369726100556955,2.13321126115816
4097,4097,4097,2.828333333333334,2.2369726100556955,2.135118638895247
4098,4098,4098,2.83,2.2365911345082785,2.138933394369421
4099,4099,4099,2.831666666666668,2.2362096589608607,2.1438925764858467
4100,4100,4100,2.833333333333334,2.2369726100556955,2.149233234149692
4101,4101,4101,2.835000000000001,2.2377355611505303,2.1553368429083704
4102,4102,4102,2.836666666666668,2.2384985122453656,2.1614404516670485
4103,4103,4103,2.838333333333334,2.2396429388876173,2.1675440604257266
4104,4104,4104,2.8400000000000025,2.241168841077287,2.173266193636988
4105,4105,4105,2.8416666666666677,2.241931792172122,2.1763179980163274
4106,4106,4106,2.8433333333333337,2.243839169909209,2.1782253757534145
4107,4107,4107,2.8450000000000015,2.2453650720988785,2.178606851300832
4108,4108,4108,2.8466666666666676,2.2465094987411307,2.1789883268482493
4109,4109,4109,2.8483333333333336,2.247653925383384,2.1793698023956667
4110,4110,4110,2.8500000000000005,2.2484168764782178,2.177843900205997
4111,4111,4111,2.8516666666666675,2.250324254215305,2.176699473563745
4112,4112,4112,2.8533333333333335,2.2499427786678874,2.1763179980163274
4113,4113,4113,2.8550000000000004,2.2507057297627218,2.1755550469214926
4114,4114,4114,2.8566666666666674,2.2526131074998093,2.1747920958266582
4115,4115,4115,2.8583333333333325,2.253757534142061,2.1740291447318234
4116,4116,4116,2.8600000000000003,2.255283436331731,2.1736476691844056
4117,4117,4117,2.8616666666666672,2.2571908140688186,2.1740291447318234
4118,4118,4118,2.863333333333334,2.2602426184481565,2.1728847180895707
4119,4119,4119,2.865,2.2610055695429923,2.1728847180895707
4120,4120,4120,2.866666666666667,2.263675898374914,2.173266193636988
4121,4121,4121,2.868333333333334,2.2648203250171663,2.173266193636988
4122,4122,4122,2.87,2.2659647516594186,2.173266193636988
4123,4123,4123,2.871666666666667,2.2682536049439235,2.173266193636988
4124,4124,4124,2.873333333333334,2.2701609826810096,2.173266193636988
4125,4125,4125,2.875,2.2724498359655145,2.1740291447318234
4126,4126,4126,2.876666666666668,2.2743572137026016,2.1744106202792404
4127,4127,4127,2.878333333333334,2.275501640344854,2.1747920958266582
4128,4128,4128,2.880000000000001,2.277409018081941,2.1747920958266582
4129,4129,4129,2.8816666666666677,2.2777904936293583,2.1740291447318234
4130,4130,4130,2.8833333333333337,2.2796978713664453,2.173266193636988
4131,4131,4131,2.8850000000000025,2.28046082246128,2.1736476691844056
4132,4132,4132,2.8866666666666676,2.28046082246128,2.173266193636988
4133,4133,4133,2.8883333333333336,2.28046082246128,2.1736476691844056
4134,4134,4134,2.8900000000000015,2.2812237735561154,2.1736476691844056
4135,4135,4135,2.8916666666666675,2.2808422980086966,2.1728847180895707
4136,4136,4136,2.8933333333333335,2.28046082246128,2.1744106202792404
4137,4137,4137,2.8950000000000005,2.28046082246128,2.1744106202792404
4138,4138,4138,2.8966666666666674,2.2808422980086966,2.1740291447318234
4139,4139,4139,2.8983333333333325,2.28046082246128,2.1736476691844056
4140,4140,4140,2.9000000000000004,2.2812237735561154,2.1736476691844056
4141,4141,4141,2.9016666666666673,2.2812237735561154,2.173266193636988
4142,4142,4142,2.9033333333333324,2.2816052491035324,2.1725032425421533
4143,4143,4143,2.9050000000000002,2.2823682001983667,2.172121766994736
4144,4144,4144,2.906666666666667,2.283131151293201,2.1713588158999007
4145,4145,4145,2.908333333333334,2.2835126268406194,2.170977340352484
4146,4146,4146,2.91,2.2835126268406194,2.1705958648050663
4147,4147,4147,2.911666666666667,2.2835126268406194,2.1702143892576493
4148,4148,4148,2.913333333333334,2.284657053482872,2.169451438162814
4149,4149,4149,2.915,2.2838941023880373,2.1698329137102315
4150,4150,4150,2.916666666666668,2.2835126268406194,2.1690699626153966
4151,4151,4151,2.918333333333334,2.2838941023880373,2.170977340352484
4152,4152,4152,2.920000000000001,2.2838941023880373,2.1702143892576493
4153,4153,4153,2.9216666666666677,2.2835126268406194,2.1705958648050663
4154,4154,4154,2.923333333333334,2.2838941023880373,2.1705958648050663
4155,4155,4155,2.9250000000000025,2.2838941023880373,2.169451438162814
4156,4156,4156,2.9266666666666676,2.2835126268406194,2.1686884870679792
4157,4157,4157,2.9283333333333337,2.2827496757457846,2.168307011520562
4158,4158,4158,2.9300000000000015,2.2823682001983667,2.1671625848783096
4159,4159,4159,2.9316666666666675,2.2827496757457846,2.1652552071412225
4160,4160,4160,2.9333333333333336,2.2823682001983667,2.162203402761884
4161,4161,4161,2.9350000000000005,2.2819867246509498,2.161821927214466
4162,4162,4162,2.9366666666666674,2.2812237735561154,2.1606775005722136
4163,4163,4163,2.9383333333333335,2.2812237735561154,2.160296025024796
4164,4164,4164,2.9400000000000004,2.2816052491035324,2.158007171740292
4165,4165,4165,2.9416666666666673,2.2808422980086966,2.1564812695506217
4166,4166,4166,2.9433333333333325,2.28046082246128,2.1549553673609525
4167,4167,4167,2.9450000000000003,2.2796978713664453,2.153047989623865
4168,4168,4168,2.946666666666667,2.276646066987106,2.1515220874341963
4169,4169,4169,2.948333333333334,2.275883115892271,2.149996185244526
4170,4170,4170,2.95,2.273975738155184,2.1480888075074387
4171,4171,4171,2.951666666666667,2.2728313115129315,2.1457999542229342
4172,4172,4172,2.953333333333334,2.2720683604180967,2.1446555275806816
4173,4173,4173,2.955,2.2713054093232623,2.1446555275806816
4174,4174,4174,2.956666666666668,2.2705424582284275,2.1438925764858467
4175,4175,4175,2.958333333333334,2.2713054093232623,2.14351110093843
4176,4176,4176,2.960000000000001,2.273975738155184,2.14351110093843
4177,4177,4177,2.961666666666668,2.2732127870603493,2.1423666742961776
4178,4178,4178,2.963333333333334,2.2697795071335927,2.1431296253910124
4179,4179,4179,2.9650000000000025,2.267109178301671,2.1423666742961776
4180,4180,4180,2.9666666666666677,2.2632944228274967,2.1423666742961776
4181,4181,4181,2.9683333333333337,2.2610055695429923,2.1423666742961776
4182,4182,4182,2.9700000000000015,2.25986114290074,2.1431296253910124
4183,4183,4183,2.9716666666666676,2.25986114290074,2.1423666742961776
4184,4184,4184,2.9733333333333336,2.2613870450904097,2.1423666742961776
4185,4185,4185,2.9750000000000005,2.263675898374914,2.14198519874876
4186,4186,4186,2.9766666666666675,2.2682536049439235,2.14198519874876
4187,4187,4187,2.9783333333333335,2.2728313115129315,2.1423666742961776
4188,4188,4188,2.9800000000000004,2.2743572137026016,2.1431296253910124
4189,4189,4189,2.9816666666666674,2.2728313115129315,2.1431296253910124
4190,4190,4190,2.9833333333333325,2.273975738155184,2.1438925764858467
4191,4191,4191,2.9850000000000003,2.2751201647974364,2.1446555275806816
4192,4192,4192,2.9866666666666672,2.2770275425345234,2.145418478675517
4193,4193,4193,2.988333333333334,2.278553444724193,2.1457999542229342
4194,4194,4194,2.99,2.2789349202716105,2.146181429770352
4195,4195,4195,2.991666666666667,2.2800793469138627,2.1469443808651865
4196,4196,4196,2.993333333333334,2.2816052491035324,2.147325856412604
4197,4197,4197,2.995,2.2835126268406194,2.146562905317769
4198,4198,4198,2.996666666666667,2.2854200045777064,2.1469443808651865
4199,4199,4199,2.998333333333334,2.2888532845044627,2.146562905317769
4200,4200,4200,3.000000000000001,2.2907606622415497,2.1469443808651865
4201,4201,4201,3.001666666666668,2.2911421377889685,2.147325856412604
4202,4202,4202,3.003333333333334,2.2907606622415497,2.1477073319600213
4203,4203,4203,3.005000000000001,2.2903791866941328,2.1480888075074387
4204,4204,4204,3.0066666666666677,2.2903791866941328,2.1477073319600213
4205,4205,4205,3.0083333333333337,2.2903791866941328,2.1477073319600213
4206,4206,4206,3.0100000000000025,2.2903791866941328,2.1484702830548565
4207,4207,4207,3.0116666666666676,2.2903791866941328,2.1496147096971088
4208,4208,4208,3.0133333333333336,2.2907606622415497,2.149996185244526
4209,4209,4209,3.0150000000000015,2.289997711146716,2.15228503852903
4210,4210,4210,3.0166666666666675,2.2907606622415497,2.1538109407187003
4211,4211,4211,3.0183333333333335,2.2903791866941328,2.1560997940032047
4212,4212,4212,3.0200000000000005,2.2896162355992984,2.157244220645457
4213,4213,4213,3.0216666666666674,2.2896162355992984,2.158007171740292
4214,4214,4214,3.0233333333333325,2.2896162355992984,2.1587701228351266
4215,4215,4215,3.0250000000000004,2.2896162355992984,2.1595330739299614
4216,4216,4216,3.0266666666666673,2.2892347600518805,2.1595330739299614
4217,4217,4217,3.0283333333333324,2.2884718089570457,2.158388647287709
4218,4218,4218,3.0300000000000002,2.2880903334096283,2.158007171740292
4219,4219,4219,3.031666666666667,2.287708857862211,2.161821927214466
4220,4220,4220,3.033333333333334,2.287327382314793,2.1637293049515534
4221,4221,4221,3.035,2.286945906767376,2.1690699626153966
4222,4222,4222,3.036666666666667,2.2865644312199587,2.172121766994736
4223,4223,4223,3.038333333333334,2.2865644312199587,2.1755550469214926
4224,4224,4224,3.04,2.2854200045777064,2.1770809491111622
4225,4225,4225,3.041666666666668,2.2835126268406194,2.17593652246891
4226,4226,4226,3.043333333333334,2.28046082246128,2.1744106202792404
4227,4227,4227,3.045000000000001,2.2789349202716105,2.1725032425421533
4228,4228,4228,3.0466666666666677,2.2781719691767757,2.169451438162814
4229,4229,4229,3.048333333333334,2.277409018081941,2.168307011520562
4230,4230,4230,3.0500000000000025,2.275883115892271,2.169451438162814
4231,4231,4231,3.0516666666666676,2.2751201647974364,2.1698329137102315
4232,4232,4232,3.0533333333333337,2.273975738155184,2.1690699626153966
4233,4233,4233,3.0550000000000015,2.2735942626077668,2.1690699626153966
4234,4234,4234,3.0566666666666675,2.2724498359655145,2.1686884870679792
4235,4235,4235,3.0583333333333336,2.2667277027542534,2.168307011520562
4236,4236,4236,3.0600000000000005,2.2652018005645838,2.1675440604257266
4237,4237,4237,3.0616666666666674,2.26291294728008,2.166781109330892
4238,4238,4238,3.0633333333333335,2.2606240939955757,2.1660181582360574
4239,4239,4239,3.0650000000000004,2.258716716258488,2.1652552071412225
4240,4240,4240,3.0666666666666673,2.2575722896162356,2.1633478294041355
4241,4241,4241,3.0683333333333325,2.2575722896162356,2.161058976119631
4242,4242,4242,3.0700000000000003,2.2575722896162356,2.1606775005722136
4243,4243,4243,3.071666666666667,2.2575722896162356,2.161058976119631
4244,4244,4244,3.073333333333334,2.2583352407110704,2.1625848783093007
4245,4245,4245,3.075,2.2571908140688186,2.1637293049515534
4246,4246,4246,3.076666666666667,2.254139009689479,2.1633478294041355
4247,4247,4247,3.078333333333334,2.2529945830472267,2.162966353856718
4248,4248,4248,3.08,2.25108720531014,2.1633478294041355
4249,4249,4249,3.081666666666668,2.2499427786678874,2.1633478294041355
4250,4250,4250,3.083333333333334,2.2487983520256347,2.1637293049515534
4251,4251,4251,3.085000000000001,2.2480354009308003,2.1641107804989703
4252,4252,4252,3.086666666666668,2.2480354009308003,2.164492256046388
4253,4253,4253,3.088333333333334,2.246890974288548,2.164873731593805
4254,4254,4254,3.0900000000000025,2.245746547646296,2.16563668268864
4255,4255,4255,3.0916666666666677,2.245746547646296,2.1663996337834748
4256,4256,4256,3.0933333333333337,2.2453650720988785,2.1663996337834748
4257,4257,4257,3.0950000000000015,2.244983596551461,2.1671625848783096
4258,4258,4258,3.0966666666666676,2.244983596551461,2.168307011520562
4259,4259,4259,3.0983333333333336,2.2442206454566263,2.1686884870679792
4260,4260,4260,3.1000000000000005,2.2442206454566263,2.1690699626153966
4261,4261,4261,3.1016666666666675,2.2446021210040437,2.1705958648050663
4262,4262,4262,3.1033333333333335,2.244983596551461,2.170977340352484
4263,4263,4263,3.1050000000000004,2.243839169909209,2.1713588158999007
4264,4264,4264,3.1066666666666674,2.243839169909209,2.170977340352484
4265,4265,4265,3.1083333333333325,2.2446021210040437,2.1717402914473185
4266,4266,4266,3.1100000000000003,2.245746547646296,2.1728847180895707
4267,4267,4267,3.1116666666666672,2.2480354009308003,2.17593652246891
4268,4268,4268,3.113333333333334,2.245746547646296,2.17746242465858
4269,4269,4269,3.115,2.2453650720988785,2.1793698023956667
4270,4270,4270,3.116666666666667,2.2453650720988785,2.180132753490501
4271,4271,4271,3.118333333333334,2.2453650720988785,2.1808957045853363
4272,4272,4272,3.12,2.2453650720988785,2.181658655680171
4273,4273,4273,3.121666666666667,2.245746547646296,2.182421606775006
4274,4274,4274,3.123333333333334,2.245746547646296,2.1820401312275894
4275,4275,4275,3.125000000000001,2.2453650720988785,2.183184557869841
4276,4276,4276,3.126666666666668,2.244983596551461,2.1873807888914323
4277,4277,4277,3.128333333333334,2.2442206454566263,2.18928816662852
4278,4278,4278,3.130000000000001,2.2434576943617914,2.191577019913024
4279,4279,4279,3.1316666666666677,2.2426947432669566,2.192721446555276
4280,4280,4280,3.1333333333333337,2.242313267719539,2.1942473487449456
4281,4281,4281,3.1350000000000025,2.242313267719539,2.1950102998397805
4282,4282,4282,3.1366666666666676,2.2415503166247044,2.1950102998397805
4283,4283,4283,3.1383333333333336,2.241931792172122,2.1942473487449456
4284,4284,4284,3.1400000000000015,2.241931792172122,2.1942473487449456
4285,4285,4285,3.1416666666666675,2.241931792172122,2.193484397650111
4286,4286,4286,3.1433333333333335,2.2426947432669566,2.1942473487449456
4287,4287,4287,3.1450000000000005,2.243076218814374,2.195773250934616
4288,4288,4288,3.1466666666666674,2.2434576943617914,2.19653620202945
4289,4289,4289,3.1483333333333325,2.2442206454566263,2.1969176775768675
4290,4290,4290,3.1500000000000004,2.2442206454566263,2.197299153124285
4291,4291,4291,3.1516666666666673,2.243839169909209,2.197299153124285
4292,4292,4292,3.1533333333333324,2.2442206454566263,2.19806210421912
4293,4293,4293,3.1550000000000002,2.2434576943617914,2.1976806286717023
4294,4294,4294,3.156666666666667,2.2434576943617914,2.197299153124285
4295,4295,4295,3.158333333333334,2.2442206454566263,2.19653620202945
4296,4296,4296,3.16,2.2453650720988785,2.195773250934616
4297,4297,4297,3.161666666666667,2.245746547646296,2.1950102998397805
4298,4298,4298,3.163333333333334,2.245746547646296,2.1942473487449456
4299,4299,4299,3.165,2.246890974288548,2.1938658731975282
4300,4300,4300,3.166666666666668,2.247653925383384,2.193484397650111
4301,4301,4301,3.168333333333334,2.247653925383384,2.1919584954604407
4302,4302,4302,3.170000000000001,2.246890974288548,2.191577019913024
4303,4303,4303,3.1716666666666677,2.2480354009308003,2.1911955443656064
4304,4304,4304,3.173333333333334,2.2480354009308003,2.1911955443656064
4305,4305,4305,3.1750000000000025,2.247653925383384,2.1911955443656064
4306,4306,4306,3.1766666666666676,2.247653925383384,2.190432593270772
4307,4307,4307,3.1783333333333337,2.2484168764782178,2.188906691081102
4308,4308,4308,3.1800000000000015,2.2484168764782178,2.186999313344015
4309,4309,4309,3.1816666666666675,2.2484168764782178,2.1877622644388497
4310,4310,4310,3.1833333333333336,2.2491798275730535,2.1881437399862667
4311,4311,4311,3.1850000000000005,2.250324254215305,2.1877622644388497
4312,4312,4312,3.1866666666666674,2.2491798275730535,2.1877622644388497
4313,4313,4313,3.1883333333333335,2.2495613031204704,2.1873807888914323
4314,4314,4314,3.1900000000000004,2.250324254215305,2.186999313344015
4315,4315,4315,3.1916666666666673,2.2507057297627218,2.185854886701762
4316,4316,4316,3.1933333333333325,2.2514686808575566,2.1850919356069283
4317,4317,4317,3.1950000000000003,2.25108720531014,2.18623636224918
4318,4318,4318,3.196666666666667,2.25108720531014,2.1873807888914323
4319,4319,4319,3.198333333333334,2.2514686808575566,2.1877622644388497
4320,4320,4320,3.2,2.2514686808575566,2.1881437399862667
4321,4321,4321,3.201666666666667,2.2518501564049744,2.1877622644388497
4322,4322,4322,3.203333333333334,2.2518501564049744,2.186999313344015
4323,4323,4323,3.205,2.2514686808575566,2.1873807888914323
4324,4324,4324,3.206666666666668,2.2518501564049744,2.1881437399862667
4325,4325,4325,3.208333333333334,2.2518501564049744,2.1885252155336845
4326,4326,4326,3.210000000000001,2.2526131074998093,2.1885252155336845
4327,4327,4327,3.211666666666668,2.2522316319523923,2.1885252155336845
4328,4328,4328,3.213333333333334,2.2518501564049744,2.18928816662852
4329,4329,4329,3.2150000000000025,2.2518501564049744,2.1885252155336845
4330,4330,4330,3.2166666666666677,2.2522316319523923,2.1885252155336845
4331,4331,4331,3.2183333333333337,2.2526131074998093,2.1885252155336845
4332,4332,4332,3.2200000000000015,2.2526131074998093,2.1885252155336845
4333,4333,4333,3.2216666666666676,2.253376058594644,2.188906691081102
4334,4334,4334,3.2233333333333336,2.253757534142061,2.188906691081102
4335,4335,4335,3.2249999999999996,2.2529945830472267,2.18928816662852
4336,4336,4336,3.2266666666666675,2.2522316319523923,2.190051117723354
4337,4337,4337,3.2283333333333326,2.2522316319523923,2.190432593270772
4338,4338,4338,3.2300000000000004,2.2514686808575566,2.190051117723354
4339,4339,4339,3.2316666666666674,2.2514686808575566,2.190051117723354
4340,4340,4340,3.2333333333333316,2.2518501564049744,2.190051117723354
4341,4341,4341,3.2350000000000003,2.2514686808575566,2.1896696421759367
4342,4342,4342,3.2366666666666672,2.2522316319523923,2.190051117723354
4343,4343,4343,3.238333333333334,2.2529945830472267,2.190814068818189
4344,4344,4344,3.24,2.2529945830472267,2.191577019913024
4345,4345,4345,3.241666666666667,2.253376058594644,2.1911955443656064
4346,4346,4346,3.243333333333334,2.2526131074998093,2.191577019913024
4347,4347,4347,3.245,2.2529945830472267,2.1923399710078586
4348,4348,4348,3.246666666666667,2.2529945830472267,2.1923399710078586
4349,4349,4349,3.248333333333334,2.2526131074998093,2.1919584954604407
4350,4350,4350,3.250000000000001,2.2522316319523923,2.1919584954604407
4351,4351,4351,3.251666666666668,2.2529945830472267,2.1923399710078586
4352,4352,4352,3.253333333333334,2.2526131074998093,2.1923399710078586
4353,4353,4353,3.255000000000001,2.2529945830472267,2.1919584954604407
4354,4354,4354,3.2566666666666677,2.253376058594644,2.1923399710078586
4355,4355,4355,3.2583333333333337,2.253376058594644,2.1923399710078586
4356,4356,4356,3.2600000000000025,2.253757534142061,2.1919584954604407
4357,4357,4357,3.2616666666666676,2.2529945830472267,2.1931029221026934
4358,4358,4358,3.2633333333333336,2.2529945830472267,2.193484397650111
4359,4359,4359,3.2650000000000015,2.254139009689479,2.1938658731975282
4360,4360,4360,3.2666666666666675,2.253757534142061,2.1931029221026934
4361,4361,4361,3.2683333333333326,2.253376058594644,2.193484397650111
4362,4362,4362,3.2699999999999996,2.253376058594644,2.1942473487449456
4363,4363,4363,3.2716666666666674,2.253376058594644,2.194628824292363
4364,4364,4364,3.2733333333333308,2.253376058594644,2.194628824292363
4365,4365,4365,3.2750000000000004,2.253757534142061,2.1942473487449456
4366,4366,4366,3.2766666666666673,2.254139009689479,2.194628824292363
4367,4367,4367,3.2783333333333324,2.253757534142061,2.1950102998397805
4368,4368,4368,3.2800000000000002,2.254139009689479,2.195773250934616
4369,4369,4369,3.281666666666667,2.254139009689479,2.195773250934616
4370,4370,4370,3.283333333333334,2.254139009689479,2.195773250934616
4371,4371,4371,3.285,2.254139009689479,2.195773250934616
4372,4372,4372,3.286666666666667,2.253376058594644,2.1961547264820327
4373,4373,4373,3.288333333333334,2.2529945830472267,2.1961547264820327
4374,4374,4374,3.29,2.253376058594644,2.19653620202945
4375,4375,4375,3.291666666666668,2.2529945830472267,2.1961547264820327
4376,4376,4376,3.293333333333334,2.2529945830472267,2.1961547264820327
4377,4377,4377,3.295000000000001,2.2526131074998093,2.19653620202945
4378,4378,4378,3.2966666666666677,2.2514686808575566,2.1969176775768675
4379,4379,4379,3.298333333333334,2.2514686808575566,2.19653620202945
4380,4380,4380,3.3000000000000025,2.2522316319523923,2.19653620202945
4381,4381,4381,3.3016666666666676,2.255283436331731,2.1969176775768675
4382,4382,4382,3.3033333333333337,2.25986114290074,2.1969176775768675
4383,4383,4383,3.3050000000000015,2.2632944228274967,2.1961547264820327
4384,4384,4384,3.3066666666666675,2.2686350804913404,2.195773250934616
4385,4385,4385,3.3083333333333336,2.273975738155184,2.194628824292363
4386,4386,4386,3.3099999999999996,2.2781719691767757,2.194628824292363
4387,4387,4387,3.3116666666666674,2.2816052491035324,2.194628824292363
4388,4388,4388,3.3133333333333326,2.2835126268406194,2.1938658731975282
4389,4389,4389,3.3150000000000004,2.284275577935454,2.1938658731975282
4390,4390,4390,3.3166666666666673,2.2835126268406194,2.1942473487449456
4391,4391,4391,3.3183333333333325,2.283131151293201,2.194628824292363
4392,4392,4392,3.3200000000000003,2.2823682001983667,2.194628824292363
4393,4393,4393,3.321666666666667,2.2808422980086966,2.1942473487449456
4394,4394,4394,3.323333333333334,2.2789349202716105,2.1942473487449456
4395,4395,4395,3.325,2.2781719691767757,2.1942473487449456
4396,4396,4396,3.326666666666667,2.277409018081941,2.1938658731975282
4397,4397,4397,3.328333333333334,2.277409018081941,2.1938658731975282
4398,4398,4398,3.33,2.276646066987106,2.1942473487449456
4399,4399,4399,3.331666666666668,2.275501640344854,2.1938658731975282
4400,4400,4400,3.333333333333334,2.275501640344854,2.1938658731975282
4401,4401,4401,3.335000000000001,2.2762645914396886,2.1942473487449456
4402,4402,4402,3.336666666666668,2.276646066987106,2.1942473487449456
4403,4403,4403,3.338333333333334,2.2770275425345234,2.194628824292363
4404,4404,4404,3.3400000000000025,2.2762645914396886,2.1942473487449456
4405,4405,4405,3.3416666666666677,2.276646066987106,2.193484397650111
4406,4406,4406,3.3433333333333337,2.276646066987106,2.1938658731975282
4407,4407,4407,3.3450000000000015,2.276646066987106,2.194628824292363
4408,4408,4408,3.3466666666666676,2.277409018081941,2.1938658731975282
4409,4409,4409,3.3483333333333336,2.2777904936293583,2.1942473487449456
4410,4410,4410,3.3499999999999996,2.278553444724193,2.193484397650111
4411,4411,4411,3.3516666666666675,2.278553444724193,2.193484397650111
4412,4412,4412,3.3533333333333326,2.2781719691767757,2.1938658731975282
4413,4413,4413,3.3550000000000004,2.2781719691767757,2.1938658731975282
4414,4414,4414,3.3566666666666674,2.2777904936293583,2.1942473487449456
4415,4415,4415,3.3583333333333316,2.277409018081941,2.1942473487449456
4416,4416,4416,3.3600000000000003,2.2781719691767757,2.1942473487449456
4417,4417,4417,3.3616666666666672,2.278553444724193,2.194628824292363
4418,4418,4418,3.363333333333334,2.2781719691767757,2.194628824292363
4419,4419,4419,3.365,2.277409018081941,2.1942473487449456
4420,4420,4420,3.366666666666667,2.2777904936293583,2.1938658731975282
4421,4421,4421,3.368333333333334,2.2793163958190283,2.1938658731975282
4422,4422,4422,3.37,2.2800793469138627,2.193484397650111
4423,4423,4423,3.371666666666667,2.2789349202716105,2.1938658731975282
4424,4424,4424,3.373333333333334,2.278553444724193,2.1938658731975282
4425,4425,4425,3.375000000000001,2.2789349202716105,2.1931029221026934
4426,4426,4426,3.376666666666668,2.2789349202716105,2.1923399710078586
4427,4427,4427,3.378333333333334,2.278553444724193,2.192721446555276
4428,4428,4428,3.380000000000001,2.2789349202716105,2.1942473487449456
4429,4429,4429,3.3816666666666677,2.2796978713664453,2.1976806286717023
4430,4430,4430,3.3833333333333337,2.28046082246128,2.2007324330510416
4431,4431,4431,3.3850000000000025,2.2808422980086966,2.2053101396200505
4432,4432,4432,3.3866666666666676,2.2812237735561154,2.210269321736477
4433,4433,4433,3.3883333333333336,2.2823682001983667,2.2144655527580683
4434,4434,4434,3.3900000000000015,2.2835126268406194,2.2186617837796603
4435,4435,4435,3.3916666666666675,2.285038529030289,2.2205691615167478
4436,4436,4436,3.3933333333333326,2.2854200045777064,2.2220950637064165
4437,4437,4437,3.3949999999999996,2.2858014801251243,2.222476539253834
4438,4438,4438,3.3966666666666674,2.2861829556725413,2.221713588158999
4439,4439,4439,3.3983333333333308,2.286945906767376,2.221713588158999
4440,4440,4440,3.4000000000000004,2.2884718089570457,2.220187685969329
4441,4441,4441,3.4016666666666673,2.2888532845044627,2.2194247348744947
4442,4442,4442,3.4033333333333324,2.2884718089570457,2.2182803082322424
4443,4443,4443,3.4050000000000002,2.2888532845044627,2.21713588158999
4444,4444,4444,3.406666666666667,2.2892347600518805,2.216754406042573
4445,4445,4445,3.408333333333334,2.289997711146716,2.2163729304951554
4446,4446,4446,3.41,2.2888532845044627,2.215609979400321
4447,4447,4447,3.411666666666667,2.2884718089570457,2.215609979400321
4448,4448,4448,3.413333333333334,2.2888532845044627,2.215609979400321
4449,4449,4449,3.415,2.2884718089570457,2.2159914549477384
4450,4450,4450,3.416666666666668,2.2884718089570457,2.2163729304951554
4451,4451,4451,3.418333333333334,2.2892347600518805,2.2159914549477384
4452,4452,4452,3.420000000000001,2.2892347600518805,2.2163729304951554
4453,4453,4453,3.4216666666666677,2.2888532845044627,2.2163729304951554
4454,4454,4454,3.423333333333334,2.2888532845044627,2.2163729304951554
4455,4455,4455,3.4250000000000025,2.2892347600518805,2.2163729304951554
4456,4456,4456,3.4266666666666676,2.2892347600518805,2.21713588158999
4457,4457,4457,3.4283333333333337,2.2896162355992984,2.217898832684825
4458,4458,4458,3.4300000000000015,2.2888532845044627,2.217898832684825
4459,4459,4459,3.4316666666666675,2.2888532845044627,2.217517357137408
4460,4460,4460,3.4333333333333336,2.2892347600518805,2.21713588158999
4461,4461,4461,3.4349999999999996,2.2896162355992984,2.21713588158999
4462,4462,4462,3.4366666666666674,2.2896162355992984,2.216754406042573
4463,4463,4463,3.4383333333333326,2.289997711146716,2.216754406042573
4464,4464,4464,3.4400000000000004,2.2903791866941328,2.21713588158999
4465,4465,4465,3.4416666666666673,2.289997711146716,2.217517357137408
4466,4466,4466,3.4433333333333325,2.2896162355992984,2.21713588158999
4467,4467,4467,3.4450000000000003,2.2896162355992984,2.216754406042573
4468,4468,4468,3.446666666666667,2.2892347600518805,2.217898832684825
4469,4469,4469,3.448333333333334,2.289997711146716,2.2194247348744947
4470,4470,4470,3.45,2.2903791866941328,2.2194247348744947
4471,4471,4471,3.451666666666667,2.2903791866941328,2.219043259327077
4472,4472,4472,3.453333333333334,2.2911421377889685,2.2186617837796603
4473,4473,4473,3.455,2.2911421377889685,2.219043259327077
4474,4474,4474,3.456666666666668,2.291523613336385,2.219043259327077
4475,4475,4475,3.458333333333334,2.2922865644312203,2.2186617837796603
4476,4476,4476,3.460000000000001,2.2926680399786368,2.2194247348744947
4477,4477,4477,3.461666666666668,2.2919050888838024,2.220187685969329
4478,4478,4478,3.463333333333334,2.2919050888838024,2.2213321126115817
4479,4479,4479,3.4650000000000025,2.2922865644312203,2.2213321126115817
4480,4480,4480,3.4666666666666677,2.293049515526054,2.221713588158999
4481,4481,4481,3.4683333333333337,2.2938124666208894,2.222858014801252
4482,4482,4482,3.4700000000000015,2.2922865644312203,2.224002441443504
4483,4483,4483,3.4716666666666676,2.2911421377889685,2.224383916990921
4484,4484,4484,3.4733333333333336,2.2903791866941328,2.224383916990921
4485,4485,4485,3.4749999999999996,2.2907606622415497,2.224383916990921
4486,4486,4486,3.4766666666666675,2.2903791866941328,2.2247653925383384
4487,4487,4487,3.4783333333333326,2.289997711146716,2.225528343633173
4488,4488,4488,3.4800000000000004,2.2896162355992984,2.226291294728008
4489,4489,4489,3.4816666666666674,2.289997711146716,2.2266727702754245
4490,4490,4490,3.4833333333333316,2.2896162355992984,2.226291294728008
4491,4491,4491,3.4850000000000003,2.2892347600518805,2.2270542458228437
4492,4492,4492,3.4866666666666672,2.2888532845044627,2.22743572137026
4493,4493,4493,3.488333333333334,2.2884718089570457,2.22743572137026
4494,4494,4494,3.49,2.2888532845044627,2.2266727702754245
4495,4495,4495,3.491666666666667,2.2888532845044627,2.2266727702754245
4496,4496,4496,3.493333333333334,2.2896162355992984,2.22743572137026
4497,4497,4497,3.495,2.2892347600518805,2.22743572137026
4498,4498,4498,3.496666666666667,2.2903791866941328,2.22743572137026
4499,4499,4499,3.498333333333334,2.2903791866941328,2.2278171969176777
4500,4500,4500,3.500000000000001,2.289997711146716,2.228198672465095
4501,4501,4501,3.501666666666668,2.2907606622415497,2.228198672465095
4502,4502,4502,3.503333333333334,2.2907606622415497,2.2278171969176777
4503,4503,4503,3.505000000000001,2.2903791866941328,2.2285801480125125
4504,4504,4504,3.5066666666666677,2.289997711146716,2.2285801480125125
4505,4505,4505,3.5083333333333337,2.2903791866941328,2.2285801480125125
4506,4506,4506,3.5100000000000025,2.2903791866941328,2.2278171969176777
4507,4507,4507,3.5116666666666676,2.2892347600518805,2.2278171969176777
4508,4508,4508,3.5133333333333336,2.2896162355992984,2.2289616235599303
4509,4509,4509,3.5150000000000015,2.2903791866941328,2.2289616235599303
4510,4510,4510,3.5166666666666675,2.2907606622415497,2.2289616235599303
4511,4511,4511,3.5183333333333326,2.2911421377889685,2.229343099107348
4512,4512,4512,3.5199999999999996,2.2911421377889685,2.2297245746547647
4513,4513,4513,3.5216666666666674,2.2911421377889685,2.229343099107348
4514,4514,4514,3.5233333333333308,2.2911421377889685,2.2289616235599303
4515,4515,4515,3.5250000000000004,2.2907606622415497,2.2285801480125125
4516,4516,4516,3.5266666666666673,2.2903791866941328,2.229343099107348
4517,4517,4517,3.5283333333333324,2.2907606622415497,2.2297245746547647
4518,4518,4518,3.5300000000000002,2.2896162355992984,2.2297245746547647
4519,4519,4519,3.531666666666667,2.2896162355992984,2.2297245746547647
4520,4520,4520,3.533333333333334,2.2903791866941328,2.2301060502021817
4521,4521,4521,3.535,2.2896162355992984,2.2301060502021817
4522,4522,4522,3.536666666666667,2.2903791866941328,2.2297245746547647
4523,4523,4523,3.538333333333334,2.2896162355992984,2.231631952391852
4524,4524,4524,3.540000000000001,2.2892347600518805,2.2312504768444343
4525,4525,4525,3.541666666666668,2.2892347600518805,2.230869001297017
4526,4526,4526,3.543333333333334,2.2892347600518805,2.230869001297017
4527,4527,4527,3.545000000000001,2.2892347600518805,2.230869001297017
4528,4528,4528,3.5466666666666677,2.2896162355992984,2.2312504768444343
4529,4529,4529,3.548333333333334,2.2896162355992984,2.2304875257495995
4530,4530,4530,3.5500000000000025,2.289997711146716,2.229343099107348
4531,4531,4531,3.5516666666666676,2.2892347600518805,2.2285801480125125
4532,4532,4532,3.5533333333333337,2.2892347600518805,2.2285801480125125
4533,4533,4533,3.5550000000000015,2.289997711146716,2.229343099107348
4534,4534,4534,3.5566666666666675,2.289997711146716,2.229343099107348
4535,4535,4535,3.5583333333333336,2.289997711146716,2.2285801480125125
4536,4536,4536,3.5599999999999996,2.289997711146716,2.2289616235599303
4537,4537,4537,3.5616666666666674,2.2888532845044627,2.2285801480125125
4538,4538,4538,3.5633333333333326,2.2892347600518805,2.2289616235599303
4539,4539,4539,3.5650000000000004,2.2896162355992984,2.228198672465095
4540,4540,4540,3.5666666666666673,2.2896162355992984,2.2285801480125125
4541,4541,4541,3.5683333333333325,2.289997711146716,2.228198672465095
4542,4542,4542,3.5700000000000003,2.2903791866941328,2.2289616235599303
4543,4543,4543,3.571666666666667,2.2896162355992984,2.2289616235599303
4544,4544,4544,3.573333333333334,2.2888532845044627,2.229343099107348
4545,4545,4545,3.575,2.2884718089570457,2.229343099107348
4546,4546,4546,3.576666666666667,2.2892347600518805,2.2297245746547647
4547,4547,4547,3.578333333333334,2.2892347600518805,2.229343099107348
4548,4548,4548,3.58,2.2888532845044627,2.229343099107348
4549,4549,4549,3.581666666666668,2.2888532845044627,2.229343099107348
4550,4550,4550,3.583333333333334,2.2896162355992984,2.2289616235599303
4551,4551,4551,3.585000000000001,2.2888532845044627,2.2289616235599303
4552,4552,4552,3.586666666666668,2.2892347600518805,2.228198672465095
4553,4553,4553,3.588333333333334,2.2892347600518805,2.2285801480125125
4554,4554,4554,3.5900000000000025,2.2884718089570457,2.2285801480125125
4555,4555,4555,3.5916666666666677,2.2880903334096283,2.2278171969176777
4556,4556,4556,3.5933333333333337,2.287708857862211,2.2278171969176777
4557,4557,4557,3.5950000000000015,2.287708857862211,2.229343099107348
4558,4558,4558,3.5966666666666676,2.2880903334096283,2.2297245746547647
4559,4559,4559,3.5983333333333336,2.287708857862211,2.2297245746547647
4560,4560,4560,3.5999999999999996,2.287327382314793,2.2297245746547647
4561,4561,4561,3.6016666666666675,2.287327382314793,2.2301060502021817
4562,4562,4562,3.6033333333333326,2.287708857862211,2.2301060502021817
4563,4563,4563,3.6050000000000004,2.2880903334096283,2.2297245746547647
4564,4564,4564,3.6066666666666674,2.2880903334096283,2.229343099107348
4565,4565,4565,3.6083333333333316,2.2880903334096283,2.229343099107348
4566,4566,4566,3.6100000000000003,2.2880903334096283,2.2285801480125125
4567,4567,4567,3.6116666666666672,2.2884718089570457,2.229343099107348
4568,4568,4568,3.613333333333334,2.2888532845044627,2.229343099107348
4569,4569,4569,3.615,2.2888532845044627,2.229343099107348
4570,4570,4570,3.616666666666667,2.2892347600518805,2.2297245746547647
4571,4571,4571,3.618333333333334,2.2888532845044627,2.229343099107348
4572,4572,4572,3.62,2.2892347600518805,2.229343099107348
4573,4573,4573,3.621666666666667,2.2896162355992984,2.229343099107348
4574,4574,4574,3.623333333333334,2.2892347600518805,2.229343099107348
4575,4575,4575,3.625000000000001,2.2892347600518805,2.2289616235599303
4576,4576,4576,3.626666666666668,2.2892347600518805,2.229343099107348
4577,4577,4577,3.628333333333334,2.2892347600518805,2.229343099107348
4578,4578,4578,3.630000000000001,2.2892347600518805,2.2289616235599303
4579,4579,4579,3.6316666666666677,2.2896162355992984,2.2285801480125125
4580,4580,4580,3.6333333333333337,2.2892347600518805,2.228198672465095
4581,4581,4581,3.6350000000000025,2.2888532845044627,2.2285801480125125
4582,4582,4582,3.6366666666666676,2.2888532845044627,2.229343099107348
4583,4583,4583,3.6383333333333336,2.2892347600518805,2.229343099107348
4584,4584,4584,3.6400000000000015,2.2888532845044627,2.2285801480125125
4585,4585,4585,3.6416666666666675,2.2888532845044627,2.2285801480125125
4586,4586,4586,3.6433333333333326,2.2892347600518805,2.229343099107348
4587,4587,4587,3.6449999999999996,2.2888532845044627,2.229343099107348
4588,4588,4588,3.6466666666666674,2.2884718089570457,2.2301060502021817
4589,4589,4589,3.6483333333333308,2.2892347600518805,2.230869001297017
4590,4590,4590,3.6500000000000004,2.2892347600518805,2.230869001297017
4591,4591,4591,3.6516666666666673,2.2884718089570457,2.230869001297017
4592,4592,4592,3.6533333333333324,2.2888532845044627,2.2304875257495995
4593,4593,4593,3.6550000000000002,2.2888532845044627,2.230869001297017
4594,4594,4594,3.656666666666667,2.2892347600518805,2.2312504768444343
4595,4595,4595,3.658333333333334,2.2896162355992984,2.2312504768444343
4596,4596,4596,3.66,2.2896162355992984,2.2312504768444343
4597,4597,4597,3.661666666666667,2.2888532845044627,2.232013427939269
4598,4598,4598,3.663333333333334,2.2888532845044627,2.2323949034866866
4599,4599,4599,3.665000000000001,2.2892347600518805,2.2323949034866866
4600,4600,4600,3.666666666666668,2.2896162355992984,2.232776379034104
4601,4601,4601,3.668333333333334,2.2892347600518805,2.2323949034866866
4602,4602,4602,3.670000000000001,2.2892347600518805,2.232013427939269
4603,4603,4603,3.6716666666666677,2.2896162355992984,2.2312504768444343
4604,4604,4604,3.673333333333334,2.289997711146716,2.2312504768444343
4605,4605,4605,3.6750000000000025,2.289997711146716,2.231631952391852
4606,4606,4606,3.6766666666666676,2.289997711146716,2.2312504768444343
4607,4607,4607,3.6783333333333337,2.2903791866941328,2.2312504768444343
4608,4608,4608,3.6800000000000015,2.2907606622415497,2.2312504768444343
4609,4609,4609,3.6816666666666675,2.2903791866941328,2.2312504768444343
4610,4610,4610,3.6833333333333336,2.2907606622415497,2.2312504768444343
4611,4611,4611,3.6849999999999996,2.2911421377889685,2.231631952391852
4612,4612,4612,3.6866666666666674,2.291523613336385,2.2312504768444343
4613,4613,4613,3.6883333333333326,2.2919050888838024,2.2312504768444343
4614,4614,4614,3.6900000000000004,2.2919050888838024,2.2312504768444343
4615,4615,4615,3.6916666666666673,2.2922865644312203,2.231631952391852
4616,4616,4616,3.6933333333333325,2.2926680399786368,2.232013427939269
4617,4617,4617,3.6950000000000003,2.293049515526054,2.232013427939269
4618,4618,4618,3.696666666666667,2.2926680399786368,2.232013427939269
4619,4619,4619,3.698333333333334,2.293430991073472,2.232013427939269
4620,4620,4620,3.7,2.2938124666208894,2.2323949034866866
4621,4621,4621,3.701666666666667,2.294193942168307,2.2323949034866866
4622,4622,4622,3.703333333333334,2.295338368810559,2.2323949034866866
4623,4623,4623,3.705,2.2957198443579765,2.2323949034866866
4624,4624,4624,3.706666666666668,2.296101319905394,2.232776379034104
4625,4625,4625,3.708333333333334,2.296101319905394,2.2323949034866866
4626,4626,4626,3.710000000000001,2.296101319905394,2.232776379034104
4627,4627,4627,3.711666666666668,2.2968642710002287,2.232776379034104
4628,4628,4628,3.713333333333334,2.2968642710002287,2.2323949034866866
4629,4629,4629,3.7150000000000025,2.297245746547646,2.232013427939269
4630,4630,4630,3.7166666666666677,2.298008697642481,2.2323949034866866
4631,4631,4631,3.7183333333333337,2.2983901731898984,2.2323949034866866
4632,4632,4632,3.7200000000000015,2.2983901731898984,2.2323949034866866
4633,4633,4633,3.7216666666666676,2.2987716487373158,2.232776379034104
4634,4634,4634,3.7233333333333336,2.2987716487373158,2.232776379034104
4635,4635,4635,3.7249999999999996,2.2983901731898984,2.232013427939269
4636,4636,4636,3.7266666666666675,2.2983901731898984,2.2323949034866866
4637,4637,4637,3.7283333333333326,2.2987716487373158,2.232776379034104
4638,4638,4638,3.7300000000000004,2.2983901731898984,2.232776379034104
4639,4639,4639,3.7316666666666674,2.2983901731898984,2.232013427939269
4640,4640,4640,3.7333333333333316,2.2983901731898984,2.232013427939269
4641,4641,4641,3.7350000000000003,2.2983901731898984,2.2323949034866866
4642,4642,4642,3.7366666666666672,2.2976272220950635,2.232776379034104
4643,4643,4643,3.738333333333334,2.2987716487373158,2.232776379034104
4644,4644,4644,3.74,2.2999160753795684,2.232013427939269
4645,4645,4645,3.741666666666667,2.2983901731898984,2.2323949034866866
4646,4646,4646,3.743333333333334,2.2983901731898984,2.232013427939269
4647,4647,4647,3.745,2.2991531242847327,2.232776379034104
4648,4648,4648,3.746666666666667,2.2987716487373158,2.232776379034104
4649,4649,4649,3.748333333333334,2.2983901731898984,2.2323949034866866
4650,4650,4650,3.750000000000001,2.2976272220950635,2.232776379034104
4651,4651,4651,3.751666666666668,2.2968642710002287,2.2331578545815214
4652,4652,4652,3.753333333333334,2.2968642710002287,2.2331578545815214
4653,4653,4653,3.755000000000001,2.297245746547646,2.232776379034104
4654,4654,4654,3.7566666666666677,2.297245746547646,2.2331578545815214
4655,4655,4655,3.7583333333333337,2.297245746547646,2.233539330128939
4656,4656,4656,3.7600000000000025,2.2968642710002287,2.2343022812237736
4657,4657,4657,3.7616666666666676,2.296101319905394,2.233539330128939
4658,4658,4658,3.7633333333333336,2.296482795452812,2.2343022812237736
4659,4659,4659,3.7650000000000015,2.295338368810559,2.234683756771191
4660,4660,4660,3.7666666666666675,2.295338368810559,2.235446707866026
4661,4661,4661,3.7683333333333326,2.295338368810559,2.235446707866026
4662,4662,4662,3.7699999999999996,2.295338368810559,2.2358281834134432
4663,4663,4663,3.7716666666666674,2.294193942168307,2.2358281834134432
4664,4664,4664,3.7733333333333308,2.293049515526054,2.2362096589608607
4665,4665,4665,3.7750000000000004,2.2922865644312203,2.2365911345082785
4666,4666,4666,3.7766666666666673,2.2919050888838024,2.2369726100556955
4667,4667,4667,3.7783333333333324,2.2907606622415497,2.238117036697948
4668,4668,4668,3.7800000000000002,2.2907606622415497,2.2384985122453656
4669,4669,4669,3.781666666666667,2.2903791866941328,2.2392614633402004
4670,4670,4670,3.783333333333334,2.289997711146716,2.2400244144350347
4671,4671,4671,3.785,2.289997711146716,2.240405889982452
4672,4672,4672,3.786666666666667,2.2896162355992984,2.240405889982452
4673,4673,4673,3.788333333333334,2.2892347600518805,2.2407873655298696
4674,4674,4674,3.790000000000001,2.2892347600518805,2.2407873655298696
4675,4675,4675,3.791666666666668,2.2884718089570457,2.241168841077287
4676,4676,4676,3.793333333333334,2.2884718089570457,2.2415503166247044
4677,4677,4677,3.795000000000001,2.2880903334096283,2.241931792172122
4678,4678,4678,3.7966666666666677,2.287327382314793,2.2426947432669566
4679,4679,4679,3.798333333333334,2.286945906767376,2.243076218814374
4680,4680,4680,3.8000000000000025,2.2865644312199587,2.2426947432669566
4681,4681,4681,3.8016666666666676,2.287327382314793,2.2434576943617914
4682,4682,4682,3.8033333333333337,2.287327382314793,2.2434576943617914
4683,4683,4683,3.8050000000000015,2.2865644312199587,2.243076218814374
4684,4684,4684,3.8066666666666675,2.2865644312199587,2.2434576943617914
4685,4685,4685,3.8083333333333336,2.2861829556725413,2.243076218814374
4686,4686,4686,3.8099999999999996,2.2861829556725413,2.2434576943617914
4687,4687,4687,3.8116666666666674,2.2865644312199587,2.243076218814374
4688,4688,4688,3.8133333333333326,2.2861829556725413,2.2434576943617914
4689,4689,4689,3.8150000000000004,2.2858014801251243,2.2434576943617914
4690,4690,4690,3.8166666666666673,2.285038529030289,2.2426947432669566
4691,4691,4691,3.8183333333333325,2.2854200045777064,2.2434576943617914
4692,4692,4692,3.8200000000000003,2.2854200045777064,2.2442206454566263
4693,4693,4693,3.821666666666667,2.2854200045777064,2.243076218814374
4694,4694,4694,3.823333333333334,2.2858014801251243,2.243076218814374
4695,4695,4695,3.825,2.285038529030289,2.243839169909209
4696,4696,4696,3.826666666666667,2.2854200045777064,2.243076218814374
4697,4697,4697,3.828333333333334,2.2861829556725413,2.243076218814374
4698,4698,4698,3.83,2.2861829556725413,2.2415503166247044
4699,4699,4699,3.831666666666668,2.287327382314793,2.2415503166247044
4700,4700,4700,3.833333333333334,2.286945906767376,2.2415503166247044
4701,4701,4701,3.835000000000001,2.2865644312199587,2.2415503166247044
4702,4702,4702,3.836666666666668,2.287327382314793,2.2415503166247044
4703,4703,4703,3.838333333333334,2.2880903334096283,2.2415503166247044
4704,4704,4704,3.8400000000000025,2.2880903334096283,2.240405889982452
4705,4705,4705,3.8416666666666677,2.2865644312199587,2.2400244144350347
4706,4706,4706,3.8433333333333337,2.2858014801251243,2.2400244144350347
4707,4707,4707,3.8450000000000015,2.286945906767376,2.2392614633402004
4708,4708,4708,3.8466666666666676,2.286945906767376,2.2392614633402004
4709,4709,4709,3.8483333333333336,2.287708857862211,2.2388799877927825
4710,4710,4710,3.8499999999999996,2.2888532845044627,2.2384985122453656
4711,4711,4711,3.8516666666666675,2.2888532845044627,2.2373540856031133
4712,4712,4712,3.8533333333333326,2.2888532845044627,2.2362096589608607
4713,4713,4713,3.8550000000000004,2.2884718089570457,2.2358281834134432
4714,4714,4714,3.8566666666666674,2.2888532845044627,2.235446707866026
4715,4715,4715,3.8583333333333325,2.2884718089570457,2.2331578545815214
4716,4716,4716,3.8600000000000003,2.2880903334096283,2.2323949034866866
4717,4717,4717,3.8616666666666672,2.2880903334096283,2.2312504768444343
4718,4718,4718,3.863333333333334,2.2884718089570457,2.230869001297017
4719,4719,4719,3.865,2.2888532845044627,2.2304875257495995
4720,4720,4720,3.866666666666667,2.2888532845044627,2.2297245746547647
4721,4721,4721,3.868333333333334,2.2888532845044627,2.2289616235599303
4722,4722,4722,3.87,2.2888532845044627,2.2285801480125125
4723,4723,4723,3.871666666666667,2.2888532845044627,2.2278171969176777
4724,4724,4724,3.873333333333334,2.2888532845044627,2.2278171969176777
4725,4725,4725,3.875000000000001,2.2896162355992984,2.2270542458228437
4726,4726,4726,3.876666666666668,2.2896162355992984,2.2266727702754245
4727,4727,4727,3.878333333333334,2.2892347600518805,2.2259098191805906
4728,4728,4728,3.880000000000001,2.2907606622415497,2.2259098191805906
4729,4729,4729,3.8816666666666677,2.291523613336385,2.2259098191805906
4730,4730,4730,3.8833333333333337,2.291523613336385,2.225528343633173
4731,4731,4731,3.8850000000000025,2.291523613336385,2.225528343633173
4732,4732,4732,3.8866666666666676,2.291523613336385,2.225146868085756
4733,4733,4733,3.8883333333333336,2.291523613336385,2.225146868085756
4734,4734,4734,3.8900000000000015,2.2919050888838024,2.225146868085756
4735,4735,4735,3.8916666666666675,2.2911421377889685,2.225528343633173
4736,4736,4736,3.8933333333333326,2.2911421377889685,2.225146868085756
4737,4737,4737,3.8949999999999996,2.2922865644312203,2.2247653925383384
4738,4738,4738,3.8966666666666674,2.293430991073472,2.224383916990921
4739,4739,4739,3.8983333333333308,2.294193942168307,2.2247653925383384
4740,4740,4740,3.9000000000000004,2.2938124666208894,2.224383916990921
4741,4741,4741,3.9016666666666673,2.293430991073472,2.2247653925383384
4742,4742,4742,3.9033333333333324,2.295338368810559,2.2247653925383384
4743,4743,4743,3.9050000000000002,2.2957198443579765,2.224002441443504
4744,4744,4744,3.906666666666667,2.296101319905394,2.224383916990921
4745,4745,4745,3.908333333333334,2.296482795452812,2.224383916990921
4746,4746,4746,3.91,2.2968642710002287,2.225528343633173
4747,4747,4747,3.911666666666667,2.297245746547646,2.226291294728008
4748,4748,4748,3.913333333333334,2.2976272220950635,2.2259098191805906
4749,4749,4749,3.915000000000001,2.298008697642481,2.225146868085756
4750,4750,4750,3.916666666666668,2.298008697642481,2.225528343633173
4751,4751,4751,3.918333333333334,2.2991531242847327,2.225146868085756
4752,4752,4752,3.920000000000001,2.2995345998321506,2.2247653925383384
4753,4753,4753,3.9216666666666677,2.2987716487373158,2.224002441443504
4754,4754,4754,3.923333333333334,2.2987716487373158,2.224383916990921
4755,4755,4755,3.9250000000000025,2.2995345998321506,2.2259098191805906
4756,4756,4756,3.9266666666666676,2.2999160753795684,2.2266727702754245
4757,4757,4757,3.9283333333333337,2.2995345998321506,2.2270542458228437
4758,4758,4758,3.9300000000000015,2.2999160753795684,2.22743572137026
4759,4759,4759,3.9316666666666675,2.3006790264744037,2.22743572137026
4760,4760,4760,3.9333333333333336,2.2999160753795684,2.2270542458228437
4761,4761,4761,3.9349999999999996,2.2995345998321506,2.22743572137026
4762,4762,4762,3.9366666666666674,2.2999160753795684,2.228198672465095
4763,4763,4763,3.9383333333333326,2.3002975509269854,2.2278171969176777
4764,4764,4764,3.9400000000000004,2.2995345998321506,2.228198672465095
4765,4765,4765,3.9416666666666673,2.2991531242847327,2.228198672465095
4766,4766,4766,3.9433333333333325,2.2991531242847327,2.2289616235599303
4767,4767,4767,3.9450000000000003,2.2991531242847327,2.2289616235599303
4768,4768,4768,3.946666666666667,2.2983901731898984,2.229343099107348
4769,4769,4769,3.948333333333334,2.2983901731898984,2.2289616235599303
4770,4770,4770,3.95,2.2976272220950635,2.2289616235599303
4771,4771,4771,3.951666666666667,2.2976272220950635,2.229343099107348
4772,4772,4772,3.953333333333334,2.2976272220950635,2.229343099107348
4773,4773,4773,3.955,2.297245746547646,2.2297245746547647
4774,4774,4774,3.956666666666668,2.2968642710002287,2.2289616235599303
4775,4775,4775,3.958333333333334,2.2957198443579765,2.2289616235599303
4776,4776,4776,3.960000000000001,2.295338368810559,2.2301060502021817
4777,4777,4777,3.961666666666668,2.2957198443579765,2.230869001297017
4778,4778,4778,3.963333333333334,2.2949568932631417,2.2304875257495995
4779,4779,4779,3.9650000000000025,2.294193942168307,2.2301060502021817
4780,4780,4780,3.9666666666666677,2.2938124666208894,2.2301060502021817
4781,4781,4781,3.9683333333333337,2.293049515526054,2.2304875257495995
4782,4782,4782,3.9700000000000015,2.2922865644312203,2.2301060502021817
4783,4783,4783,3.9716666666666676,2.2919050888838024,2.229343099107348
4784,4784,4784,3.9733333333333336,2.293430991073472,2.2297245746547647
4785,4785,4785,3.9749999999999996,2.293430991073472,2.2304875257495995
4786,4786,4786,3.9766666666666675,2.2926680399786368,2.231631952391852
4787,4787,4787,3.9783333333333326,2.293049515526054,2.232013427939269
4788,4788,4788,3.9800000000000004,2.2926680399786368,2.231631952391852
4789,4789,4789,3.9816666666666674,2.2922865644312203,2.232013427939269
4790,4790,4790,3.9833333333333325,2.2922865644312203,2.2331578545815214
4791,4791,4791,3.9850000000000003,2.2919050888838024,2.233920805676356
4792,4792,4792,3.9866666666666672,2.2907606622415497,2.2343022812237736
4793,4793,4793,3.988333333333334,2.2907606622415497,2.234683756771191
4794,4794,4794,3.99,2.29120357859881,2.2350652323186084
4795,4795,4795,3.991666666666667,2.290786911932144,2.235446707866026
4796,4796,4796,3.993333333333334,2.2896072941706413,2.2358281834134432
4797,4797,4797,3.995,2.287664725314306,2.235858849597693
4798,4798,4798,3.996666666666667,2.2876295341950565,2.235823658478444
4799,4799,4799,3.998333333333334,2.2868313919809724,2.2361699429066126
4800,4800,4800,4.0,2.284507347577218,2.2357532762399464
4801,4801,4801,4.001666666666667,2.2825647787208827,2.2357180851206966
4802,4802,4802,4.003333333333334,2.282148112054216,2.2353014184540294
4803,4803,4803,4.005000000000001,2.2813499698401314,2.2352662273347805
4804,4804,4804,4.006666666666668,2.2801703520786303,2.2348495606681142
4805,4805,4805,4.008333333333335,2.2789907343171287,2.2344328940014466
4806,4806,4806,4.01,2.280099969840132,2.234016227334781
4807,4807,4807,4.011666666666667,2.2808277298157167,2.2343625117629484
4808,4808,4808,4.013333333333334,2.2800295876016334,2.2331828940014478
4809,4809,4809,4.015000000000001,2.2803758720298006,2.2323847517873627
4810,4810,4810,4.0166666666666675,2.280722156457969,2.2323495606681143
4811,4811,4811,4.018333333333334,2.2806869653387203,2.2315514184540293
4812,4812,4812,4.020000000000001,2.2814147253143053,2.230371800692528
4813,4813,4813,4.021666666666668,2.2829054363847265,2.2291921829310266
4814,4814,4814,4.023333333333332,2.284777623002564,2.2283940407169425
4815,4815,4815,4.025,2.2862683340729837,2.227977374050276
4816,4816,4816,4.026666666666667,2.287377569595987,2.227179231836192
4817,4817,4817,4.028333333333334,2.2888682806664082,2.2267625651695253
4818,4818,4818,4.030000000000001,2.2899775161894103,2.2259644229554407
4819,4819,4819,4.031666666666668,2.2910867517124127,2.2263107073836093
4820,4820,4820,4.033333333333333,2.2906700850457464,2.2258940407169434
4821,4821,4821,4.035,2.29025341837908,2.225858849597693
4822,4822,4822,4.036666666666667,2.2905997028072487,2.225442182931027
4823,4823,4823,4.038333333333334,2.2882756584034953,2.224262565169525
4824,4824,4824,4.040000000000001,2.2870960406419933,2.2234644229554408
4825,4825,4825,4.041666666666668,2.287442325070161,2.2234292318361915
4826,4826,4826,4.043333333333333,2.2866441828560773,2.222631089622108
4827,4827,4827,4.045,2.2858460406419936,2.221832947408024
4828,4828,4828,4.046666666666667,2.2850478984279095,2.220653329646522
4829,4829,4829,4.048333333333334,2.2842497562138244,2.220236662979855
4830,4830,4830,4.050000000000001,2.2834516139997407,2.219057045218354
4831,4831,4831,4.051666666666668,2.2830349473330744,2.219021854099105
4832,4832,4832,4.053333333333335,2.282618280666408,2.21974961407469
4833,4833,4833,4.055,2.280675711810072,2.219332947408024
4834,4834,4834,4.056666666666667,2.2802590451434046,2.2181533296465217
4835,4835,4835,4.058333333333334,2.2802238540241557,2.217355187432438
4836,4836,4836,4.0600000000000005,2.279807187357489,2.2165570452183543
4837,4837,4837,4.061666666666667,2.2782460940485696,2.216140378551687
4838,4838,4838,4.063333333333334,2.2782109029293203,2.2153422363376034
4839,4839,4839,4.065000000000001,2.2785571873574884,2.2145440941235193
4840,4840,4840,4.066666666666666,2.2781405206908216,2.213745951909435
4841,4841,4841,4.068333333333333,2.277723854024156,2.2133292852427693
4842,4842,4842,4.07,2.2776886629049056,2.2136755696709365
4843,4843,4843,4.071666666666667,2.276890520690822,2.2132589030042698
4844,4844,4844,4.073333333333334,2.2764738540241547,2.211697809695352
4845,4845,4845,4.075000000000001,2.275675711810071,2.2101367163864323
4846,4846,4846,4.076666666666668,2.274877569595987,2.2101015252671825
4847,4847,4847,4.078333333333333,2.274460902929321,2.209684858600516
4848,4848,4848,4.08,2.2740442362626543,2.206979338649345
4849,4849,4849,4.081666666666667,2.2732460940485697,2.2057997208878435
4850,4850,4850,4.083333333333334,2.2720664762870686,2.2053830542211768
4851,4851,4851,4.085000000000001,2.272031285167819,2.2045849120070926
4852,4852,4852,4.086666666666668,2.272377569595987,2.2037867697930094
4853,4853,4853,4.088333333333335,2.271579427381903,2.203370103126342
4854,4854,4854,4.09,2.2703998096204017,2.204097863101928
4855,4855,4855,4.091666666666667,2.269983142953735,2.2044441475300958
4856,4856,4856,4.093333333333334,2.2695664762870686,2.2040274808634304
4857,4857,4857,4.095000000000001,2.269149809620401,2.2043737652915976
4858,4858,4858,4.096666666666668,2.2679701918589,2.2043385741723482
4859,4859,4859,4.0983333333333345,2.2667905740973984,2.2043033830530994
4860,4860,4860,4.1,2.266755382978149,2.2054126185761023
4861,4861,4861,4.101666666666668,2.2663387163114828,2.2065218540991047
4862,4862,4862,4.103333333333332,2.2655405740973986,2.2083940407169433
4863,4863,4863,4.105,2.2655053829781493,2.2098847517873628
4864,4864,4864,4.106666666666667,2.264707240764065,2.2102310362155317
4865,4865,4865,4.108333333333334,2.263527623002563,2.2109587961911163
4866,4866,4866,4.110000000000001,2.263873907430732,2.212449507261537
4867,4867,4867,4.111666666666666,2.263838716311483,2.212414316142288
4868,4868,4868,4.113333333333333,2.2630405740973987,2.211997649475621
4869,4869,4869,4.115,2.262242431883314,2.2115809828089548
4870,4870,4870,4.116666666666667,2.262207240764065,2.2104013650474528
4871,4871,4871,4.118333333333334,2.2614090985499806,2.2092217472859508
4872,4872,4872,4.120000000000001,2.2606109563358965,2.2084236050718666
4873,4873,4873,4.121666666666668,2.2601942896692298,2.2080069384052012
4874,4874,4874,4.123333333333333,2.259396147455146,2.207971747285951
4875,4875,4875,4.125,2.2582165296936454,2.2071736050718678
4876,4876,4876,4.126666666666667,2.25894428966923,2.2056125117629493
4877,4877,4877,4.128333333333334,2.2592905740973985,2.2051958450962816
4878,4878,4878,4.130000000000001,2.2581109563358965,2.2051606539770328
4879,4879,4879,4.131666666666668,2.25769428966923,2.205125462857783
4880,4880,4880,4.133333333333335,2.258422049644816,2.203945845096282
4881,4881,4881,4.135,2.258005382978149,2.203147702882198
4882,4882,4882,4.136666666666667,2.2579701918588997,2.2031125117629484
4883,4883,4883,4.138333333333334,2.2567905740973986,2.2026958450962817
4884,4884,4884,4.140000000000001,2.256373907430732,2.2022791784296154
4885,4885,4885,4.1416666666666675,2.255957240764065,2.2010995606681143
4886,4886,4886,4.143333333333334,2.255922049644816,2.201445845096281
4887,4887,4887,4.145000000000001,2.2558868585255665,2.2021736050718674
4888,4888,4888,4.146666666666668,2.2558516674063176,2.201756938405201
4889,4889,4889,4.148333333333332,2.2558164762870683,2.2013402717385344
4890,4890,4890,4.15,2.255399809620401,2.200923605071868
4891,4891,4891,4.151666666666667,2.2542201918589,2.2005069384052005
4892,4892,4892,4.153333333333334,2.253422049644816,2.2004717472859507
4893,4893,4893,4.155000000000001,2.2533868585255665,2.198529178429615
4894,4894,4894,4.156666666666668,2.2529701918589,2.1981125117629485
4895,4895,4895,4.158333333333333,2.2533164762870683,2.1980773206437
4896,4896,4896,4.16,2.2540442362626543,2.197279178429615
4897,4897,4897,4.161666666666667,2.2540090451434045,2.196481036215532
4898,4898,4898,4.163333333333334,2.2539738540241547,2.196064369548865
4899,4899,4899,4.165000000000001,2.253175711810071,2.195647702882198
4900,4900,4900,4.166666666666668,2.253521996238239,2.1959939873103664
4901,4901,4901,4.168333333333333,2.2542497562138246,2.195195845096282
4902,4902,4902,4.17,2.2538330895471583,2.1940162273347807
4903,4903,4903,4.171666666666667,2.2537978984279095,2.1939810362155323
4904,4904,4904,4.173333333333334,2.2552886094983293,2.1935643695488647
4905,4905,4905,4.175000000000001,2.2548719428316626,2.192766227334781
4906,4906,4906,4.176666666666668,2.2548367517124133,2.191586609573279
4907,4907,4907,4.178333333333335,2.254038609498329,2.1907884673591944
4908,4908,4908,4.18,2.2536219428316633,2.1907532762399464
4909,4909,4909,4.181666666666667,2.251679373975327,2.189955134025862
4910,4910,4910,4.183333333333334,2.25126270730866,2.189156991811778
4911,4911,4911,4.1850000000000005,2.250464565094576,2.1891218006925284
4912,4912,4912,4.186666666666667,2.2496664228804906,2.1887051340258608
4913,4913,4913,4.188333333333334,2.2496312317612417,2.187906991811777
4914,4914,4914,4.190000000000001,2.2495960406419933,2.187871800692528
4915,4915,4915,4.191666666666666,2.2491793739753265,2.18783660957328
4916,4916,4916,4.193333333333333,2.2483812317612424,2.187419942906613
4917,4917,4917,4.195,2.248346040641993,2.1870032762399463
4918,4918,4918,4.196666666666667,2.248310849522744,2.1869680851206965
4919,4919,4919,4.198333333333334,2.24751270730866,2.1861699429066133
4920,4920,4920,4.200000000000001,2.2463330895471576,2.184990325145111
4921,4921,4921,4.201666666666668,2.245916422880491,2.1845736584784445
4922,4922,4922,4.203333333333333,2.2454997562138246,2.1837755162643604
4923,4923,4923,4.205,2.245464565094576,2.1833588495976937
4924,4924,4924,4.206666666666667,2.2446664228804907,2.18408660957328
4925,4925,4925,4.208333333333334,2.2434868051189905,2.1840514184540303
4926,4926,4926,4.210000000000001,2.2423071873574885,2.1836347517873627
4927,4927,4927,4.211666666666668,2.242271996238239,2.1832180851206964
4928,4928,4928,4.213333333333335,2.241473854024155,2.183564369548865
4929,4929,4929,4.215,2.2414386629049057,2.1835291784296147
4930,4930,4930,4.216666666666667,2.241403471785657,2.183112511762949
4931,4931,4931,4.218333333333334,2.2417497562138244,2.181551418454029
4932,4932,4932,4.220000000000001,2.2401886629049055,2.181134751787363
4933,4933,4933,4.221666666666668,2.2401534717856566,2.1810995606681143
4934,4934,4934,4.2233333333333345,2.240499756213824,2.1806828940014467
4935,4935,4935,4.225,2.2389386629049057,2.180266227334781
4936,4936,4936,4.226666666666668,2.238903471785657,2.1806125117629485
4937,4937,4937,4.228333333333332,2.2388682806664084,2.1798143695488648
4938,4938,4938,4.23,2.238451613999741,2.179016227334781
4939,4939,4939,4.231666666666667,2.2372719962382392,2.177836609573279
4940,4940,4940,4.233333333333334,2.2368553295715725,2.1778014184540293
4941,4941,4941,4.235000000000001,2.2372016139997406,2.1777662273347804
4942,4942,4942,4.236666666666666,2.2367849473330748,2.1769680851206967
4943,4943,4943,4.238333333333333,2.236368280666408,2.1769328940014483
4944,4944,4944,4.24,2.2359516139997413,2.176897702882198
4945,4945,4945,4.241666666666667,2.2355349473330746,2.1760995606681144
4946,4946,4946,4.243333333333334,2.2351182806664083,2.1753014184540302
4947,4947,4947,4.245000000000001,2.2354645650945755,2.174884751787362
4948,4948,4948,4.246666666666668,2.2354293739753266,2.1748495606681137
4949,4949,4949,4.248333333333333,2.2353941828560773,2.174814369548865
4950,4950,4950,4.25,2.234214565094576,2.1743977028821986
4951,4951,4951,4.251666666666667,2.2337978984279094,2.1747439873103662
4952,4952,4952,4.253333333333334,2.2333812317612423,2.1750902717385343
4953,4953,4953,4.255000000000001,2.2318201384523237,2.1739106539770328
4954,4954,4954,4.256666666666668,2.231403471785657,2.1734939873103665
4955,4955,4955,4.258333333333335,2.231749756213824,2.172695845096282
4956,4956,4956,4.26,2.231714565094576,2.171516227334781
4957,4957,4957,4.261666666666667,2.231679373975327,2.170718085120696
4958,4958,4958,4.263333333333334,2.2308812317612423,2.1706828940014478
4959,4959,4959,4.265000000000001,2.2312275161894104,2.1698847517873627
4960,4960,4960,4.2666666666666675,2.2304293739753267,2.169086609573279
4961,4961,4961,4.268333333333334,2.2292497562138243,2.1686699429066127
4962,4962,4962,4.270000000000001,2.228833089547157,2.1690162273347804
4963,4963,4963,4.271666666666668,2.2284164228804912,2.168599560668114
4964,4964,4964,4.273333333333332,2.2283812317612424,2.1681828940014483
4965,4965,4965,4.275,2.227964565094576,2.1677662273347806
4966,4966,4966,4.276666666666667,2.2275478984279093,2.1681125117629483
4967,4967,4967,4.278333333333334,2.22751270730866,2.1673143695488646
4968,4968,4968,4.280000000000001,2.2270960406419933,2.1668977028821983
4969,4969,4969,4.281666666666668,2.2255349473330743,2.166481036215531
4970,4970,4970,4.283333333333333,2.22473680511899,2.1664458450962822
4971,4971,4971,4.285,2.2247016139997413,2.16679212952445
4972,4972,4972,4.286666666666667,2.225429373975327,2.165993987310366
4973,4973,4973,4.288333333333334,2.2246312317612422,2.164814369548865
4974,4974,4974,4.290000000000001,2.2242145650945755,2.164397702882198
4975,4975,4975,4.291666666666668,2.2237978984279088,2.163599560668114
4976,4976,4976,4.293333333333333,2.2229997562138246,2.1635643695488653
4977,4977,4977,4.295,2.2225830895471583,2.1627662273347807
4978,4978,4978,4.296666666666667,2.2221664228804907,2.1623495606681145
4979,4979,4979,4.298333333333334,2.2221312317612423,2.1623143695488647
4980,4980,4980,4.300000000000001,2.2217145650945755,2.1611347517873627
4981,4981,4981,4.301666666666668,2.2212978984279093,2.1607180851206964
4982,4982,4982,4.303333333333335,2.22126270730866,2.160301418454029
4983,4983,4983,4.305,2.2204645650945762,2.1595032762399464
4984,4984,4984,4.306666666666667,2.220429373975327,2.1583236584784444
4985,4985,4985,4.308333333333334,2.2203941828560767,2.1575255162643603
4986,4986,4986,4.3100000000000005,2.2203589917368283,2.157490325145111
4987,4987,4987,4.311666666666667,2.220323800617578,2.155929231836192
4988,4988,4988,4.313333333333334,2.2191441828560765,2.1555125651695253
4989,4989,4989,4.315000000000001,2.217583089547157,2.1547144229554407
4990,4990,4990,4.316666666666666,2.217547898427909,2.153916280741357
4991,4991,4991,4.318333333333333,2.218275658403495,2.1534996140746907
4992,4992,4992,4.32,2.2174775161894105,2.152701471860606
4993,4993,4993,4.321666666666667,2.2162978984279094,2.15228480519394
4994,4994,4994,4.323333333333334,2.2154997562138243,2.15224961407469
4995,4995,4995,4.325000000000001,2.2162275161894103,2.151832947408024
4996,4996,4996,4.326666666666668,2.216955276164996,2.1517977562887745
4997,4997,4997,4.328333333333333,2.216538609498329,2.151381089622108
4998,4998,4998,4.33,2.2157404672842453,2.150582947408024
4999,4999,4999,4.331666666666667,2.2145608495227442,2.149403329646522
5000,5000,5000,4.333333333333334,2.2141441828560766,2.148986662979855
5001,5001,5001,4.335000000000001,2.2133460406419934,2.1478070452183537
5002,5002,5002,4.336666666666668,2.2125478984279088,2.1473903785516875
5003,5003,5003,4.338333333333335,2.211749756213824,2.1473551874324377
5004,5004,5004,4.34,2.2105701384523235,2.1477014718606062
5005,5005,5005,4.341666666666667,2.210153471785657,2.1476662807413573
5006,5006,5006,4.343333333333334,2.2104997562138244,2.1468681385272728
5007,5007,5007,4.345000000000001,2.2097016139997407,2.1472144229554413
5008,5008,5008,4.346666666666668,2.208521996238239,2.146797756288774
5009,5009,5009,4.3483333333333345,2.208868280666408,2.1456181385272735
5010,5010,5010,4.350000000000001,2.208833089547157,2.1448199963131884
5011,5011,5011,4.351666666666668,2.2084164228804912,2.145166280741357
5012,5012,5012,4.353333333333332,2.2079997562138245,2.1447496140746907
5013,5013,5013,4.355,2.2075830895471578,2.144714422955441
5014,5014,5014,4.356666666666667,2.2075478984279093,2.1442977562887746
5015,5015,5015,4.358333333333334,2.206368280666408,2.1438810896221074
5016,5016,5016,4.360000000000001,2.2048071873574884,2.1434644229554407
5017,5017,5017,4.361666666666666,2.2055349473330748,2.1419033296465217
5018,5018,5018,4.363333333333333,2.20473680511899,2.141105187432438
5019,5019,5019,4.365,2.2050830895471583,2.1410699963131883
5020,5020,5020,4.366666666666667,2.2039034717856567,2.141416280741357
5021,5021,5021,4.368333333333334,2.2034868051189904,2.1409996140746905
5022,5022,5022,4.370000000000001,2.2034516139997407,2.140201471860606
5023,5023,5023,4.371666666666668,2.2030349473330744,2.139021854099105
5024,5024,5024,4.373333333333333,2.202618280666408,2.138223711885021
5025,5025,5025,4.375,2.2018201384523235,2.1366626185761017
5026,5026,5026,4.376666666666667,2.2017849473330746,2.1362459519094354
5027,5027,5027,4.378333333333334,2.2021312317612423,2.1362107607901857
5028,5028,5028,4.380000000000001,2.2020960406419934,2.1357940941235194
5029,5029,5029,4.381666666666668,2.201679373975326,2.1346144763620183
5030,5030,5030,4.383333333333335,2.2012627073086604,2.1338163341479337
5031,5031,5031,4.385,2.2000830895471584,2.1337811430286853
5032,5032,5032,4.386666666666667,2.1992849473330747,2.133745951909435
5033,5033,5033,4.388333333333334,2.1988682806664084,2.1333292852427688
5034,5034,5034,4.390000000000001,2.198070138452324,2.133294094123519
5035,5035,5035,4.3916666666666675,2.197271996238239,2.1332589030042697
5036,5036,5036,4.393333333333334,2.1957109029293203,2.132079285242768
5037,5037,5037,4.395000000000001,2.1956757118100714,2.1305181919338496
5038,5038,5038,4.396666666666668,2.1960219962382395,2.130864476362018
5039,5039,5039,4.398333333333332,2.194842378476738,2.1308292852427684
5040,5040,5040,4.4,2.1940442362626538,2.1300311430286847
5041,5041,5041,4.401666666666667,2.19324609404857,2.1288515252671827
5042,5042,5042,4.403333333333334,2.192066476287068,2.1284348586005164
5043,5043,5043,4.405000000000001,2.1908868585255665,2.129544094123519
5044,5044,5044,4.406666666666668,2.1904701918589,2.12950890300427
5045,5045,5045,4.408333333333333,2.190053525192233,2.129092236337604
5046,5046,5046,4.41,2.1903998096204016,2.128294094123519
5047,5047,5047,4.411666666666667,2.189601667406317,2.1274959519094354
5048,5048,5048,4.413333333333334,2.188422049644816,2.127079285242768
5049,5049,5049,4.415000000000001,2.187242431883314,2.1258996674812667
5050,5050,5050,4.416666666666668,2.1875887163114824,2.1251015252671825
5051,5051,5051,4.418333333333333,2.1875535251922336,2.1243033830530993
5052,5052,5052,4.42,2.1856109563358967,2.1231237652915977
5053,5053,5053,4.421666666666667,2.1855757652166474,2.1234700497197654
5054,5054,5054,4.423333333333334,2.1851590985499807,2.123816334147934
5055,5055,5055,4.425000000000001,2.184360956335897,2.1230181919338493
5056,5056,5056,4.426666666666668,2.1850887163114825,2.122601525267183
5057,5057,5057,4.428333333333335,2.185053525192233,2.1225663341479333
5058,5058,5058,4.43,2.1834924318833138,2.1225311430286853
5059,5059,5059,4.431666666666667,2.1830757652166475,2.1224959519094355
5060,5060,5060,4.433333333333334,2.183422049644816,2.1220792852427683
5061,5061,5061,4.4350000000000005,2.1830053829781493,2.1220440941235195
5062,5062,5062,4.436666666666667,2.1810628141218125,2.1220089030042697
5063,5063,5063,4.438333333333334,2.1817905740973984,2.1208292852427686
5064,5064,5064,4.440000000000001,2.1821368585255665,2.1196496674812666
5065,5065,5065,4.441666666666666,2.1813387163114832,2.1196144763620186
5066,5066,5066,4.443333333333333,2.181303525192233,2.1191978096953514
5067,5067,5067,4.445,2.1805053829781493,2.1191626185761017
5068,5068,5068,4.446666666666667,2.1800887163114826,2.117983000814601
5069,5069,5069,4.448333333333334,2.179672049644816,2.117947809695352
5070,5070,5070,4.450000000000001,2.179255382978149,2.1175311430286845
5071,5071,5071,4.451666666666668,2.179601667406317,2.1174959519094347
5072,5072,5072,4.453333333333333,2.178803525192233,2.1170792852427684
5073,5073,5073,4.455,2.178768334072984,2.1166626185761017
5074,5074,5074,4.456666666666667,2.1775887163114827,2.1166274274568524
5075,5075,5075,4.458333333333334,2.1764090985499807,2.1165922363376035
5076,5076,5076,4.460000000000001,2.1756109563358965,2.116938520765771
5077,5077,5077,4.461666666666668,2.17519428966923,2.116521854099105
5078,5078,5078,4.463333333333335,2.1755405740973983,2.1161051874324377
5079,5079,5079,4.465,2.174742431883314,2.114544094123519
5080,5080,5080,4.466666666666667,2.17394428966923,2.1137459519094355
5081,5081,5081,4.468333333333334,2.1735276230025637,2.1137107607901857
5082,5082,5082,4.470000000000001,2.172729480788479,2.1132940941235194
5083,5083,5083,4.471666666666668,2.1715498630269785,2.1124959519094353
5084,5084,5084,4.4733333333333345,2.1715146719077283,2.1113163341479337
5085,5085,5085,4.475000000000001,2.1703350541462267,2.1116626185761014
5086,5086,5086,4.476666666666668,2.168773960837308,2.1116274274568525
5087,5087,5087,4.478333333333332,2.1679758186232245,2.1108292852427692
5088,5088,5088,4.48,2.1679406275039748,2.110031143028685
5089,5089,5089,4.481666666666667,2.1679054363847263,2.109614476362018
5090,5090,5090,4.483333333333334,2.16748876971806,2.1088163341479333
5091,5091,5091,4.485000000000001,2.167072103051393,2.108399667481267
5092,5092,5092,4.486666666666666,2.1670369119321435,2.108364476362018
5093,5093,5093,4.488333333333333,2.1673831963603116,2.1083292852427684
5094,5094,5094,4.49,2.1681109563358967,2.1082940941235195
5095,5095,5095,4.491666666666667,2.1673128141218125,2.1078774274568524
5096,5096,5096,4.493333333333334,2.165751720812894,2.1066978096953517
5097,5097,5097,4.495000000000001,2.164572103051393,2.1058996674812667
5098,5098,5098,4.496666666666668,2.1652998630269784,2.1066274274568526
5099,5099,5099,4.498333333333333,2.1645017208128943,2.1062107607901863
5100,5100,5100,4.5,2.16370357859881,2.104649667481267
5101,5101,5101,4.501666666666667,2.1644313385743947,2.104614476362018
5102,5102,5102,4.503333333333334,2.1640146719077284,2.1045792852427683
5103,5103,5103,4.505000000000001,2.162835054146228,2.1041626185761015
5104,5104,5104,4.506666666666668,2.1624183874795606,2.1045089030042696
5105,5105,5105,4.508333333333335,2.1620017208128943,2.104092236337604
5106,5106,5106,4.51,2.16120357859881,2.1029126185761022
5107,5107,5107,4.511666666666667,2.1607869119321435,2.102495951909435
5108,5108,5108,4.513333333333334,2.160751720812894,2.102842236337604
5109,5109,5109,4.515000000000001,2.160716529693645,2.102044094123519
5110,5110,5110,4.5166666666666675,2.160681338574395,2.1004830008146005
5111,5111,5111,4.518333333333334,2.1606461474551457,2.100829285242768
5112,5112,5112,4.520000000000001,2.1590850541462268,2.100412618576102
5113,5113,5113,4.521666666666668,2.1594313385743957,2.1007589030042704
5114,5114,5114,4.523333333333332,2.160159098549981,2.0995792852427684
5115,5115,5115,4.525,2.1593609563358966,2.0987811430286847
5116,5116,5116,4.526666666666667,2.158181338574395,2.098745951909435
5117,5117,5117,4.528333333333334,2.1581461474551458,2.098710760790186
5118,5118,5118,4.530000000000001,2.157729480788479,2.098294094123519
5119,5119,5119,4.531666666666668,2.1576942896692297,2.09825890300427
5120,5120,5120,4.533333333333333,2.1572776230025634,2.0974607607901863
5121,5121,5121,4.535,2.157242431883314,2.0974255696709365
5122,5122,5122,4.536666666666667,2.157207240764065,2.0962459519094354
5123,5123,5123,4.538333333333334,2.1564090985499806,2.095447809695352
5124,5124,5124,4.540000000000001,2.1556109563358965,2.0942681919338497
5125,5125,5125,4.541666666666668,2.1548128141218124,2.0938515252671825
5126,5126,5126,4.543333333333333,2.154396147455146,2.094960760790186
5127,5127,5127,4.545,2.1543609563358967,2.09454409412352
5128,5128,5128,4.546666666666667,2.15394428966923,2.0941274274568524
5129,5129,5129,4.548333333333334,2.154672049644816,2.094092236337604
5130,5130,5130,4.550000000000001,2.154255382978149,2.093294094123519
5131,5131,5131,4.551666666666668,2.1530757652166472,2.0928774274568527
5132,5132,5132,4.553333333333335,2.1526590985499805,2.092842236337603
5133,5133,5133,4.555,2.152623907430732,2.092044094123519
5134,5134,5134,4.556666666666667,2.1529701918588997,2.0901015252671837
5135,5135,5135,4.558333333333334,2.1514090985499807,2.0893033830530987
5136,5136,5136,4.5600000000000005,2.150229480788479,2.0892681919338503
5137,5137,5137,4.561666666666667,2.149431338574395,2.089995951909435
5138,5138,5138,4.563333333333334,2.1493961474551457,2.0895792852427686
5139,5139,5139,4.565000000000001,2.150123907430732,2.0887811430286853
5140,5140,5140,4.566666666666666,2.1493257652166475,2.0883644763620186
5141,5141,5141,4.568333333333333,2.150053525192233,2.089092236337604
5142,5142,5142,4.57,2.1503998096204016,2.0894385207657717
5143,5143,5143,4.571666666666667,2.149983142953735,2.088640378551688
5144,5144,5144,4.573333333333334,2.148422049644816,2.0874607607901856
5145,5145,5145,4.575000000000001,2.147242431883314,2.0862811430286845
5146,5146,5146,4.576666666666668,2.147207240764065,2.0870089030042696
5147,5147,5147,4.578333333333333,2.1483164762870683,2.0865922363376037
5148,5148,5148,4.58,2.1478998096204016,2.08579409412352
5149,5149,5149,4.581666666666667,2.1490090451434045,2.0861403785516868
5150,5150,5150,4.583333333333334,2.14973680511899,2.0853422363376035
5151,5151,5151,4.585000000000001,2.1508460406419934,2.0849255696709363
5152,5152,5152,4.586666666666668,2.1523367517124132,2.0841274274568526
5153,5153,5153,4.588333333333335,2.152301560593164,2.083710760790185
5154,5154,5154,4.59,2.15150341837908,2.0836755696709366
5155,5155,5155,4.591666666666667,2.151086751712413,2.082877427456853
5156,5156,5156,4.593333333333334,2.1502886094983293,2.082842236337603
5157,5157,5157,4.595000000000001,2.1498719428316626,2.082425569670937
5158,5158,5158,4.596666666666668,2.1498367517124133,2.0823903785516866
5159,5159,5159,4.5983333333333345,2.149038609498329,2.081592236337604
5160,5160,5160,4.600000000000001,2.1486219428316624,2.0807940941235192
5161,5161,5161,4.601666666666668,2.1482052761649957,2.0811403785516878
5162,5162,5162,4.603333333333332,2.1485515605931638,2.081486662979855
5163,5163,5163,4.605,2.148134893926497,2.0806885207657717
5164,5164,5164,4.606666666666667,2.1461923250701616,2.0795089030042697
5165,5165,5165,4.608333333333334,2.145394182856077,2.079092236337603
5166,5166,5166,4.610000000000001,2.1465034183790794,2.0790570452183537
5167,5167,5167,4.611666666666666,2.1453238006175783,2.079021854099105
5168,5168,5168,4.613333333333333,2.144907133950912,2.078605187432438
5169,5169,5169,4.615,2.1448719428316627,2.078188520765772
5170,5170,5170,4.616666666666667,2.144073800617578,2.0785348051939394
5171,5171,5171,4.618333333333334,2.142894182856077,2.077736662979855
5172,5172,5172,4.620000000000001,2.1424775161894103,2.0765570452183537
5173,5173,5173,4.621666666666668,2.142823800617578,2.07575890300427
5174,5174,5174,4.623333333333333,2.142407133950912,2.0749607607901863
5175,5175,5175,4.625,2.1416089917368284,2.0741626185761017
5176,5176,5176,4.626666666666667,2.1400478984279094,2.0745089030042703
5177,5177,5177,4.628333333333334,2.1400127073086597,2.0756181385272727
5178,5178,5178,4.630000000000001,2.1399775161894103,2.0759644229554413
5179,5179,5179,4.631666666666668,2.139942325070161,2.0744033296465223
5180,5180,5180,4.633333333333335,2.1395256584034947,2.0732237118850207
5181,5181,5181,4.635,2.1383460406419936,2.073188520765772
5182,5182,5182,4.636666666666667,2.1386923250701617,2.0723903785516877
5183,5183,5183,4.638333333333334,2.1386571339509115,2.071592236337604
5184,5184,5184,4.640000000000001,2.13900341837908,2.070031143028685
5185,5185,5185,4.6416666666666675,2.1385867517124133,2.0699959519094357
5186,5186,5186,4.643333333333334,2.1374071339509118,2.0707237118850204
5187,5187,5187,4.645000000000001,2.136608991736828,2.0710699963131884
5188,5188,5188,4.646666666666668,2.1365738006175783,2.070271854099105
5189,5189,5189,4.648333333333332,2.135775658403495,2.0702366629798554
5190,5190,5190,4.65,2.1361219428316627,2.069438520765772
5191,5191,5191,4.651666666666667,2.135705276164996,2.069403329646522
5192,5192,5192,4.653333333333334,2.134907133950912,2.0686051874324383
5193,5193,5193,4.655000000000001,2.1348719428316625,2.0678070452183537
5194,5194,5194,4.656666666666668,2.134073800617578,2.0681533296465213
5195,5195,5195,4.658333333333333,2.133275658403495,2.0684996140746907
5196,5196,5196,4.66,2.1332404672842453,2.068082947408024
5197,5197,5197,4.661666666666667,2.1324423250701616,2.069192182931027
5198,5198,5198,4.663333333333334,2.131644182856077,2.0703014184540294
5199,5199,5199,4.665000000000001,2.1312275161894103,2.0714106539770327
5200,5200,5200,4.666666666666668,2.131955276164996,2.072519889500035
5201,5201,5201,4.668333333333333,2.1323015605931643,2.072866173928204
5202,5202,5202,4.67,2.1318848939264976,2.07206803171412
5203,5203,5203,4.671666666666667,2.1318497028072487,2.0712698895000354
5204,5204,5204,4.673333333333334,2.1325774627828333,2.070853222833369
5205,5205,5205,4.675000000000001,2.1310163694739157,2.070436556166702
5206,5206,5206,4.676666666666668,2.130981178354666,2.070019889500036
5207,5207,5207,4.678333333333335,2.131327462782833,2.0696032228333685
5208,5208,5208,4.68,2.1297663694739155,2.0691865561667018
5209,5209,5209,4.681666666666667,2.1293497028072492,2.068769889500036
5210,5210,5210,4.683333333333334,2.1285515605931637,2.069116173928204
5211,5211,5211,4.6850000000000005,2.1292793205687497,2.0683180317141203
5212,5212,5212,4.686666666666667,2.1296256049969178,2.0671384139526183
5213,5213,5213,4.688333333333334,2.129590413877668,2.066340271738534
5214,5214,5214,4.690000000000001,2.1291737472110013,2.0670680317141192
5215,5215,5215,4.691666666666666,2.128757080544335,2.065888413952618
5216,5216,5216,4.693333333333333,2.1294848405199214,2.065471747285951
5217,5217,5217,4.695,2.12830522275842,2.0650550806192847
5218,5218,5218,4.696666666666667,2.128651507186588,2.064638413952617
5219,5219,5219,4.698333333333334,2.127853364972504,2.0638402717385342
5220,5220,5220,4.700000000000001,2.1266737472110013,2.06304212952445
5221,5221,5221,4.701666666666668,2.1262570805443346,2.0630069384052003
5222,5222,5222,4.703333333333333,2.1258404138776683,2.0629717472859515
5223,5223,5223,4.705,2.1254237472110016,2.062173605071868
5224,5224,5224,4.706666666666667,2.1242441294495,2.0606125117629484
5225,5225,5225,4.708333333333334,2.1238274627828333,2.0605773206436995
5226,5226,5226,4.710000000000001,2.124936698305837,2.0605421295244497
5227,5227,5227,4.711666666666668,2.1245200316391704,2.0608884139526173
5228,5228,5228,4.713333333333335,2.123721889425086,2.0604717472859506
5229,5229,5229,4.715,2.12330522275842,2.0600550806192848
5230,5230,5230,4.716666666666667,2.123651507186588,2.0596384139526176
5231,5231,5231,4.718333333333334,2.1236163160673387,2.0596032228333687
5232,5232,5232,4.720000000000001,2.1239626004955072,2.059949507261537
5233,5233,5233,4.721666666666668,2.123164458281422,2.060295791689705
5234,5234,5234,4.7233333333333345,2.121603364972504,2.0587346983807864
5235,5235,5235,4.725000000000001,2.1208052227584195,2.058318031714119
5236,5236,5236,4.726666666666668,2.1203885560917533,2.057901365047453
5237,5237,5237,4.728333333333332,2.1207348405199213,2.057866173928204
5238,5238,5238,4.73,2.120699649400672,2.0578309828089543
5239,5239,5239,4.731666666666667,2.1206644582814227,2.057414316142288
5240,5240,5240,4.733333333333334,2.120629267162174,2.056997649475621
5241,5241,5241,4.735000000000001,2.119831124948089,2.0577254094512067
5242,5242,5242,4.736666666666666,2.1182700316391707,2.056164316142288
5243,5243,5243,4.738333333333333,2.117853364972504,2.0561291250230385
5244,5244,5244,4.74,2.1174366983058373,2.0557124583563717
5245,5245,5245,4.741666666666667,2.116638556091753,2.054914316142288
5246,5246,5246,4.743333333333334,2.1166033649725042,2.0544976494756213
5247,5247,5247,4.745000000000001,2.11580522275842,2.0536995072615367
5248,5248,5248,4.746666666666668,2.116151507186588,2.0544272672371227
5249,5249,5249,4.748333333333333,2.116879267162174,2.0551550272127086
5250,5250,5250,4.75,2.116081124948089,2.054356884998624
5251,5251,5251,4.751666666666667,2.1152829827340054,2.0543216938793747
5252,5252,5252,4.753333333333334,2.1148663160673387,2.0542865027601254
5253,5253,5253,4.755000000000001,2.1152126004955067,2.0534883605460417
5254,5254,5254,4.756666666666668,2.1144144582814226,2.0530716938793745
5255,5255,5255,4.758333333333335,2.1124718894250862,2.052273551665291
5256,5256,5256,4.76,2.1124366983058374,2.0518568849986245
5257,5257,5257,4.761666666666667,2.11202003163917,2.05105874278454
5258,5258,5258,4.763333333333334,2.1123663160673387,2.049879125023039
5259,5259,5259,4.765000000000001,2.1111866983058367,2.050606884998624
5260,5260,5260,4.7666666666666675,2.1103885560917535,2.050571693879375
5261,5261,5261,4.768333333333334,2.110734840519921,2.050536502760125
5262,5262,5262,4.770000000000001,2.111081124948089,2.050119836093459
5263,5263,5263,4.771666666666668,2.109901507186588,2.0497031694267926
5264,5264,5264,4.773333333333332,2.1087218894250865,2.0504309294023777
5265,5265,5265,4.775,2.10830522275842,2.049632787188294
5266,5266,5266,4.776666666666667,2.107888556091753,2.0499790716164616
5267,5267,5267,4.778333333333334,2.107090413877668,2.0491809294023784
5268,5268,5268,4.780000000000001,2.1066737472110013,2.048001311640877
5269,5269,5269,4.781666666666668,2.1062570805443346,2.047966120521627
5270,5270,5270,4.783333333333333,2.1058404138776683,2.046786502760126
5271,5271,5271,4.785,2.1050422716635846,2.0463698360934592
5272,5272,5272,4.786666666666667,2.105007080544335,2.0455716938793747
5273,5273,5273,4.788333333333334,2.1053533649725042,2.045155027212708
5274,5274,5274,4.790000000000001,2.105699649400672,2.0462642627357117
5275,5275,5275,4.791666666666668,2.104901507186588,2.045847596069044
5276,5276,5276,4.793333333333335,2.104103364972504,2.0450494538549604
5277,5277,5277,4.795,2.1036866983058373,2.044632787188294
5278,5278,5278,4.796666666666667,2.1040329827340054,2.0449790716164618
5279,5279,5279,4.798333333333334,2.103997791614756,2.0453253560446303
5280,5280,5280,4.800000000000001,2.1035811249480894,2.044908689377963
5281,5281,5281,4.801666666666668,2.1035459338288405,2.0441105471638794
5282,5282,5282,4.803333333333336,2.102747791614756,2.043312404949795
5283,5283,5283,4.805,2.101949649400672,2.042514262735711
5284,5284,5284,4.806666666666667,2.101532982734005,2.04286054716388
5285,5285,5285,4.808333333333334,2.101497791614756,2.0424438804972125
5286,5286,5286,4.8100000000000005,2.1003181738532546,2.042408689377964
5287,5287,5287,4.811666666666667,2.0995200316391704,2.0419920227112964
5288,5288,5288,4.813333333333334,2.0994848405199207,2.0419568315920475
5289,5289,5289,4.815000000000003,2.099831124948089,2.0411586893779634
5290,5290,5290,4.816666666666666,2.1001774093762573,2.0403605471638797
5291,5291,5291,4.818333333333333,2.0997607427095906,2.039943880497213
5292,5292,5292,4.82,2.099344076042924,2.0391457382831284
5293,5293,5293,4.821666666666667,2.0989274093762567,2.0387290716164617
5294,5294,5294,4.823333333333334,2.098892218257008,2.038312404949795
5295,5295,5295,4.825000000000003,2.098094076042924,2.0378957382831286
5296,5296,5296,4.826666666666668,2.0988218360185096,2.0378605471638793
5297,5297,5297,4.828333333333333,2.099168120446678,2.0382068315920474
5298,5298,5298,4.83,2.099132929327429,2.037790164925381
5299,5299,5299,4.831666666666667,2.0983347871133446,2.037373498258714
5300,5300,5300,4.833333333333334,2.098299595994096,2.0365753560446302
5301,5301,5301,4.835000000000001,2.0982644048748456,2.036921640472798
5302,5302,5302,4.836666666666668,2.0970847871133445,2.036123498258714
5303,5303,5303,4.8383333333333365,2.095905169351843,2.034562404949795
5304,5304,5304,4.84,2.095869978232594,2.033764262735711
5305,5305,5305,4.841666666666667,2.0954533115659277,2.03411054716388
5306,5306,5306,4.843333333333334,2.0942736938044257,2.03407535604463
5307,5307,5307,4.845000000000001,2.0942385026851764,2.0332772138305457
5308,5308,5308,4.846666666666668,2.0934403604710923,2.0328605471638794
5309,5309,5309,4.8483333333333345,2.093405169351843,2.0332068315920475
5310,5310,5310,4.850000000000003,2.092607027137759,2.0335531160202156
5311,5311,5311,4.851666666666668,2.0921903604710925,2.0319920227112966
5312,5312,5312,4.853333333333332,2.0913922182570084,2.0308124049497955
5313,5313,5313,4.855,2.090594076042924,2.029632787188293
5314,5314,5314,4.856666666666667,2.0909403604710923,2.0295975960690447
5315,5315,5315,4.858333333333334,2.0905236938044256,2.029180929402377
5316,5316,5316,4.860000000000003,2.089725551590341,2.028382787188294
5317,5317,5317,4.861666666666666,2.0896903604710926,2.028347596069045
5318,5318,5318,4.863333333333333,2.0896551693518437,2.0279309294023777
5319,5319,5319,4.865,2.088857027137759,2.027132787188294
5320,5320,5320,4.866666666666667,2.0899662626607625,2.0270975960690443
5321,5321,5321,4.868333333333334,2.09031254708893,2.027443880497213
5322,5322,5322,4.870000000000003,2.0921847337067683,2.027408689377963
5323,5323,5323,4.871666666666668,2.0932939692297707,2.0269920227112967
5324,5324,5324,4.873333333333333,2.0924958270156866,2.026193880497213
5325,5325,5325,4.875,2.0909347337067685,2.025777213830546
5326,5326,5326,4.876666666666667,2.0901365914926835,2.0261234982587144
5327,5327,5327,4.878333333333334,2.0889569737311824,2.0260883071394646
5328,5328,5328,4.880000000000001,2.08930325815935,2.025671640472797
5329,5329,5329,4.881666666666668,2.090031018134936,2.0252549738061307
5330,5330,5330,4.883333333333336,2.0957179602269482,2.0240753560446296
5331,5331,5331,4.885,2.098734573487038,2.0236586893779642
5332,5332,5332,4.886666666666667,2.102132662294545,2.022860547163879
5333,5333,5333,4.888333333333334,2.102478946722714,2.022443880497213
5334,5334,5334,4.890000000000001,2.1005363778663773,2.0216457382831283
5335,5335,5335,4.8916666666666675,2.0985938090100404,2.0208475960690446
5336,5336,5336,4.893333333333334,2.099321568985627,2.020812404949795
5337,5337,5337,4.895000000000003,2.1008122800560467,2.020777213830546
5338,5338,5338,4.896666666666668,2.10192151557905,2.0211234982587145
5339,5339,5339,4.898333333333332,2.102649275554636,2.02032535604463
5340,5340,5340,4.9,2.1045214621724733,2.0195272138305462
5341,5341,5341,4.901666666666667,2.1083010265273985,2.0187290716164616
5342,5342,5342,4.903333333333334,2.109410262050401,2.0179309294023784
5343,5343,5343,4.905000000000003,2.109756546478569,2.0171327871882934
5344,5344,5344,4.906666666666668,2.1085769287170675,2.017479071616462
5345,5345,5345,4.908333333333333,2.1085417375978186,2.017062404949796
5346,5346,5346,4.91,2.1077435953837345,2.0166457382831284
5347,5347,5347,4.911666666666667,2.1069454531696503,2.0158475960690447
5348,5348,5348,4.913333333333334,2.1061473109555657,2.015812404949795
5349,5349,5349,4.915000000000003,2.106112119836317,2.0153957382831287
5350,5350,5350,4.916666666666668,2.104932502074815,2.0142161205216267
5351,5351,5351,4.9183333333333366,2.1037528843133138,2.0130365027601256
5352,5352,5352,4.92,2.104099168741482,2.0130013116408767
5353,5353,5353,4.921666666666667,2.1033010265273986,2.0125846449742104
5354,5354,5354,4.923333333333334,2.102502884313314,2.011786502760126
5355,5355,5355,4.925000000000001,2.10170474209923,2.0113698360934587
5356,5356,5356,4.926666666666668,2.102432502074815,2.0113346449742098
5357,5357,5357,4.928333333333336,2.102015835408148,2.0109179783075435
5358,5358,5358,4.93,2.1012176931940654,2.0108827871882937
5359,5359,5359,4.931666666666667,2.101182502074815,2.01008464497421
5360,5360,5360,4.933333333333334,2.101528786502984,2.009286502760125
5361,5361,5361,4.9350000000000005,2.1007306442889,2.0069624583563717
5362,5362,5362,4.936666666666667,2.10222135535932,2.006545791689705
5363,5363,5363,4.938333333333334,2.101804688692653,2.0049846983807864
5364,5364,5364,4.940000000000003,2.1013880220259864,2.0038050806192844
5365,5365,5365,4.941666666666666,2.1002084042644853,2.0037698895000355
5366,5366,5366,4.943333333333333,2.0982658354081485,2.004116173928204
5367,5367,5367,4.945,2.097086217646648,2.0040809828089543
5368,5368,5368,4.946666666666667,2.0962880754325632,2.003664316142288
5369,5369,5369,4.948333333333334,2.0958714087658965,2.002484698380786
5370,5370,5370,4.950000000000003,2.095836217646647,2.001305080619284
5371,5371,5371,4.951666666666668,2.096182502074815,1.996310707383609
5372,5372,5372,4.953333333333333,2.0961473109555664,1.992079285242769
5373,5373,5373,4.955,2.0976380220259867,1.9889922897441803
5374,5374,5374,4.956666666666667,2.09722135535932,1.9881941475300964
5375,5375,5375,4.958333333333334,2.0945158354081483,1.988540431958264
5376,5376,5376,4.960000000000001,2.0918103154569776,1.9888867163864317
5377,5377,5377,4.961666666666668,2.090249222148058,1.9888515252671828
5378,5378,5378,4.9633333333333365,2.0902140310288098,1.9876719075056808
5379,5379,5379,4.965,2.0894158888147256,1.9853478631019281
5380,5380,5380,4.966666666666667,2.088236271053224,1.9837867697930092
5381,5381,5381,4.968333333333334,2.0882010799339747,1.9810812498418375
5382,5382,5382,4.970000000000001,2.0889288399095607,1.9764683521535802
5383,5383,5383,4.971666666666668,2.088893648790311,1.9745257832972427
5384,5384,5384,4.9733333333333345,2.0880955065762272,1.972964689988324
5385,5385,5385,4.975000000000003,2.087297364362143,1.9733109744164927
5386,5386,5386,4.976666666666668,2.085736271053224,1.9736572588446608
5387,5387,5387,4.978333333333332,2.08493812883914,1.9732405921779943
5388,5388,5388,4.98,2.084521462172473,1.9739683521535802
5389,5389,5389,4.981666666666667,2.083723319958389,1.974314636581748
5390,5390,5390,4.983333333333334,2.082543702196888,1.9727535432728285
5391,5391,5391,4.985000000000003,2.0825085110776382,1.9723368766061613
5392,5392,5392,4.986666666666666,2.0828547955058068,1.9719202099394952
5393,5393,5393,4.988333333333333,2.0809122266494704,1.970740592177994
5394,5394,5394,4.99,2.0797326088879693,1.9710868766061616
5395,5395,5395,4.991666666666667,2.080078893316137,1.9710516854869131
5396,5396,5396,4.993333333333334,2.0792807511020523,1.971016494367664
5397,5397,5397,4.995000000000003,2.0777196577931343,1.9705998277009968
5398,5398,5398,4.996666666666668,2.0773029911264667,1.9694202099394948
5399,5399,5399,4.998333333333333,2.0784122266494705,1.968622067725412
5400,5400,5400,5.0,2.079139986625056,1.9674424499639096
5401,5401,5401,5.001666666666667,2.078723319958389,1.9662628322024085
5402,5402,5402,5.003333333333334,2.077543702196888,1.966609116630576
5403,5403,5403,5.005000000000001,2.0775085110776383,1.9642850722268228
5404,5404,5404,5.006666666666668,2.0782362710532243,1.964631356654991
5405,5405,5405,5.008333333333336,2.07743812883914,1.9645961655357416
5406,5406,5406,5.01,2.078928839909561,1.9649424499639097
5407,5407,5407,5.011666666666667,2.080801026527398,1.9656702099394951
5408,5408,5408,5.013333333333334,2.0807658354081484,1.9652535432728284
5409,5409,5409,5.015000000000001,2.0788232665518125,1.9648368766061617
5410,5410,5410,5.0166666666666675,2.0757362710532243,1.964420209939495
5411,5411,5411,5.018333333333334,2.0737937021968875,1.962859116630576
5412,5412,5412,5.02,2.0710881822457163,1.9624424499639093
5413,5413,5413,5.021666666666668,2.069145613389381,1.9620257832972432
5414,5414,5414,5.023333333333332,2.0672030445330436,1.9608461655357416
5415,5415,5415,5.025,2.0664049023189603,1.9604294988690751
5416,5416,5416,5.026666666666667,2.066751186747128,1.9615387343920783
5417,5417,5417,5.028333333333334,2.067860422270132,1.963410921009916
5418,5418,5418,5.029999999999999,2.0666808045086293,1.9637572054380843
5419,5419,5419,5.031666666666668,2.0628308579152064,1.962959063224
5420,5420,5420,5.033333333333333,2.058980911321783,1.9625423965573332
5421,5421,5421,5.035,2.0551309647283595,1.9632701565329185
5422,5422,5422,5.036666666666667,2.0520439692297714,1.962853489866252
5423,5423,5423,5.038333333333334,2.050101400373435,1.9616738721047509
5424,5424,5424,5.039999999999999,2.047777355969681,1.9612572054380844
5425,5425,5425,5.041666666666668,2.046597738208179,1.9612220143188344
5426,5426,5426,5.0433333333333366,2.046181071541512,1.9623312498418373
5427,5427,5427,5.045,2.0457644048748462,1.9619145831751712
5428,5428,5428,5.046666666666667,2.045729213755597,1.9607349654136699
5429,5429,5429,5.048333333333334,2.04531254708893,1.9610812498418375
5430,5430,5430,5.050000000000001,2.045277355969681,1.9618090098174232
5431,5431,5431,5.051666666666668,2.044097738208179,1.9621552942455909
5432,5432,5432,5.053333333333336,2.043299595994096,1.9613571520315072
5433,5433,5433,5.055,2.042119978232594,1.960940485364841
5434,5434,5434,5.056666666666667,2.04132183601851,1.9597608676033396
5435,5435,5435,5.058333333333334,2.040905169351843,1.9593442009366728
5436,5436,5436,5.0600000000000005,2.040107027137759,1.9593090098174235
5437,5437,5437,5.061666666666667,2.039308884923675,1.9585108676033391
5438,5438,5438,5.063333333333334,2.0392736938044256,1.9573312498418376
5439,5439,5439,5.0649999999999995,2.0396199782325937,1.9569145831751709
5440,5440,5440,5.066666666666666,2.039966262660762,1.9561164409610872
5441,5441,5441,5.068333333333333,2.0384051693518432,1.954555347652168
5442,5442,5442,5.07,2.0387514537800118,1.9533757298906669
5443,5443,5443,5.071666666666667,2.0387162626607624,1.9525775876765823
5444,5444,5444,5.073333333333334,2.0379181204466783,1.951397969915081
5445,5445,5445,5.074999999999999,2.0371199782325937,1.95021835215358
5446,5446,5446,5.076666666666668,2.0367033115659265,1.9482757832972424
5447,5447,5447,5.078333333333333,2.035523693804426,1.94747764108316
5448,5448,5448,5.08,2.0347255515903417,1.9466794988690752
5449,5449,5449,5.081666666666667,2.0346903604710924,1.9462628322024085
5450,5450,5450,5.083333333333334,2.034655169351843,1.94622764108316
5451,5451,5451,5.085000000000001,2.0342385026851764,1.948862778795832
5452,5452,5452,5.086666666666668,2.032677409376257,1.9507349654136696
5453,5453,5453,5.0883333333333365,2.032642218257008,1.9518442009366723
5454,5454,5454,5.09,2.032607027137759,1.9533349120070929
5455,5455,5455,5.091666666666667,2.0321903604710925,1.9540626719826784
5456,5456,5456,5.093333333333334,2.0313922182570083,1.954790431958264
5457,5457,5457,5.095000000000001,2.0309755515903416,1.953610814196763
5458,5458,5458,5.096666666666668,2.0309403604710923,1.952049720887844
5459,5459,5459,5.0983333333333345,2.030905169351843,1.953540431958264
5460,5460,5460,5.1,2.0297255515903414,1.955794094123519
5461,5461,5461,5.101666666666668,2.03007183601851,1.958429231836192
5462,5462,5462,5.103333333333332,2.029273693804426,1.961064369548865
5463,5463,5463,5.105,2.0292385026851765,1.9629365561667025
5464,5464,5464,5.106666666666667,2.0288218360185097,1.9640457916897047
5465,5465,5465,5.108333333333334,2.0287866448992604,1.9647735516652909
5466,5466,5466,5.109999999999999,2.029132929327429,1.9655013116408768
5467,5467,5467,5.111666666666668,2.0283347871133444,1.964703169426792
5468,5468,5468,5.113333333333333,2.027918120446678,1.9642865027601255
5469,5469,5469,5.115,2.027501453780012,1.9638698360934592
5470,5470,5470,5.116666666666667,2.0270847871133446,1.96383464497421
5471,5471,5471,5.118333333333334,2.027049595994096,1.9641809294023775
5472,5472,5472,5.119999999999999,2.027014404874845,1.9645272138305456
5473,5473,5473,5.121666666666668,2.0269792137555966,1.9644920227112963
5474,5474,5474,5.123333333333333,2.0250366448992607,1.9640753560446305
5475,5475,5475,5.125,2.024619978232594,1.9636586893779635
5476,5476,5476,5.126666666666667,2.0249662626607625,1.9636234982587144
5477,5477,5477,5.128333333333334,2.024549595994096,1.9635883071394644
5478,5478,5478,5.130000000000001,2.024132929327429,1.9646975426624675
5479,5479,5479,5.131666666666668,2.0244792137555967,1.9642808759958008
5480,5480,5480,5.133333333333336,2.023681071541512,1.963482733781717
5481,5481,5481,5.135,2.023645880422264,1.962303116020216
5482,5482,5482,5.136666666666667,2.022847738208179,1.9611234982587145
5483,5483,5483,5.138333333333334,2.0224310715415124,1.9607068315920475
5484,5484,5484,5.140000000000001,2.022777355969681,1.9595272138305457
5485,5485,5485,5.1416666666666675,2.022360689303014,1.9591105471638792
5486,5486,5486,5.143333333333334,2.021181071541512,1.95907535604463
5487,5487,5487,5.145,2.021908831517098,1.9590401649253808
5488,5488,5488,5.146666666666668,2.0211106893030144,1.9590049738061317
5489,5489,5489,5.148333333333332,2.020694022636348,1.958206831592048
5490,5490,5490,5.15,2.0195144048748457,1.9577901649253808
5491,5491,5491,5.151666666666667,2.019479213755597,1.9581364493535491
5492,5492,5492,5.153333333333334,2.018681071541512,1.9577197826868824
5493,5493,5493,5.154999999999999,2.017501453780011,1.9565401649253809
5494,5494,5494,5.156666666666668,2.0178477382081788,1.9565049738061309
5495,5495,5495,5.158333333333333,2.0174310715415125,1.955706831592048
5496,5496,5496,5.16,2.016251453780012,1.9549086893779637
5497,5497,5497,5.161666666666667,2.0162162626607625,1.954873498258714
5498,5498,5498,5.163333333333334,2.015799595994096,1.9548383071394644
5499,5499,5499,5.164999999999999,2.015382929327429,1.9548031160202157
5500,5500,5500,5.166666666666668,2.015347738208179,1.9536234982587142
5501,5501,5501,5.1683333333333366,2.0164569737311817,1.9532068315920472
5502,5502,5502,5.17,2.0171847337067685,1.953553116020216
5503,5503,5503,5.171666666666667,2.0171495425875188,1.9531364493535492
5504,5504,5504,5.173333333333334,2.017114351468269,1.9523383071394644
5505,5505,5505,5.175000000000001,2.0178421114438554,1.9515401649253807
5506,5506,5506,5.176666666666668,2.0189513469668583,1.951504973806131
5507,5507,5507,5.178333333333336,2.018534680300192,1.9507068315920475
5508,5508,5508,5.18,2.0177365380861065,1.9495272138305464
5509,5509,5509,5.181666666666667,2.01731987141944,1.9494920227112968
5510,5510,5510,5.183333333333334,2.016521729205357,1.9483124049497955
5511,5511,5511,5.1850000000000005,2.01610506253869,1.9478957382831288
5512,5512,5512,5.186666666666667,2.0153069203246057,1.9470975960690444
5513,5513,5513,5.188333333333334,2.014508778110522,1.9462994538549605
5514,5514,5514,5.1899999999999995,2.0140921114438552,1.9458827871882936
5515,5515,5515,5.191666666666666,2.013293969229772,1.9447031694267924
5516,5516,5516,5.193333333333333,2.012877302563105,1.9442865027601255
5517,5517,5517,5.195,2.0124606358964385,1.9434883605460416
5518,5518,5518,5.196666666666667,2.0108995425875187,1.9426902183319572
5519,5519,5519,5.198333333333334,2.010482875920852,1.9418920761178733
5520,5520,5520,5.199999999999999,2.0100662092541848,1.9410939339037887
5521,5521,5521,5.201666666666668,2.0107939692297707,1.94105874278454
5522,5522,5522,5.203333333333333,2.0107587781105223,1.9398791250230387
5523,5523,5523,5.205,2.0095791603490203,1.9386995072615367
5524,5524,5524,5.206666666666667,2.009925444777189,1.938664316142288
5525,5525,5525,5.208333333333334,2.009890253657939,1.937866173928204
5526,5526,5526,5.210000000000001,2.009092111443856,1.9378309828089544
5527,5527,5527,5.211666666666668,2.0079124936823534,1.937414316142288
5528,5528,5528,5.2133333333333365,2.008258778110522,1.9366161739282035
5529,5529,5529,5.215,2.008223586991273,1.9361995072615368
5530,5530,5530,5.216666666666667,2.007806920324606,1.935019889500036
5531,5531,5531,5.218333333333334,2.0073902536579387,1.9346032228333692
5532,5532,5532,5.220000000000001,2.00735506253869,1.93456803171412
5533,5533,5533,5.221666666666668,2.0061754447771887,1.9341513650474529
5534,5534,5534,5.2233333333333345,2.005758778110522,1.9333532228333687
5535,5535,5535,5.225,2.0053421114438548,1.932936556166702
5536,5536,5536,5.226666666666668,2.0056883958720237,1.932519889500036
5537,5537,5537,5.228333333333332,2.005653204752773,1.932103222833369
5538,5538,5538,5.23,2.00485506253869,1.9309236050718677
5539,5539,5539,5.231666666666667,2.0036754447771887,1.9305069384052007
5540,5540,5540,5.233333333333334,2.0028773025631046,1.9293273206437
5541,5541,5541,5.234999999999999,2.003223586991272,1.928147702882198
5542,5542,5542,5.236666666666668,2.0024254447771885,1.9277310362155315
5543,5543,5543,5.238333333333333,2.0008643514682696,1.927314369548865
5544,5544,5544,5.24,2.000066209254185,1.926516227334781
5545,5545,5545,5.241666666666667,2.000031018134936,1.9257180851206963
5546,5546,5546,5.243333333333334,1.9996143514682692,1.9256828940014477
5547,5547,5547,5.244999999999999,1.9999606358964384,1.9252662273347807
5548,5548,5548,5.246666666666668,1.999162493682353,1.9252310362155316
5549,5549,5549,5.248333333333333,1.9995087781105223,1.9255773206437001
5550,5550,5550,5.25,1.99985506253869,1.9266865561667024
5551,5551,5551,5.251666666666667,1.9986754447771888,1.9270328405948705
5552,5552,5552,5.253333333333334,1.9978773025631047,1.926616173928204
5553,5553,5553,5.255000000000001,1.9982235869912723,1.9273439339037888
5554,5554,5554,5.256666666666668,1.9978069203246056,1.92883464497421
5555,5555,5555,5.258333333333336,1.9985346803001915,1.9284179783075432
5556,5556,5556,5.26,1.9984994891809424,1.9280013116408767
5557,5557,5557,5.261666666666667,1.9977013469668583,1.9272031694267924
5558,5558,5558,5.263333333333334,1.997284680300192,1.9267865027601256
5559,5559,5559,5.265000000000001,1.9972494891809418,1.9267513116408768
5560,5560,5560,5.2666666666666675,1.9968328225142755,1.9255716938793748
5561,5561,5561,5.268333333333334,1.996034680300192,1.925155027212708
5562,5562,5562,5.27,1.9956180136335249,1.9243568849986241
5563,5563,5563,5.271666666666668,1.9963457736091104,1.92355874278454
5564,5564,5564,5.273333333333332,1.996310582489861,1.9231420761178732
5565,5565,5565,5.275,1.9947494891809419,1.9227254094512067
5566,5566,5566,5.276666666666667,1.99356987141944,1.9215457916897047
5567,5567,5567,5.278333333333334,1.992008778110522,1.920747649475621
5568,5568,5568,5.279999999999999,1.9915921114438555,1.921093933903789
5569,5569,5569,5.281666666666668,1.9911754447771888,1.9214402183319568
5570,5570,5570,5.283333333333333,1.9896143514682696,1.921023551665291
5571,5571,5571,5.285,1.9884347337067685,1.920606884998624
5572,5572,5572,5.286666666666667,1.9883995425875187,1.9205716938793749
5573,5573,5573,5.288333333333334,1.9879828759208518,1.920155027212708
5574,5574,5574,5.289999999999999,1.9875662092541853,1.919356884998624
5575,5575,5575,5.291666666666668,1.9863865914926837,1.9181772672371225
5576,5576,5576,5.2933333333333366,1.9859699248260163,1.918142076117873
5577,5577,5577,5.295,1.9863162092541853,1.9181068849986245
5578,5578,5578,5.296666666666667,1.9858995425875188,1.9176902183319573
5579,5579,5579,5.298333333333334,1.9854828759208518,1.9172735516652908
5580,5580,5580,5.300000000000001,1.9846847337067683,1.916856884998624
5581,5581,5581,5.301666666666668,1.9842680670401016,1.9160587427845401
5582,5582,5582,5.303333333333336,1.984232875920852,1.915260600570456
5583,5583,5583,5.305,1.9826717826119336,1.915225409451207
5584,5584,5584,5.306666666666667,1.981492164850432,1.9151902183319576
5585,5585,5585,5.308333333333334,1.9810754981837648,1.9155365027601257
5586,5586,5586,5.3100000000000005,1.9798958804222635,1.9147383605460413
5587,5587,5587,5.311666666666667,1.9798606893030144,1.9139402183319572
5588,5588,5588,5.313333333333334,1.97906254708893,1.9131420761178728
5589,5589,5589,5.3149999999999995,1.9786458804222635,1.9131068849986241
5590,5590,5590,5.316666666666666,1.9782292137555968,1.9126902183319576
5591,5591,5591,5.318333333333333,1.9778125470889305,1.9118920761178733
5592,5592,5592,5.32,1.977395880422264,1.9107124583563717
5593,5593,5593,5.321666666666667,1.9773606893030145,1.91105874278454
5594,5594,5594,5.323333333333334,1.9769440226363475,1.9110235516652907
5595,5595,5595,5.324999999999999,1.9761458804222636,1.910606884998624
5596,5596,5596,5.326666666666668,1.9753477382081788,1.9101902183319568
5597,5597,5597,5.328333333333333,1.9753125470889303,1.909773551665291
5598,5598,5598,5.33,1.974895880422264,1.9105013116408769
5599,5599,5599,5.331666666666667,1.9737162626607625,1.909321693879375
5600,5600,5600,5.333333333333334,1.9736810715415125,1.9085235516652908
5601,5601,5601,5.335000000000001,1.9732644048748456,1.9084883605460412
5602,5602,5602,5.336666666666668,1.9747551159452668,1.9080716938793747
5603,5603,5603,5.3383333333333365,1.9751014003734348,1.9084179783075432
5604,5604,5604,5.34,1.975447684801603,1.908382787188294
5605,5605,5605,5.341666666666667,1.9761754447771889,1.9072031694267924
5606,5606,5606,5.343333333333334,1.9749958270156869,1.9071679783075437
5607,5607,5607,5.345000000000001,1.973816209254185,1.9071327871882937
5608,5608,5608,5.346666666666668,1.9733995425875184,1.9070975960690444
5609,5609,5609,5.3483333333333345,1.9726014003734351,1.9066809294023777
5610,5610,5610,5.35,1.9729476848016023,1.9066457382831283
5611,5611,5611,5.351666666666668,1.9732939692297715,1.9069920227112969
5612,5612,5612,5.353333333333332,1.9755476313950264,1.9069568315920475
5613,5613,5613,5.355,1.9747494891809418,1.9065401649253808
5614,5614,5614,5.356666666666667,1.9743328225142756,1.9049790716164616
5615,5615,5615,5.358333333333334,1.973534680300192,1.9041809294023777
5616,5616,5616,5.359999999999999,1.9727365380861064,1.9041457382831284
5617,5617,5617,5.361666666666668,1.9723198714194397,1.9041105471638793
5618,5618,5618,5.363333333333333,1.9711402536579392,1.9033124049497956
5619,5619,5619,5.365,1.9695791603490205,1.9025142627357112
5620,5620,5620,5.366666666666667,1.9699254447771888,1.9020975960690445
5621,5621,5621,5.368333333333334,1.9702717292053564,1.9020624049497952
5622,5622,5622,5.369999999999999,1.9702365380861064,1.9020272138305456
5623,5623,5623,5.371666666666668,1.9698198714194397,1.9008475960690443
5624,5624,5624,5.373333333333333,1.9682587781105223,1.9008124049497956
5625,5625,5625,5.375,1.967842111443856,1.9011586893779635
5626,5626,5626,5.376666666666667,1.9670439692297716,1.9007420227112968
5627,5627,5627,5.378333333333334,1.967008778110522,1.9003253560446298
5628,5628,5628,5.380000000000001,1.9669735869912723,1.899527213830546
5629,5629,5629,5.381666666666668,1.9661754447771889,1.8991105471638792
5630,5630,5630,5.383333333333336,1.9657587781105221,1.8990753560446296
5631,5631,5631,5.385,1.9649606358964384,1.8982772138305464
5632,5632,5632,5.386666666666667,1.9653069203246056,1.8967161205216272
5633,5633,5633,5.388333333333334,1.9645087781105224,1.8966809294023776
5634,5634,5634,5.390000000000001,1.9644735869912724,1.8958827871882935
5635,5635,5635,5.3916666666666675,1.9640569203246057,1.895466120521627
5636,5636,5636,5.393333333333334,1.963258778110522,1.8946679783075435
5637,5637,5637,5.395,1.9636050625386896,1.8942513116408768
5638,5638,5638,5.396666666666668,1.962806920324606,1.8942161205216272
5639,5639,5639,5.398333333333332,1.9623902536579392,1.8937994538549603
5640,5640,5640,5.4,1.9619735869912724,1.8937642627357112
5641,5641,5641,5.401666666666667,1.9619383958720231,1.8937290716164616
5642,5642,5642,5.403333333333334,1.9611402536579388,1.8929309294023775
5643,5643,5643,5.404999999999999,1.95957916034902,1.8909883605460411
5644,5644,5644,5.406666666666668,1.9595439692297711,1.88980874278454
5645,5645,5645,5.408333333333333,1.9587458270156866,1.8886291250230387
5646,5646,5646,5.41,1.958710635896438,1.88706803171412
5647,5647,5647,5.411666666666667,1.9590569203246055,1.8870328405948704
5648,5648,5648,5.413333333333334,1.9586402536579388,1.8869976494756209
5649,5649,5649,5.414999999999999,1.9578421114438556,1.8873439339037887
5650,5650,5650,5.416666666666668,1.9578069203246056,1.88730874278454
5651,5651,5651,5.4183333333333366,1.9581532047527728,1.886892076117873
5652,5652,5652,5.42,1.95735506253869,1.8853309828089544
5653,5653,5653,5.421666666666667,1.95731987141944,1.883769889500036
5654,5654,5654,5.423333333333334,1.956903204752773,1.8825902717385343
5655,5655,5655,5.425000000000001,1.9557235869912724,1.88179212952445
5656,5656,5656,5.426666666666668,1.955688395872023,1.8821384139526176
5657,5657,5657,5.428333333333336,1.9556532047527728,1.8817217472859509
5658,5658,5658,5.43,1.9552365380861059,1.881686556166702
5659,5659,5659,5.431666666666667,1.95481987141944,1.881651365047453
5660,5660,5660,5.433333333333334,1.9540217292053568,1.881616173928204
5661,5661,5661,5.4350000000000005,1.9551309647283597,1.8811995072615366
5662,5662,5662,5.436666666666667,1.95509577360911,1.8804013650474531
5663,5663,5663,5.438333333333334,1.9554420580372784,1.880366173928204
5664,5664,5664,5.4399999999999995,1.954643915823194,1.8795680317141197
5665,5665,5665,5.441666666666666,1.9546087247039448,1.878769889500036
5666,5666,5666,5.443333333333333,1.954573533584696,1.8775902717385344
5667,5667,5667,5.445,1.9556827691076988,1.8760291784296157
5668,5668,5668,5.446666666666667,1.9552661024410318,1.8763754628577836
5669,5669,5669,5.448333333333334,1.954849435774365,1.8767217472859508
5670,5670,5670,5.449999999999999,1.9544327691076984,1.8766865561667019
5671,5671,5671,5.451666666666668,1.955160529083284,1.8762698895000356
5672,5672,5672,5.453333333333333,1.955125337964036,1.8750902717385345
5673,5673,5673,5.455,1.9554716223922035,1.8746736050718675
5674,5674,5674,5.456666666666667,1.9550549557255368,1.8742569384052008
5675,5675,5675,5.458333333333334,1.9542568135114524,1.8738402717385343
5676,5676,5676,5.460000000000001,1.9549845734870384,1.8738050806192843
5677,5677,5677,5.461666666666668,1.9553308579152064,1.8733884139526176
5678,5678,5678,5.4633333333333365,1.9545327157011216,1.8729717472859508
5679,5679,5679,5.465,1.9544975245818732,1.8725550806192848
5680,5680,5680,5.466666666666667,1.9540808579152067,1.872519889500036
5681,5681,5681,5.468333333333334,1.9540456667959567,1.8721032228333692
5682,5682,5682,5.470000000000001,1.9540104756767072,1.8716865561667024
5683,5683,5683,5.471666666666668,1.9535938090100404,1.8712698895000357
5684,5684,5684,5.4733333333333345,1.9543215689856268,1.8712346983807864
5685,5685,5685,5.475,1.9546678534137945,1.8711995072615368
5686,5686,5686,5.476666666666668,1.9546326622945456,1.8704013650474527
5687,5687,5687,5.478333333333332,1.9542159956278788,1.8699846983807864
5688,5688,5688,5.48,1.953799328961212,1.8703309828089545
5689,5689,5689,5.481666666666667,1.954908564484215,1.8695328405948703
5690,5690,5690,5.483333333333334,1.9544918978175485,1.8698791250230384
5691,5691,5691,5.484999999999999,1.9540752311508816,1.8683180317141197
5692,5692,5692,5.486666666666668,1.9532770889367976,1.8675198895000356
5693,5693,5693,5.488333333333333,1.9532418978175483,1.867103222833369
5694,5694,5694,5.49,1.9535881822457168,1.86706803171412
5695,5695,5695,5.491666666666667,1.9527900400316325,1.866651365047453
5696,5696,5696,5.493333333333334,1.9527548489123832,1.866616173928204
5697,5697,5697,5.494999999999999,1.9534826088879689,1.8661995072615367
5698,5698,5698,5.496666666666668,1.9538288933161367,1.866164316142288
5699,5699,5699,5.498333333333333,1.9522678000072184,1.866510600570456
5700,5700,5700,5.5,1.9522326088879691,1.8660939339037892
5701,5701,5701,5.501666666666667,1.9518159422213024,1.8664402183319573
5702,5702,5702,5.503333333333334,1.9521622266494705,1.8656420761178731
5703,5703,5703,5.505000000000001,1.9525085110776383,1.8648439339037888
5704,5704,5704,5.506666666666668,1.9513288933161368,1.8648087427845401
5705,5705,5705,5.508333333333336,1.9516751777443049,1.8643920761178727
5706,5706,5706,5.51,1.9520214621724732,1.8643568849986245
5707,5707,5707,5.511666666666667,1.951604795505807,1.8639402183319576
5708,5708,5708,5.513333333333334,1.9508066532917223,1.8635235516652908
5709,5709,5709,5.515000000000001,1.9500085110776384,1.8642513116408768
5710,5710,5710,5.5166666666666675,1.949591844410972,1.864216120521627
5711,5711,5711,5.518333333333334,1.9495566532917223,1.8649438804972125
5712,5712,5712,5.52,1.950284413267308,1.8641457382831284
5713,5713,5713,5.521666666666668,1.949867746600641,1.8644920227112969
5714,5714,5714,5.523333333333332,1.9505955065762275,1.86407535604463
5715,5715,5715,5.525,1.9509417910043951,1.8644216404727976
5716,5716,5716,5.526666666666667,1.9516695509799808,1.8647679249009663
5717,5717,5717,5.528333333333334,1.9508714087658965,1.8643512582343
5718,5718,5718,5.529999999999999,1.9504547420992295,1.8639345915676329
5719,5719,5719,5.531666666666668,1.950038075432563,1.8642808759958005
5720,5720,5720,5.533333333333333,1.950002884313314,1.8642456848765523
5721,5721,5721,5.535,1.94920474209923,1.86459196930472
5722,5722,5722,5.536666666666667,1.9487880754325635,1.8641753026380532
5723,5723,5723,5.538333333333334,1.9483714087658963,1.8633771604239695
5724,5724,5724,5.539999999999999,1.9487176931940648,1.8637234448521376
5725,5725,5725,5.541666666666668,1.9490639776222327,1.864069729280306
5726,5726,5726,5.5433333333333366,1.9486473109555658,1.8636530626136392
5727,5727,5727,5.545,1.9478491687414816,1.8632363959469729
5728,5728,5728,5.546666666666667,1.948576928717068,1.862819729280306
5729,5729,5729,5.548333333333334,1.948160262050401,1.862784538161056
5730,5730,5730,5.550000000000001,1.948125070931152,1.8627493470418068
5731,5731,5731,5.551666666666668,1.9469454531696504,1.8627141559225584
5732,5732,5732,5.553333333333336,1.9465287865029837,1.8626789648033084
5733,5733,5733,5.555,1.9468750709311515,1.8634067247788932
5734,5734,5734,5.556666666666667,1.9464584042644848,1.8637530092070624
5735,5735,5735,5.558333333333334,1.9460417375978185,1.8629548669929783
5736,5736,5736,5.5600000000000005,1.9463880220259864,1.862919675873729
5737,5737,5737,5.561666666666667,1.94597135535932,1.8632659603018968
5738,5738,5738,5.563333333333334,1.9466991153349051,1.863230769182648
5739,5739,5739,5.5649999999999995,1.9470453997630732,1.862814102515981
5740,5740,5740,5.566666666666666,1.9451028309067373,1.8623974358493147
5741,5741,5741,5.568333333333333,1.9458305908823224,1.8615992936352304
5742,5742,5742,5.57,1.9461768753104909,1.8619455780633989
5743,5743,5743,5.571666666666667,1.9461416841912416,1.861528911396732
5744,5744,5744,5.573333333333334,1.9453435419771568,1.8611122447300648
5745,5745,5745,5.574999999999999,1.9445453997630733,1.8618400047056511
5746,5746,5746,5.576666666666668,1.9448916841912416,1.8621862891338188
5747,5747,5747,5.578333333333333,1.9444750175245755,1.861006671372318
5748,5748,5748,5.58,1.9444398264053258,1.8609714802530688
5749,5749,5749,5.581666666666667,1.9447861108334945,1.8601733380389849
5750,5750,5750,5.583333333333334,1.9447509197142447,1.8605196224671523
5751,5751,5751,5.585000000000001,1.9447157285949956,1.8612473824427371
5752,5752,5752,5.586666666666668,1.9450620130231635,1.860449240228654
5753,5753,5753,5.5883333333333365,1.9450268219039144,1.8607955246568215
5754,5754,5754,5.59,1.9453731063320825,1.8607603335375729
5755,5755,5755,5.591666666666667,1.9441934885705807,1.860343666870906
5756,5756,5756,5.593333333333334,1.9433953463564968,1.8599270002042396
5757,5757,5757,5.595000000000001,1.943741630784665,1.8591288579901557
5758,5758,5758,5.596666666666668,1.9444693907602504,1.8587121913234883
5759,5759,5759,5.5983333333333345,1.945197150735836,1.8586770002042392
5760,5760,5760,5.6,1.9443990085217515,1.8582603335375725
5761,5761,5761,5.601666666666668,1.9439823418550848,1.8582251424183232
5762,5762,5762,5.603333333333332,1.9435656751884185,1.8581899512990747
5763,5763,5763,5.605,1.943149008521752,1.8589177112746595
5764,5764,5764,5.606666666666667,1.9427323418550848,1.859263995702828
5765,5765,5765,5.608333333333334,1.9419341996410011,1.858847329036161
5766,5766,5766,5.609999999999999,1.9411360574269168,1.8584306623694944
5767,5767,5767,5.611666666666668,1.9407193907602505,1.8576325201554105
5768,5768,5768,5.613333333333333,1.9406841996410016,1.8579788045835792
5769,5769,5769,5.615,1.940649008521752,1.8571806623694944
5770,5770,5770,5.616666666666667,1.9402323418550849,1.8560010446079929
5771,5771,5771,5.618333333333334,1.9409601018306708,1.855965853488744
5772,5772,5772,5.619999999999999,1.9405434351640043,1.8559306623694944
5773,5773,5773,5.621666666666668,1.9412711951395905,1.8566584223450802
5774,5774,5774,5.623333333333333,1.940854528472924,1.8554788045835795
5775,5775,5775,5.625,1.939674910711422,1.8546806623694947
5776,5776,5776,5.626666666666667,1.9396397195921729,1.8546454712502456
5777,5777,5777,5.628333333333334,1.9399860040203407,1.854228804583579
5778,5778,5778,5.630000000000001,1.9403322884485088,1.854193613464329
5779,5779,5779,5.631666666666668,1.9395341462344249,1.853013995702828
5780,5780,5780,5.633333333333336,1.9387360040203403,1.8514529023939088
5781,5781,5781,5.635,1.939082288448509,1.8521806623694947
5782,5782,5782,5.636666666666667,1.938284146234425,1.8510010446079928
5783,5783,5783,5.638333333333334,1.9374860040203408,1.8505843779413258
5784,5784,5784,5.640000000000001,1.9370693373536743,1.8505491868220767
5785,5785,5785,5.6416666666666675,1.9366526706870075,1.8501325201554104
5786,5786,5786,5.643333333333334,1.9362360040203408,1.850478804583579
5787,5787,5787,5.645,1.9362008129010917,1.850062137916912
5788,5788,5788,5.646666666666668,1.9350211951395904,1.849263995702828
5789,5789,5789,5.648333333333332,1.934223052925506,1.8492288045835792
5790,5790,5790,5.65,1.9338063862588395,1.8488121379169125
5791,5791,5791,5.651666666666667,1.9341526706870076,1.84915842234508
5792,5792,5792,5.653333333333334,1.9325915773780884,1.8483602801309957
5793,5793,5793,5.654999999999999,1.9314119596165868,1.8475621379169125
5794,5794,5794,5.656666666666668,1.9321397195921723,1.8475269467976625
5795,5795,5795,5.658333333333333,1.9317230529255058,1.847110280130996
5796,5796,5796,5.66,1.9305434351640045,1.8470750890117469
5797,5797,5797,5.661666666666667,1.9297452929499204,1.8470398978924976
5798,5798,5798,5.663333333333334,1.928947150735836,1.8473861823206656
5799,5799,5799,5.664999999999999,1.9296749107114215,1.8473509912014168
5800,5800,5800,5.666666666666668,1.9307841462344248,1.8473158000821663
5801,5801,5801,5.6683333333333366,1.9303674795677581,1.8472806089629177
5802,5802,5802,5.67,1.9291878618062568,1.8472454178436688
5803,5803,5803,5.671666666666667,1.9299156217818425,1.8468287511770018
5804,5804,5804,5.673333333333334,1.9302619062100104,1.8456491334154999
5805,5805,5805,5.675000000000001,1.9302267150907608,1.8456139422962512
5806,5806,5806,5.676666666666668,1.9298100484240943,1.8455787511770017
5807,5807,5807,5.678333333333336,1.9297748573048443,1.8466879867000048
5808,5808,5808,5.68,1.9285952395433437,1.84588984448592
5809,5809,5809,5.681666666666667,1.9289415239715115,1.8447102267244195
5810,5810,5810,5.683333333333334,1.9285248573048448,1.8442935600577528
5811,5811,5811,5.6850000000000005,1.9281081906381783,1.8438768933910858
5812,5812,5812,5.686666666666667,1.9273100484240944,1.843078751177002
5813,5813,5813,5.688333333333334,1.9257489551151756,1.8422806089629176
5814,5814,5814,5.6899999999999995,1.925713763995926,1.8407195156539988
5815,5815,5815,5.691666666666666,1.9256785728766768,1.8403028489873323
5816,5816,5816,5.693333333333333,1.9248804306625928,1.8406491334155
5817,5817,5817,5.695,1.9244637639959263,1.8402324667488332
5818,5818,5818,5.696666666666667,1.9236656217818424,1.8394343245347504
5819,5819,5819,5.698333333333334,1.922867479567758,1.8386361823206656
5820,5820,5820,5.699999999999999,1.9220693373536741,1.8389824667488333
5821,5821,5821,5.701666666666668,1.9224156217818418,1.8389472756295844
5822,5822,5822,5.703333333333333,1.9227619062100103,1.8389120845103355
5823,5823,5823,5.705,1.9219637639959264,1.8381139422962516
5824,5824,5824,5.706666666666667,1.9204026706870077,1.8376972756295848
5825,5825,5825,5.708333333333334,1.9199860040203407,1.8376620845103355
5826,5826,5826,5.710000000000001,1.9195693373536742,1.8376268933910858
5827,5827,5827,5.711666666666668,1.9187711951395905,1.8368287511770016
5828,5828,5828,5.7133333333333365,1.9175915773780885,1.836412084510335
5829,5829,5829,5.715,1.9167934351640048,1.8363768933910865
5830,5830,5830,5.716666666666667,1.9159952929499204,1.8359602267244195
5831,5831,5831,5.718333333333334,1.9159601018306711,1.8355435600577528
5832,5832,5832,5.720000000000001,1.9163063862588392,1.8347454178436688
5833,5833,5833,5.721666666666668,1.9166526706870075,1.8347102267244195
5834,5834,5834,5.7233333333333345,1.9143286262832533,1.8342935600577528
5835,5835,5835,5.725,1.9139119596165868,1.8338768933910856
5836,5836,5836,5.726666666666668,1.9131138174025033,1.833078751177002
5837,5837,5837,5.728333333333332,1.911552724093584,1.8322806089629182
5838,5838,5838,5.73,1.9111360574269172,1.8318639422962515
5839,5839,5839,5.731666666666667,1.9107193907602509,1.8314472756295843
5840,5840,5840,5.733333333333334,1.9095397729987489,1.8302676578680837
5841,5841,5841,5.734999999999999,1.909123106332082,1.8294695156539988
5842,5842,5842,5.736666666666668,1.9083249641179985,1.829052848987332
5843,5843,5843,5.738333333333333,1.907145346356497,1.829017657868084
5844,5844,5844,5.74,1.9074916307846648,1.828219515653999
5845,5845,5845,5.741666666666667,1.9070749641179985,1.827039897892497
5846,5846,5846,5.743333333333334,1.907421248546167,1.8262417556784132
5847,5847,5847,5.744999999999999,1.906241630784665,1.8265880401065813
5848,5848,5848,5.746666666666668,1.9073508663076681,1.82693432453475
5849,5849,5849,5.748333333333333,1.9069341996410016,1.8268991334155005
5850,5850,5850,5.75,1.9057545818795003,1.8253380401065815
5851,5851,5851,5.751666666666667,1.9049564396654155,1.8256843245347505
5852,5852,5852,5.753333333333334,1.9037768219039144,1.8260306089629181
5853,5853,5853,5.755000000000001,1.903360155237248,1.8256139422962512
5854,5854,5854,5.756666666666668,1.9033249641179983,1.8259602267244197
5855,5855,5855,5.758333333333336,1.902908297451332,1.8251620845103351
5856,5856,5856,5.76,1.903636057426917,1.8247454178436688
5857,5857,5857,5.761666666666667,1.9032193907602508,1.8247102267244195
5858,5858,5858,5.763333333333334,1.9031841996410013,1.8246750356051704
5859,5859,5859,5.765000000000001,1.9035304840691696,1.8242583689385037
5860,5860,5860,5.7666666666666675,1.902350866307668,1.8234602267244195
5861,5861,5861,5.768333333333334,1.9019341996410013,1.8230435600577528
5862,5862,5862,5.77,1.9018990085217515,1.8230083689385037
5863,5863,5863,5.771666666666668,1.900337915212834,1.823354653366672
5864,5864,5864,5.773333333333332,1.900302724093584,1.8233194622474231
5865,5865,5865,5.775,1.9002675329743348,1.822902795580756
5866,5866,5866,5.776666666666667,1.899850866307668,1.8228676044615064
5867,5867,5867,5.778333333333334,1.8998156751884183,1.822832413342257
5868,5868,5868,5.779999999999999,1.8997804840691692,1.8216527955807558
5869,5869,5869,5.781666666666668,1.8982193907602505,1.8212361289140893
5870,5870,5870,5.783333333333333,1.896658297451332,1.8219638888896752
5871,5871,5871,5.785,1.8962416307846648,1.8215472222230085
5872,5872,5872,5.786666666666667,1.8958249641179985,1.8203676044615065
5873,5873,5873,5.788333333333334,1.89426387080908,1.819187986700005
5874,5874,5874,5.789999999999999,1.8930842530475784,1.8195342711281732
5875,5875,5875,5.791666666666668,1.8922861108334943,1.819880555556341
5876,5876,5876,5.7933333333333366,1.892632395261662,1.8190824133422572
5877,5877,5877,5.795,1.8929786796898305,1.8186657466755909
5878,5878,5878,5.796666666666667,1.8929434885705807,1.8178676044615063
5879,5879,5879,5.798333333333334,1.8925268219039144,1.8178324133422576
5880,5880,5880,5.800000000000001,1.8928731063320818,1.8177972222230083
5881,5881,5881,5.801666666666668,1.8916934885705812,1.8177620311037583
5882,5882,5882,5.803333333333336,1.8908953463564968,1.8177268399845088
5883,5883,5883,5.805,1.890097204142413,1.81769164886526
5884,5884,5884,5.806666666666667,1.890062013023164,1.8184194088408463
5885,5885,5885,5.808333333333334,1.8896453463564968,1.8176212666267615
5886,5886,5886,5.8100000000000005,1.889610155237248,1.81644164886526
5887,5887,5887,5.811666666666667,1.8895749641179984,1.815643506651176
5888,5888,5888,5.813333333333334,1.8895397729987489,1.814845364437092
5889,5889,5889,5.8149999999999995,1.8883601552372475,1.814810173317842
5890,5890,5890,5.816666666666666,1.8883249641179989,1.8136305555563417
5891,5891,5891,5.818333333333333,1.887908297451332,1.8132138888896752
5892,5892,5892,5.82,1.8874916307846648,1.8135601733178424
5893,5893,5893,5.821666666666667,1.8874564396654157,1.8135249821985933
5894,5894,5894,5.823333333333334,1.8878027240935842,1.8134897910793448
5895,5895,5895,5.824999999999999,1.8870045818795005,1.8126916488652598
5896,5896,5896,5.826666666666668,1.8858249641179985,1.8126564577460111
5897,5897,5897,5.828333333333333,1.885408297451332,1.8126212666267616
5898,5898,5898,5.83,1.884610155237248,1.811823124412678
5899,5899,5899,5.831666666666667,1.8845749641179983,1.8114064577460116
5900,5900,5900,5.833333333333334,1.884158297451332,1.8098453644370915
5901,5901,5901,5.835000000000001,1.883741630784665,1.8094286977704253
5902,5902,5902,5.836666666666668,1.8833249641179983,1.8097749821985931
5903,5903,5903,5.8383333333333365,1.882908297451332,1.8093583155319264
5904,5904,5904,5.84,1.8824916307846653,1.8097045999600951
5905,5905,5905,5.841666666666667,1.8828379152128336,1.8092879332934284
5906,5906,5906,5.843333333333334,1.8831841996410013,1.8092527421741795
5907,5907,5907,5.845000000000001,1.8820045818795004,1.8095990266023472
5908,5908,5908,5.846666666666668,1.8815879152128336,1.8091823599356804
5909,5909,5909,5.8483333333333345,1.881552724093584,1.808384217721596
5910,5910,5910,5.85,1.8799916307846651,1.808349026602347
5911,5911,5911,5.851666666666668,1.8795749641179984,1.807932359935681
5912,5912,5912,5.853333333333332,1.879158297451332,1.807515693269014
5913,5913,5913,5.855,1.879123106332082,1.807861977697182
5914,5914,5914,5.856666666666667,1.8790879152128337,1.8078267865779327
5915,5915,5915,5.858333333333334,1.8794341996410011,1.8077915954586836
5916,5916,5916,5.859999999999999,1.879399008521752,1.8077564043394343
5917,5917,5917,5.861666666666668,1.87974529294992,1.8065767865779323
5918,5918,5918,5.863333333333333,1.8800915773780889,1.805397168816431
5919,5919,5919,5.865,1.8792934351640045,1.804980502149764
5920,5920,5920,5.866666666666667,1.8781138174025032,1.8041823599356803
5921,5921,5921,5.868333333333334,1.8773156751884184,1.8037656932690136
5922,5922,5922,5.869999999999999,1.8772804840691693,1.8025860755075127
5923,5923,5923,5.871666666666668,1.8776267684973376,1.801787933293428
5924,5924,5924,5.873333333333337,1.8768286262832532,1.8013712666267614
5925,5925,5925,5.875,1.8760304840691695,1.8020990266023476
5926,5926,5926,5.876666666666667,1.8759952929499204,1.8016823599356808
5927,5927,5927,5.878333333333334,1.8759601018306709,1.802028644363849
5928,5928,5928,5.880000000000001,1.8755434351640043,1.8023749287920168
5929,5929,5929,5.881666666666668,1.873982341855085,1.8015767865779329
5930,5930,5930,5.883333333333336,1.8743286262832533,1.8003971688164306
5931,5931,5931,5.885,1.874674910711422,1.7999805021497643
5932,5932,5932,5.886666666666667,1.874639719592173,1.7991823599356809
5933,5933,5933,5.888333333333334,1.8734601018306711,1.7987656932690141
5934,5934,5934,5.890000000000001,1.8726619596165868,1.799111977697182
5935,5935,5935,5.8916666666666675,1.8741526706870075,1.7986953110305153
5936,5936,5936,5.893333333333334,1.8737360040203408,1.798660119911266
5937,5937,5937,5.895,1.8729378618062569,1.7978619776971818
5938,5938,5938,5.896666666666668,1.8721397195921727,1.7970638354830977
5939,5939,5939,5.898333333333332,1.871723052925506,1.796265693269014
5940,5940,5940,5.9,1.8713063862588395,1.7962305021497642
5941,5941,5941,5.901666666666667,1.8708897195921723,1.7958138354830977
5942,5942,5942,5.903333333333334,1.870854528472924,1.7965415954586834
5943,5943,5943,5.904999999999999,1.870056386258839,1.796124928792017
5944,5944,5944,5.906666666666668,1.8704026706870072,1.7953267865779323
5945,5945,5945,5.908333333333333,1.8703674795677585,1.7945286443638488
5946,5946,5946,5.91,1.869569337353674,1.794111977697182
5947,5947,5947,5.911666666666667,1.8695341462344248,1.7940767865779328
5948,5948,5948,5.913333333333334,1.868736004020341,1.793660119911266
5949,5949,5949,5.914999999999999,1.8683193373536742,1.793243453244599
5950,5950,5950,5.916666666666668,1.8682841462344248,1.7924453110305152
5951,5951,5951,5.9183333333333366,1.8686304306625927,1.7912656932690136
5952,5952,5952,5.92,1.8682137639959264,1.7912305021497643
5953,5953,5953,5.921666666666667,1.8685600484240945,1.7915767865779328
5954,5954,5954,5.923333333333334,1.8685248573048447,1.7915415954586835
5955,5955,5955,5.925000000000001,1.8677267150907608,1.7907434532445994
5956,5956,5956,5.926666666666668,1.8676915239715115,1.7899453110305152
5957,5957,5957,5.928333333333336,1.8672748573048443,1.789910119911266
5958,5958,5958,5.93,1.867621141733013,1.7891119776971818
5959,5959,5959,5.931666666666667,1.867585950613764,1.787932359935681
5960,5960,5960,5.933333333333334,1.8675507594945149,1.787134217721596
5961,5961,5961,5.9350000000000005,1.8682785194701008,1.7867175510549294
5962,5962,5962,5.936666666666667,1.867861852803434,1.7874453110305153
5963,5963,5963,5.938333333333334,1.8678266616841843,1.787410119911266
5964,5964,5964,5.9399999999999995,1.8674099950175176,1.7869934532445992
5965,5965,5965,5.941666666666666,1.8677562794456863,1.7869582621253504
5966,5966,5966,5.943333333333333,1.8677210883264368,1.7869230710061008
5967,5967,5967,5.945,1.8665414705649348,1.7865064043394343
5968,5968,5968,5.946666666666667,1.866124803898268,1.7857082621253502
5969,5969,5969,5.948333333333334,1.8657081372316011,1.7845286443638486
5970,5970,5970,5.949999999999999,1.8660544216597696,1.784111977697182
5971,5971,5971,5.951666666666668,1.8656377549931031,1.7844582621253502
5972,5972,5972,5.953333333333333,1.865984039421272,1.7840415954586837
5973,5973,5973,5.955,1.8663303238494395,1.7836249287920167
5974,5974,5974,5.956666666666667,1.8659136571827728,1.7832082621253502
5975,5975,5975,5.958333333333334,1.864352563873854,1.7827915954586837
5976,5976,5976,5.960000000000001,1.8639358972071876,1.7823749287920168
5977,5977,5977,5.961666666666668,1.8631377549931032,1.7808138354830974
5978,5978,5978,5.9633333333333365,1.863484039421272,1.7803971688164306
5979,5979,5979,5.965,1.8638303238494396,1.7811249287920168
5980,5980,5980,5.966666666666667,1.8626507060879387,1.7810897376727677
5981,5981,5981,5.968333333333334,1.861852563873854,1.7802915954586835
5982,5982,5982,5.970000000000001,1.8614358972071876,1.7794934532445994
5983,5983,5983,5.971666666666668,1.8610192305405209,1.7798397376727677
5984,5984,5984,5.9733333333333345,1.8613655149686883,1.7801860221009356
5985,5985,5985,5.975,1.8609488483020216,1.7793878798868514
5986,5986,5986,5.976666666666668,1.860913657182773,1.7789712132201851
5987,5987,5987,5.978333333333332,1.860496990516106,1.7785545465535184
5988,5988,5988,5.98,1.8596988483020216,1.7781378798868517
5989,5989,5989,5.981666666666667,1.86004513273019,1.777721213220185
5990,5990,5990,5.983333333333334,1.8592469905161055,1.7773045465535182
5991,5991,5991,5.984999999999999,1.8592117993968564,1.7768878798868517
5992,5992,5992,5.986666666666668,1.8576507060879384,1.7768526887676022
5993,5993,5993,5.988333333333333,1.8576155149686888,1.7771989731957707
5994,5994,5994,5.99,1.857961799396857,1.7767823065291042
5995,5995,5995,5.991666666666667,1.8571636571827723,1.7767471154098546
5996,5996,5996,5.993333333333334,1.8563655149686884,1.775567497648353
5997,5997,5997,5.994999999999999,1.8559488483020217,1.7751508309816864
5998,5998,5998,5.996666666666668,1.8555321816353552,1.7747341643150196
5999,5999,5999,5.998333333333337,1.8554969905161056,1.7750804487431877
