,Unnamed: 0,Unnamed: 0.1,time,discharge_pressure,suction_pressure
2400,2400,2400,0.0,1.6758220798046843,1.6624704356450748
2401,2401,2401,0.0016666666666669272,1.6750591287098495,1.6624704356450748
2402,2402,2402,0.0033333333333338544,1.6750591287098495,1.6624704356450748
2403,2403,2403,0.004999999999999893,1.675440604257267,1.6628519111924924
2404,2404,2404,0.006666666666666821,1.6750591287098495,1.6632333867399098
2405,2405,2405,0.008333333333333748,1.6746776531624321,1.6636148622873272
2406,2406,2406,0.010000000000001563,1.6750591287098495,1.6643778133821618
2407,2407,2407,0.011666666666666714,1.6746776531624321,1.6647592889295797
2408,2408,2408,0.013333333333333641,1.6750591287098495,1.6647592889295797
2409,2409,2409,0.015000000000001457,1.6750591287098495,1.6647592889295797
2410,2410,2410,0.016666666666666607,1.6742961776150147,1.6647592889295797
2411,2411,2411,0.018333333333333535,1.675440604257267,1.6655222400244143
2412,2412,2412,0.020000000000000462,1.6750591287098495,1.666285191119249
2413,2413,2413,0.0216666666666665,1.6746776531624321,1.666285191119249
2414,2414,2414,0.023333333333333428,1.6746776531624321,1.666285191119249
2415,2415,2415,0.025000000000000355,1.6739147020675973,1.6666666666666663
2416,2416,2416,0.026666666666667282,1.6735332265201799,1.6659037155718317
2417,2417,2417,0.02833333333333332,1.6735332265201799,1.6659037155718317
2418,2418,2418,0.03000000000000025,1.6739147020675973,1.667048142214084
2419,2419,2419,0.031666666666667176,1.6742961776150147,1.6674296177615011
2420,2420,2420,0.033333333333333215,1.6739147020675973,1.6678110933089187
2421,2421,2421,0.03500000000000014,1.6731517509727625,1.6674296177615011
2422,2422,2422,0.03666666666666707,1.6731517509727625,1.667048142214084
2423,2423,2423,0.038333333333333997,1.6735332265201799,1.667048142214084
2424,2424,2424,0.040000000000000036,1.6735332265201799,1.6666666666666663
2425,2425,2425,0.04166666666666696,1.6731517509727625,1.666285191119249
2426,2426,2426,0.04333333333333389,1.6735332265201799,1.666285191119249
2427,2427,2427,0.04499999999999993,1.6739147020675973,1.6659037155718317
2428,2428,2428,0.046666666666666856,1.6735332265201799,1.6655222400244143
2429,2429,2429,0.04833333333333378,1.6739147020675973,1.6651407644769969
2430,2430,2430,0.04999999999999982,1.6735332265201799,1.6643778133821618
2431,2431,2431,0.05166666666666675,1.6735332265201799,1.6636148622873272
2432,2432,2432,0.05333333333333368,1.6735332265201799,1.6636148622873272
2433,2433,2433,0.05500000000000149,1.6735332265201799,1.6632333867399098
2434,2434,2434,0.05666666666666664,1.6731517509727625,1.6628519111924924
2435,2435,2435,0.05833333333333357,1.6731517509727625,1.6617074845502402
2436,2436,2436,0.0600000000000005,1.672770275425345,1.6617074845502402
2437,2437,2437,0.061666666666666536,1.672770275425345,1.6605630579079882
2438,2438,2438,0.06333333333333346,1.672770275425345,1.6594186312657355
2439,2439,2439,0.06500000000000039,1.672770275425345,1.6590371557183183
2440,2440,2440,0.06666666666666643,1.6723887998779277,1.658655680170901
2441,2441,2441,0.06833333333333336,1.672770275425345,1.658655680170901
2442,2442,2442,0.07000000000000028,1.6723887998779277,1.6575112535286487
2443,2443,2443,0.07166666666666721,1.672770275425345,1.6563668268863965
2444,2444,2444,0.07333333333333325,1.672770275425345,1.655985351338979
2445,2445,2445,0.07500000000000018,1.672770275425345,1.6556038757915617
2446,2446,2446,0.0766666666666671,1.6731517509727625,1.6556038757915617
2447,2447,2447,0.07833333333333403,1.6731517509727625,1.6552224002441442
2448,2448,2448,0.08000000000000007,1.6735332265201799,1.6548409246967268
2449,2449,2449,0.081666666666667,1.6739147020675973,1.6548409246967268
2450,2450,2450,0.08333333333333393,1.6739147020675973,1.6544594491493094
2451,2451,2451,0.08499999999999996,1.6739147020675973,1.6548409246967268
2452,2452,2452,0.08666666666666689,1.6742961776150147,1.6544594491493094
2453,2453,2453,0.08833333333333382,1.675440604257267,1.6544594491493094
2454,2454,2454,0.08999999999999986,1.675440604257267,1.6544594491493094
2455,2455,2455,0.09166666666666679,1.675440604257267,1.6544594491493094
2456,2456,2456,0.09333333333333371,1.675440604257267,1.6548409246967268
2457,2457,2457,0.09500000000000153,1.6750591287098495,1.6544594491493094
2458,2458,2458,0.09666666666666668,1.6750591287098495,1.6544594491493094
2459,2459,2459,0.0983333333333336,1.6750591287098495,1.6552224002441442
2460,2460,2460,0.10000000000000053,1.6765850308995192,1.6548409246967268
2461,2461,2461,0.10166666666666657,1.6765850308995192,1.6548409246967268
2462,2462,2462,0.1033333333333335,1.6762035553521015,1.6544594491493094
2463,2463,2463,0.10500000000000043,1.6762035553521015,1.654077973601892
2464,2464,2464,0.10666666666666647,1.6765850308995192,1.654077973601892
2465,2465,2465,0.10833333333333339,1.6769665064469366,1.654077973601892
2466,2466,2466,0.11000000000000032,1.6773479819943542,1.654077973601892
2467,2467,2467,0.11166666666666725,1.6777294575417714,1.6544594491493094
2468,2468,2468,0.11333333333333329,1.6781109330891888,1.654077973601892
2469,2469,2469,0.11500000000000021,1.6773479819943542,1.6536964980544746
2470,2470,2470,0.11666666666666714,1.6773479819943542,1.6536964980544746
2471,2471,2471,0.11833333333333318,1.6781109330891888,1.654077973601892
2472,2472,2472,0.1200000000000001,1.6819256885633629,1.6533150225070572
2473,2473,2473,0.12166666666666703,1.689173723964294,1.6529335469596398
2474,2474,2474,0.12333333333333396,1.6964217593652249,1.6536964980544746
2475,2475,2475,0.125,1.7036697947661557,1.6536964980544746
2476,2476,2476,0.12666666666666693,1.7124437323567558,1.6536964980544746
2477,2477,2477,0.12833333333333385,1.7208361943999388,1.654077973601892
2478,2478,2478,0.1299999999999999,1.7269398031586176,1.6536964980544746
2479,2479,2479,0.13166666666666682,1.7296101319905397,1.654077973601892
2480,2480,2480,0.13333333333333375,1.7307545586327917,1.654077973601892
2481,2481,2481,0.13500000000000156,1.7311360341802091,1.654077973601892
2482,2482,2482,0.13666666666666671,1.731898985275044,1.654077973601892
2483,2483,2483,0.13833333333333364,1.731898985275044,1.654077973601892
2484,2484,2484,0.14000000000000146,1.731898985275044,1.6536964980544746
2485,2485,2485,0.1416666666666666,1.7322804608224611,1.6536964980544746
2486,2486,2486,0.14333333333333353,1.7326619363698788,1.654077973601892
2487,2487,2487,0.14500000000000046,1.7322804608224611,1.654077973601892
2488,2488,2488,0.1466666666666665,1.731898985275044,1.6544594491493094
2489,2489,2489,0.14833333333333343,1.731898985275044,1.6544594491493094
2490,2490,2490,0.15000000000000036,1.7311360341802091,1.6544594491493094
2491,2491,2491,0.15166666666666728,1.7311360341802091,1.6548409246967268
2492,2492,2492,0.15333333333333332,1.7315175097276263,1.6548409246967268
2493,2493,2493,0.15500000000000025,1.7315175097276263,1.6548409246967268
2494,2494,2494,0.15666666666666718,1.7315175097276263,1.6552224002441442
2495,2495,2495,0.15833333333333321,1.7315175097276263,1.6556038757915617
2496,2496,2496,0.16000000000000014,1.731898985275044,1.655985351338979
2497,2497,2497,0.16166666666666707,1.731898985275044,1.6563668268863965
2498,2498,2498,0.163333333333334,1.7326619363698788,1.656748302433814
2499,2499,2499,0.16500000000000004,1.7322804608224611,1.656748302433814
2500,2500,2500,0.16666666666666696,1.7326619363698788,1.6571297779812313
2501,2501,2501,0.1683333333333339,1.7334248874647136,1.6575112535286487
2502,2502,2502,0.16999999999999993,1.7349507896543832,1.657892729076066
2503,2503,2503,0.17166666666666686,1.7349507896543832,1.6582742046234835
2504,2504,2504,0.17333333333333378,1.7345693141069658,1.6582742046234835
2505,2505,2505,0.1750000000000016,1.7349507896543832,1.657892729076066
2506,2506,2506,0.17666666666666675,1.7360952162966354,1.6582742046234835
2507,2507,2507,0.17833333333333368,1.7360952162966354,1.658655680170901
2508,2508,2508,0.1800000000000015,1.7360952162966354,1.6594186312657355
2509,2509,2509,0.18166666666666664,1.7364766918440528,1.6598001068131532
2510,2510,2510,0.18333333333333357,1.7360952162966354,1.6598001068131532
2511,2511,2511,0.1850000000000005,1.7360952162966354,1.6598001068131532
2512,2512,2512,0.18666666666666654,1.7364766918440528,1.6598001068131532
2513,2513,2513,0.18833333333333346,1.7368581673914705,1.6605630579079882
2514,2514,2514,0.1900000000000004,1.7368581673914705,1.6605630579079882
2515,2515,2515,0.19166666666666643,1.7368581673914705,1.6609445334554054
2516,2516,2516,0.19333333333333336,1.7372396429388877,1.6613260090028228
2517,2517,2517,0.19500000000000028,1.7376211184863048,1.6613260090028228
2518,2518,2518,0.1966666666666672,1.7376211184863048,1.6609445334554054
2519,2519,2519,0.19833333333333325,1.7380025940337225,1.6620889600976576
2520,2520,2520,0.20000000000000018,1.7372396429388877,1.6666666666666663
2521,2521,2521,0.2016666666666671,1.73838406958114,1.6731517509727625
2522,2522,2522,0.20333333333333403,1.7387655451285573,1.6800183108262765
2523,2523,2523,0.20500000000000007,1.7387655451285573,1.6876478217746245
2524,2524,2524,0.206666666666667,1.7387655451285573,1.69565880827039
2525,2525,2525,0.20833333333333393,1.7391470206759747,1.7032883192187382
2526,2526,2526,0.20999999999999996,1.739528496223392,1.7086289768825818
2527,2527,2527,0.2116666666666669,1.7410543984130618,1.7109178301670864
2528,2528,2528,0.21333333333333382,1.742198825055314,1.7116807812619212
2529,2529,2529,0.21499999999999986,1.7429617761501488,1.7124437323567558
2530,2530,2530,0.21666666666666679,1.7444876783398184,1.7128252079041737
2531,2531,2531,0.2183333333333337,1.7471580071717403,1.7128252079041737
2532,2532,2532,0.22000000000000153,1.7483024338139923,1.7132066834515909
2533,2533,2533,0.22166666666666668,1.7502098115510796,1.7139696345464257
2534,2534,2534,0.2233333333333336,1.7521171892881666,1.7139696345464257
2535,2535,2535,0.22500000000000053,1.7528801403830014,1.7139696345464257
2536,2536,2536,0.22666666666666657,1.7536430914778365,1.7135881589990083
2537,2537,2537,0.2283333333333335,1.7544060425726709,1.7132066834515909
2538,2538,2538,0.23000000000000043,1.7544060425726709,1.7128252079041737
2539,2539,2539,0.23166666666666647,1.755168993667506,1.7128252079041737
2540,2540,2540,0.2333333333333334,1.7555504692149233,1.7124437323567558
2541,2541,2541,0.23500000000000032,1.7559319447623407,1.7128252079041737
2542,2542,2542,0.23666666666666725,1.7563134203097581,1.7124437323567558
2543,2543,2543,0.23833333333333329,1.7578393224994282,1.7124437323567558
2544,2544,2544,0.2400000000000002,1.7582207980468454,1.7128252079041737
2545,2545,2545,0.24166666666666714,1.7586022735942628,1.7128252079041737
2546,2546,2546,0.24333333333333318,1.7593652246890976,1.7132066834515909
2547,2547,2547,0.2450000000000001,1.7589837491416802,1.7132066834515909
2548,2548,2548,0.24666666666666703,1.7593652246890976,1.7132066834515909
2549,2549,2549,0.24833333333333396,1.7601281757839324,1.7143511100938431
2550,2550,2550,0.25,1.7605096513313498,1.7151140611886782
2551,2551,2551,0.2516666666666669,1.7605096513313498,1.7147325856412603
2552,2552,2552,0.25333333333333385,1.7608911268787673,1.7143511100938431
2553,2553,2553,0.2549999999999999,1.7608911268787673,1.7147325856412603
2554,2554,2554,0.2566666666666668,1.7612726024261849,1.7151140611886782
2555,2555,2555,0.25833333333333375,1.7612726024261849,1.7151140611886782
2556,2556,2556,0.26000000000000156,1.7620355535210197,1.7154955367360951
2557,2557,2557,0.2616666666666667,1.762417029068437,1.7154955367360951
2558,2558,2558,0.26333333333333364,1.7631799801632717,1.7154955367360951
2559,2559,2559,0.26500000000000146,1.7635614557106891,1.7154955367360951
2560,2560,2560,0.2666666666666666,1.7635614557106891,1.7158770122835127
2561,2561,2561,0.26833333333333353,1.7639429312581063,1.7166399633783476
2562,2562,2562,0.27000000000000046,1.7647058823529411,1.7170214389257648
2563,2563,2563,0.2716666666666665,1.7647058823529411,1.7174029144731824
2564,2564,2564,0.27333333333333343,1.7647058823529411,1.7174029144731824
2565,2565,2565,0.27500000000000036,1.7647058823529411,1.7174029144731824
2566,2566,2566,0.2766666666666673,1.7643244068055242,1.7177843900205998
2567,2567,2567,0.2783333333333333,1.7639429312581063,1.7174029144731824
2568,2568,2568,0.28000000000000025,1.7643244068055242,1.7177843900205998
2569,2569,2569,0.2816666666666672,1.7647058823529411,1.7181658655680172
2570,2570,2570,0.2833333333333332,1.7650873579003588,1.7181658655680172
2571,2571,2571,0.28500000000000014,1.7658503089951936,1.7185473411154346
2572,2572,2572,0.28666666666666707,1.766231784542611,1.7185473411154346
2573,2573,2573,0.288333333333334,1.766231784542611,1.7189288166628518
2574,2574,2574,0.29000000000000004,1.7666132600900284,1.7193102922102694
2575,2575,2575,0.29166666666666696,1.7673762111848632,1.7200732433051042
2576,2576,2576,0.2933333333333339,1.7673762111848632,1.7212176699473565
2577,2577,2577,0.29499999999999993,1.7673762111848632,1.7215991454947743
2578,2578,2578,0.29666666666666686,1.7673762111848632,1.7235065232318607
2579,2579,2579,0.2983333333333338,1.7673762111848632,1.7250324254215306
2580,2580,2580,0.3000000000000016,1.7677576867322806,1.7257953765163654
2581,2581,2581,0.30166666666666675,1.7673762111848632,1.7277027542534524
2582,2582,2582,0.3033333333333337,1.7666132600900284,1.7292286564431216
2583,2583,2583,0.3050000000000015,1.7666132600900284,1.7299916075379569
2584,2584,2584,0.30666666666666664,1.7658503089951936,1.7311360341802091
2585,2585,2585,0.30833333333333357,1.7654688334477762,1.7311360341802091
2586,2586,2586,0.3100000000000005,1.7658503089951936,1.7315175097276263
2587,2587,2587,0.31166666666666654,1.7658503089951936,1.731898985275044
2588,2588,2588,0.31333333333333346,1.7654688334477762,1.7322804608224611
2589,2589,2589,0.3150000000000004,1.7650873579003588,1.7326619363698788
2590,2590,2590,0.31666666666666643,1.7650873579003588,1.7334248874647136
2591,2591,2591,0.31833333333333336,1.7654688334477762,1.7341878385595484
2592,2592,2592,0.3200000000000003,1.7654688334477762,1.7345693141069658
2593,2593,2593,0.3216666666666672,1.7650873579003588,1.7353322652018006
2594,2594,2594,0.32333333333333325,1.7654688334477762,1.7353322652018006
2595,2595,2595,0.3250000000000002,1.7650873579003588,1.7353322652018006
2596,2596,2596,0.3266666666666671,1.7654688334477762,1.7360952162966354
2597,2597,2597,0.32833333333333403,1.7650873579003588,1.7368581673914705
2598,2598,2598,0.33000000000000007,1.7647058823529411,1.7368581673914705
2599,2599,2599,0.331666666666667,1.7650873579003588,1.7372396429388877
2600,2600,2600,0.3333333333333339,1.7650873579003588,1.7376211184863048
2601,2601,2601,0.33499999999999996,1.7658503089951936,1.7380025940337225
2602,2602,2602,0.3366666666666669,1.766231784542611,1.73838406958114
2603,2603,2603,0.3383333333333338,1.766231784542611,1.7387655451285573
2604,2604,2604,0.33999999999999986,1.766231784542611,1.739528496223392
2605,2605,2605,0.3416666666666668,1.766231784542611,1.7391470206759747
2606,2606,2606,0.3433333333333337,1.7669947356374458,1.7399099717708095
2607,2607,2607,0.3450000000000015,1.7669947356374458,1.7402914473182267
2608,2608,2608,0.3466666666666667,1.7666132600900284,1.7402914473182267
2609,2609,2609,0.3483333333333336,1.7669947356374458,1.7406729228656443
2610,2610,2610,0.35000000000000053,1.7669947356374458,1.7406729228656443
2611,2611,2611,0.35166666666666657,1.7677576867322806,1.7410543984130618
2612,2612,2612,0.3533333333333335,1.7681391622796985,1.7414358739604792
2613,2613,2613,0.3550000000000004,1.7681391622796985,1.7410543984130618
2614,2614,2614,0.35666666666666647,1.7685206378271154,1.7406729228656443
2615,2615,2615,0.3583333333333334,1.7681391622796985,1.7406729228656443
2616,2616,2616,0.3600000000000003,1.7685206378271154,1.7410543984130618
2617,2617,2617,0.36166666666666725,1.7689021133745328,1.7414358739604792
2618,2618,2618,0.3633333333333333,1.7689021133745328,1.7425803006027314
2619,2619,2619,0.3650000000000002,1.7692835889219505,1.7425803006027314
2620,2620,2620,0.36666666666666714,1.7689021133745328,1.7429617761501488
2621,2621,2621,0.3683333333333332,1.7692835889219505,1.7433432516975662
2622,2622,2622,0.3700000000000001,1.7696650644693677,1.7437247272449836
2623,2623,2623,0.37166666666666703,1.7696650644693677,1.7437247272449836
2624,2624,2624,0.37333333333333396,1.7696650644693677,1.744106202792401
2625,2625,2625,0.375,1.7696650644693677,1.744106202792401
2626,2626,2626,0.3766666666666669,1.770046540016785,1.7444876783398184
2627,2627,2627,0.37833333333333385,1.770046540016785,1.7448691538872358
2628,2628,2628,0.3799999999999999,1.770046540016785,1.7456321049820709
2629,2629,2629,0.3816666666666668,1.7696650644693677,1.7452506294346533
2630,2630,2630,0.38333333333333375,1.7696650644693677,1.7452506294346533
2631,2631,2631,0.38500000000000156,1.7696650644693677,1.7452506294346533
2632,2632,2632,0.3866666666666667,1.7696650644693677,1.7448691538872358
2633,2633,2633,0.38833333333333364,1.7696650644693677,1.7448691538872358
2634,2634,2634,0.39000000000000146,1.770046540016785,1.7444876783398184
2635,2635,2635,0.3916666666666666,1.770046540016785,1.7444876783398184
2636,2636,2636,0.39333333333333353,1.770046540016785,1.7444876783398184
2637,2637,2637,0.39500000000000046,1.77080949111162,1.7437247272449836
2638,2638,2638,0.3966666666666665,1.77080949111162,1.7437247272449836
2639,2639,2639,0.39833333333333343,1.7711909666590373,1.744106202792401
2640,2640,2640,0.40000000000000036,1.7715724422064547,1.7444876783398184
2641,2641,2641,0.4016666666666673,1.7719539177538717,1.744106202792401
2642,2642,2642,0.4033333333333333,1.7719539177538717,1.7444876783398184
2643,2643,2643,0.40500000000000025,1.7723353933012895,1.744106202792401
2644,2644,2644,0.4066666666666672,1.7727168688487067,1.744106202792401
2645,2645,2645,0.4083333333333332,1.7727168688487067,1.7437247272449836
2646,2646,2646,0.41000000000000014,1.7730983443961243,1.7433432516975662
2647,2647,2647,0.41166666666666707,1.7738612954909592,1.7437247272449836
2648,2648,2648,0.413333333333334,1.7742427710383766,1.744106202792401
2649,2649,2649,0.41500000000000004,1.7742427710383766,1.7444876783398184
2650,2650,2650,0.41666666666666696,1.774624246585794,1.7448691538872358
2651,2651,2651,0.4183333333333339,1.7753871976806288,1.7448691538872358
2652,2652,2652,0.41999999999999993,1.7750057221332114,1.7448691538872358
2653,2653,2653,0.42166666666666686,1.7750057221332114,1.7452506294346533
2654,2654,2654,0.4233333333333338,1.7761501487754636,1.7452506294346533
2655,2655,2655,0.4250000000000016,1.7765316243228808,1.7452506294346533
2656,2656,2656,0.42666666666666675,1.7769130998702984,1.7452506294346533
2657,2657,2657,0.4283333333333337,1.7769130998702984,1.7452506294346533
2658,2658,2658,0.4300000000000015,1.7776760509651333,1.7456321049820709
2659,2659,2659,0.43166666666666664,1.7776760509651333,1.7456321049820709
2660,2660,2660,0.43333333333333357,1.7776760509651333,1.746013580529488
2661,2661,2661,0.4350000000000005,1.7780575265125511,1.7463950560769057
2662,2662,2662,0.43666666666666654,1.7788204776073857,1.7463950560769057
2663,2663,2663,0.43833333333333346,1.7795834287022203,1.7463950560769057
2664,2664,2664,0.4400000000000004,1.7792019531548031,1.7471580071717403
2665,2665,2665,0.44166666666666643,1.7795834287022203,1.7471580071717403
2666,2666,2666,0.44333333333333336,1.7799649042496375,1.7475394827191577
2667,2667,2667,0.4450000000000003,1.7803463797970551,1.7475394827191577
2668,2668,2668,0.4466666666666672,1.7807278553444723,1.7479209582665751
2669,2669,2669,0.44833333333333325,1.7807278553444723,1.7483024338139923
2670,2670,2670,0.4500000000000002,1.78110933089189,1.74868390936141
2671,2671,2671,0.4516666666666671,1.78110933089189,1.74868390936141
2672,2672,2672,0.45333333333333403,1.78110933089189,1.74868390936141
2673,2673,2673,0.45500000000000007,1.7814908064393074,1.74868390936141
2674,2674,2674,0.456666666666667,1.7814908064393074,1.74868390936141
2675,2675,2675,0.4583333333333339,1.7818722819867248,1.74868390936141
2676,2676,2676,0.45999999999999996,1.7826352330815596,1.7483024338139923
2677,2677,2677,0.4616666666666669,1.7822537575341422,1.74868390936141
2678,2678,2678,0.4633333333333338,1.7826352330815596,1.7490653849088271
2679,2679,2679,0.46499999999999986,1.783016708628977,1.74868390936141
2680,2680,2680,0.4666666666666668,1.783016708628977,1.74868390936141
2681,2681,2681,0.4683333333333337,1.7837796597238118,1.7490653849088271
2682,2682,2682,0.4700000000000015,1.7841611352712292,1.7494468604562448
2683,2683,2683,0.4716666666666667,1.7841611352712292,1.7494468604562448
2684,2684,2684,0.4733333333333336,1.7845426108186466,1.7494468604562448
2685,2685,2685,0.47500000000000053,1.7845426108186466,1.7498283360036622
2686,2686,2686,0.47666666666666657,1.784924086366064,1.7505912870984968
2687,2687,2687,0.4783333333333335,1.7856870374608989,1.7505912870984968
2688,2688,2688,0.4800000000000004,1.7856870374608989,1.7509727626459144
2689,2689,2689,0.48166666666666647,1.7860685130083165,1.7513542381933318
2690,2690,2690,0.4833333333333334,1.7860685130083165,1.7509727626459144
2691,2691,2691,0.4850000000000003,1.7868314641031509,1.7517357137407492
2692,2692,2692,0.48666666666666725,1.7872129396505685,1.7521171892881666
2693,2693,2693,0.4883333333333333,1.7875944151979857,1.7524986648355838
2694,2694,2694,0.4900000000000002,1.7875944151979857,1.7528801403830014
2695,2695,2695,0.49166666666666714,1.7879758907454033,1.7532616159304188
2696,2696,2696,0.4933333333333332,1.7875944151979857,1.7540245670252537
2697,2697,2697,0.4950000000000001,1.7883573662928207,1.7540245670252537
2698,2698,2698,0.49666666666666703,1.788738841840238,1.7544060425726709
2699,2699,2699,0.49833333333333396,1.7891203173876555,1.7547875181200885
2700,2700,2700,0.5,1.7895017929350734,1.7547875181200885
2701,2701,2701,0.5016666666666669,1.7895017929350734,1.755168993667506
2702,2702,2702,0.5033333333333339,1.7895017929350734,1.7555504692149233
2703,2703,2703,0.5049999999999999,1.788738841840238,1.7563134203097581
2704,2704,2704,0.5066666666666668,1.7891203173876555,1.7566948958571755
2705,2705,2705,0.5083333333333337,1.7898832684824904,1.7566948958571755
2706,2706,2706,0.5100000000000016,1.7898832684824904,1.757076371404593
2707,2707,2707,0.5116666666666667,1.7902647440299078,1.7574578469520103
2708,2708,2708,0.5133333333333336,1.7906462195773252,1.7574578469520103
2709,2709,2709,0.5150000000000015,1.7906462195773252,1.7578393224994282
2710,2710,2710,0.5166666666666666,1.7910276951247426,1.7582207980468454
2711,2711,2711,0.5183333333333335,1.7914091706721598,1.7589837491416802
2712,2712,2712,0.5200000000000005,1.7906462195773252,1.7586022735942628
2713,2713,2713,0.5216666666666665,1.7910276951247426,1.7589837491416802
2714,2714,2714,0.5233333333333334,1.7914091706721598,1.7593652246890976
2715,2715,2715,0.5250000000000004,1.7910276951247426,1.7597467002365148
2716,2716,2716,0.5266666666666673,1.7914091706721598,1.7601281757839324
2717,2717,2717,0.5283333333333333,1.7921721217669948,1.7601281757839324
2718,2718,2718,0.5300000000000002,1.7921721217669948,1.7601281757839324
2719,2719,2719,0.5316666666666672,1.7921721217669948,1.7601281757839324
2720,2720,2720,0.5333333333333332,1.7929350728618296,1.7601281757839324
2721,2721,2721,0.5350000000000001,1.7933165484092468,1.7605096513313498
2722,2722,2722,0.5366666666666671,1.7936980239566644,1.7608911268787673
2723,2723,2723,0.538333333333334,1.7936980239566644,1.7608911268787673
2724,2724,2724,0.54,1.7940794995040819,1.761654077973602
2725,2725,2725,0.541666666666667,1.7940794995040819,1.761654077973602
2726,2726,2726,0.5433333333333339,1.7944609750514993,1.761654077973602
2727,2727,2727,0.5449999999999999,1.795223926146334,1.7620355535210197
2728,2728,2728,0.5466666666666669,1.7948424505989171,1.762417029068437
2729,2729,2729,0.5483333333333338,1.795223926146334,1.7627985046158543
2730,2730,2730,0.5500000000000016,1.7944609750514993,1.7627985046158543
2731,2731,2731,0.5516666666666667,1.7944609750514993,1.7631799801632717
2732,2732,2732,0.5533333333333337,1.7940794995040819,1.7635614557106891
2733,2733,2733,0.5550000000000015,1.7940794995040819,1.7635614557106891
2734,2734,2734,0.5566666666666666,1.7936980239566644,1.7639429312581063
2735,2735,2735,0.5583333333333336,1.7936980239566644,1.7643244068055242
2736,2736,2736,0.5600000000000005,1.7936980239566644,1.7639429312581063
2737,2737,2737,0.5616666666666665,1.7933165484092468,1.7631799801632717
2738,2738,2738,0.5633333333333335,1.7936980239566644,1.7627985046158543
2739,2739,2739,0.5650000000000004,1.7933165484092468,1.762417029068437
2740,2740,2740,0.5666666666666664,1.7925535973144122,1.761654077973602
2741,2741,2741,0.5683333333333334,1.7925535973144122,1.7608911268787673
2742,2742,2742,0.5700000000000003,1.7929350728618296,1.7601281757839324
2743,2743,2743,0.5716666666666672,1.7929350728618296,1.7593652246890976
2744,2744,2744,0.5733333333333333,1.7929350728618296,1.7589837491416802
2745,2745,2745,0.5750000000000002,1.7925535973144122,1.7586022735942628
2746,2746,2746,0.5766666666666671,1.7933165484092468,1.7586022735942628
2747,2747,2747,0.578333333333334,1.7933165484092468,1.7578393224994282
2748,2748,2748,0.5800000000000001,1.7929350728618296,1.7574578469520103
2749,2749,2749,0.581666666666667,1.7936980239566644,1.7574578469520103
2750,2750,2750,0.5833333333333339,1.7929350728618296,1.757076371404593
2751,2751,2751,0.585,1.7929350728618296,1.7566948958571755
2752,2752,2752,0.5866666666666669,1.7936980239566644,1.7566948958571755
2753,2753,2753,0.5883333333333338,1.7940794995040819,1.757076371404593
2754,2754,2754,0.5899999999999999,1.7940794995040819,1.757076371404593
2755,2755,2755,0.5916666666666668,1.7944609750514993,1.757076371404593
2756,2756,2756,0.5933333333333337,1.7944609750514993,1.7574578469520103
2757,2757,2757,0.5950000000000015,1.7940794995040819,1.7578393224994282
2758,2758,2758,0.5966666666666667,1.7940794995040819,1.7582207980468454
2759,2759,2759,0.5983333333333336,1.7948424505989171,1.7574578469520103
2760,2760,2760,0.6000000000000005,1.795223926146334,1.7574578469520103
2761,2761,2761,0.6016666666666666,1.795223926146334,1.7578393224994282
2762,2762,2762,0.6033333333333335,1.795986877241169,1.7578393224994282
2763,2763,2763,0.6050000000000004,1.7963683527885863,1.7582207980468454
2764,2764,2764,0.6066666666666665,1.7963683527885863,1.7586022735942628
2765,2765,2765,0.6083333333333334,1.7963683527885863,1.7589837491416802
2766,2766,2766,0.6100000000000003,1.7967498283360035,1.7589837491416802
2767,2767,2767,0.6116666666666672,1.7967498283360035,1.7593652246890976
2768,2768,2768,0.6133333333333333,1.7963683527885863,1.7593652246890976
2769,2769,2769,0.6150000000000002,1.7967498283360035,1.7597467002365148
2770,2770,2770,0.6166666666666671,1.7975127794308383,1.7601281757839324
2771,2771,2771,0.6183333333333341,1.7975127794308383,1.7601281757839324
2772,2772,2772,0.6200000000000001,1.7975127794308383,1.7601281757839324
2773,2773,2773,0.621666666666667,1.797894254978256,1.7605096513313498
2774,2774,2774,0.623333333333334,1.7982757305256734,1.7605096513313498
2775,2775,2775,0.625,1.7982757305256734,1.7608911268787673
2776,2776,2776,0.6266666666666669,1.7982757305256734,1.761654077973602
2777,2777,2777,0.6283333333333339,1.7982757305256734,1.761654077973602
2778,2778,2778,0.6299999999999999,1.7982757305256734,1.7608911268787673
2779,2779,2779,0.6316666666666668,1.7986572060730908,1.7608911268787673
2780,2780,2780,0.6333333333333337,1.7990386816205082,1.7605096513313498
2781,2781,2781,0.6350000000000016,1.7990386816205082,1.7601281757839324
2782,2782,2782,0.6366666666666667,1.7994201571679256,1.7601281757839324
2783,2783,2783,0.6383333333333336,1.7994201571679256,1.7601281757839324
2784,2784,2784,0.6400000000000015,1.7990386816205082,1.7601281757839324
2785,2785,2785,0.6416666666666666,1.7994201571679256,1.7597467002365148
2786,2786,2786,0.6433333333333335,1.799801632715343,1.7601281757839324
2787,2787,2787,0.6450000000000005,1.8001831082627604,1.7593652246890976
2788,2788,2788,0.6466666666666665,1.8009460593575952,1.7589837491416802
2789,2789,2789,0.6483333333333334,1.8009460593575952,1.7589837491416802
2790,2790,2790,0.6500000000000004,1.8005645838101778,1.7589837491416802
2791,2791,2791,0.6516666666666673,1.8009460593575952,1.7597467002365148
2792,2792,2792,0.6533333333333333,1.8009460593575952,1.7593652246890976
2793,2793,2793,0.6550000000000002,1.8001831082627604,1.7593652246890976
2794,2794,2794,0.6566666666666672,1.8001831082627604,1.7597467002365148
2795,2795,2795,0.6583333333333332,1.799801632715343,1.7597467002365148
2796,2796,2796,0.6600000000000001,1.7990386816205082,1.7597467002365148
2797,2797,2797,0.6616666666666671,1.7982757305256734,1.7597467002365148
2798,2798,2798,0.663333333333334,1.797894254978256,1.7593652246890976
2799,2799,2799,0.665,1.7967498283360035,1.7593652246890976
2800,2800,2800,0.666666666666667,1.7967498283360035,1.7593652246890976
2801,2801,2801,0.6683333333333339,1.7967498283360035,1.7597467002365148
2802,2802,2802,0.6699999999999999,1.795986877241169,1.7601281757839324
2803,2803,2803,0.6716666666666669,1.7956054016937515,1.7601281757839324
2804,2804,2804,0.6733333333333338,1.795223926146334,1.7601281757839324
2805,2805,2805,0.6750000000000016,1.7948424505989171,1.7597467002365148
2806,2806,2806,0.6766666666666667,1.7948424505989171,1.7601281757839324
2807,2807,2807,0.6783333333333337,1.7948424505989171,1.7605096513313498
2808,2808,2808,0.6800000000000015,1.795223926146334,1.7605096513313498
2809,2809,2809,0.6816666666666666,1.795223926146334,1.7608911268787673
2810,2810,2810,0.6833333333333336,1.7948424505989171,1.7612726024261849
2811,2811,2811,0.6850000000000005,1.795223926146334,1.761654077973602
2812,2812,2812,0.6866666666666665,1.7948424505989171,1.761654077973602
2813,2813,2813,0.6883333333333335,1.795223926146334,1.7620355535210197
2814,2814,2814,0.6900000000000004,1.7956054016937515,1.7620355535210197
2815,2815,2815,0.6916666666666664,1.795223926146334,1.7620355535210197
2816,2816,2816,0.6933333333333334,1.795986877241169,1.7620355535210197
2817,2817,2817,0.6950000000000003,1.795986877241169,1.7620355535210197
2818,2818,2818,0.6966666666666672,1.7963683527885863,1.762417029068437
2819,2819,2819,0.6983333333333333,1.795986877241169,1.762417029068437
2820,2820,2820,0.7000000000000002,1.7967498283360035,1.762417029068437
2821,2821,2821,0.7016666666666671,1.7971313038834211,1.7627985046158543
2822,2822,2822,0.703333333333334,1.7967498283360035,1.7635614557106891
2823,2823,2823,0.7050000000000001,1.7967498283360035,1.7635614557106891
2824,2824,2824,0.706666666666667,1.7975127794308383,1.7635614557106891
2825,2825,2825,0.7083333333333339,1.7975127794308383,1.7635614557106891
2826,2826,2826,0.71,1.797894254978256,1.7639429312581063
2827,2827,2827,0.7116666666666669,1.797894254978256,1.7643244068055242
2828,2828,2828,0.7133333333333338,1.797894254978256,1.7647058823529411
2829,2829,2829,0.7150000000000016,1.797894254978256,1.7650873579003588
2830,2830,2830,0.7166666666666668,1.7986572060730908,1.7654688334477762
2831,2831,2831,0.7183333333333337,1.7986572060730908,1.7650873579003588
2832,2832,2832,0.7200000000000015,1.7982757305256734,1.7654688334477762
2833,2833,2833,0.7216666666666667,1.7982757305256734,1.7654688334477762
2834,2834,2834,0.7233333333333336,1.7990386816205082,1.7658503089951936
2835,2835,2835,0.7250000000000005,1.7986572060730908,1.7658503089951936
2836,2836,2836,0.7266666666666666,1.7990386816205082,1.766231784542611
2837,2837,2837,0.7283333333333335,1.7994201571679256,1.7666132600900284
2838,2838,2838,0.7300000000000004,1.799801632715343,1.7666132600900284
2839,2839,2839,0.7316666666666665,1.8001831082627604,1.7669947356374458
2840,2840,2840,0.7333333333333334,1.8001831082627604,1.7666132600900284
2841,2841,2841,0.7350000000000003,1.8009460593575952,1.7669947356374458
2842,2842,2842,0.7366666666666672,1.80170901045243,1.7673762111848632
2843,2843,2843,0.7383333333333333,1.802090485999848,1.7673762111848632
2844,2844,2844,0.7400000000000002,1.80170901045243,1.7677576867322806
2845,2845,2845,0.7416666666666671,1.80170901045243,1.7677576867322806
2846,2846,2846,0.7433333333333341,1.8013275349050126,1.7677576867322806
2847,2847,2847,0.7450000000000001,1.80170901045243,1.7677576867322806
2848,2848,2848,0.746666666666667,1.8024719615472649,1.7685206378271154
2849,2849,2849,0.748333333333334,1.8024719615472649,1.7689021133745328
2850,2850,2850,0.75,1.8028534370946825,1.7692835889219505
2851,2851,2851,0.7516666666666669,1.8032349126421001,1.7692835889219505
2852,2852,2852,0.7533333333333339,1.8032349126421001,1.7692835889219505
2853,2853,2853,0.7549999999999999,1.8036163881895169,1.770046540016785
2854,2854,2854,0.7566666666666668,1.8036163881895169,1.770046540016785
2855,2855,2855,0.7583333333333337,1.8036163881895169,1.7704280155642025
2856,2856,2856,0.7600000000000016,1.8039978637369345,1.77080949111162
2857,2857,2857,0.7616666666666667,1.8036163881895169,1.7711909666590373
2858,2858,2858,0.7633333333333336,1.8036163881895169,1.7711909666590373
2859,2859,2859,0.7650000000000015,1.8039978637369345,1.7711909666590373
2860,2860,2860,0.7666666666666666,1.8039978637369345,1.7711909666590373
2861,2861,2861,0.7683333333333335,1.804379339284352,1.7719539177538717
2862,2862,2862,0.7700000000000005,1.804379339284352,1.7719539177538717
2863,2863,2863,0.7716666666666665,1.804760814831769,1.7723353933012895
2864,2864,2864,0.7733333333333334,1.8051422903791867,1.7727168688487067
2865,2865,2865,0.7750000000000004,1.804760814831769,1.7727168688487067
2866,2866,2866,0.7766666666666673,1.8051422903791867,1.7727168688487067
2867,2867,2867,0.7783333333333333,1.805523765926604,1.7727168688487067
2868,2868,2868,0.7800000000000002,1.8062867170214392,1.7730983443961243
2869,2869,2869,0.7816666666666672,1.8066681925688564,1.7734798199435418
2870,2870,2870,0.7833333333333332,1.8062867170214392,1.7734798199435418
2871,2871,2871,0.7850000000000001,1.8062867170214392,1.7738612954909592
2872,2872,2872,0.7866666666666671,1.807049668116273,1.7738612954909592
2873,2873,2873,0.788333333333334,1.8066681925688564,1.7742427710383766
2874,2874,2874,0.79,1.807049668116273,1.774624246585794
2875,2875,2875,0.791666666666667,1.8074311436636912,1.7742427710383766
2876,2876,2876,0.7933333333333339,1.8074311436636912,1.774624246585794
2877,2877,2877,0.7949999999999999,1.8081940947585255,1.7750057221332114
2878,2878,2878,0.7966666666666669,1.8081940947585255,1.7757686732280462
2879,2879,2879,0.7983333333333338,1.8081940947585255,1.7757686732280462
2880,2880,2880,0.8000000000000016,1.8081940947585255,1.7757686732280462
2881,2881,2881,0.8016666666666667,1.8089570458533608,1.7757686732280462
2882,2882,2882,0.8033333333333337,1.8089570458533608,1.7757686732280462
2883,2883,2883,0.8050000000000015,1.8089570458533608,1.7753871976806288
2884,2884,2884,0.8066666666666666,1.809719996948196,1.774624246585794
2885,2885,2885,0.8083333333333336,1.809719996948196,1.7738612954909592
2886,2886,2886,0.8100000000000005,1.810101472495613,1.7730983443961243
2887,2887,2887,0.8116666666666665,1.8104829480430304,1.7711909666590373
2888,2888,2888,0.8133333333333335,1.810101472495613,1.7696650644693677
2889,2889,2889,0.8150000000000004,1.8108644235904483,1.7685206378271154
2890,2890,2890,0.8166666666666664,1.8108644235904483,1.7673762111848632
2891,2891,2891,0.8183333333333334,1.8104829480430304,1.7666132600900284
2892,2892,2892,0.8200000000000003,1.8104829480430304,1.7650873579003588
2893,2893,2893,0.8216666666666672,1.8104829480430304,1.7639429312581063
2894,2894,2894,0.8233333333333333,1.809719996948196,1.7627985046158543
2895,2895,2895,0.8250000000000002,1.809719996948196,1.762417029068437
2896,2896,2896,0.8266666666666671,1.809719996948196,1.762417029068437
2897,2897,2897,0.828333333333334,1.8093385214007784,1.762417029068437
2898,2898,2898,0.8300000000000001,1.8089570458533608,1.762417029068437
2899,2899,2899,0.831666666666667,1.8089570458533608,1.7620355535210197
2900,2900,2900,0.8333333333333339,1.808575570305944,1.7620355535210197
2901,2901,2901,0.835,1.808575570305944,1.7620355535210197
2902,2902,2902,0.8366666666666669,1.8081940947585255,1.7620355535210197
2903,2903,2903,0.8383333333333338,1.8089570458533608,1.7620355535210197
2904,2904,2904,0.8400000000000016,1.8089570458533608,1.7620355535210197
2905,2905,2905,0.8416666666666668,1.808575570305944,1.7620355535210197
2906,2906,2906,0.8433333333333337,1.808575570305944,1.762417029068437
2907,2907,2907,0.8450000000000015,1.8089570458533608,1.762417029068437
2908,2908,2908,0.8466666666666667,1.809719996948196,1.762417029068437
2909,2909,2909,0.8483333333333336,1.809719996948196,1.7627985046158543
2910,2910,2910,0.8500000000000005,1.809719996948196,1.7627985046158543
2911,2911,2911,0.8516666666666666,1.810101472495613,1.7635614557106891
2912,2912,2912,0.8533333333333335,1.8104829480430304,1.7635614557106891
2913,2913,2913,0.8550000000000004,1.8112458991378653,1.7635614557106891
2914,2914,2914,0.8566666666666665,1.8112458991378653,1.7639429312581063
2915,2915,2915,0.8583333333333334,1.8112458991378653,1.7643244068055242
2916,2916,2916,0.8600000000000003,1.8112458991378653,1.7650873579003588
2917,2917,2917,0.8616666666666672,1.8108644235904483,1.7654688334477762
2918,2918,2918,0.8633333333333333,1.8116273746852833,1.7654688334477762
2919,2919,2919,0.8650000000000002,1.8112458991378653,1.7654688334477762
2920,2920,2920,0.8666666666666671,1.8116273746852833,1.7654688334477762
2921,2921,2921,0.8683333333333341,1.8116273746852833,1.766231784542611
2922,2922,2922,0.8700000000000001,1.8120088502327,1.7666132600900284
2923,2923,2923,0.871666666666667,1.8123903257801173,1.7666132600900284
2924,2924,2924,0.873333333333334,1.8116273746852833,1.7669947356374458
2925,2925,2925,0.875,1.8116273746852833,1.7673762111848632
2926,2926,2926,0.8766666666666669,1.8123903257801173,1.7669947356374458
2927,2927,2927,0.8783333333333339,1.8123903257801173,1.7669947356374458
2928,2928,2928,0.8799999999999999,1.812771801327535,1.7673762111848632
2929,2929,2929,0.8816666666666668,1.8135347524223693,1.7673762111848632
2930,2930,2930,0.8833333333333337,1.8139162279697871,1.7673762111848632
2931,2931,2931,0.8850000000000016,1.8142977035172043,1.7673762111848632
2932,2932,2932,0.8866666666666667,1.8142977035172043,1.7677576867322806
2933,2933,2933,0.8883333333333336,1.814679179064622,1.7677576867322806
2934,2934,2934,0.8900000000000015,1.814679179064622,1.7681391622796985
2935,2935,2935,0.8916666666666666,1.8142977035172043,1.7685206378271154
2936,2936,2936,0.8933333333333335,1.81506065461204,1.7685206378271154
2937,2937,2937,0.8950000000000005,1.8158236057068744,1.7685206378271154
2938,2938,2938,0.8966666666666665,1.8158236057068744,1.7685206378271154
2939,2939,2939,0.8983333333333334,1.8158236057068744,1.7685206378271154
2940,2940,2940,0.9000000000000004,1.8154421301594568,1.7685206378271154
2941,2941,2941,0.9016666666666673,1.814679179064622,1.7677576867322806
2942,2942,2942,0.9033333333333333,1.8139162279697871,1.7677576867322806
2943,2943,2943,0.9050000000000002,1.812771801327535,1.7677576867322806
2944,2944,2944,0.9066666666666672,1.8112458991378653,1.7673762111848632
2945,2945,2945,0.9083333333333332,1.809719996948196,1.7669947356374458
2946,2946,2946,0.9100000000000001,1.8078126192111088,1.766231784542611
2947,2947,2947,0.9116666666666671,1.8062867170214392,1.7658503089951936
2948,2948,2948,0.913333333333334,1.804760814831769,1.7658503089951936
2949,2949,2949,0.915,1.804379339284352,1.7654688334477762
2950,2950,2950,0.916666666666667,1.8036163881895169,1.7650873579003588
2951,2951,2951,0.9183333333333339,1.8028534370946825,1.7654688334477762
2952,2952,2952,0.9199999999999999,1.8024719615472649,1.7654688334477762
2953,2953,2953,0.9216666666666669,1.80170901045243,1.7650873579003588
2954,2954,2954,0.9233333333333338,1.802090485999848,1.7650873579003588
2955,2955,2955,0.9250000000000016,1.802090485999848,1.7650873579003588
2956,2956,2956,0.9266666666666667,1.802090485999848,1.7650873579003588
2957,2957,2957,0.9283333333333337,1.80170901045243,1.7654688334477762
2958,2958,2958,0.9300000000000015,1.802090485999848,1.7650873579003588
2959,2959,2959,0.9316666666666666,1.8032349126421001,1.7650873579003588
2960,2960,2960,0.9333333333333336,1.8036163881895169,1.7650873579003588
2961,2961,2961,0.9350000000000005,1.8028534370946825,1.7654688334477762
2962,2962,2962,0.9366666666666665,1.8036163881895169,1.7654688334477762
2963,2963,2963,0.9383333333333335,1.8039978637369345,1.7654688334477762
2964,2964,2964,0.9400000000000004,1.8036163881895169,1.7650873579003588
2965,2965,2965,0.9416666666666664,1.8036163881895169,1.7650873579003588
2966,2966,2966,0.9433333333333334,1.8039978637369345,1.7654688334477762
2967,2967,2967,0.9450000000000003,1.804379339284352,1.7650873579003588
2968,2968,2968,0.9466666666666672,1.804379339284352,1.7658503089951936
2969,2969,2969,0.9483333333333333,1.804379339284352,1.7658503089951936
2970,2970,2970,0.9500000000000002,1.8051422903791867,1.7666132600900284
2971,2971,2971,0.9516666666666671,1.8051422903791867,1.7669947356374458
2972,2972,2972,0.953333333333334,1.804760814831769,1.7666132600900284
2973,2973,2973,0.9550000000000001,1.8051422903791867,1.7666132600900284
2974,2974,2974,0.956666666666667,1.805523765926604,1.7673762111848632
2975,2975,2975,0.9583333333333339,1.8062867170214392,1.7673762111848632
2976,2976,2976,0.96,1.8062867170214392,1.7673762111848632
2977,2977,2977,0.9616666666666669,1.8066681925688564,1.7681391622796985
2978,2978,2978,0.9633333333333338,1.8066681925688564,1.7685206378271154
2979,2979,2979,0.9650000000000016,1.807049668116273,1.7685206378271154
2980,2980,2980,0.9666666666666668,1.8066681925688564,1.7681391622796985
2981,2981,2981,0.9683333333333337,1.8074311436636912,1.7685206378271154
2982,2982,2982,0.9700000000000015,1.8081940947585255,1.7681391622796985
2983,2983,2983,0.9716666666666667,1.8078126192111088,1.7681391622796985
2984,2984,2984,0.9733333333333336,1.8078126192111088,1.7685206378271154
2985,2985,2985,0.9750000000000005,1.8078126192111088,1.7685206378271154
2986,2986,2986,0.9766666666666666,1.808575570305944,1.7689021133745328
2987,2987,2987,0.9783333333333335,1.808575570305944,1.7696650644693677
2988,2988,2988,0.9800000000000004,1.8089570458533608,1.7696650644693677
2989,2989,2989,0.9816666666666665,1.8089570458533608,1.770046540016785
2990,2990,2990,0.9833333333333334,1.8089570458533608,1.770046540016785
2991,2991,2991,0.9850000000000003,1.8093385214007784,1.770046540016785
2992,2992,2992,0.9866666666666672,1.8093385214007784,1.7704280155642025
2993,2993,2993,0.9883333333333333,1.8093385214007784,1.7704280155642025
2994,2994,2994,0.9900000000000002,1.8093385214007784,1.770046540016785
2995,2995,2995,0.9916666666666671,1.809719996948196,1.770046540016785
2996,2996,2996,0.9933333333333341,1.810101472495613,1.770046540016785
2997,2997,2997,0.9950000000000001,1.809719996948196,1.7704280155642025
2998,2998,2998,0.996666666666667,1.809719996948196,1.77080949111162
2999,2999,2999,0.998333333333334,1.809719996948196,1.7704280155642025
3000,3000,3000,1.0,1.810101472495613,1.77080949111162
3001,3001,3001,1.001666666666667,1.810101472495613,1.7711909666590373
3002,3002,3002,1.0033333333333339,1.809719996948196,1.7719539177538717
3003,3003,3003,1.005,1.810101472495613,1.7723353933012895
3004,3004,3004,1.0066666666666668,1.809719996948196,1.7727168688487067
3005,3005,3005,1.0083333333333337,1.810101472495613,1.7723353933012895
3006,3006,3006,1.0100000000000016,1.8108644235904483,1.7734798199435418
3007,3007,3007,1.0116666666666667,1.8104829480430304,1.774624246585794
3008,3008,3008,1.0133333333333336,1.8108644235904483,1.774624246585794
3009,3009,3009,1.0150000000000015,1.8108644235904483,1.7750057221332114
3010,3010,3010,1.0166666666666666,1.8104829480430304,1.7753871976806288
3011,3011,3011,1.0183333333333335,1.8104829480430304,1.7757686732280462
3012,3012,3012,1.0200000000000005,1.8104829480430304,1.7761501487754636
3013,3013,3013,1.0216666666666665,1.810101472495613,1.7761501487754636
3014,3014,3014,1.0233333333333334,1.809719996948196,1.7761501487754636
3015,3015,3015,1.0250000000000004,1.809719996948196,1.7769130998702984
3016,3016,3016,1.0266666666666673,1.8104829480430304,1.7769130998702984
3017,3017,3017,1.0283333333333333,1.8108644235904483,1.7769130998702984
3018,3018,3018,1.0300000000000002,1.8108644235904483,1.7780575265125511
3019,3019,3019,1.0316666666666672,1.8112458991378653,1.7780575265125511
3020,3020,3020,1.0333333333333332,1.8112458991378653,1.7776760509651333
3021,3021,3021,1.0350000000000001,1.8112458991378653,1.7780575265125511
3022,3022,3022,1.036666666666667,1.8112458991378653,1.778439002059968
3023,3023,3023,1.038333333333334,1.8112458991378653,1.7788204776073857
3024,3024,3024,1.04,1.8116273746852833,1.7792019531548031
3025,3025,3025,1.041666666666667,1.8116273746852833,1.7788204776073857
3026,3026,3026,1.043333333333334,1.8120088502327,1.7795834287022203
3027,3027,3027,1.045,1.812771801327535,1.7795834287022203
3028,3028,3028,1.0466666666666669,1.812771801327535,1.7795834287022203
3029,3029,3029,1.0483333333333338,1.812771801327535,1.7799649042496375
3030,3030,3030,1.0500000000000016,1.8131532768749523,1.7803463797970551
3031,3031,3031,1.0516666666666667,1.8139162279697871,1.7807278553444723
3032,3032,3032,1.0533333333333337,1.8142977035172043,1.7807278553444723
3033,3033,3033,1.0550000000000015,1.8142977035172043,1.78110933089189
3034,3034,3034,1.0566666666666666,1.814679179064622,1.7814908064393074
3035,3035,3035,1.0583333333333336,1.814679179064622,1.7814908064393074
3036,3036,3036,1.0600000000000005,1.8142977035172043,1.7818722819867248
3037,3037,3037,1.0616666666666665,1.814679179064622,1.7818722819867248
3038,3038,3038,1.0633333333333335,1.81506065461204,1.7822537575341422
3039,3039,3039,1.0650000000000004,1.81506065461204,1.7826352330815596
3040,3040,3040,1.0666666666666664,1.814679179064622,1.7826352330815596
3041,3041,3041,1.0683333333333334,1.8154421301594568,1.7826352330815596
3042,3042,3042,1.0700000000000003,1.8154421301594568,1.783016708628977
3043,3043,3043,1.0716666666666672,1.8154421301594568,1.7837796597238118
3044,3044,3044,1.0733333333333333,1.8158236057068744,1.7841611352712292
3045,3045,3045,1.0750000000000002,1.816205081254292,1.7837796597238118
3046,3046,3046,1.076666666666667,1.816586556801709,1.7837796597238118
3047,3047,3047,1.078333333333334,1.8169680323491264,1.7837796597238118
3048,3048,3048,1.08,1.817349507896544,1.7841611352712292
3049,3049,3049,1.081666666666667,1.8169680323491264,1.7845426108186466
3050,3050,3050,1.083333333333334,1.8169680323491264,1.7845426108186466
3051,3051,3051,1.085,1.8177309834439608,1.784924086366064
3052,3052,3052,1.086666666666667,1.8181124589913784,1.784924086366064
3053,3053,3053,1.0883333333333338,1.8188754100862128,1.7853055619134814
3054,3054,3054,1.0900000000000016,1.8192568856336309,1.7864499885557337
3055,3055,3055,1.0916666666666668,1.8204013122758829,1.7856870374608989
3056,3056,3056,1.0933333333333337,1.8215457389181355,1.7856870374608989
3057,3057,3057,1.0950000000000015,1.8245975432974744,1.7856870374608989
3058,3058,3058,1.0966666666666667,1.8280308232242315,1.7856870374608989
3059,3059,3059,1.0983333333333336,1.8318455786984047,1.7856870374608989
3060,3060,3060,1.1000000000000005,1.8360418097199969,1.7853055619134814
3061,3061,3061,1.1016666666666666,1.8413824673838408,1.7853055619134814
3062,3062,3062,1.1033333333333335,1.8459601739528493,1.7853055619134814
3063,3063,3063,1.1050000000000004,1.8493934538796064,1.7853055619134814
3064,3064,3064,1.1066666666666665,1.8513008316166928,1.7856870374608989
3065,3065,3065,1.1083333333333334,1.8513008316166928,1.7860685130083165
3066,3066,3066,1.1100000000000003,1.8513008316166928,1.7864499885557337
3067,3067,3067,1.1116666666666672,1.8513008316166928,1.7868314641031509
3068,3068,3068,1.1133333333333333,1.850919356069276,1.7872129396505685
3069,3069,3069,1.1150000000000002,1.8513008316166928,1.7868314641031509
3070,3070,3070,1.1166666666666671,1.8513008316166928,1.7868314641031509
3071,3071,3071,1.118333333333334,1.8516823071641109,1.7872129396505685
3072,3072,3072,1.12,1.8516823071641109,1.7868314641031509
3073,3073,3073,1.121666666666667,1.8513008316166928,1.7872129396505685
3074,3074,3074,1.123333333333334,1.8513008316166928,1.7875944151979857
3075,3075,3075,1.125,1.8505378805218584,1.7875944151979857
3076,3076,3076,1.126666666666667,1.850919356069276,1.7879758907454033
3077,3077,3077,1.1283333333333339,1.8513008316166928,1.7879758907454033
3078,3078,3078,1.13,1.850919356069276,1.7883573662928207
3079,3079,3079,1.1316666666666668,1.8513008316166928,1.788738841840238
3080,3080,3080,1.1333333333333337,1.850919356069276,1.7891203173876555
3081,3081,3081,1.1350000000000016,1.850919356069276,1.7891203173876555
3082,3082,3082,1.1366666666666667,1.8516823071641109,1.7895017929350734
3083,3083,3083,1.1383333333333336,1.8524452582589457,1.7898832684824904
3084,3084,3084,1.1400000000000015,1.8524452582589457,1.7895017929350734
3085,3085,3085,1.1416666666666666,1.8524452582589457,1.7898832684824904
3086,3086,3086,1.1433333333333335,1.8524452582589457,1.7902647440299078
3087,3087,3087,1.1450000000000005,1.852826733806363,1.7902647440299078
3088,3088,3088,1.1466666666666665,1.8532082093537805,1.7906462195773252
3089,3089,3089,1.1483333333333334,1.8539711604486155,1.7906462195773252
3090,3090,3090,1.1500000000000004,1.8539711604486155,1.7906462195773252
3091,3091,3091,1.1516666666666673,1.8547341115434501,1.7914091706721598
3092,3092,3092,1.1533333333333333,1.8551155870908675,1.7910276951247426
3093,3093,3093,1.1550000000000002,1.8547341115434501,1.7910276951247426
3094,3094,3094,1.1566666666666672,1.8543526359960327,1.7917906462195774
3095,3095,3095,1.158333333333334,1.8543526359960327,1.7921721217669948
3096,3096,3096,1.1600000000000001,1.8551155870908675,1.7921721217669948
3097,3097,3097,1.161666666666667,1.8562600137331202,1.7917906462195774
3098,3098,3098,1.163333333333334,1.8566414892805367,1.7921721217669948
3099,3099,3099,1.165,1.8570229648279544,1.7921721217669948
3100,3100,3100,1.166666666666667,1.8570229648279544,1.7925535973144122
3101,3101,3101,1.168333333333334,1.8570229648279544,1.7929350728618296
3102,3102,3102,1.17,1.8570229648279544,1.7933165484092468
3103,3103,3103,1.1716666666666669,1.857404440375372,1.7940794995040819
3104,3104,3104,1.1733333333333338,1.857404440375372,1.7956054016937515
3105,3105,3105,1.1750000000000016,1.857404440375372,1.797894254978256
3106,3106,3106,1.1766666666666667,1.8577859159227887,1.8013275349050126
3107,3107,3107,1.1783333333333337,1.858548867017624,1.804760814831769
3108,3108,3108,1.1800000000000015,1.8589303425650416,1.808575570305944
3109,3109,3109,1.1816666666666666,1.8593118181124588,1.8135347524223693
3110,3110,3110,1.1833333333333336,1.8596932936598765,1.8181124589913784
3111,3111,3111,1.1850000000000005,1.8600747692072936,1.8207827878233005
3112,3112,3112,1.1866666666666665,1.8604562447547115,1.8230716411078047
3113,3113,3113,1.1883333333333335,1.8616006713969635,1.8230716411078047
3114,3114,3114,1.1900000000000004,1.8627450980392157,1.8226901655603875
3115,3115,3115,1.1916666666666664,1.8635080491340503,1.8226901655603875
3116,3116,3116,1.1933333333333334,1.86503395132372,1.82230869001297
3117,3117,3117,1.1950000000000003,1.865796902418555,1.82230869001297
3118,3118,3118,1.1966666666666672,1.8669413290608072,1.8230716411078047
3119,3119,3119,1.1983333333333333,1.8677042801556416,1.8226901655603875
3120,3120,3120,1.2000000000000002,1.86808575570306,1.8226901655603875
3121,3121,3121,1.201666666666667,1.869611657892729,1.8226901655603875
3122,3122,3122,1.203333333333334,1.869611657892729,1.8219272144655527
3123,3123,3123,1.205,1.8699931334401465,1.8215457389181355
3124,3124,3124,1.206666666666667,1.8707560845349809,1.8215457389181355
3125,3125,3125,1.208333333333334,1.8711375600823987,1.8219272144655527
3126,3126,3126,1.21,1.8711375600823987,1.8219272144655527
3127,3127,3127,1.211666666666667,1.8715190356298161,1.8219272144655527
3128,3128,3128,1.2133333333333338,1.8715190356298161,1.821164263370718
3129,3129,3129,1.2150000000000016,1.872281986724651,1.8215457389181355
3130,3130,3130,1.2166666666666668,1.8730449378194856,1.82230869001297
3131,3131,3131,1.2183333333333337,1.8734264133669032,1.8226901655603875
3132,3132,3132,1.2200000000000015,1.8734264133669032,1.8230716411078047
3133,3133,3133,1.2216666666666667,1.8738078889143208,1.8230716411078047
3134,3134,3134,1.2233333333333336,1.8734264133669032,1.8226901655603875
3135,3135,3135,1.2250000000000005,1.8734264133669032,1.8230716411078047
3136,3136,3136,1.2266666666666666,1.874570840009156,1.8234531166552224
3137,3137,3137,1.2283333333333335,1.8741893644617384,1.8238345922026398
3138,3138,3138,1.2300000000000004,1.8749523155565728,1.8238345922026398
3139,3139,3139,1.2316666666666665,1.8753337911039905,1.8245975432974744
3140,3140,3140,1.2333333333333334,1.8753337911039905,1.824979018844892
3141,3141,3141,1.2350000000000003,1.8760967421988248,1.8245975432974744
3142,3142,3142,1.2366666666666672,1.8764782177462425,1.8242160677500567
3143,3143,3143,1.2383333333333333,1.87685969329366,1.8242160677500567
3144,3144,3144,1.2400000000000002,1.8776226443884951,1.824979018844892
3145,3145,3145,1.2416666666666671,1.8776226443884951,1.8257419699397268
3146,3146,3146,1.243333333333334,1.878004119935912,1.826123445487144
3147,3147,3147,1.245,1.878004119935912,1.8265049210345616
3148,3148,3148,1.246666666666667,1.8776226443884951,1.8265049210345616
3149,3149,3149,1.248333333333334,1.8783855954833293,1.826886396581979
3150,3150,3150,1.25,1.8783855954833293,1.8272678721293965
3151,3151,3151,1.251666666666667,1.8787670710307467,1.8276493476768136
3152,3152,3152,1.2533333333333339,1.8791485465781643,1.8272678721293965
3153,3153,3153,1.255,1.8791485465781643,1.8276493476768136
3154,3154,3154,1.2566666666666668,1.8791485465781643,1.8280308232242315
3155,3155,3155,1.2583333333333337,1.8799114976729991,1.8284122987716493
3156,3156,3156,1.2600000000000016,1.880674448767834,1.8291752498664835
3157,3157,3157,1.2616666666666667,1.880674448767834,1.829556725413901
3158,3158,3158,1.2633333333333336,1.881055924315252,1.8299382009613183
3159,3159,3159,1.2650000000000015,1.8814373998626688,1.8303196765087357
3160,3160,3160,1.2666666666666666,1.8814373998626688,1.8303196765087357
3161,3161,3161,1.2683333333333335,1.8818188754100864,1.831464103150988
3162,3162,3162,1.2700000000000005,1.8818188754100864,1.8318455786984047
3163,3163,3163,1.2716666666666665,1.8822003509575043,1.833371480888075
3164,3164,3164,1.2733333333333334,1.882581826504921,1.8341344319829096
3165,3165,3165,1.2750000000000004,1.8829633020523384,1.8348973830777449
3166,3166,3166,1.2766666666666673,1.882581826504921,1.8360418097199969
3167,3167,3167,1.2783333333333333,1.882581826504921,1.836804760814832
3168,3168,3168,1.2800000000000002,1.882581826504921,1.8375677119096667
3169,3169,3169,1.2816666666666672,1.8822003509575043,1.8383306630045009
3170,3170,3170,1.283333333333334,1.882581826504921,1.8390936140993364
3171,3171,3171,1.2850000000000001,1.8829633020523384,1.839475089646753
3172,3172,3172,1.286666666666667,1.8822003509575043,1.839475089646753
3173,3173,3173,1.288333333333334,1.882581826504921,1.8402380407415888
3174,3174,3174,1.29,1.882581826504921,1.8406195162890056
3175,3175,3175,1.291666666666667,1.882581826504921,1.8402380407415888
3176,3176,3176,1.293333333333334,1.8822003509575043,1.8402380407415888
3177,3177,3177,1.295,1.882581826504921,1.841000991836424
3178,3178,3178,1.2966666666666669,1.8829633020523384,1.842145418478676
3179,3179,3179,1.2983333333333338,1.8833447775997558,1.8425268940260928
3180,3180,3180,1.3000000000000016,1.8829633020523384,1.8425268940260928
3181,3181,3181,1.3016666666666667,1.8833447775997558,1.8425268940260928
3182,3182,3182,1.3033333333333337,1.8841077286945904,1.8425268940260928
3183,3183,3183,1.3050000000000015,1.884489204242008,1.8429083695735105
3184,3184,3184,1.3066666666666666,1.8841077286945904,1.8432898451209283
3185,3185,3185,1.3083333333333336,1.8837262531471728,1.8432898451209283
3186,3186,3186,1.3100000000000005,1.884489204242008,1.8440527962157631
3187,3187,3187,1.3116666666666665,1.884489204242008,1.84443427176318
3188,3188,3188,1.3133333333333335,1.8841077286945904,1.8448157473105973
3189,3189,3189,1.3150000000000004,1.884489204242008,1.8448157473105973
3190,3190,3190,1.3166666666666664,1.8852521553368429,1.845197222858015
3191,3191,3191,1.3183333333333334,1.8848706797894248,1.8459601739528493
3192,3192,3192,1.3200000000000003,1.8852521553368429,1.8463416495002671
3193,3193,3193,1.3216666666666672,1.8856336308842605,1.8467231250476843
3194,3194,3194,1.3233333333333333,1.8860151064316777,1.8467231250476843
3195,3195,3195,1.3250000000000002,1.886396581979095,1.8467231250476843
3196,3196,3196,1.326666666666667,1.8867780575265125,1.8467231250476843
3197,3197,3197,1.328333333333334,1.8867780575265125,1.8471046005951015
3198,3198,3198,1.33,1.8867780575265125,1.8471046005951015
3199,3199,3199,1.331666666666667,1.8867780575265125,1.84748607614252
3200,3200,3200,1.333333333333334,1.8867780575265125,1.8471046005951015
3201,3201,3201,1.335,1.8875410086213475,1.8478675516899368
3202,3202,3202,1.336666666666667,1.8867780575265125,1.8478675516899368
3203,3203,3203,1.3383333333333338,1.88715953307393,1.8486305027847718
3204,3204,3204,1.3400000000000016,1.8875410086213475,1.8493934538796064
3205,3205,3205,1.3416666666666668,1.8875410086213475,1.849011978332189
3206,3206,3206,1.3433333333333337,1.8879224841687647,1.849774929427024
3207,3207,3207,1.3450000000000015,1.8879224841687647,1.8501564049744408
3208,3208,3208,1.3466666666666667,1.8879224841687647,1.8505378805218584
3209,3209,3209,1.3483333333333336,1.8879224841687647,1.850919356069276
3210,3210,3210,1.3500000000000005,1.88715953307393,1.850919356069276
3211,3211,3211,1.3516666666666666,1.8875410086213475,1.8513008316166928
3212,3212,3212,1.3533333333333335,1.8883039597161817,1.8516823071641109
3213,3213,3213,1.3550000000000004,1.8886854352636,1.8520637827115285
3214,3214,3214,1.3566666666666665,1.8886854352636,1.8520637827115285
3215,3215,3215,1.3583333333333334,1.889066910811017,1.8520637827115285
3216,3216,3216,1.3600000000000003,1.8898298619058516,1.8520637827115285
3217,3217,3217,1.3616666666666672,1.8898298619058516,1.8516823071641109
3218,3218,3218,1.3633333333333333,1.8902113374532687,1.8520637827115285
3219,3219,3219,1.3650000000000002,1.8898298619058516,1.8520637827115285
3220,3220,3220,1.3666666666666671,1.8898298619058516,1.8516823071641109
3221,3221,3221,1.368333333333334,1.8902113374532687,1.8516823071641109
3222,3222,3222,1.37,1.8902113374532687,1.8516823071641109
3223,3223,3223,1.371666666666667,1.8905928130006864,1.8516823071641109
3224,3224,3224,1.373333333333334,1.8902113374532687,1.8513008316166928
3225,3225,3225,1.375,1.8902113374532687,1.8516823071641109
3226,3226,3226,1.3766666666666678,1.890974288548104,1.8520637827115285
3227,3227,3227,1.3783333333333339,1.8917372396429388,1.8520637827115285
3228,3228,3228,1.3800000000000008,1.892118715190356,1.8520637827115285
3229,3229,3229,1.3816666666666677,1.8925001907377736,1.8516823071641109
3230,3230,3230,1.3833333333333337,1.8928816662851908,1.8524452582589457
3231,3231,3231,1.3850000000000025,1.8932631418326085,1.8532082093537805
3232,3232,3232,1.3866666666666676,1.8936446173800257,1.852826733806363
3233,3233,3233,1.3883333333333336,1.8932631418326085,1.8524452582589457
3234,3234,3234,1.3900000000000015,1.8936446173800257,1.8532082093537805
3235,3235,3235,1.3916666666666684,1.8932631418326085,1.8532082093537805
3236,3236,3236,1.3933333333333335,1.8928816662851908,1.8532082093537805
3237,3237,3237,1.3950000000000005,1.8932631418326085,1.8532082093537805
3238,3238,3238,1.3966666666666674,1.8940260929274435,1.853589684901198
3239,3239,3239,1.3983333333333325,1.8936446173800257,1.853589684901198
3240,3240,3240,1.4000000000000004,1.8940260929274435,1.853589684901198
3241,3241,3241,1.4016666666666673,1.894789044022278,1.8539711604486155
3242,3242,3242,1.4033333333333324,1.8944075684748607,1.8539711604486155
3243,3243,3243,1.4050000000000002,1.8951705195696955,1.8543526359960327
3244,3244,3244,1.4066666666666672,1.8951705195696955,1.8547341115434501
3245,3245,3245,1.408333333333334,1.895551995117113,1.8551155870908675
3246,3246,3246,1.4100000000000001,1.895551995117113,1.855497062638285
3247,3247,3247,1.411666666666667,1.895551995117113,1.855497062638285
3248,3248,3248,1.413333333333334,1.8963149462119482,1.8551155870908675
3249,3249,3249,1.415,1.8970778973067823,1.8558785381857024
3250,3250,3250,1.4166666666666679,1.8966964217593647,1.8558785381857024
3251,3251,3251,1.418333333333334,1.8970778973067823,1.8558785381857024
3252,3252,3252,1.42,1.8963149462119482,1.8566414892805367
3253,3253,3253,1.4216666666666677,1.8970778973067823,1.8566414892805367
3254,3254,3254,1.4233333333333338,1.8978408484016167,1.8566414892805367
3255,3255,3255,1.4250000000000025,1.8974593728542,1.8566414892805367
3256,3256,3256,1.4266666666666676,1.8978408484016167,1.8566414892805367
3257,3257,3257,1.4283333333333337,1.8974593728542,1.8566414892805367
3258,3258,3258,1.4300000000000015,1.8982223239490348,1.8566414892805367
3259,3259,3259,1.4316666666666684,1.898603799496452,1.8566414892805367
3260,3260,3260,1.4333333333333336,1.8982223239490348,1.8570229648279544
3261,3261,3261,1.4350000000000005,1.8982223239490348,1.857404440375372
3262,3262,3262,1.4366666666666674,1.898603799496452,1.8570229648279544
3263,3263,3263,1.4383333333333335,1.8989852750438696,1.8577859159227887
3264,3264,3264,1.4400000000000004,1.8989852750438696,1.8581673914702068
3265,3265,3265,1.4416666666666673,1.898603799496452,1.858548867017624
3266,3266,3266,1.4433333333333325,1.8989852750438696,1.858548867017624
3267,3267,3267,1.4450000000000003,1.8993667505912868,1.858548867017624
3268,3268,3268,1.4466666666666672,1.8997482261387044,1.858548867017624
3269,3269,3269,1.4483333333333324,1.8997482261387044,1.8589303425650416
3270,3270,3270,1.4500000000000002,1.9001297016861216,1.8589303425650416
3271,3271,3271,1.451666666666667,1.9008926527809569,1.8593118181124588
3272,3272,3272,1.453333333333334,1.9005111772335392,1.8589303425650416
3273,3273,3273,1.455,1.9005111772335392,1.8589303425650416
3274,3274,3274,1.4566666666666679,1.901274128328374,1.8593118181124588
3275,3275,3275,1.458333333333334,1.901655603875792,1.8600747692072936
3276,3276,3276,1.46,1.9020370794232089,1.8604562447547115
3277,3277,3277,1.4616666666666678,1.9020370794232089,1.8608377203021291
3278,3278,3278,1.4633333333333338,1.9024185549706265,1.8616006713969635
3279,3279,3279,1.4650000000000025,1.9020370794232089,1.861982146944381
3280,3280,3280,1.4666666666666677,1.901655603875792,1.861982146944381
3281,3281,3281,1.4683333333333337,1.9024185549706265,1.861982146944381
3282,3282,3282,1.4700000000000015,1.902800030518044,1.8623636224917983
3283,3283,3283,1.4716666666666676,1.9024185549706265,1.8623636224917983
3284,3284,3284,1.4733333333333336,1.9020370794232089,1.8623636224917983
3285,3285,3285,1.4750000000000005,1.9024185549706265,1.8623636224917983
3286,3286,3286,1.4766666666666675,1.903181506065461,1.8627450980392157
3287,3287,3287,1.4783333333333335,1.903181506065461,1.8627450980392157
3288,3288,3288,1.4800000000000004,1.903181506065461,1.8631265735866327
3289,3289,3289,1.4816666666666674,1.9035629816128783,1.8635080491340503
3290,3290,3290,1.4833333333333325,1.9035629816128783,1.8635080491340503
3291,3291,3291,1.4850000000000003,1.9035629816128783,1.8635080491340503
3292,3292,3292,1.4866666666666672,1.9035629816128783,1.8642710002288847
3293,3293,3293,1.4883333333333324,1.9047074082551307,1.8642710002288847
3294,3294,3294,1.4900000000000002,1.9050888838025481,1.8646524757763028
3295,3295,3295,1.4916666666666671,1.9054703593499656,1.8642710002288847
3296,3296,3296,1.493333333333334,1.9050888838025481,1.8646524757763028
3297,3297,3297,1.495,1.9054703593499656,1.8654154268711376
3298,3298,3298,1.496666666666667,1.9058518348973832,1.8654154268711376
3299,3299,3299,1.498333333333334,1.9054703593499656,1.865796902418555
3300,3300,3300,1.5,1.9050888838025481,1.86503395132372
3301,3301,3301,1.5016666666666678,1.9058518348973832,1.8654154268711376
3302,3302,3302,1.5033333333333339,1.9058518348973832,1.8665598535133896
3303,3303,3303,1.5050000000000008,1.9058518348973832,1.8661783779659724
3304,3304,3304,1.5066666666666677,1.9062333104448004,1.8661783779659724
3305,3305,3305,1.5083333333333337,1.9066147859922176,1.865796902418555
3306,3306,3306,1.5100000000000025,1.9069962615396352,1.8669413290608072
3307,3307,3307,1.5116666666666676,1.9069962615396352,1.8673228046082249
3308,3308,3308,1.5133333333333336,1.9077592126344696,1.8673228046082249
3309,3309,3309,1.5150000000000015,1.908140688181888,1.8673228046082249
3310,3310,3310,1.5166666666666684,1.908140688181888,1.8673228046082249
3311,3311,3311,1.5183333333333335,1.9089036392767225,1.8677042801556416
3312,3312,3312,1.5200000000000005,1.9092851148241399,1.86808575570306
3313,3313,3313,1.5216666666666674,1.9092851148241399,1.86808575570306
3314,3314,3314,1.5233333333333325,1.9092851148241399,1.8677042801556416
3315,3315,3315,1.5250000000000004,1.9089036392767225,1.86808575570306
3316,3316,3316,1.5266666666666673,1.9092851148241399,1.8684672312504769
3317,3317,3317,1.5283333333333324,1.9092851148241399,1.8688487067978945
3318,3318,3318,1.5300000000000002,1.9092851148241399,1.869611657892729
3319,3319,3319,1.5316666666666672,1.9100480659189745,1.869611657892729
3320,3320,3320,1.533333333333334,1.9104295414663919,1.869611657892729
3321,3321,3321,1.5350000000000001,1.9108110170138093,1.869611657892729
3322,3322,3322,1.536666666666667,1.9108110170138093,1.8699931334401465
3323,3323,3323,1.538333333333334,1.9111924925612267,1.8707560845349809
3324,3324,3324,1.54,1.9111924925612267,1.8707560845349809
3325,3325,3325,1.5416666666666679,1.9108110170138093,1.8707560845349809
3326,3326,3326,1.543333333333334,1.9111924925612267,1.8707560845349809
3327,3327,3327,1.545,1.911573968108644,1.8707560845349809
3328,3328,3328,1.5466666666666677,1.9119554436560613,1.8707560845349809
3329,3329,3329,1.5483333333333338,1.911573968108644,1.8711375600823987
3330,3330,3330,1.5500000000000025,1.911573968108644,1.8715190356298161
3331,3331,3331,1.5516666666666676,1.912336919203479,1.8715190356298161
3332,3332,3332,1.5533333333333337,1.912336919203479,1.8707560845349809
3333,3333,3333,1.5550000000000015,1.9119554436560613,1.8711375600823987
3334,3334,3334,1.5566666666666684,1.912336919203479,1.8719005111772336
3335,3335,3335,1.5583333333333336,1.9130998702983133,1.8719005111772336
3336,3336,3336,1.5600000000000005,1.9130998702983133,1.872281986724651
3337,3337,3337,1.5616666666666674,1.9134813458457312,1.8726634622720684
3338,3338,3338,1.5633333333333335,1.9134813458457312,1.8730449378194856
3339,3339,3339,1.5650000000000004,1.9134813458457312,1.8730449378194856
3340,3340,3340,1.5666666666666673,1.9138628213931488,1.8726634622720684
3341,3341,3341,1.5683333333333325,1.9138628213931488,1.8734264133669032
3342,3342,3342,1.5700000000000003,1.914625772487984,1.8738078889143208
3343,3343,3343,1.5716666666666672,1.914625772487984,1.8741893644617384
3344,3344,3344,1.5733333333333324,1.914625772487984,1.8738078889143208
3345,3345,3345,1.5750000000000002,1.914625772487984,1.8738078889143208
3346,3346,3346,1.576666666666667,1.9150072480354008,1.874570840009156
3347,3347,3347,1.578333333333334,1.9157701991302358,1.8741893644617384
3348,3348,3348,1.58,1.9157701991302358,1.8738078889143208
3349,3349,3349,1.5816666666666679,1.9161516746776528,1.8741893644617384
3350,3350,3350,1.583333333333334,1.9157701991302358,1.8741893644617384
3351,3351,3351,1.585,1.9157701991302358,1.874570840009156
3352,3352,3352,1.5866666666666678,1.9157701991302358,1.8749523155565728
3353,3353,3353,1.5883333333333338,1.9161516746776528,1.8753337911039905
3354,3354,3354,1.5900000000000025,1.9165331502250704,1.875715266651408
3355,3355,3355,1.5916666666666677,1.9165331502250704,1.875715266651408
3356,3356,3356,1.5933333333333337,1.916914625772488,1.875715266651408
3357,3357,3357,1.5950000000000015,1.916914625772488,1.8760967421988248
3358,3358,3358,1.5966666666666676,1.9172961013199048,1.8764782177462425
3359,3359,3359,1.5983333333333336,1.9180590524147405,1.8772411688410773
3360,3360,3360,1.6000000000000005,1.916914625772488,1.87685969329366
3361,3361,3361,1.6016666666666675,1.9180590524147405,1.8772411688410773
3362,3362,3362,1.6033333333333335,1.9184405279621577,1.87685969329366
3363,3363,3363,1.6050000000000004,1.9184405279621577,1.8764782177462425
3364,3364,3364,1.6066666666666674,1.9184405279621577,1.87685969329366
3365,3365,3365,1.6083333333333325,1.9184405279621577,1.87685969329366
3366,3366,3366,1.6100000000000003,1.9188220035095749,1.8772411688410773
3367,3367,3367,1.6116666666666672,1.9192034790569923,1.878004119935912
3368,3368,3368,1.6133333333333324,1.91958495460441,1.8783855954833293
3369,3369,3369,1.6150000000000002,1.91958495460441,1.8783855954833293
3370,3370,3370,1.6166666666666671,1.919966430151828,1.8783855954833293
3371,3371,3371,1.618333333333334,1.91958495460441,1.8787670710307467
3372,3372,3372,1.62,1.91958495460441,1.8787670710307467
3373,3373,3373,1.621666666666667,1.920729381246662,1.8783855954833293
3374,3374,3374,1.623333333333334,1.9203479056992447,1.8787670710307467
3375,3375,3375,1.625,1.9203479056992447,1.8787670710307467
3376,3376,3376,1.6266666666666678,1.921492332341497,1.8791485465781643
3377,3377,3377,1.6283333333333339,1.920729381246662,1.8791485465781643
3378,3378,3378,1.6300000000000008,1.9211108567940802,1.8791485465781643
3379,3379,3379,1.6316666666666677,1.921492332341497,1.8799114976729991
3380,3380,3380,1.6333333333333337,1.921492332341497,1.8795300221255813
3381,3381,3381,1.6350000000000025,1.9218738078889144,1.8795300221255813
3382,3382,3382,1.6366666666666676,1.921492332341497,1.8799114976729991
3383,3383,3383,1.6383333333333336,1.9222552834363318,1.880674448767834
3384,3384,3384,1.6400000000000015,1.9226367589837488,1.880674448767834
3385,3385,3385,1.6416666666666684,1.9226367589837488,1.8802929732204168
3386,3386,3386,1.6433333333333335,1.9226367589837488,1.880674448767834
3387,3387,3387,1.6450000000000005,1.9226367589837488,1.881055924315252
3388,3388,3388,1.6466666666666674,1.9237811856260008,1.881055924315252
3389,3389,3389,1.6483333333333325,1.9237811856260008,1.8814373998626688
3390,3390,3390,1.6500000000000004,1.9230182345311664,1.8818188754100864
3391,3391,3391,1.6516666666666673,1.9230182345311664,1.8822003509575043
3392,3392,3392,1.6533333333333324,1.9237811856260008,1.8822003509575043
3393,3393,3393,1.6550000000000002,1.9241626611734188,1.8822003509575043
3394,3394,3394,1.6566666666666672,1.9245441367208358,1.882581826504921
3395,3395,3395,1.658333333333334,1.9249256122682536,1.8829633020523384
3396,3396,3396,1.6600000000000001,1.925307087815671,1.8833447775997558
3397,3397,3397,1.661666666666667,1.9249256122682536,1.8841077286945904
3398,3398,3398,1.663333333333334,1.9249256122682536,1.8841077286945904
3399,3399,3399,1.665,1.925307087815671,1.8837262531471728
3400,3400,3400,1.6666666666666679,1.9249256122682536,1.8841077286945904
3401,3401,3401,1.668333333333334,1.925307087815671,1.884489204242008
3402,3402,3402,1.67,1.9256885633630885,1.8848706797894248
3403,3403,3403,1.6716666666666677,1.9260700389105057,1.8852521553368429
3404,3404,3404,1.6733333333333338,1.9260700389105057,1.8860151064316777
3405,3405,3405,1.6750000000000025,1.9256885633630885,1.8860151064316777
3406,3406,3406,1.6766666666666676,1.9260700389105057,1.8867780575265125
3407,3407,3407,1.6783333333333337,1.9264515144579235,1.8875410086213475
3408,3408,3408,1.6800000000000015,1.9264515144579235,1.8875410086213475
3409,3409,3409,1.6816666666666684,1.9268329900053407,1.8875410086213475
3410,3410,3410,1.6833333333333336,1.9268329900053407,1.8883039597161817
3411,3411,3411,1.6850000000000005,1.9272144655527577,1.8886854352636
3412,3412,3412,1.6866666666666674,1.9272144655527577,1.8886854352636
3413,3413,3413,1.6883333333333335,1.9275959411001755,1.889066910811017
3414,3414,3414,1.6900000000000004,1.9275959411001755,1.8894483863584344
3415,3415,3415,1.6916666666666673,1.9279774166475927,1.8898298619058516
3416,3416,3416,1.6933333333333325,1.9275959411001755,1.8898298619058516
3417,3417,3417,1.6950000000000003,1.9275959411001755,1.8902113374532687
3418,3418,3418,1.6966666666666672,1.9275959411001755,1.8905928130006864
3419,3419,3419,1.6983333333333341,1.9272144655527577,1.8905928130006864
3420,3420,3420,1.7000000000000002,1.9272144655527577,1.8902113374532687
3421,3421,3421,1.701666666666667,1.9272144655527577,1.890974288548104
3422,3422,3422,1.703333333333334,1.9272144655527577,1.890974288548104
3423,3423,3423,1.705,1.9268329900053407,1.8913557640955208
3424,3424,3424,1.7066666666666679,1.9268329900053407,1.8917372396429388
3425,3425,3425,1.708333333333334,1.9264515144579235,1.8917372396429388
3426,3426,3426,1.71,1.9260700389105057,1.892118715190356
3427,3427,3427,1.7116666666666678,1.9260700389105057,1.892118715190356
3428,3428,3428,1.7133333333333338,1.9264515144579235,1.892118715190356
3429,3429,3429,1.7150000000000025,1.9268329900053407,1.892118715190356
3430,3430,3430,1.7166666666666677,1.9268329900053407,1.892118715190356
3431,3431,3431,1.7183333333333337,1.9268329900053407,1.8925001907377736
3432,3432,3432,1.7200000000000015,1.9268329900053407,1.8932631418326085
3433,3433,3433,1.7216666666666676,1.9268329900053407,1.8936446173800257
3434,3434,3434,1.7233333333333336,1.9268329900053407,1.8932631418326085
3435,3435,3435,1.7250000000000005,1.9268329900053407,1.8932631418326085
3436,3436,3436,1.7266666666666675,1.9275959411001755,1.8928816662851908
3437,3437,3437,1.7283333333333335,1.9279774166475927,1.8913557640955208
3438,3438,3438,1.7300000000000004,1.9272144655527577,1.889066910811017
3439,3439,3439,1.7316666666666674,1.9272144655527577,1.8860151064316777
3440,3440,3440,1.7333333333333325,1.9272144655527577,1.8841077286945904
3441,3441,3441,1.7350000000000003,1.9275959411001755,1.8814373998626688
3442,3442,3442,1.7366666666666672,1.9279774166475927,1.8783855954833293
3443,3443,3443,1.7383333333333324,1.9287403677424282,1.875715266651408
3444,3444,3444,1.7400000000000002,1.9291218432898447,1.8730449378194856
3445,3445,3445,1.7416666666666671,1.9291218432898447,1.8707560845349809
3446,3446,3446,1.743333333333334,1.9295033188372623,1.8688487067978945
3447,3447,3447,1.745,1.9287403677424282,1.8677042801556416
3448,3448,3448,1.746666666666667,1.9291218432898447,1.8661783779659724
3449,3449,3449,1.748333333333334,1.92988479438468,1.86503395132372
3450,3450,3450,1.75,1.9291218432898447,1.8646524757763028
3451,3451,3451,1.7516666666666678,1.9295033188372623,1.8642710002288847
3452,3452,3452,1.7533333333333339,1.9306477454795148,1.8642710002288847
3453,3453,3453,1.7550000000000008,1.9302662699320967,1.863889524681468
3454,3454,3454,1.7566666666666677,1.931029221026932,1.8635080491340503
3455,3455,3455,1.7583333333333337,1.9314106965743496,1.863889524681468
3456,3456,3456,1.7600000000000025,1.9321736476691844,1.8642710002288847
3457,3457,3457,1.7616666666666676,1.9325551232166016,1.8646524757763028
3458,3458,3458,1.7633333333333336,1.9325551232166016,1.86503395132372
3459,3459,3459,1.7650000000000015,1.9329365987640192,1.8654154268711376
3460,3460,3460,1.7666666666666684,1.9329365987640192,1.865796902418555
3461,3461,3461,1.7683333333333335,1.9329365987640192,1.8669413290608072
3462,3462,3462,1.7700000000000005,1.9333180743114369,1.8673228046082249
3463,3463,3463,1.7716666666666674,1.933699549858854,1.86808575570306
3464,3464,3464,1.7733333333333325,1.9344625009536889,1.86808575570306
3465,3465,3465,1.7750000000000004,1.934081025406272,1.86808575570306
3466,3466,3466,1.7766666666666673,1.9344625009536889,1.8688487067978945
3467,3467,3467,1.7783333333333324,1.9348439765011065,1.8688487067978945
3468,3468,3468,1.7800000000000002,1.935225452048524,1.8688487067978945
3469,3469,3469,1.7816666666666672,1.935225452048524,1.8688487067978945
3470,3470,3470,1.783333333333334,1.935225452048524,1.8684672312504769
3471,3471,3471,1.7850000000000001,1.9356069275959409,1.8692301823453117
3472,3472,3472,1.786666666666667,1.9356069275959409,1.8684672312504769
3473,3473,3473,1.788333333333334,1.936369878690776,1.8688487067978945
3474,3474,3474,1.79,1.936751354238193,1.86808575570306
3475,3475,3475,1.7916666666666679,1.9371328297856107,1.86808575570306
3476,3476,3476,1.793333333333334,1.9371328297856107,1.8684672312504769
3477,3477,3477,1.795,1.9375143053330282,1.8684672312504769
3478,3478,3478,1.7966666666666677,1.9375143053330282,1.8684672312504769
3479,3479,3479,1.7983333333333338,1.9378957808804456,1.8684672312504769
3480,3480,3480,1.8000000000000025,1.938277256427863,1.8684672312504769
3481,3481,3481,1.8016666666666676,1.938277256427863,1.8684672312504769
3482,3482,3482,1.8033333333333337,1.938277256427863,1.8684672312504769
3483,3483,3483,1.8050000000000015,1.938277256427863,1.86808575570306
3484,3484,3484,1.8066666666666684,1.938277256427863,1.8692301823453117
3485,3485,3485,1.8083333333333336,1.9386587319752804,1.8692301823453117
3486,3486,3486,1.8100000000000005,1.9386587319752804,1.8692301823453117
3487,3487,3487,1.8116666666666674,1.9386587319752804,1.8688487067978945
3488,3488,3488,1.8133333333333335,1.9398031586175328,1.8684672312504769
3489,3489,3489,1.8150000000000004,1.9398031586175328,1.8692301823453117
3490,3490,3490,1.8166666666666673,1.9398031586175328,1.8692301823453117
3491,3491,3491,1.8183333333333325,1.9394216830701152,1.869611657892729
3492,3492,3492,1.8200000000000003,1.9394216830701152,1.8699931334401465
3493,3493,3493,1.8216666666666672,1.9386587319752804,1.869611657892729
3494,3494,3494,1.8233333333333341,1.9371328297856107,1.869611657892729
3495,3495,3495,1.8250000000000002,1.9348439765011065,1.8684672312504769
3496,3496,3496,1.826666666666667,1.9329365987640192,1.8692301823453117
3497,3497,3497,1.828333333333334,1.9302662699320967,1.869611657892729
3498,3498,3498,1.83,1.9275959411001755,1.8688487067978945
3499,3499,3499,1.8316666666666679,1.9249256122682536,1.8684672312504769
3500,3500,3500,1.833333333333334,1.9222552834363318,1.8684672312504769
3501,3501,3501,1.835,1.919966430151828,1.8684672312504769
3502,3502,3502,1.8366666666666678,1.9180590524147405,1.8684672312504769
3503,3503,3503,1.8383333333333338,1.916914625772488,1.8684672312504769
3504,3504,3504,1.8400000000000025,1.9157701991302358,1.86808575570306
3505,3505,3505,1.8416666666666677,1.9150072480354008,1.86808575570306
3506,3506,3506,1.8433333333333337,1.9142442969405664,1.8677042801556416
3507,3507,3507,1.8450000000000015,1.9142442969405664,1.8673228046082249
3508,3508,3508,1.8466666666666676,1.9138628213931488,1.8673228046082249
3509,3509,3509,1.8483333333333336,1.9130998702983133,1.8669413290608072
3510,3510,3510,1.8500000000000005,1.9130998702983133,1.8665598535133896
3511,3511,3511,1.8516666666666675,1.9134813458457312,1.8669413290608072
3512,3512,3512,1.8533333333333335,1.9134813458457312,1.8665598535133896
3513,3513,3513,1.8550000000000004,1.9142442969405664,1.8661783779659724
3514,3514,3514,1.8566666666666674,1.914625772487984,1.8661783779659724
3515,3515,3515,1.8583333333333325,1.9153887235828184,1.865796902418555
3516,3516,3516,1.8600000000000003,1.9157701991302358,1.8661783779659724
3517,3517,3517,1.8616666666666672,1.9161516746776528,1.8661783779659724
3518,3518,3518,1.8633333333333324,1.9165331502250704,1.8665598535133896
3519,3519,3519,1.8650000000000002,1.9165331502250704,1.8669413290608072
3520,3520,3520,1.8666666666666671,1.916914625772488,1.8661783779659724
3521,3521,3521,1.868333333333334,1.9172961013199048,1.8669413290608072
3522,3522,3522,1.87,1.9172961013199048,1.8673228046082249
3523,3523,3523,1.871666666666667,1.9184405279621577,1.8669413290608072
3524,3524,3524,1.873333333333334,1.9188220035095749,1.8669413290608072
3525,3525,3525,1.875,1.9188220035095749,1.8669413290608072
3526,3526,3526,1.8766666666666678,1.91958495460441,1.8673228046082249
3527,3527,3527,1.8783333333333339,1.91958495460441,1.86808575570306
3528,3528,3528,1.8800000000000008,1.9192034790569923,1.86808575570306
3529,3529,3529,1.8816666666666677,1.9192034790569923,1.8684672312504769
3530,3530,3530,1.8833333333333337,1.91958495460441,1.8684672312504769
3531,3531,3531,1.8850000000000025,1.919966430151828,1.86808575570306
3532,3532,3532,1.8866666666666676,1.920729381246662,1.86808575570306
3533,3533,3533,1.8883333333333336,1.920729381246662,1.8684672312504769
3534,3534,3534,1.8900000000000015,1.9211108567940802,1.8684672312504769
3535,3535,3535,1.8916666666666684,1.920729381246662,1.8684672312504769
3536,3536,3536,1.8933333333333335,1.9211108567940802,1.8692301823453117
3537,3537,3537,1.8950000000000005,1.921492332341497,1.8699931334401465
3538,3538,3538,1.8966666666666674,1.9218738078889144,1.8699931334401465
3539,3539,3539,1.8983333333333325,1.9218738078889144,1.869611657892729
3540,3540,3540,1.9000000000000004,1.9218738078889144,1.8699931334401465
3541,3541,3541,1.9016666666666673,1.9222552834363318,1.8707560845349809
3542,3542,3542,1.9033333333333324,1.921492332341497,1.8707560845349809
3543,3543,3543,1.9050000000000002,1.921492332341497,1.8711375600823987
3544,3544,3544,1.9066666666666672,1.9218738078889144,1.8715190356298161
3545,3545,3545,1.908333333333334,1.921492332341497,1.8719005111772336
3546,3546,3546,1.9100000000000001,1.9222552834363318,1.8726634622720684
3547,3547,3547,1.911666666666667,1.9226367589837488,1.8730449378194856
3548,3548,3548,1.913333333333334,1.9218738078889144,1.8734264133669032
3549,3549,3549,1.915,1.9222552834363318,1.8738078889143208
3550,3550,3550,1.9166666666666679,1.9218738078889144,1.8741893644617384
3551,3551,3551,1.918333333333334,1.921492332341497,1.8749523155565728
3552,3552,3552,1.9200000000000008,1.921492332341497,1.8753337911039905
3553,3553,3553,1.9216666666666677,1.9218738078889144,1.8760967421988248
3554,3554,3554,1.9233333333333338,1.921492332341497,1.87685969329366
3555,3555,3555,1.9250000000000025,1.920729381246662,1.8772411688410773
3556,3556,3556,1.9266666666666676,1.9211108567940802,1.878004119935912
3557,3557,3557,1.9283333333333337,1.921492332341497,1.878004119935912
3558,3558,3558,1.9300000000000015,1.9211108567940802,1.8783855954833293
3559,3559,3559,1.9316666666666684,1.9211108567940802,1.8783855954833293
3560,3560,3560,1.9333333333333336,1.920729381246662,1.8787670710307467
3561,3561,3561,1.9350000000000005,1.91958495460441,1.8791485465781643
3562,3562,3562,1.9366666666666674,1.9192034790569923,1.8799114976729991
3563,3563,3563,1.9383333333333335,1.9192034790569923,1.8802929732204168
3564,3564,3564,1.9400000000000004,1.91958495460441,1.880674448767834
3565,3565,3565,1.9416666666666673,1.9188220035095749,1.880674448767834
3566,3566,3566,1.9433333333333325,1.9180590524147405,1.880674448767834
3567,3567,3567,1.9450000000000003,1.9180590524147405,1.880674448767834
3568,3568,3568,1.9466666666666672,1.9180590524147405,1.881055924315252
3569,3569,3569,1.9483333333333341,1.9161516746776528,1.881055924315252
3570,3570,3570,1.9500000000000002,1.9157701991302358,1.880674448767834
3571,3571,3571,1.951666666666667,1.9161516746776528,1.881055924315252
3572,3572,3572,1.953333333333334,1.9157701991302358,1.8814373998626688
3573,3573,3573,1.955,1.9150072480354008,1.8814373998626688
3574,3574,3574,1.9566666666666679,1.9142442969405664,1.8822003509575043
3575,3575,3575,1.958333333333334,1.9138628213931488,1.8822003509575043
3576,3576,3576,1.96,1.9142442969405664,1.8818188754100864
3577,3577,3577,1.9616666666666678,1.9138628213931488,1.8818188754100864
3578,3578,3578,1.9633333333333338,1.9134813458457312,1.8822003509575043
3579,3579,3579,1.9650000000000025,1.9134813458457312,1.882581826504921
3580,3580,3580,1.9666666666666677,1.9138628213931488,1.8829633020523384
3581,3581,3581,1.9683333333333337,1.9134813458457312,1.8833447775997558
3582,3582,3582,1.9700000000000015,1.9134813458457312,1.8837262531471728
3583,3583,3583,1.9716666666666676,1.9134813458457312,1.8841077286945904
3584,3584,3584,1.9733333333333336,1.9138628213931488,1.8841077286945904
3585,3585,3585,1.9750000000000005,1.9138628213931488,1.884489204242008
3586,3586,3586,1.9766666666666675,1.9138628213931488,1.8848706797894248
3587,3587,3587,1.9783333333333335,1.9142442969405664,1.8856336308842605
3588,3588,3588,1.9800000000000004,1.9142442969405664,1.8852521553368429
3589,3589,3589,1.9816666666666674,1.9138628213931488,1.8856336308842605
3590,3590,3590,1.9833333333333325,1.9142442969405664,1.8852521553368429
3591,3591,3591,1.9850000000000003,1.9153887235828184,1.8852521553368429
3592,3592,3592,1.9866666666666672,1.9153887235828184,1.8852521553368429
3593,3593,3593,1.9883333333333324,1.9153887235828184,1.8860151064316777
3594,3594,3594,1.9900000000000002,1.9153887235828184,1.886396581979095
3595,3595,3595,1.9916666666666671,1.9153887235828184,1.8867780575265125
3596,3596,3596,1.993333333333334,1.9153887235828184,1.88715953307393
3597,3597,3597,1.995,1.9161516746776528,1.88715953307393
3598,3598,3598,1.996666666666667,1.9165331502250704,1.88715953307393
3599,3599,3599,1.998333333333334,1.9165331502250704,1.8875410086213475
3600,3600,3600,2.0,1.9165331502250704,1.88715953307393
3601,3601,3601,2.001666666666668,1.916914625772488,1.8875410086213475
3602,3602,3602,2.003333333333334,1.9176775768673229,1.8875410086213475
3603,3603,3603,2.005000000000001,1.9176775768673229,1.8875410086213475
3604,3604,3604,2.0066666666666677,1.9180590524147405,1.8875410086213475
3605,3605,3605,2.0083333333333337,1.9184405279621577,1.8883039597161817
3606,3606,3606,2.0100000000000025,1.91958495460441,1.8886854352636
3607,3607,3607,2.0116666666666676,1.9203479056992447,1.8886854352636
3608,3608,3608,2.0133333333333336,1.91958495460441,1.8883039597161817
3609,3609,3609,2.0150000000000015,1.919966430151828,1.8883039597161817
3610,3610,3610,2.0166666666666675,1.920729381246662,1.8879224841687647
3611,3611,3611,2.0183333333333335,1.9211108567940802,1.8879224841687647
3612,3612,3612,2.0200000000000005,1.921492332341497,1.8883039597161817
3613,3613,3613,2.0216666666666674,1.9222552834363318,1.8879224841687647
3614,3614,3614,2.0233333333333325,1.9226367589837488,1.88715953307393
3615,3615,3615,2.0250000000000004,1.9230182345311664,1.8867780575265125
3616,3616,3616,2.0266666666666673,1.923399710078584,1.8875410086213475
3617,3617,3617,2.0283333333333324,1.923399710078584,1.886396581979095
3618,3618,3618,2.0300000000000002,1.923399710078584,1.8860151064316777
3619,3619,3619,2.031666666666667,1.9237811856260008,1.8860151064316777
3620,3620,3620,2.033333333333334,1.9245441367208358,1.8860151064316777
3621,3621,3621,2.035,1.9245441367208358,1.8852521553368429
3622,3622,3622,2.036666666666667,1.9245441367208358,1.884489204242008
3623,3623,3623,2.038333333333334,1.9245441367208358,1.8841077286945904
3624,3624,3624,2.04,1.9245441367208358,1.884489204242008
3625,3625,3625,2.041666666666668,1.9249256122682536,1.8841077286945904
3626,3626,3626,2.043333333333334,1.925307087815671,1.8841077286945904
3627,3627,3627,2.045000000000001,1.9249256122682536,1.8837262531471728
3628,3628,3628,2.0466666666666677,1.9256885633630885,1.8837262531471728
3629,3629,3629,2.048333333333334,1.9264515144579235,1.8841077286945904
3630,3630,3630,2.0500000000000025,1.9260700389105057,1.8841077286945904
3631,3631,3631,2.0516666666666676,1.9260700389105057,1.8837262531471728
3632,3632,3632,2.0533333333333337,1.9264515144579235,1.882581826504921
3633,3633,3633,2.0550000000000015,1.9268329900053407,1.8818188754100864
3634,3634,3634,2.0566666666666684,1.9272144655527577,1.8802929732204168
3635,3635,3635,2.0583333333333336,1.9275959411001755,1.8787670710307467
3636,3636,3636,2.0600000000000005,1.9268329900053407,1.8764782177462425
3637,3637,3637,2.0616666666666674,1.9264515144579235,1.8734264133669032
3638,3638,3638,2.0633333333333335,1.9268329900053407,1.8715190356298161
3639,3639,3639,2.0650000000000004,1.9275959411001755,1.870374608987564
3640,3640,3640,2.0666666666666673,1.9275959411001755,1.8684672312504769
3641,3641,3641,2.0683333333333325,1.9283588921950103,1.8673228046082249
3642,3642,3642,2.0700000000000003,1.9279774166475927,1.865796902418555
3643,3643,3643,2.071666666666667,1.9279774166475927,1.86503395132372
3644,3644,3644,2.073333333333334,1.9283588921950103,1.8642710002288847
3645,3645,3645,2.075,1.9279774166475927,1.863889524681468
3646,3646,3646,2.076666666666667,1.9283588921950103,1.863889524681468
3647,3647,3647,2.078333333333334,1.9287403677424282,1.863889524681468
3648,3648,3648,2.08,1.9291218432898447,1.863889524681468
3649,3649,3649,2.081666666666668,1.9295033188372623,1.863889524681468
3650,3650,3650,2.083333333333334,1.9291218432898447,1.8646524757763028
3651,3651,3651,2.085,1.9291218432898447,1.86503395132372
3652,3652,3652,2.086666666666668,1.92988479438468,1.86503395132372
3653,3653,3653,2.088333333333334,1.92988479438468,1.8654154268711376
3654,3654,3654,2.0900000000000025,1.9295033188372623,1.8661783779659724
3655,3655,3655,2.0916666666666677,1.92988479438468,1.8669413290608072
3656,3656,3656,2.0933333333333337,1.9306477454795148,1.8669413290608072
3657,3657,3657,2.0950000000000015,1.9302662699320967,1.8665598535133896
3658,3658,3658,2.0966666666666676,1.9306477454795148,1.8673228046082249
3659,3659,3659,2.0983333333333336,1.9314106965743496,1.8677042801556416
3660,3660,3660,2.1000000000000005,1.9314106965743496,1.8677042801556416
3661,3661,3661,2.1016666666666675,1.9321736476691844,1.86808575570306
3662,3662,3662,2.1033333333333335,1.9317921721217668,1.8684672312504769
3663,3663,3663,2.1050000000000004,1.9306477454795148,1.8688487067978945
3664,3664,3664,2.1066666666666674,1.931029221026932,1.8688487067978945
3665,3665,3665,2.1083333333333325,1.9314106965743496,1.8684672312504769
3666,3666,3666,2.1100000000000003,1.9314106965743496,1.8684672312504769
3667,3667,3667,2.1116666666666672,1.9317921721217668,1.8684672312504769
3668,3668,3668,2.1133333333333324,1.9325551232166016,1.8688487067978945
3669,3669,3669,2.115,1.9321736476691844,1.8692301823453117
3670,3670,3670,2.116666666666667,1.9321736476691844,1.8692301823453117
3671,3671,3671,2.118333333333334,1.9321736476691844,1.8692301823453117
3672,3672,3672,2.12,1.9325551232166016,1.8688487067978945
3673,3673,3673,2.121666666666667,1.9325551232166016,1.869611657892729
3674,3674,3674,2.123333333333334,1.9321736476691844,1.869611657892729
3675,3675,3675,2.125,1.9321736476691844,1.8692301823453117
3676,3676,3676,2.126666666666668,1.9325551232166016,1.869611657892729
3677,3677,3677,2.128333333333334,1.9325551232166016,1.8699931334401465
3678,3678,3678,2.130000000000001,1.9329365987640192,1.8699931334401465
3679,3679,3679,2.1316666666666677,1.9329365987640192,1.8699931334401465
3680,3680,3680,2.1333333333333337,1.9325551232166016,1.869611657892729
3681,3681,3681,2.1350000000000025,1.9329365987640192,1.869611657892729
3682,3682,3682,2.1366666666666676,1.9329365987640192,1.870374608987564
3683,3683,3683,2.1383333333333336,1.9329365987640192,1.8707560845349809
3684,3684,3684,2.1400000000000015,1.9333180743114369,1.8699931334401465
3685,3685,3685,2.1416666666666675,1.9333180743114369,1.8699931334401465
3686,3686,3686,2.1433333333333335,1.9333180743114369,1.8699931334401465
3687,3687,3687,2.1450000000000005,1.9333180743114369,1.870374608987564
3688,3688,3688,2.1466666666666674,1.9329365987640192,1.870374608987564
3689,3689,3689,2.1483333333333325,1.9321736476691844,1.870374608987564
3690,3690,3690,2.1500000000000004,1.9306477454795148,1.8699931334401465
3691,3691,3691,2.1516666666666673,1.92988479438468,1.8699931334401465
3692,3692,3692,2.1533333333333324,1.9283588921950103,1.869611657892729
3693,3693,3693,2.1550000000000002,1.9268329900053407,1.8688487067978945
3694,3694,3694,2.156666666666667,1.9245441367208358,1.8684672312504769
3695,3695,3695,2.158333333333334,1.9218738078889144,1.8684672312504769
3696,3696,3696,2.16,1.9203479056992447,1.86808575570306
3697,3697,3697,2.161666666666667,1.9192034790569923,1.86808575570306
3698,3698,3698,2.163333333333334,1.9184405279621577,1.8677042801556416
3699,3699,3699,2.165,1.9172961013199048,1.8673228046082249
3700,3700,3700,2.166666666666668,1.916914625772488,1.8673228046082249
3701,3701,3701,2.168333333333334,1.916914625772488,1.8673228046082249
3702,3702,3702,2.170000000000001,1.9165331502250704,1.8673228046082249
3703,3703,3703,2.1716666666666677,1.9161516746776528,1.8669413290608072
3704,3704,3704,2.173333333333334,1.9161516746776528,1.8673228046082249
3705,3705,3705,2.1750000000000025,1.9161516746776528,1.8669413290608072
3706,3706,3706,2.1766666666666676,1.9165331502250704,1.8669413290608072
3707,3707,3707,2.1783333333333337,1.9165331502250704,1.8669413290608072
3708,3708,3708,2.1800000000000015,1.916914625772488,1.8673228046082249
3709,3709,3709,2.1816666666666684,1.9176775768673229,1.8673228046082249
3710,3710,3710,2.1833333333333336,1.9188220035095749,1.8673228046082249
3711,3711,3711,2.1850000000000005,1.9188220035095749,1.8669413290608072
3712,3712,3712,2.1866666666666674,1.9192034790569923,1.8669413290608072
3713,3713,3713,2.1883333333333335,1.919966430151828,1.8669413290608072
3714,3714,3714,2.1900000000000004,1.919966430151828,1.8673228046082249
3715,3715,3715,2.1916666666666673,1.9203479056992447,1.8673228046082249
3716,3716,3716,2.1933333333333325,1.920729381246662,1.8677042801556416
3717,3717,3717,2.1950000000000003,1.9211108567940802,1.86808575570306
3718,3718,3718,2.196666666666667,1.921492332341497,1.86808575570306
3719,3719,3719,2.198333333333334,1.921492332341497,1.86808575570306
3720,3720,3720,2.2,1.9211108567940802,1.86808575570306
3721,3721,3721,2.201666666666667,1.921492332341497,1.8684672312504769
3722,3722,3722,2.203333333333334,1.921492332341497,1.8684672312504769
3723,3723,3723,2.205,1.9218738078889144,1.86808575570306
3724,3724,3724,2.206666666666668,1.9226367589837488,1.86808575570306
3725,3725,3725,2.208333333333334,1.9218738078889144,1.8684672312504769
3726,3726,3726,2.21,1.921492332341497,1.8688487067978945
3727,3727,3727,2.211666666666668,1.921492332341497,1.8692301823453117
3728,3728,3728,2.213333333333334,1.9218738078889144,1.8688487067978945
3729,3729,3729,2.2150000000000025,1.9218738078889144,1.8688487067978945
3730,3730,3730,2.2166666666666677,1.9218738078889144,1.8688487067978945
3731,3731,3731,2.2183333333333337,1.9218738078889144,1.8688487067978945
3732,3732,3732,2.2200000000000015,1.9222552834363318,1.8688487067978945
3733,3733,3733,2.2216666666666676,1.9222552834363318,1.8688487067978945
3734,3734,3734,2.2233333333333336,1.9222552834363318,1.8688487067978945
3735,3735,3735,2.2250000000000005,1.9218738078889144,1.8692301823453117
3736,3736,3736,2.2266666666666675,1.9226367589837488,1.8688487067978945
3737,3737,3737,2.2283333333333335,1.9226367589837488,1.8688487067978945
3738,3738,3738,2.2300000000000004,1.9226367589837488,1.869611657892729
3739,3739,3739,2.2316666666666674,1.9230182345311664,1.8692301823453117
3740,3740,3740,2.2333333333333325,1.9226367589837488,1.869611657892729
3741,3741,3741,2.2350000000000003,1.923399710078584,1.870374608987564
3742,3742,3742,2.2366666666666672,1.923399710078584,1.8707560845349809
3743,3743,3743,2.238333333333334,1.9237811856260008,1.8707560845349809
3744,3744,3744,2.24,1.9230182345311664,1.870374608987564
3745,3745,3745,2.241666666666667,1.9226367589837488,1.8707560845349809
3746,3746,3746,2.243333333333334,1.9230182345311664,1.8711375600823987
3747,3747,3747,2.245,1.9230182345311664,1.8711375600823987
3748,3748,3748,2.246666666666667,1.9222552834363318,1.8715190356298161
3749,3749,3749,2.248333333333334,1.921492332341497,1.872281986724651
3750,3750,3750,2.25,1.9211108567940802,1.8726634622720684
3751,3751,3751,2.251666666666668,1.9218738078889144,1.8726634622720684
3752,3752,3752,2.253333333333334,1.921492332341497,1.8726634622720684
3753,3753,3753,2.255000000000001,1.921492332341497,1.8726634622720684
3754,3754,3754,2.2566666666666677,1.921492332341497,1.8730449378194856
3755,3755,3755,2.2583333333333337,1.9203479056992447,1.8726634622720684
3756,3756,3756,2.2600000000000025,1.919966430151828,1.8730449378194856
3757,3757,3757,2.2616666666666676,1.919966430151828,1.8734264133669032
3758,3758,3758,2.2633333333333336,1.920729381246662,1.8738078889143208
3759,3759,3759,2.2650000000000015,1.919966430151828,1.8738078889143208
3760,3760,3760,2.2666666666666675,1.91958495460441,1.8734264133669032
3761,3761,3761,2.2683333333333335,1.919966430151828,1.8741893644617384
3762,3762,3762,2.2700000000000005,1.9203479056992447,1.874570840009156
3763,3763,3763,2.2716666666666674,1.91958495460441,1.874570840009156
3764,3764,3764,2.2733333333333325,1.919966430151828,1.8741893644617384
3765,3765,3765,2.2750000000000004,1.919966430151828,1.874570840009156
3766,3766,3766,2.2766666666666673,1.920729381246662,1.8749523155565728
3767,3767,3767,2.2783333333333324,1.920729381246662,1.8749523155565728
3768,3768,3768,2.2800000000000002,1.920729381246662,1.8753337911039905
3769,3769,3769,2.281666666666667,1.9211108567940802,1.8753337911039905
3770,3770,3770,2.283333333333334,1.920729381246662,1.8753337911039905
3771,3771,3771,2.285,1.9211108567940802,1.8753337911039905
3772,3772,3772,2.286666666666667,1.920729381246662,1.875715266651408
3773,3773,3773,2.288333333333334,1.9203479056992447,1.875715266651408
3774,3774,3774,2.29,1.9203479056992447,1.8753337911039905
3775,3775,3775,2.291666666666668,1.920729381246662,1.8749523155565728
3776,3776,3776,2.293333333333334,1.920729381246662,1.8753337911039905
3777,3777,3777,2.295000000000001,1.9211108567940802,1.875715266651408
3778,3778,3778,2.2966666666666677,1.920729381246662,1.875715266651408
3779,3779,3779,2.298333333333334,1.9211108567940802,1.875715266651408
3780,3780,3780,2.3000000000000025,1.9211108567940802,1.875715266651408
3781,3781,3781,2.3016666666666676,1.9211108567940802,1.8764782177462425
3782,3782,3782,2.3033333333333337,1.921492332341497,1.8764782177462425
3783,3783,3783,2.3050000000000015,1.920729381246662,1.875715266651408
3784,3784,3784,2.3066666666666684,1.9211108567940802,1.8760967421988248
3785,3785,3785,2.3083333333333336,1.921492332341497,1.8764782177462425
3786,3786,3786,2.3100000000000005,1.921492332341497,1.8764782177462425
3787,3787,3787,2.3116666666666674,1.9218738078889144,1.8764782177462425
3788,3788,3788,2.3133333333333335,1.9218738078889144,1.87685969329366
3789,3789,3789,2.3150000000000004,1.921492332341497,1.8772411688410773
3790,3790,3790,2.3166666666666673,1.921492332341497,1.878004119935912
3791,3791,3791,2.3183333333333325,1.9218738078889144,1.8783855954833293
3792,3792,3792,2.3200000000000003,1.9218738078889144,1.878004119935912
3793,3793,3793,2.321666666666667,1.921492332341497,1.878004119935912
3794,3794,3794,2.323333333333334,1.921492332341497,1.878004119935912
3795,3795,3795,2.325,1.9211108567940802,1.8783855954833293
3796,3796,3796,2.326666666666667,1.921492332341497,1.8783855954833293
3797,3797,3797,2.328333333333334,1.921492332341497,1.878004119935912
3798,3798,3798,2.33,1.9218738078889144,1.8776226443884951
3799,3799,3799,2.331666666666668,1.9222552834363318,1.8787670710307467
3800,3800,3800,2.333333333333334,1.9218738078889144,1.8787670710307467
3801,3801,3801,2.335,1.9218738078889144,1.8787670710307467
3802,3802,3802,2.336666666666668,1.9222552834363318,1.8787670710307467
3803,3803,3803,2.338333333333334,1.9230182345311664,1.8787670710307467
3804,3804,3804,2.3400000000000025,1.9241626611734188,1.8783855954833293
3805,3805,3805,2.3416666666666677,1.9241626611734188,1.878004119935912
3806,3806,3806,2.3433333333333337,1.9241626611734188,1.8783855954833293
3807,3807,3807,2.3450000000000015,1.9237811856260008,1.8783855954833293
3808,3808,3808,2.3466666666666676,1.9241626611734188,1.8783855954833293
3809,3809,3809,2.3483333333333336,1.9241626611734188,1.8783855954833293
3810,3810,3810,2.3500000000000005,1.9237811856260008,1.8783855954833293
3811,3811,3811,2.3516666666666675,1.9241626611734188,1.8783855954833293
3812,3812,3812,2.3533333333333335,1.9241626611734188,1.8783855954833293
3813,3813,3813,2.3550000000000004,1.9245441367208358,1.8787670710307467
3814,3814,3814,2.3566666666666674,1.9245441367208358,1.8787670710307467
3815,3815,3815,2.3583333333333325,1.925307087815671,1.8787670710307467
3816,3816,3816,2.3600000000000003,1.9256885633630885,1.8787670710307467
3817,3817,3817,2.3616666666666672,1.925307087815671,1.8791485465781643
3818,3818,3818,2.363333333333334,1.9260700389105057,1.8791485465781643
3819,3819,3819,2.365,1.925307087815671,1.8791485465781643
3820,3820,3820,2.366666666666667,1.925307087815671,1.8791485465781643
3821,3821,3821,2.368333333333334,1.925307087815671,1.8787670710307467
3822,3822,3822,2.37,1.925307087815671,1.8787670710307467
3823,3823,3823,2.371666666666667,1.9249256122682536,1.8787670710307467
3824,3824,3824,2.373333333333334,1.925307087815671,1.8787670710307467
3825,3825,3825,2.375,1.9264515144579235,1.8787670710307467
3826,3826,3826,2.376666666666668,1.9264515144579235,1.8787670710307467
3827,3827,3827,2.378333333333334,1.9256885633630885,1.8787670710307467
3828,3828,3828,2.380000000000001,1.9256885633630885,1.8791485465781643
3829,3829,3829,2.3816666666666677,1.9256885633630885,1.8791485465781643
3830,3830,3830,2.3833333333333337,1.9264515144579235,1.8791485465781643
3831,3831,3831,2.3850000000000025,1.9264515144579235,1.8787670710307467
3832,3832,3832,2.3866666666666676,1.9264515144579235,1.8787670710307467
3833,3833,3833,2.3883333333333336,1.9264515144579235,1.8791485465781643
3834,3834,3834,2.3900000000000015,1.9264515144579235,1.8795300221255813
3835,3835,3835,2.3916666666666675,1.9260700389105057,1.8795300221255813
3836,3836,3836,2.3933333333333335,1.9268329900053407,1.8799114976729991
3837,3837,3837,2.3950000000000005,1.9272144655527577,1.8795300221255813
3838,3838,3838,2.3966666666666674,1.9264515144579235,1.8799114976729991
3839,3839,3839,2.3983333333333325,1.9264515144579235,1.8802929732204168
3840,3840,3840,2.4000000000000004,1.9264515144579235,1.8799114976729991
3841,3841,3841,2.4016666666666673,1.9272144655527577,1.8799114976729991
3842,3842,3842,2.4033333333333324,1.9272144655527577,1.8799114976729991
3843,3843,3843,2.4050000000000002,1.9279774166475927,1.8799114976729991
3844,3844,3844,2.406666666666667,1.9279774166475927,1.8795300221255813
3845,3845,3845,2.408333333333334,1.9283588921950103,1.8799114976729991
3846,3846,3846,2.41,1.9283588921950103,1.8799114976729991
3847,3847,3847,2.411666666666667,1.9283588921950103,1.8802929732204168
3848,3848,3848,2.413333333333334,1.9279774166475927,1.8802929732204168
3849,3849,3849,2.415,1.9287403677424282,1.8799114976729991
3850,3850,3850,2.416666666666668,1.9279774166475927,1.8795300221255813
3851,3851,3851,2.418333333333334,1.9283588921950103,1.880674448767834
3852,3852,3852,2.420000000000001,1.9287403677424282,1.881055924315252
3853,3853,3853,2.4216666666666677,1.9283588921950103,1.8814373998626688
3854,3854,3854,2.423333333333334,1.9287403677424282,1.8814373998626688
3855,3855,3855,2.4250000000000025,1.9291218432898447,1.881055924315252
3856,3856,3856,2.4266666666666676,1.9291218432898447,1.881055924315252
3857,3857,3857,2.4283333333333337,1.9291218432898447,1.881055924315252
3858,3858,3858,2.4300000000000015,1.9287403677424282,1.881055924315252
3859,3859,3859,2.4316666666666684,1.9287403677424282,1.881055924315252
3860,3860,3860,2.4333333333333336,1.9291218432898447,1.880674448767834
3861,3861,3861,2.4350000000000005,1.9295033188372623,1.881055924315252
3862,3862,3862,2.4366666666666674,1.9291218432898447,1.881055924315252
3863,3863,3863,2.4383333333333335,1.9291218432898447,1.8814373998626688
3864,3864,3864,2.4400000000000004,1.9295033188372623,1.8818188754100864
3865,3865,3865,2.4416666666666673,1.9291218432898447,1.8822003509575043
3866,3866,3866,2.4433333333333325,1.9291218432898447,1.8822003509575043
3867,3867,3867,2.4450000000000003,1.92988479438468,1.8822003509575043
3868,3868,3868,2.446666666666667,1.9295033188372623,1.8822003509575043
3869,3869,3869,2.448333333333334,1.9295033188372623,1.8818188754100864
3870,3870,3870,2.45,1.9291218432898447,1.8814373998626688
3871,3871,3871,2.451666666666667,1.9291218432898447,1.8814373998626688
3872,3872,3872,2.453333333333334,1.9295033188372623,1.8818188754100864
3873,3873,3873,2.455,1.9295033188372623,1.882581826504921
3874,3874,3874,2.456666666666668,1.9295033188372623,1.8829633020523384
3875,3875,3875,2.458333333333334,1.9287403677424282,1.882581826504921
3876,3876,3876,2.460000000000001,1.9295033188372623,1.8822003509575043
3877,3877,3877,2.461666666666668,1.9302662699320967,1.8822003509575043
3878,3878,3878,2.463333333333334,1.9302662699320967,1.882581826504921
3879,3879,3879,2.4650000000000025,1.92988479438468,1.8829633020523384
3880,3880,3880,2.4666666666666677,1.9295033188372623,1.882581826504921
3881,3881,3881,2.4683333333333337,1.9291218432898447,1.882581826504921
3882,3882,3882,2.4700000000000015,1.9295033188372623,1.8829633020523384
3883,3883,3883,2.4716666666666676,1.9295033188372623,1.882581826504921
3884,3884,3884,2.4733333333333336,1.92988479438468,1.8829633020523384
3885,3885,3885,2.4750000000000005,1.9302662699320967,1.8833447775997558
3886,3886,3886,2.4766666666666675,1.9295033188372623,1.8833447775997558
3887,3887,3887,2.4783333333333335,1.92988479438468,1.882581826504921
3888,3888,3888,2.4800000000000004,1.92988479438468,1.8829633020523384
3889,3889,3889,2.4816666666666674,1.9302662699320967,1.8833447775997558
3890,3890,3890,2.4833333333333325,1.92988479438468,1.8837262531471728
3891,3891,3891,2.4850000000000003,1.92988479438468,1.8841077286945904
3892,3892,3892,2.4866666666666672,1.92988479438468,1.8841077286945904
3893,3893,3893,2.488333333333334,1.9295033188372623,1.8848706797894248
3894,3894,3894,2.49,1.9295033188372623,1.884489204242008
3895,3895,3895,2.491666666666667,1.9295033188372623,1.884489204242008
3896,3896,3896,2.493333333333334,1.9302662699320967,1.884489204242008
3897,3897,3897,2.495,1.9306477454795148,1.8848706797894248
3898,3898,3898,2.496666666666667,1.9302662699320967,1.8848706797894248
3899,3899,3899,2.498333333333334,1.9302662699320967,1.8852521553368429
3900,3900,3900,2.5,1.9302662699320967,1.8852521553368429
3901,3901,3901,2.501666666666668,1.9302662699320967,1.8852521553368429
3902,3902,3902,2.503333333333334,1.92988479438468,1.8860151064316777
3903,3903,3903,2.505000000000001,1.92988479438468,1.886396581979095
3904,3904,3904,2.5066666666666677,1.9302662699320967,1.8867780575265125
3905,3905,3905,2.5083333333333337,1.9302662699320967,1.8867780575265125
3906,3906,3906,2.5100000000000025,1.931029221026932,1.8867780575265125
3907,3907,3907,2.5116666666666676,1.9302662699320967,1.886396581979095
3908,3908,3908,2.5133333333333336,1.9302662699320967,1.88715953307393
3909,3909,3909,2.5150000000000015,1.931029221026932,1.8875410086213475
3910,3910,3910,2.5166666666666675,1.931029221026932,1.8875410086213475
3911,3911,3911,2.5183333333333335,1.9314106965743496,1.88715953307393
3912,3912,3912,2.5200000000000005,1.931029221026932,1.8875410086213475
3913,3913,3913,2.5216666666666674,1.9306477454795148,1.8875410086213475
3914,3914,3914,2.5233333333333325,1.9306477454795148,1.8875410086213475
3915,3915,3915,2.5250000000000004,1.9314106965743496,1.8875410086213475
3916,3916,3916,2.5266666666666673,1.9314106965743496,1.8883039597161817
3917,3917,3917,2.5283333333333324,1.9306477454795148,1.8875410086213475
3918,3918,3918,2.5300000000000002,1.9317921721217668,1.8875410086213475
3919,3919,3919,2.531666666666667,1.9317921721217668,1.8879224841687647
3920,3920,3920,2.533333333333334,1.9317921721217668,1.8879224841687647
3921,3921,3921,2.535,1.9317921721217668,1.8879224841687647
3922,3922,3922,2.536666666666667,1.9317921721217668,1.8879224841687647
3923,3923,3923,2.538333333333334,1.9317921721217668,1.8875410086213475
3924,3924,3924,2.54,1.9321736476691844,1.8875410086213475
3925,3925,3925,2.541666666666668,1.9317921721217668,1.8883039597161817
3926,3926,3926,2.543333333333334,1.9329365987640192,1.889066910811017
3927,3927,3927,2.545000000000001,1.9329365987640192,1.889066910811017
3928,3928,3928,2.5466666666666677,1.9329365987640192,1.8883039597161817
3929,3929,3929,2.548333333333334,1.9329365987640192,1.8879224841687647
3930,3930,3930,2.5500000000000025,1.9325551232166016,1.8879224841687647
3931,3931,3931,2.5516666666666676,1.9325551232166016,1.8883039597161817
3932,3932,3932,2.5533333333333337,1.9333180743114369,1.8883039597161817
3933,3933,3933,2.5550000000000015,1.9333180743114369,1.889066910811017
3934,3934,3934,2.5566666666666675,1.9333180743114369,1.889066910811017
3935,3935,3935,2.5583333333333336,1.933699549858854,1.8886854352636
3936,3936,3936,2.5600000000000005,1.9333180743114369,1.889066910811017
3937,3937,3937,2.5616666666666674,1.9333180743114369,1.8894483863584344
3938,3938,3938,2.5633333333333335,1.933699549858854,1.8894483863584344
3939,3939,3939,2.5650000000000004,1.933699549858854,1.8894483863584344
3940,3940,3940,2.5666666666666673,1.9333180743114369,1.8886854352636
3941,3941,3941,2.5683333333333325,1.9329365987640192,1.8886854352636
3942,3942,3942,2.5700000000000003,1.9333180743114369,1.8886854352636
3943,3943,3943,2.571666666666667,1.933699549858854,1.889066910811017
3944,3944,3944,2.573333333333334,1.933699549858854,1.889066910811017
3945,3945,3945,2.575,1.933699549858854,1.8894483863584344
3946,3946,3946,2.576666666666667,1.933699549858854,1.8894483863584344
3947,3947,3947,2.578333333333334,1.934081025406272,1.8894483863584344
3948,3948,3948,2.58,1.9344625009536889,1.8894483863584344
3949,3949,3949,2.581666666666668,1.9348439765011065,1.8894483863584344
3950,3950,3950,2.583333333333334,1.9348439765011065,1.889066910811017
3951,3951,3951,2.585000000000001,1.9359884031433583,1.889066910811017
3952,3952,3952,2.586666666666668,1.9356069275959409,1.8894483863584344
3953,3953,3953,2.588333333333334,1.935225452048524,1.8894483863584344
3954,3954,3954,2.5900000000000025,1.935225452048524,1.8898298619058516
3955,3955,3955,2.5916666666666677,1.9348439765011065,1.8894483863584344
3956,3956,3956,2.5933333333333337,1.9348439765011065,1.8894483863584344
3957,3957,3957,2.5950000000000015,1.935225452048524,1.8894483863584344
3958,3958,3958,2.5966666666666676,1.9359884031433583,1.8902113374532687
3959,3959,3959,2.5983333333333336,1.936751354238193,1.8902113374532687
3960,3960,3960,2.6000000000000005,1.936751354238193,1.8902113374532687
3961,3961,3961,2.6016666666666675,1.9371328297856107,1.8898298619058516
3962,3962,3962,2.6033333333333335,1.9375143053330282,1.8898298619058516
3963,3963,3963,2.6050000000000004,1.9375143053330282,1.8902113374532687
3964,3964,3964,2.6066666666666674,1.9375143053330282,1.8902113374532687
3965,3965,3965,2.6083333333333325,1.9375143053330282,1.8898298619058516
3966,3966,3966,2.6100000000000003,1.9378957808804456,1.8902113374532687
3967,3967,3967,2.6116666666666672,1.9375143053330282,1.8905928130006864
3968,3968,3968,2.613333333333334,1.9371328297856107,1.8905928130006864
3969,3969,3969,2.615,1.9371328297856107,1.8905928130006864
3970,3970,3970,2.616666666666667,1.9375143053330282,1.8902113374532687
3971,3971,3971,2.618333333333334,1.9375143053330282,1.8905928130006864
3972,3972,3972,2.62,1.9371328297856107,1.890974288548104
3973,3973,3973,2.621666666666667,1.9371328297856107,1.890974288548104
3974,3974,3974,2.623333333333334,1.9375143053330282,1.8913557640955208
3975,3975,3975,2.625,1.9371328297856107,1.8917372396429388
3976,3976,3976,2.626666666666668,1.9378957808804456,1.8917372396429388
3977,3977,3977,2.628333333333334,1.938277256427863,1.8917372396429388
3978,3978,3978,2.630000000000001,1.938277256427863,1.8913557640955208
3979,3979,3979,2.6316666666666677,1.9386587319752804,1.8913557640955208
3980,3980,3980,2.6333333333333337,1.9378957808804456,1.8917372396429388
3981,3981,3981,2.6350000000000025,1.9378957808804456,1.8917372396429388
3982,3982,3982,2.6366666666666676,1.938277256427863,1.892118715190356
3983,3983,3983,2.6383333333333336,1.9378957808804456,1.8925001907377736
3984,3984,3984,2.6400000000000015,1.9375143053330282,1.8925001907377736
3985,3985,3985,2.6416666666666675,1.938277256427863,1.892118715190356
3986,3986,3986,2.6433333333333335,1.9386587319752804,1.892118715190356
3987,3987,3987,2.6450000000000005,1.938277256427863,1.892118715190356
3988,3988,3988,2.6466666666666674,1.9378957808804456,1.8925001907377736
3989,3989,3989,2.6483333333333325,1.938277256427863,1.892118715190356
3990,3990,3990,2.6500000000000004,1.9386587319752804,1.8917372396429388
3991,3991,3991,2.6516666666666673,1.9386587319752804,1.892118715190356
3992,3992,3992,2.6533333333333324,1.9386587319752804,1.8925001907377736
3993,3993,3993,2.6550000000000002,1.9390402075226976,1.8925001907377736
3994,3994,3994,2.656666666666667,1.9394216830701152,1.8925001907377736
3995,3995,3995,2.658333333333334,1.9386587319752804,1.8925001907377736
3996,3996,3996,2.66,1.9398031586175328,1.8928816662851908
3997,3997,3997,2.661666666666667,1.9398031586175328,1.8932631418326085
3998,3998,3998,2.663333333333334,1.9390402075226976,1.8932631418326085
3999,3999,3999,2.665,1.9394216830701152,1.8936446173800257
4000,4000,4000,2.666666666666668,1.9398031586175328,1.8932631418326085
4001,4001,4001,2.668333333333334,1.9398031586175328,1.8932631418326085
4002,4002,4002,2.670000000000001,1.9398031586175328,1.8928816662851908
4003,4003,4003,2.6716666666666677,1.94018463416495,1.8928816662851908
4004,4004,4004,2.673333333333334,1.9398031586175328,1.8925001907377736
4005,4005,4005,2.6750000000000025,1.9398031586175328,1.892118715190356
4006,4006,4006,2.6766666666666676,1.9398031586175328,1.8928816662851908
4007,4007,4007,2.6783333333333337,1.94018463416495,1.8932631418326085
4008,4008,4008,2.6800000000000015,1.9398031586175328,1.8940260929274435
4009,4009,4009,2.6816666666666675,1.94018463416495,1.8936446173800257
4010,4010,4010,2.6833333333333336,1.9398031586175328,1.8940260929274435
4011,4011,4011,2.6850000000000005,1.94018463416495,1.8944075684748607
4012,4012,4012,2.6866666666666674,1.94018463416495,1.8944075684748607
4013,4013,4013,2.6883333333333335,1.9398031586175328,1.8944075684748607
4014,4014,4014,2.6900000000000004,1.94018463416495,1.8944075684748607
4015,4015,4015,2.6916666666666673,1.940566109712368,1.8940260929274435
4016,4016,4016,2.6933333333333325,1.940566109712368,1.8940260929274435
4017,4017,4017,2.6950000000000003,1.94018463416495,1.8940260929274435
4018,4018,4018,2.696666666666667,1.940566109712368,1.8944075684748607
4019,4019,4019,2.698333333333334,1.9409475852597848,1.8944075684748607
4020,4020,4020,2.7,1.94018463416495,1.8936446173800257
4021,4021,4021,2.701666666666667,1.9409475852597848,1.8936446173800257
4022,4022,4022,2.703333333333334,1.9413290608072025,1.8944075684748607
4023,4023,4023,2.705,1.9409475852597848,1.8944075684748607
4024,4024,4024,2.706666666666668,1.9409475852597848,1.8944075684748607
4025,4025,4025,2.708333333333334,1.940566109712368,1.8944075684748607
4026,4026,4026,2.710000000000001,1.940566109712368,1.894789044022278
4027,4027,4027,2.711666666666668,1.940566109712368,1.8951705195696955
4028,4028,4028,2.713333333333334,1.94018463416495,1.894789044022278
4029,4029,4029,2.7150000000000025,1.94018463416495,1.8944075684748607
4030,4030,4030,2.7166666666666677,1.940566109712368,1.894789044022278
4031,4031,4031,2.7183333333333337,1.9409475852597848,1.894789044022278
4032,4032,4032,2.7200000000000015,1.9413290608072025,1.8940260929274435
4033,4033,4033,2.7216666666666676,1.94171053635462,1.894789044022278
4034,4034,4034,2.7233333333333336,1.94171053635462,1.8951705195696955
4035,4035,4035,2.7250000000000005,1.9413290608072025,1.894789044022278
4036,4036,4036,2.7266666666666675,1.9409475852597848,1.894789044022278
4037,4037,4037,2.7283333333333335,1.9409475852597848,1.894789044022278
4038,4038,4038,2.7300000000000004,1.9413290608072025,1.8951705195696955
4039,4039,4039,2.7316666666666674,1.9413290608072025,1.8951705195696955
4040,4040,4040,2.7333333333333325,1.9413290608072025,1.8951705195696955
4041,4041,4041,2.7350000000000003,1.9413290608072025,1.8951705195696955
4042,4042,4042,2.7366666666666672,1.9413290608072025,1.8951705195696955
4043,4043,4043,2.738333333333334,1.9413290608072025,1.895551995117113
4044,4044,4044,2.74,1.9413290608072025,1.895551995117113
4045,4045,4045,2.741666666666667,1.9413290608072025,1.895551995117113
4046,4046,4046,2.743333333333334,1.942092011902037,1.895551995117113
4047,4047,4047,2.745,1.9424734874494545,1.8951705195696955
4048,4048,4048,2.746666666666667,1.942092011902037,1.895551995117113
4049,4049,4049,2.748333333333334,1.9424734874494545,1.8959334706645303
4050,4050,4050,2.75,1.9424734874494545,1.895551995117113
4051,4051,4051,2.751666666666668,1.9428549629968717,1.8959334706645303
4052,4052,4052,2.753333333333334,1.9428549629968717,1.8959334706645303
4053,4053,4053,2.755000000000001,1.9424734874494545,1.8959334706645303
4054,4054,4054,2.7566666666666677,1.9428549629968717,1.8959334706645303
4055,4055,4055,2.7583333333333337,1.9432364385442893,1.8959334706645303
4056,4056,4056,2.7600000000000025,1.9428549629968717,1.8963149462119482
4057,4057,4057,2.7616666666666676,1.9428549629968717,1.8970778973067823
4058,4058,4058,2.7633333333333336,1.9428549629968717,1.8966964217593647
4059,4059,4059,2.7650000000000015,1.9432364385442893,1.8970778973067823
4060,4060,4060,2.7666666666666675,1.9432364385442893,1.8978408484016167
4061,4061,4061,2.7683333333333335,1.9432364385442893,1.8966964217593647
4062,4062,4062,2.7700000000000005,1.9428549629968717,1.8970778973067823
4063,4063,4063,2.7716666666666674,1.9432364385442893,1.8978408484016167
4064,4064,4064,2.7733333333333325,1.9436179140917067,1.8978408484016167
4065,4065,4065,2.7750000000000004,1.9432364385442893,1.8978408484016167
4066,4066,4066,2.7766666666666673,1.9432364385442893,1.8978408484016167
4067,4067,4067,2.7783333333333324,1.9432364385442893,1.8982223239490348
4068,4068,4068,2.7800000000000002,1.9432364385442893,1.8982223239490348
4069,4069,4069,2.781666666666667,1.9432364385442893,1.8982223239490348
4070,4070,4070,2.783333333333334,1.9432364385442893,1.8989852750438696
4071,4071,4071,2.785,1.9432364385442893,1.898603799496452
4072,4072,4072,2.786666666666667,1.9436179140917067,1.898603799496452
4073,4073,4073,2.788333333333334,1.943999389639124,1.8982223239490348
4074,4074,4074,2.79,1.9436179140917067,1.8978408484016167
4075,4075,4075,2.791666666666668,1.9436179140917067,1.8978408484016167
4076,4076,4076,2.793333333333334,1.943999389639124,1.8978408484016167
4077,4077,4077,2.795000000000001,1.9443808651865413,1.8978408484016167
4078,4078,4078,2.7966666666666677,1.943999389639124,1.8978408484016167
4079,4079,4079,2.798333333333334,1.9443808651865413,1.898603799496452
4080,4080,4080,2.8000000000000025,1.9451438162813763,1.898603799496452
4081,4081,4081,2.8016666666666676,1.9451438162813763,1.8989852750438696
4082,4082,4082,2.8033333333333337,1.9451438162813763,1.8989852750438696
4083,4083,4083,2.8050000000000015,1.9455252918287933,1.898603799496452
4084,4084,4084,2.8066666666666675,1.9451438162813763,1.8989852750438696
4085,4085,4085,2.8083333333333336,1.9451438162813763,1.898603799496452
4086,4086,4086,2.8100000000000005,1.9455252918287933,1.8989852750438696
4087,4087,4087,2.8116666666666674,1.9451438162813763,1.8989852750438696
4088,4088,4088,2.8133333333333335,1.9451438162813763,1.8989852750438696
4089,4089,4089,2.8150000000000004,1.9459067673762112,1.8989852750438696
4090,4090,4090,2.8166666666666673,1.9447623407339591,1.898603799496452
4091,4091,4091,2.8183333333333325,1.9451438162813763,1.898603799496452
4092,4092,4092,2.8200000000000003,1.9455252918287933,1.8989852750438696
4093,4093,4093,2.821666666666667,1.9462882429236288,1.898603799496452
4094,4094,4094,2.823333333333334,1.9459067673762112,1.898603799496452
4095,4095,4095,2.825,1.9455252918287933,1.8993667505912868
4096,4096,4096,2.826666666666667,1.9455252918287933,1.8993667505912868
4097,4097,4097,2.828333333333334,1.9451438162813763,1.8993667505912868
4098,4098,4098,2.83,1.9451438162813763,1.8997482261387044
4099,4099,4099,2.831666666666668,1.9455252918287933,1.8997482261387044
4100,4100,4100,2.833333333333334,1.9459067673762112,1.8997482261387044
4101,4101,4101,2.835000000000001,1.9462882429236288,1.8997482261387044
4102,4102,4102,2.836666666666668,1.9466697184710455,1.9001297016861216
4103,4103,4103,2.838333333333334,1.9459067673762112,1.9005111772335392
4104,4104,4104,2.8400000000000025,1.9462882429236288,1.9001297016861216
4105,4105,4105,2.8416666666666677,1.9462882429236288,1.8997482261387044
4106,4106,4106,2.8433333333333337,1.9462882429236288,1.9001297016861216
4107,4107,4107,2.8450000000000015,1.947051194018464,1.9001297016861216
4108,4108,4108,2.8466666666666676,1.947051194018464,1.9005111772335392
4109,4109,4109,2.8483333333333336,1.9474326695658808,1.9005111772335392
4110,4110,4110,2.8500000000000005,1.9462882429236288,1.9001297016861216
4111,4111,4111,2.8516666666666675,1.9466697184710455,1.9008926527809569
4112,4112,4112,2.8533333333333335,1.9474326695658808,1.9005111772335392
4113,4113,4113,2.8550000000000004,1.9474326695658808,1.9008926527809569
4114,4114,4114,2.8566666666666674,1.9478141451132984,1.9001297016861216
4115,4115,4115,2.8583333333333325,1.9474326695658808,1.9001297016861216
4116,4116,4116,2.8600000000000003,1.9478141451132984,1.9005111772335392
4117,4117,4117,2.8616666666666672,1.9478141451132984,1.9001297016861216
4118,4118,4118,2.863333333333334,1.9466697184710455,1.9005111772335392
4119,4119,4119,2.865,1.9459067673762112,1.9001297016861216
4120,4120,4120,2.866666666666667,1.9451438162813763,1.9001297016861216
4121,4121,4121,2.868333333333334,1.9443808651865413,1.9005111772335392
4122,4122,4122,2.87,1.9436179140917067,1.9005111772335392
4123,4123,4123,2.871666666666667,1.9424734874494545,1.9001297016861216
4124,4124,4124,2.873333333333334,1.9413290608072025,1.9005111772335392
4125,4125,4125,2.875,1.940566109712368,1.9005111772335392
4126,4126,4126,2.876666666666668,1.94018463416495,1.9005111772335392
4127,4127,4127,2.878333333333334,1.9398031586175328,1.9005111772335392
4128,4128,4128,2.880000000000001,1.9394216830701152,1.9008926527809569
4129,4129,4129,2.8816666666666677,1.9386587319752804,1.901274128328374
4130,4130,4130,2.8833333333333337,1.9378957808804456,1.901274128328374
4131,4131,4131,2.8850000000000025,1.938277256427863,1.901274128328374
4132,4132,4132,2.8866666666666676,1.938277256427863,1.901274128328374
4133,4133,4133,2.8883333333333336,1.938277256427863,1.901274128328374
4134,4134,4134,2.8900000000000015,1.938277256427863,1.901655603875792
4135,4135,4135,2.8916666666666675,1.938277256427863,1.901274128328374
4136,4136,4136,2.8933333333333335,1.938277256427863,1.901274128328374
4137,4137,4137,2.8950000000000005,1.9386587319752804,1.901655603875792
4138,4138,4138,2.8966666666666674,1.9386587319752804,1.901655603875792
4139,4139,4139,2.8983333333333325,1.9386587319752804,1.901274128328374
4140,4140,4140,2.9000000000000004,1.9390402075226976,1.901274128328374
4141,4141,4141,2.9016666666666673,1.9394216830701152,1.9024185549706265
4142,4142,4142,2.9033333333333324,1.9394216830701152,1.9024185549706265
4143,4143,4143,2.9050000000000002,1.9386587319752804,1.9020370794232089
4144,4144,4144,2.906666666666667,1.9386587319752804,1.901655603875792
4145,4145,4145,2.908333333333334,1.9386587319752804,1.901655603875792
4146,4146,4146,2.91,1.9394216830701152,1.901655603875792
4147,4147,4147,2.911666666666667,1.9398031586175328,1.901274128328374
4148,4148,4148,2.913333333333334,1.9390402075226976,1.901655603875792
4149,4149,4149,2.915,1.9390402075226976,1.9020370794232089
4150,4150,4150,2.916666666666668,1.9394216830701152,1.9024185549706265
4151,4151,4151,2.918333333333334,1.9398031586175328,1.9020370794232089
4152,4152,4152,2.920000000000001,1.9390402075226976,1.9020370794232089
4153,4153,4153,2.9216666666666677,1.9398031586175328,1.9024185549706265
4154,4154,4154,2.923333333333334,1.94018463416495,1.9024185549706265
4155,4155,4155,2.9250000000000025,1.94018463416495,1.9024185549706265
4156,4156,4156,2.9266666666666676,1.940566109712368,1.902800030518044
4157,4157,4157,2.9283333333333337,1.9398031586175328,1.903181506065461
4158,4158,4158,2.9300000000000015,1.9398031586175328,1.9024185549706265
4159,4159,4159,2.9316666666666675,1.9398031586175328,1.902800030518044
4160,4160,4160,2.9333333333333336,1.94018463416495,1.9024185549706265
4161,4161,4161,2.9350000000000005,1.940566109712368,1.902800030518044
4162,4162,4162,2.9366666666666674,1.9409475852597848,1.903181506065461
4163,4163,4163,2.9383333333333335,1.9413290608072025,1.902800030518044
4164,4164,4164,2.9400000000000004,1.940566109712368,1.9020370794232089
4165,4165,4165,2.9416666666666673,1.9413290608072025,1.9024185549706265
4166,4166,4166,2.9433333333333325,1.9409475852597848,1.901655603875792
4167,4167,4167,2.9450000000000003,1.940566109712368,1.9008926527809569
4168,4168,4168,2.946666666666667,1.940566109712368,1.9001297016861216
4169,4169,4169,2.948333333333334,1.9409475852597848,1.8993667505912868
4170,4170,4170,2.95,1.940566109712368,1.898603799496452
4171,4171,4171,2.951666666666667,1.940566109712368,1.8978408484016167
4172,4172,4172,2.953333333333334,1.940566109712368,1.8966964217593647
4173,4173,4173,2.955,1.94018463416495,1.895551995117113
4174,4174,4174,2.956666666666668,1.940566109712368,1.895551995117113
4175,4175,4175,2.958333333333334,1.94018463416495,1.8951705195696955
4176,4176,4176,2.960000000000001,1.94018463416495,1.8944075684748607
4177,4177,4177,2.961666666666668,1.94018463416495,1.8940260929274435
4178,4178,4178,2.963333333333334,1.94018463416495,1.8932631418326085
4179,4179,4179,2.9650000000000025,1.94018463416495,1.8932631418326085
4180,4180,4180,2.9666666666666677,1.9398031586175328,1.8932631418326085
4181,4181,4181,2.9683333333333337,1.940566109712368,1.8928816662851908
4182,4182,4182,2.9700000000000015,1.94018463416495,1.8928816662851908
4183,4183,4183,2.9716666666666676,1.9398031586175328,1.8932631418326085
4184,4184,4184,2.9733333333333336,1.94018463416495,1.8932631418326085
4185,4185,4185,2.9750000000000005,1.9398031586175328,1.8928816662851908
4186,4186,4186,2.9766666666666675,1.9398031586175328,1.8932631418326085
4187,4187,4187,2.9783333333333335,1.9398031586175328,1.8932631418326085
4188,4188,4188,2.9800000000000004,1.9398031586175328,1.8936446173800257
4189,4189,4189,2.9816666666666674,1.94018463416495,1.8936446173800257
4190,4190,4190,2.9833333333333325,1.94018463416495,1.8936446173800257
4191,4191,4191,2.9850000000000003,1.9394216830701152,1.8936446173800257
4192,4192,4192,2.9866666666666672,1.9394216830701152,1.8932631418326085
4193,4193,4193,2.988333333333334,1.94018463416495,1.8932631418326085
4194,4194,4194,2.99,1.9394216830701152,1.8936446173800257
4195,4195,4195,2.991666666666667,1.9390402075226976,1.8944075684748607
4196,4196,4196,2.993333333333334,1.9394216830701152,1.8936446173800257
4197,4197,4197,2.995,1.9390402075226976,1.8932631418326085
4198,4198,4198,2.996666666666667,1.9394216830701152,1.8936446173800257
4199,4199,4199,2.998333333333334,1.9394216830701152,1.8940260929274435
4200,4200,4200,3.000000000000001,1.9386587319752804,1.8936446173800257
4201,4201,4201,3.001666666666668,1.9394216830701152,1.8940260929274435
4202,4202,4202,3.003333333333334,1.9398031586175328,1.8944075684748607
4203,4203,4203,3.005000000000001,1.9398031586175328,1.894789044022278
4204,4204,4204,3.0066666666666677,1.9398031586175328,1.894789044022278
4205,4205,4205,3.0083333333333337,1.9394216830701152,1.894789044022278
4206,4206,4206,3.0100000000000025,1.9386587319752804,1.8940260929274435
4207,4207,4207,3.0116666666666676,1.9386587319752804,1.8940260929274435
4208,4208,4208,3.0133333333333336,1.9390402075226976,1.8944075684748607
4209,4209,4209,3.0150000000000015,1.9390402075226976,1.894789044022278
4210,4210,4210,3.0166666666666675,1.9394216830701152,1.894789044022278
4211,4211,4211,3.0183333333333335,1.9394216830701152,1.8951705195696955
4212,4212,4212,3.0200000000000005,1.9394216830701152,1.8951705195696955
4213,4213,4213,3.0216666666666674,1.94018463416495,1.894789044022278
4214,4214,4214,3.0233333333333325,1.9398031586175328,1.8951705195696955
4215,4215,4215,3.0250000000000004,1.9398031586175328,1.8944075684748607
4216,4216,4216,3.0266666666666673,1.94018463416495,1.8936446173800257
4217,4217,4217,3.0283333333333324,1.94018463416495,1.8932631418326085
4218,4218,4218,3.0300000000000002,1.9398031586175328,1.8928816662851908
4219,4219,4219,3.031666666666667,1.9398031586175328,1.892118715190356
4220,4220,4220,3.033333333333334,1.9398031586175328,1.8905928130006864
4221,4221,4221,3.035,1.940566109712368,1.8894483863584344
4222,4222,4222,3.036666666666667,1.940566109712368,1.8886854352636
4223,4223,4223,3.038333333333334,1.940566109712368,1.8875410086213475
4224,4224,4224,3.04,1.940566109712368,1.8856336308842605
4225,4225,4225,3.041666666666668,1.940566109712368,1.8848706797894248
4226,4226,4226,3.043333333333334,1.940566109712368,1.884489204242008
4227,4227,4227,3.045000000000001,1.9409475852597848,1.884489204242008
4228,4228,4228,3.0466666666666677,1.9409475852597848,1.8841077286945904
4229,4229,4229,3.048333333333334,1.9413290608072025,1.8841077286945904
4230,4230,4230,3.0500000000000025,1.9413290608072025,1.8841077286945904
4231,4231,4231,3.0516666666666676,1.94171053635462,1.8841077286945904
4232,4232,4232,3.0533333333333337,1.9424734874494545,1.8841077286945904
4233,4233,4233,3.0550000000000015,1.9432364385442893,1.8841077286945904
4234,4234,4234,3.0566666666666675,1.9428549629968717,1.8841077286945904
4235,4235,4235,3.0583333333333336,1.9424734874494545,1.8841077286945904
4236,4236,4236,3.0600000000000005,1.9424734874494545,1.8848706797894248
4237,4237,4237,3.0616666666666674,1.9428549629968717,1.8848706797894248
4238,4238,4238,3.0633333333333335,1.9424734874494545,1.8860151064316777
4239,4239,4239,3.0650000000000004,1.9428549629968717,1.8852521553368429
4240,4240,4240,3.0666666666666673,1.9432364385442893,1.8848706797894248
4241,4241,4241,3.0683333333333325,1.9432364385442893,1.8856336308842605
4242,4242,4242,3.0700000000000003,1.9436179140917067,1.8856336308842605
4243,4243,4243,3.071666666666667,1.943999389639124,1.8852521553368429
4244,4244,4244,3.073333333333334,1.943999389639124,1.8852521553368429
4245,4245,4245,3.075,1.943999389639124,1.8852521553368429
4246,4246,4246,3.076666666666667,1.9436179140917067,1.8852521553368429
4247,4247,4247,3.078333333333334,1.9436179140917067,1.8852521553368429
4248,4248,4248,3.08,1.9436179140917067,1.8848706797894248
4249,4249,4249,3.081666666666668,1.9436179140917067,1.8848706797894248
4250,4250,4250,3.083333333333334,1.9432364385442893,1.8856336308842605
4251,4251,4251,3.085000000000001,1.9428549629968717,1.8852521553368429
4252,4252,4252,3.086666666666668,1.9428549629968717,1.8852521553368429
4253,4253,4253,3.088333333333334,1.9424734874494545,1.8852521553368429
4254,4254,4254,3.0900000000000025,1.9428549629968717,1.884489204242008
4255,4255,4255,3.0916666666666677,1.9432364385442893,1.884489204242008
4256,4256,4256,3.0933333333333337,1.9436179140917067,1.884489204242008
4257,4257,4257,3.0950000000000015,1.9436179140917067,1.884489204242008
4258,4258,4258,3.0966666666666676,1.9436179140917067,1.8848706797894248
4259,4259,4259,3.0983333333333336,1.943999389639124,1.8848706797894248
4260,4260,4260,3.1000000000000005,1.9436179140917067,1.8841077286945904
4261,4261,4261,3.1016666666666675,1.9436179140917067,1.8848706797894248
4262,4262,4262,3.1033333333333335,1.9436179140917067,1.8848706797894248
4263,4263,4263,3.1050000000000004,1.943999389639124,1.884489204242008
4264,4264,4264,3.1066666666666674,1.943999389639124,1.884489204242008
4265,4265,4265,3.1083333333333325,1.9436179140917067,1.8848706797894248
4266,4266,4266,3.1100000000000003,1.943999389639124,1.8848706797894248
4267,4267,4267,3.1116666666666672,1.9451438162813763,1.884489204242008
4268,4268,4268,3.113333333333334,1.9443808651865413,1.8848706797894248
4269,4269,4269,3.115,1.9447623407339591,1.8848706797894248
4270,4270,4270,3.116666666666667,1.9451438162813763,1.8852521553368429
4271,4271,4271,3.118333333333334,1.9443808651865413,1.8852521553368429
4272,4272,4272,3.12,1.943999389639124,1.8848706797894248
4273,4273,4273,3.121666666666667,1.943999389639124,1.8852521553368429
4274,4274,4274,3.123333333333334,1.9436179140917067,1.8852521553368429
4275,4275,4275,3.125000000000001,1.9424734874494545,1.884489204242008
4276,4276,4276,3.126666666666668,1.9413290608072025,1.8848706797894248
4277,4277,4277,3.128333333333334,1.94018463416495,1.8848706797894248
4278,4278,4278,3.130000000000001,1.9390402075226976,1.8848706797894248
4279,4279,4279,3.1316666666666677,1.9375143053330282,1.8841077286945904
4280,4280,4280,3.1333333333333337,1.936369878690776,1.8841077286945904
4281,4281,4281,3.1350000000000025,1.9356069275959409,1.8848706797894248
4282,4282,4282,3.1366666666666676,1.9359884031433583,1.8848706797894248
4283,4283,4283,3.1383333333333336,1.9356069275959409,1.8841077286945904
4284,4284,4284,3.1400000000000015,1.935225452048524,1.8837262531471728
4285,4285,4285,3.1416666666666675,1.935225452048524,1.8841077286945904
4286,4286,4286,3.1433333333333335,1.9344625009536889,1.8841077286945904
4287,4287,4287,3.1450000000000005,1.9348439765011065,1.8837262531471728
4288,4288,4288,3.1466666666666674,1.9356069275959409,1.8841077286945904
4289,4289,4289,3.1483333333333325,1.9356069275959409,1.8837262531471728
4290,4290,4290,3.1500000000000004,1.936369878690776,1.8841077286945904
4291,4291,4291,3.1516666666666673,1.936751354238193,1.884489204242008
4292,4292,4292,3.1533333333333324,1.9359884031433583,1.884489204242008
4293,4293,4293,3.1550000000000002,1.936369878690776,1.8848706797894248
4294,4294,4294,3.156666666666667,1.936751354238193,1.8848706797894248
4295,4295,4295,3.158333333333334,1.936751354238193,1.8841077286945904
4296,4296,4296,3.16,1.9375143053330282,1.8841077286945904
4297,4297,4297,3.161666666666667,1.9378957808804456,1.8841077286945904
4298,4298,4298,3.163333333333334,1.9375143053330282,1.8841077286945904
4299,4299,4299,3.165,1.9375143053330282,1.8837262531471728
4300,4300,4300,3.166666666666668,1.9371328297856107,1.8833447775997558
4301,4301,4301,3.168333333333334,1.9371328297856107,1.8829633020523384
4302,4302,4302,3.170000000000001,1.9375143053330282,1.8833447775997558
4303,4303,4303,3.1716666666666677,1.9375143053330282,1.8837262531471728
4304,4304,4304,3.173333333333334,1.9371328297856107,1.8837262531471728
4305,4305,4305,3.1750000000000025,1.936369878690776,1.8841077286945904
4306,4306,4306,3.1766666666666676,1.936751354238193,1.8841077286945904
4307,4307,4307,3.1783333333333337,1.9371328297856107,1.8841077286945904
4308,4308,4308,3.1800000000000015,1.9375143053330282,1.8841077286945904
4309,4309,4309,3.1816666666666675,1.9378957808804456,1.8841077286945904
4310,4310,4310,3.1833333333333336,1.9375143053330282,1.8837262531471728
4311,4311,4311,3.1850000000000005,1.9371328297856107,1.8837262531471728
4312,4312,4312,3.1866666666666674,1.9371328297856107,1.884489204242008
4313,4313,4313,3.1883333333333335,1.9356069275959409,1.8841077286945904
4314,4314,4314,3.1900000000000004,1.9348439765011065,1.8841077286945904
4315,4315,4315,3.1916666666666673,1.9344625009536889,1.8841077286945904
4316,4316,4316,3.1933333333333325,1.9344625009536889,1.884489204242008
4317,4317,4317,3.1950000000000003,1.9329365987640192,1.884489204242008
4318,4318,4318,3.196666666666667,1.9317921721217668,1.884489204242008
4319,4319,4319,3.198333333333334,1.9314106965743496,1.884489204242008
4320,4320,4320,3.2,1.9306477454795148,1.8841077286945904
4321,4321,4321,3.201666666666667,1.9302662699320967,1.8841077286945904
4322,4322,4322,3.203333333333334,1.9295033188372623,1.8841077286945904
4323,4323,4323,3.205,1.9295033188372623,1.884489204242008
4324,4324,4324,3.206666666666668,1.9302662699320967,1.8837262531471728
4325,4325,4325,3.208333333333334,1.92988479438468,1.8833447775997558
4326,4326,4326,3.210000000000001,1.9287403677424282,1.8833447775997558
4327,4327,4327,3.211666666666668,1.9279774166475927,1.8837262531471728
4328,4328,4328,3.213333333333334,1.9275959411001755,1.8833447775997558
4329,4329,4329,3.2150000000000025,1.9279774166475927,1.8833447775997558
4330,4330,4330,3.2166666666666677,1.9287403677424282,1.8833447775997558
4331,4331,4331,3.2183333333333337,1.9283588921950103,1.8841077286945904
4332,4332,4332,3.2200000000000015,1.9275959411001755,1.8841077286945904
4333,4333,4333,3.2216666666666676,1.9279774166475927,1.8841077286945904
4334,4334,4334,3.2233333333333336,1.9283588921950103,1.8841077286945904
4335,4335,4335,3.2249999999999996,1.9283588921950103,1.8837262531471728
4336,4336,4336,3.2266666666666675,1.9287403677424282,1.8841077286945904
4337,4337,4337,3.2283333333333326,1.9283588921950103,1.884489204242008
4338,4338,4338,3.2300000000000004,1.9275959411001755,1.8848706797894248
4339,4339,4339,3.2316666666666674,1.9275959411001755,1.8852521553368429
4340,4340,4340,3.2333333333333316,1.9272144655527577,1.8848706797894248
4341,4341,4341,3.2350000000000003,1.9272144655527577,1.8848706797894248
4342,4342,4342,3.2366666666666672,1.9279774166475927,1.884489204242008
4343,4343,4343,3.238333333333334,1.9272144655527577,1.884489204242008
4344,4344,4344,3.24,1.9272144655527577,1.8848706797894248
4345,4345,4345,3.241666666666667,1.9272144655527577,1.8852521553368429
4346,4346,4346,3.243333333333334,1.9272144655527577,1.8848706797894248
4347,4347,4347,3.245,1.9272144655527577,1.8848706797894248
4348,4348,4348,3.246666666666667,1.9272144655527577,1.8848706797894248
4349,4349,4349,3.248333333333334,1.9264515144579235,1.8848706797894248
4350,4350,4350,3.250000000000001,1.9264515144579235,1.884489204242008
4351,4351,4351,3.251666666666668,1.9275959411001755,1.8848706797894248
4352,4352,4352,3.253333333333334,1.9268329900053407,1.8848706797894248
4353,4353,4353,3.255000000000001,1.9268329900053407,1.884489204242008
4354,4354,4354,3.2566666666666677,1.9272144655527577,1.8841077286945904
4355,4355,4355,3.2583333333333337,1.9264515144579235,1.884489204242008
4356,4356,4356,3.2600000000000025,1.9268329900053407,1.8848706797894248
4357,4357,4357,3.2616666666666676,1.9268329900053407,1.8852521553368429
4358,4358,4358,3.2633333333333336,1.9272144655527577,1.8856336308842605
4359,4359,4359,3.2650000000000015,1.9272144655527577,1.8848706797894248
4360,4360,4360,3.2666666666666675,1.9272144655527577,1.884489204242008
4361,4361,4361,3.2683333333333326,1.9272144655527577,1.884489204242008
4362,4362,4362,3.2699999999999996,1.9268329900053407,1.8833447775997558
4363,4363,4363,3.2716666666666674,1.9264515144579235,1.882581826504921
4364,4364,4364,3.2733333333333308,1.9260700389105057,1.882581826504921
4365,4365,4365,3.2750000000000004,1.9260700389105057,1.8818188754100864
4366,4366,4366,3.2766666666666673,1.9260700389105057,1.881055924315252
4367,4367,4367,3.2783333333333324,1.9264515144579235,1.8802929732204168
4368,4368,4368,3.2800000000000002,1.9264515144579235,1.8795300221255813
4369,4369,4369,3.281666666666667,1.9264515144579235,1.8795300221255813
4370,4370,4370,3.283333333333334,1.9256885633630885,1.8787670710307467
4371,4371,4371,3.285,1.9260700389105057,1.8783855954833293
4372,4372,4372,3.286666666666667,1.9264515144579235,1.8787670710307467
4373,4373,4373,3.288333333333334,1.9260700389105057,1.8791485465781643
4374,4374,4374,3.29,1.925307087815671,1.8787670710307467
4375,4375,4375,3.291666666666668,1.925307087815671,1.8776226443884951
4376,4376,4376,3.293333333333334,1.9256885633630885,1.8772411688410773
4377,4377,4377,3.295000000000001,1.925307087815671,1.8776226443884951
4378,4378,4378,3.2966666666666677,1.9249256122682536,1.878004119935912
4379,4379,4379,3.298333333333334,1.9249256122682536,1.8783855954833293
4380,4380,4380,3.3000000000000025,1.9249256122682536,1.878004119935912
4381,4381,4381,3.3016666666666676,1.9249256122682536,1.878004119935912
4382,4382,4382,3.3033333333333337,1.9249256122682536,1.8783855954833293
4383,4383,4383,3.3050000000000015,1.9249256122682536,1.8791485465781643
4384,4384,4384,3.3066666666666675,1.925307087815671,1.8791485465781643
4385,4385,4385,3.3083333333333336,1.9249256122682536,1.8795300221255813
4386,4386,4386,3.3099999999999996,1.9249256122682536,1.8791485465781643
4387,4387,4387,3.3116666666666674,1.9249256122682536,1.8791485465781643
4388,4388,4388,3.3133333333333326,1.9245441367208358,1.8791485465781643
4389,4389,4389,3.3150000000000004,1.9249256122682536,1.8787670710307467
4390,4390,4390,3.3166666666666673,1.925307087815671,1.8791485465781643
4391,4391,4391,3.3183333333333325,1.9260700389105057,1.8791485465781643
4392,4392,4392,3.3200000000000003,1.9264515144579235,1.8787670710307467
4393,4393,4393,3.321666666666667,1.9256885633630885,1.8787670710307467
4394,4394,4394,3.323333333333334,1.9249256122682536,1.8787670710307467
4395,4395,4395,3.325,1.925307087815671,1.8787670710307467
4396,4396,4396,3.326666666666667,1.925307087815671,1.8791485465781643
4397,4397,4397,3.328333333333334,1.925307087815671,1.8783855954833293
4398,4398,4398,3.33,1.925307087815671,1.8783855954833293
4399,4399,4399,3.331666666666668,1.925307087815671,1.8791485465781643
4400,4400,4400,3.333333333333334,1.9245441367208358,1.8791485465781643
4401,4401,4401,3.335000000000001,1.9241626611734188,1.8791485465781643
4402,4402,4402,3.336666666666668,1.9245441367208358,1.8791485465781643
4403,4403,4403,3.338333333333334,1.9249256122682536,1.8783855954833293
4404,4404,4404,3.3400000000000025,1.925307087815671,1.8783855954833293
4405,4405,4405,3.3416666666666677,1.925307087815671,1.8787670710307467
4406,4406,4406,3.3433333333333337,1.9256885633630885,1.8787670710307467
4407,4407,4407,3.3450000000000015,1.925307087815671,1.8791485465781643
4408,4408,4408,3.3466666666666676,1.925307087815671,1.8795300221255813
4409,4409,4409,3.3483333333333336,1.9260700389105057,1.8795300221255813
4410,4410,4410,3.3499999999999996,1.9260700389105057,1.8791485465781643
4411,4411,4411,3.3516666666666675,1.9256885633630885,1.8787670710307467
4412,4412,4412,3.3533333333333326,1.925307087815671,1.8783855954833293
4413,4413,4413,3.3550000000000004,1.9260700389105057,1.878004119935912
4414,4414,4414,3.3566666666666674,1.925307087815671,1.8783855954833293
4415,4415,4415,3.3583333333333316,1.9249256122682536,1.8783855954833293
4416,4416,4416,3.3600000000000003,1.9249256122682536,1.8783855954833293
4417,4417,4417,3.3616666666666672,1.925307087815671,1.8787670710307467
4418,4418,4418,3.363333333333334,1.925307087815671,1.8783855954833293
4419,4419,4419,3.365,1.925307087815671,1.8783855954833293
4420,4420,4420,3.366666666666667,1.925307087815671,1.8783855954833293
4421,4421,4421,3.368333333333334,1.9260700389105057,1.8787670710307467
4422,4422,4422,3.37,1.9256885633630885,1.8783855954833293
4423,4423,4423,3.371666666666667,1.925307087815671,1.878004119935912
4424,4424,4424,3.373333333333334,1.9260700389105057,1.8783855954833293
4425,4425,4425,3.375000000000001,1.9264515144579235,1.8787670710307467
4426,4426,4426,3.376666666666668,1.9256885633630885,1.8783855954833293
4427,4427,4427,3.378333333333334,1.9256885633630885,1.878004119935912
4428,4428,4428,3.380000000000001,1.9264515144579235,1.8783855954833293
4429,4429,4429,3.3816666666666677,1.9268329900053407,1.8783855954833293
4430,4430,4430,3.3833333333333337,1.9260700389105057,1.878004119935912
4431,4431,4431,3.3850000000000025,1.9264515144579235,1.878004119935912
4432,4432,4432,3.3866666666666676,1.9264515144579235,1.8783855954833293
4433,4433,4433,3.3883333333333336,1.9264515144579235,1.878004119935912
4434,4434,4434,3.3900000000000015,1.9256885633630885,1.8783855954833293
4435,4435,4435,3.3916666666666675,1.9256885633630885,1.878004119935912
4436,4436,4436,3.3933333333333326,1.9264515144579235,1.878004119935912
4437,4437,4437,3.3949999999999996,1.9268329900053407,1.878004119935912
4438,4438,4438,3.3966666666666674,1.9268329900053407,1.878004119935912
4439,4439,4439,3.3983333333333308,1.9264515144579235,1.8783855954833293
4440,4440,4440,3.4000000000000004,1.9264515144579235,1.8787670710307467
4441,4441,4441,3.4016666666666673,1.9268329900053407,1.8783855954833293
4442,4442,4442,3.4033333333333324,1.9264515144579235,1.878004119935912
4443,4443,4443,3.4050000000000002,1.9264515144579235,1.878004119935912
4444,4444,4444,3.406666666666667,1.9264515144579235,1.8783855954833293
4445,4445,4445,3.408333333333334,1.9260700389105057,1.878004119935912
4446,4446,4446,3.41,1.9260700389105057,1.878004119935912
4447,4447,4447,3.411666666666667,1.9264515144579235,1.878004119935912
4448,4448,4448,3.413333333333334,1.9264515144579235,1.878004119935912
4449,4449,4449,3.415,1.9264515144579235,1.8772411688410773
4450,4450,4450,3.416666666666668,1.9260700389105057,1.87685969329366
4451,4451,4451,3.418333333333334,1.9264515144579235,1.8776226443884951
4452,4452,4452,3.420000000000001,1.9256885633630885,1.8776226443884951
4453,4453,4453,3.4216666666666677,1.925307087815671,1.878004119935912
4454,4454,4454,3.423333333333334,1.9264515144579235,1.878004119935912
4455,4455,4455,3.4250000000000025,1.9264515144579235,1.8776226443884951
4456,4456,4456,3.4266666666666676,1.9264515144579235,1.8776226443884951
4457,4457,4457,3.4283333333333337,1.9268329900053407,1.878004119935912
4458,4458,4458,3.4300000000000015,1.9264515144579235,1.878004119935912
4459,4459,4459,3.4316666666666675,1.9264515144579235,1.8783855954833293
4460,4460,4460,3.4333333333333336,1.9264515144579235,1.878004119935912
4461,4461,4461,3.4349999999999996,1.9264515144579235,1.8776226443884951
4462,4462,4462,3.4366666666666674,1.9260700389105057,1.8783855954833293
4463,4463,4463,3.4383333333333326,1.925307087815671,1.878004119935912
4464,4464,4464,3.4400000000000004,1.9256885633630885,1.8776226443884951
4465,4465,4465,3.4416666666666673,1.9260700389105057,1.878004119935912
4466,4466,4466,3.4433333333333325,1.9264515144579235,1.878004119935912
4467,4467,4467,3.4450000000000003,1.9264515144579235,1.8783855954833293
4468,4468,4468,3.446666666666667,1.9256885633630885,1.878004119935912
4469,4469,4469,3.448333333333334,1.9260700389105057,1.8783855954833293
4470,4470,4470,3.45,1.9264515144579235,1.8783855954833293
4471,4471,4471,3.451666666666667,1.9264515144579235,1.878004119935912
4472,4472,4472,3.453333333333334,1.9268329900053407,1.878004119935912
4473,4473,4473,3.455,1.9272144655527577,1.878004119935912
4474,4474,4474,3.456666666666668,1.9268329900053407,1.878004119935912
4475,4475,4475,3.458333333333334,1.9268329900053407,1.8772411688410773
4476,4476,4476,3.460000000000001,1.9268329900053407,1.878004119935912
4477,4477,4477,3.461666666666668,1.9264515144579235,1.8783855954833293
4478,4478,4478,3.463333333333334,1.9256885633630885,1.8783855954833293
4479,4479,4479,3.4650000000000025,1.9249256122682536,1.878004119935912
4480,4480,4480,3.4666666666666677,1.925307087815671,1.878004119935912
4481,4481,4481,3.4683333333333337,1.9264515144579235,1.8783855954833293
4482,4482,4482,3.4700000000000015,1.9264515144579235,1.878004119935912
4483,4483,4483,3.4716666666666676,1.9260700389105057,1.8776226443884951
4484,4484,4484,3.4733333333333336,1.9260700389105057,1.878004119935912
4485,4485,4485,3.4749999999999996,1.9256885633630885,1.8783855954833293
4486,4486,4486,3.4766666666666675,1.925307087815671,1.8783855954833293
4487,4487,4487,3.4783333333333326,1.925307087815671,1.8787670710307467
4488,4488,4488,3.4800000000000004,1.9256885633630885,1.878004119935912
4489,4489,4489,3.4816666666666674,1.9264515144579235,1.8783855954833293
4490,4490,4490,3.4833333333333316,1.9264515144579235,1.8783855954833293
4491,4491,4491,3.4850000000000003,1.9264515144579235,1.8783855954833293
4492,4492,4492,3.4866666666666672,1.9264515144579235,1.8783855954833293
4493,4493,4493,3.488333333333334,1.9264515144579235,1.878004119935912
4494,4494,4494,3.49,1.9256885633630885,1.8783855954833293
4495,4495,4495,3.491666666666667,1.9256885633630885,1.8783855954833293
4496,4496,4496,3.493333333333334,1.9260700389105057,1.8787670710307467
4497,4497,4497,3.495,1.9256885633630885,1.8787670710307467
4498,4498,4498,3.496666666666667,1.9256885633630885,1.8787670710307467
4499,4499,4499,3.498333333333334,1.9264515144579235,1.8783855954833293
4500,4500,4500,3.500000000000001,1.9264515144579235,1.8783855954833293
4501,4501,4501,3.501666666666668,1.9260700389105057,1.878004119935912
4502,4502,4502,3.503333333333334,1.9260700389105057,1.878004119935912
4503,4503,4503,3.505000000000001,1.9268329900053407,1.8783855954833293
4504,4504,4504,3.5066666666666677,1.9264515144579235,1.8787670710307467
4505,4505,4505,3.5083333333333337,1.9256885633630885,1.8783855954833293
4506,4506,4506,3.5100000000000025,1.9260700389105057,1.8783855954833293
4507,4507,4507,3.5116666666666676,1.9264515144579235,1.8787670710307467
4508,4508,4508,3.5133333333333336,1.9260700389105057,1.8787670710307467
4509,4509,4509,3.5150000000000015,1.9260700389105057,1.8783855954833293
4510,4510,4510,3.5166666666666675,1.9260700389105057,1.8783855954833293
4511,4511,4511,3.5183333333333326,1.9260700389105057,1.8776226443884951
4512,4512,4512,3.5199999999999996,1.9260700389105057,1.8776226443884951
4513,4513,4513,3.5216666666666674,1.9256885633630885,1.878004119935912
4514,4514,4514,3.5233333333333308,1.9256885633630885,1.8783855954833293
4515,4515,4515,3.5250000000000004,1.9256885633630885,1.8783855954833293
4516,4516,4516,3.5266666666666673,1.9260700389105057,1.8787670710307467
4517,4517,4517,3.5283333333333324,1.925307087815671,1.878004119935912
4518,4518,4518,3.5300000000000002,1.9260700389105057,1.8787670710307467
4519,4519,4519,3.531666666666667,1.9264515144579235,1.8783855954833293
4520,4520,4520,3.533333333333334,1.9256885633630885,1.8783855954833293
4521,4521,4521,3.535,1.9260700389105057,1.8791485465781643
4522,4522,4522,3.536666666666667,1.9264515144579235,1.8787670710307467
4523,4523,4523,3.538333333333334,1.9268329900053407,1.8787670710307467
4524,4524,4524,3.540000000000001,1.9264515144579235,1.8787670710307467
4525,4525,4525,3.541666666666668,1.9256885633630885,1.8783855954833293
4526,4526,4526,3.543333333333334,1.9260700389105057,1.878004119935912
4527,4527,4527,3.545000000000001,1.9264515144579235,1.8776226443884951
4528,4528,4528,3.5466666666666677,1.9256885633630885,1.8772411688410773
4529,4529,4529,3.548333333333334,1.925307087815671,1.878004119935912
4530,4530,4530,3.5500000000000025,1.925307087815671,1.878004119935912
4531,4531,4531,3.5516666666666676,1.9249256122682536,1.8783855954833293
4532,4532,4532,3.5533333333333337,1.9256885633630885,1.878004119935912
4533,4533,4533,3.5550000000000015,1.9256885633630885,1.878004119935912
4534,4534,4534,3.5566666666666675,1.9256885633630885,1.8776226443884951
4535,4535,4535,3.5583333333333336,1.925307087815671,1.8776226443884951
4536,4536,4536,3.5599999999999996,1.925307087815671,1.8776226443884951
4537,4537,4537,3.5616666666666674,1.9256885633630885,1.878004119935912
4538,4538,4538,3.5633333333333326,1.9260700389105057,1.8783855954833293
4539,4539,4539,3.5650000000000004,1.925307087815671,1.8783855954833293
4540,4540,4540,3.5666666666666673,1.9256885633630885,1.878004119935912
4541,4541,4541,3.5683333333333325,1.9256885633630885,1.8783855954833293
4542,4542,4542,3.5700000000000003,1.925307087815671,1.878004119935912
4543,4543,4543,3.571666666666667,1.925307087815671,1.878004119935912
4544,4544,4544,3.573333333333334,1.9260700389105057,1.878004119935912
4545,4545,4545,3.575,1.9260700389105057,1.878004119935912
4546,4546,4546,3.576666666666667,1.9260700389105057,1.878004119935912
4547,4547,4547,3.578333333333334,1.9256885633630885,1.878004119935912
4548,4548,4548,3.58,1.9260700389105057,1.8783855954833293
4549,4549,4549,3.581666666666668,1.9264515144579235,1.8783855954833293
4550,4550,4550,3.583333333333334,1.925307087815671,1.878004119935912
4551,4551,4551,3.585000000000001,1.9256885633630885,1.8776226443884951
4552,4552,4552,3.586666666666668,1.9260700389105057,1.8783855954833293
4553,4553,4553,3.588333333333334,1.9260700389105057,1.878004119935912
4554,4554,4554,3.5900000000000025,1.9268329900053407,1.878004119935912
4555,4555,4555,3.5916666666666677,1.9256885633630885,1.878004119935912
4556,4556,4556,3.5933333333333337,1.9260700389105057,1.8783855954833293
4557,4557,4557,3.5950000000000015,1.9260700389105057,1.8783855954833293
4558,4558,4558,3.5966666666666676,1.9260700389105057,1.878004119935912
4559,4559,4559,3.5983333333333336,1.9260700389105057,1.8783855954833293
4560,4560,4560,3.5999999999999996,1.9256885633630885,1.8783855954833293
4561,4561,4561,3.6016666666666675,1.9264515144579235,1.8783855954833293
4562,4562,4562,3.6033333333333326,1.9264515144579235,1.878004119935912
4563,4563,4563,3.6050000000000004,1.9264515144579235,1.878004119935912
4564,4564,4564,3.6066666666666674,1.9256885633630885,1.8783855954833293
4565,4565,4565,3.6083333333333316,1.925307087815671,1.878004119935912
4566,4566,4566,3.6100000000000003,1.9260700389105057,1.878004119935912
4567,4567,4567,3.6116666666666672,1.925307087815671,1.8787670710307467
4568,4568,4568,3.613333333333334,1.9249256122682536,1.8783855954833293
4569,4569,4569,3.615,1.925307087815671,1.8783855954833293
4570,4570,4570,3.616666666666667,1.9249256122682536,1.8783855954833293
4571,4571,4571,3.618333333333334,1.9260700389105057,1.8787670710307467
4572,4572,4572,3.62,1.9260700389105057,1.8787670710307467
4573,4573,4573,3.621666666666667,1.9256885633630885,1.8783855954833293
4574,4574,4574,3.623333333333334,1.9256885633630885,1.8783855954833293
4575,4575,4575,3.625000000000001,1.9256885633630885,1.878004119935912
4576,4576,4576,3.626666666666668,1.9256885633630885,1.8783855954833293
4577,4577,4577,3.628333333333334,1.925307087815671,1.878004119935912
4578,4578,4578,3.630000000000001,1.9249256122682536,1.878004119935912
4579,4579,4579,3.6316666666666677,1.9256885633630885,1.8772411688410773
4580,4580,4580,3.6333333333333337,1.9256885633630885,1.8776226443884951
4581,4581,4581,3.6350000000000025,1.9256885633630885,1.8783855954833293
4582,4582,4582,3.6366666666666676,1.9260700389105057,1.8783855954833293
4583,4583,4583,3.6383333333333336,1.9260700389105057,1.8783855954833293
4584,4584,4584,3.6400000000000015,1.9260700389105057,1.8783855954833293
4585,4585,4585,3.6416666666666675,1.9264515144579235,1.8783855954833293
4586,4586,4586,3.6433333333333326,1.9264515144579235,1.8787670710307467
4587,4587,4587,3.6449999999999996,1.9264515144579235,1.8791485465781643
4588,4588,4588,3.6466666666666674,1.9264515144579235,1.8791485465781643
4589,4589,4589,3.6483333333333308,1.9268329900053407,1.8791485465781643
4590,4590,4590,3.6500000000000004,1.9264515144579235,1.8787670710307467
4591,4591,4591,3.6516666666666673,1.9260700389105057,1.8791485465781643
4592,4592,4592,3.6533333333333324,1.9264515144579235,1.8791485465781643
4593,4593,4593,3.6550000000000002,1.9264515144579235,1.8791485465781643
4594,4594,4594,3.656666666666667,1.9264515144579235,1.8791485465781643
4595,4595,4595,3.658333333333334,1.9256885633630885,1.8791485465781643
4596,4596,4596,3.66,1.925307087815671,1.8795300221255813
4597,4597,4597,3.661666666666667,1.9260700389105057,1.8791485465781643
4598,4598,4598,3.663333333333334,1.9264515144579235,1.8795300221255813
4599,4599,4599,3.665000000000001,1.925307087815671,1.8787670710307467
4600,4600,4600,3.666666666666668,1.9260700389105057,1.8791485465781643
4601,4601,4601,3.668333333333334,1.9264515144579235,1.8791485465781643
4602,4602,4602,3.670000000000001,1.9268329900053407,1.8799114976729991
4603,4603,4603,3.6716666666666677,1.9268329900053407,1.8795300221255813
4604,4604,4604,3.673333333333334,1.9264515144579235,1.8791485465781643
4605,4605,4605,3.6750000000000025,1.9268329900053407,1.8791485465781643
4606,4606,4606,3.6766666666666676,1.9264515144579235,1.8795300221255813
4607,4607,4607,3.6783333333333337,1.9256885633630885,1.8795300221255813
4608,4608,4608,3.6800000000000015,1.9264515144579235,1.8791485465781643
4609,4609,4609,3.6816666666666675,1.9264515144579235,1.8791485465781643
4610,4610,4610,3.6833333333333336,1.9264515144579235,1.8791485465781643
4611,4611,4611,3.6849999999999996,1.9264515144579235,1.8791485465781643
4612,4612,4612,3.6866666666666674,1.9256885633630885,1.8791485465781643
4613,4613,4613,3.6883333333333326,1.9264515144579235,1.8787670710307467
4614,4614,4614,3.6900000000000004,1.9268329900053407,1.8787670710307467
4615,4615,4615,3.6916666666666673,1.9264515144579235,1.8787670710307467
4616,4616,4616,3.6933333333333325,1.9272144655527577,1.8783855954833293
4617,4617,4617,3.6950000000000003,1.9268329900053407,1.878004119935912
4618,4618,4618,3.696666666666667,1.9264515144579235,1.8783855954833293
4619,4619,4619,3.698333333333334,1.9264515144579235,1.8783855954833293
4620,4620,4620,3.7,1.9264515144579235,1.8791485465781643
4621,4621,4621,3.701666666666667,1.9272144655527577,1.8791485465781643
4622,4622,4622,3.703333333333334,1.9264515144579235,1.8791485465781643
4623,4623,4623,3.705,1.9264515144579235,1.8787670710307467
4624,4624,4624,3.706666666666668,1.9268329900053407,1.8791485465781643
4625,4625,4625,3.708333333333334,1.9268329900053407,1.8787670710307467
4626,4626,4626,3.710000000000001,1.9268329900053407,1.8791485465781643
4627,4627,4627,3.711666666666668,1.9272144655527577,1.8791485465781643
4628,4628,4628,3.713333333333334,1.9272144655527577,1.8795300221255813
4629,4629,4629,3.7150000000000025,1.9264515144579235,1.8799114976729991
4630,4630,4630,3.7166666666666677,1.9268329900053407,1.8795300221255813
4631,4631,4631,3.7183333333333337,1.9264515144579235,1.8795300221255813
4632,4632,4632,3.7200000000000015,1.9268329900053407,1.8795300221255813
4633,4633,4633,3.7216666666666676,1.9272144655527577,1.8799114976729991
4634,4634,4634,3.7233333333333336,1.9272144655527577,1.8802929732204168
4635,4635,4635,3.7249999999999996,1.9275959411001755,1.8799114976729991
4636,4636,4636,3.7266666666666675,1.9275959411001755,1.8795300221255813
4637,4637,4637,3.7283333333333326,1.9268329900053407,1.8799114976729991
4638,4638,4638,3.7300000000000004,1.9268329900053407,1.8802929732204168
4639,4639,4639,3.7316666666666674,1.9272144655527577,1.8799114976729991
4640,4640,4640,3.7333333333333316,1.9272144655527577,1.8791485465781643
4641,4641,4641,3.7350000000000003,1.9272144655527577,1.8791485465781643
4642,4642,4642,3.7366666666666672,1.9275959411001755,1.8791485465781643
4643,4643,4643,3.738333333333334,1.9272144655527577,1.8795300221255813
4644,4644,4644,3.74,1.9272144655527577,1.8787670710307467
4645,4645,4645,3.741666666666667,1.9272144655527577,1.8787670710307467
4646,4646,4646,3.743333333333334,1.9268329900053407,1.8795300221255813
4647,4647,4647,3.745,1.9272144655527577,1.8791485465781643
4648,4648,4648,3.746666666666667,1.9275959411001755,1.8791485465781643
4649,4649,4649,3.748333333333334,1.9272144655527577,1.8799114976729991
4650,4650,4650,3.750000000000001,1.9264515144579235,1.8795300221255813
4651,4651,4651,3.751666666666668,1.9272144655527577,1.8802929732204168
4652,4652,4652,3.753333333333334,1.9268329900053407,1.8802929732204168
4653,4653,4653,3.755000000000001,1.9268329900053407,1.8802929732204168
4654,4654,4654,3.7566666666666677,1.9272144655527577,1.8799114976729991
4655,4655,4655,3.7583333333333337,1.9272144655527577,1.8795300221255813
4656,4656,4656,3.7600000000000025,1.9272144655527577,1.8791485465781643
4657,4657,4657,3.7616666666666676,1.9272144655527577,1.8799114976729991
4658,4658,4658,3.7633333333333336,1.9272144655527577,1.8795300221255813
4659,4659,4659,3.7650000000000015,1.9272144655527577,1.8795300221255813
4660,4660,4660,3.7666666666666675,1.9272144655527577,1.8791485465781643
4661,4661,4661,3.7683333333333326,1.9275959411001755,1.8787670710307467
4662,4662,4662,3.7699999999999996,1.9272144655527577,1.8795300221255813
4663,4663,4663,3.7716666666666674,1.9272144655527577,1.8795300221255813
4664,4664,4664,3.7733333333333308,1.9268329900053407,1.8799114976729991
4665,4665,4665,3.7750000000000004,1.9272144655527577,1.8799114976729991
4666,4666,4666,3.7766666666666673,1.9268329900053407,1.8799114976729991
4667,4667,4667,3.7783333333333324,1.9268329900053407,1.8795300221255813
4668,4668,4668,3.7800000000000002,1.9268329900053407,1.8791485465781643
4669,4669,4669,3.781666666666667,1.9272144655527577,1.8795300221255813
4670,4670,4670,3.783333333333334,1.9275959411001755,1.8795300221255813
4671,4671,4671,3.785,1.9275959411001755,1.8787670710307467
4672,4672,4672,3.786666666666667,1.9268329900053407,1.8791485465781643
4673,4673,4673,3.788333333333334,1.9264515144579235,1.8791485465781643
4674,4674,4674,3.790000000000001,1.9264515144579235,1.8795300221255813
4675,4675,4675,3.791666666666668,1.9268329900053407,1.8795300221255813
4676,4676,4676,3.793333333333334,1.9272144655527577,1.8795300221255813
4677,4677,4677,3.795000000000001,1.9275959411001755,1.8795300221255813
4678,4678,4678,3.7966666666666677,1.9279774166475927,1.8791485465781643
4679,4679,4679,3.798333333333334,1.9275959411001755,1.8791485465781643
4680,4680,4680,3.8000000000000025,1.9272144655527577,1.8791485465781643
4681,4681,4681,3.8016666666666676,1.9268329900053407,1.8799114976729991
4682,4682,4682,3.8033333333333337,1.9268329900053407,1.8799114976729991
4683,4683,4683,3.8050000000000015,1.9272144655527577,1.8799114976729991
4684,4684,4684,3.8066666666666675,1.9279774166475927,1.8802929732204168
4685,4685,4685,3.8083333333333336,1.9275959411001755,1.8799114976729991
4686,4686,4686,3.8099999999999996,1.9275959411001755,1.8791485465781643
4687,4687,4687,3.8116666666666674,1.9275959411001755,1.8795300221255813
4688,4688,4688,3.8133333333333326,1.9279774166475927,1.8795300221255813
4689,4689,4689,3.8150000000000004,1.9275959411001755,1.8795300221255813
4690,4690,4690,3.8166666666666673,1.9272144655527577,1.8795300221255813
4691,4691,4691,3.8183333333333325,1.9279774166475927,1.8795300221255813
4692,4692,4692,3.8200000000000003,1.9275959411001755,1.8791485465781643
4693,4693,4693,3.821666666666667,1.9272144655527577,1.8791485465781643
4694,4694,4694,3.823333333333334,1.9272144655527577,1.8787670710307467
4695,4695,4695,3.825,1.9272144655527577,1.8787670710307467
4696,4696,4696,3.826666666666667,1.9272144655527577,1.8791485465781643
4697,4697,4697,3.828333333333334,1.9268329900053407,1.8787670710307467
4698,4698,4698,3.83,1.9268329900053407,1.8787670710307467
4699,4699,4699,3.831666666666668,1.9268329900053407,1.8783855954833293
4700,4700,4700,3.833333333333334,1.9268329900053407,1.8787670710307467
4701,4701,4701,3.835000000000001,1.9264515144579235,1.8783855954833293
4702,4702,4702,3.836666666666668,1.9268329900053407,1.8783855954833293
4703,4703,4703,3.838333333333334,1.9272144655527577,1.8787670710307467
4704,4704,4704,3.8400000000000025,1.9275959411001755,1.8787670710307467
4705,4705,4705,3.8416666666666677,1.9272144655527577,1.8787670710307467
4706,4706,4706,3.8433333333333337,1.9272144655527577,1.8791485465781643
4707,4707,4707,3.8450000000000015,1.9272144655527577,1.8787670710307467
4708,4708,4708,3.8466666666666676,1.9268329900053407,1.8787670710307467
4709,4709,4709,3.8483333333333336,1.9272144655527577,1.8791485465781643
4710,4710,4710,3.8499999999999996,1.9272144655527577,1.8791485465781643
4711,4711,4711,3.8516666666666675,1.9272144655527577,1.8791485465781643
4712,4712,4712,3.8533333333333326,1.9275959411001755,1.8787670710307467
4713,4713,4713,3.8550000000000004,1.9272144655527577,1.8787670710307467
4714,4714,4714,3.8566666666666674,1.9272144655527577,1.8787670710307467
4715,4715,4715,3.8583333333333325,1.9272144655527577,1.8787670710307467
4716,4716,4716,3.8600000000000003,1.9272144655527577,1.8787670710307467
4717,4717,4717,3.8616666666666672,1.9268329900053407,1.8787670710307467
4718,4718,4718,3.863333333333334,1.9275959411001755,1.8787670710307467
4719,4719,4719,3.865,1.9272144655527577,1.8791485465781643
4720,4720,4720,3.866666666666667,1.9268329900053407,1.8791485465781643
4721,4721,4721,3.868333333333334,1.9264515144579235,1.8787670710307467
4722,4722,4722,3.87,1.9268329900053407,1.8783855954833293
4723,4723,4723,3.871666666666667,1.9264515144579235,1.8783855954833293
4724,4724,4724,3.873333333333334,1.9260700389105057,1.8787670710307467
4725,4725,4725,3.875000000000001,1.9264515144579235,1.8791485465781643
4726,4726,4726,3.876666666666668,1.9264515144579235,1.8799114976729991
4727,4727,4727,3.878333333333334,1.9264515144579235,1.8799114976729991
4728,4728,4728,3.880000000000001,1.9264515144579235,1.8799114976729991
4729,4729,4729,3.8816666666666677,1.9264515144579235,1.8791485465781643
4730,4730,4730,3.8833333333333337,1.9268329900053407,1.8791485465781643
4731,4731,4731,3.8850000000000025,1.9264515144579235,1.8795300221255813
4732,4732,4732,3.8866666666666676,1.9264515144579235,1.8799114976729991
4733,4733,4733,3.8883333333333336,1.9275959411001755,1.880674448767834
4734,4734,4734,3.8900000000000015,1.9272144655527577,1.880674448767834
4735,4735,4735,3.8916666666666675,1.9272144655527577,1.881055924315252
4736,4736,4736,3.8933333333333326,1.9268329900053407,1.881055924315252
4737,4737,4737,3.8949999999999996,1.9264515144579235,1.8814373998626688
4738,4738,4738,3.8966666666666674,1.9268329900053407,1.881055924315252
4739,4739,4739,3.8983333333333308,1.9268329900053407,1.881055924315252
4740,4740,4740,3.9000000000000004,1.9268329900053407,1.881055924315252
4741,4741,4741,3.9016666666666673,1.9264515144579235,1.881055924315252
4742,4742,4742,3.9033333333333324,1.9268329900053407,1.8814373998626688
4743,4743,4743,3.9050000000000002,1.9272144655527577,1.881055924315252
4744,4744,4744,3.906666666666667,1.9268329900053407,1.881055924315252
4745,4745,4745,3.908333333333334,1.9272144655527577,1.881055924315252
4746,4746,4746,3.91,1.9268329900053407,1.881055924315252
4747,4747,4747,3.911666666666667,1.9264515144579235,1.881055924315252
4748,4748,4748,3.913333333333334,1.9268329900053407,1.881055924315252
4749,4749,4749,3.915000000000001,1.9272144655527577,1.880674448767834
4750,4750,4750,3.916666666666668,1.9268329900053407,1.880674448767834
4751,4751,4751,3.918333333333334,1.9272144655527577,1.880674448767834
4752,4752,4752,3.920000000000001,1.9268329900053407,1.8814373998626688
4753,4753,4753,3.9216666666666677,1.9268329900053407,1.8814373998626688
4754,4754,4754,3.923333333333334,1.9268329900053407,1.8814373998626688
4755,4755,4755,3.9250000000000025,1.9268329900053407,1.8814373998626688
4756,4756,4756,3.9266666666666676,1.9264515144579235,1.8814373998626688
4757,4757,4757,3.9283333333333337,1.9264515144579235,1.8814373998626688
4758,4758,4758,3.9300000000000015,1.9268329900053407,1.8814373998626688
4759,4759,4759,3.9316666666666675,1.9268329900053407,1.8814373998626688
4760,4760,4760,3.9333333333333336,1.9264515144579235,1.8814373998626688
4761,4761,4761,3.9349999999999996,1.9264515144579235,1.8814373998626688
4762,4762,4762,3.9366666666666674,1.9264515144579235,1.8814373998626688
4763,4763,4763,3.9383333333333326,1.9268329900053407,1.8814373998626688
4764,4764,4764,3.9400000000000004,1.9272144655527577,1.8818188754100864
4765,4765,4765,3.9416666666666673,1.9264515144579235,1.881055924315252
4766,4766,4766,3.9433333333333325,1.9268329900053407,1.8814373998626688
4767,4767,4767,3.9450000000000003,1.9272144655527577,1.8818188754100864
4768,4768,4768,3.946666666666667,1.9268329900053407,1.8818188754100864
4769,4769,4769,3.948333333333334,1.9264515144579235,1.881055924315252
4770,4770,4770,3.95,1.9275959411001755,1.881055924315252
4771,4771,4771,3.951666666666667,1.9275959411001755,1.881055924315252
4772,4772,4772,3.953333333333334,1.9264515144579235,1.881055924315252
4773,4773,4773,3.955,1.9264515144579235,1.880674448767834
4774,4774,4774,3.956666666666668,1.9268329900053407,1.880674448767834
4775,4775,4775,3.958333333333334,1.9264515144579235,1.881055924315252
4776,4776,4776,3.960000000000001,1.9264515144579235,1.881055924315252
4777,4777,4777,3.961666666666668,1.9268329900053407,1.881055924315252
4778,4778,4778,3.963333333333334,1.9272144655527577,1.881055924315252
4779,4779,4779,3.9650000000000025,1.9272144655527577,1.8814373998626688
4780,4780,4780,3.9666666666666677,1.9268329900053407,1.880674448767834
4781,4781,4781,3.9683333333333337,1.9272144655527577,1.8814373998626688
4782,4782,4782,3.9700000000000015,1.9275959411001755,1.8822003509575043
4783,4783,4783,3.9716666666666676,1.9272144655527577,1.8822003509575043
4784,4784,4784,3.9733333333333336,1.9272144655527577,1.8818188754100864
4785,4785,4785,3.9749999999999996,1.9275959411001755,1.881055924315252
4786,4786,4786,3.9766666666666675,1.9272144655527577,1.881055924315252
4787,4787,4787,3.9783333333333326,1.9272144655527577,1.8814373998626688
4788,4788,4788,3.9800000000000004,1.9272144655527577,1.8814373998626688
4789,4789,4789,3.9816666666666674,1.9275959411001755,1.8814373998626688
4790,4790,4790,3.9833333333333325,1.9279774166475927,1.880674448767834
4791,4791,4791,3.9850000000000003,1.9275959411001755,1.8814373998626688
4792,4792,4792,3.9866666666666672,1.9279774166475927,1.8814373998626688
4793,4793,4793,3.988333333333334,1.9279774166475927,1.8814373998626688
4794,4794,4794,3.99,1.9283588921950103,1.8814373998626688
4795,4795,4795,3.991666666666667,1.9279774166475927,1.881055924315252
4796,4796,4796,3.993333333333334,1.9287403677424282,1.881055924315252
4797,4797,4797,3.995,1.9287403677424282,1.8814373998626688
4798,4798,4798,3.996666666666667,1.9279774166475927,1.8814373998626688
4799,4799,4799,3.998333333333334,1.9279774166475927,1.8814373998626688
4800,4800,4800,4.0,1.9295033188372623,1.8818188754100864
4801,4801,4801,4.001666666666667,1.9333180743114369,1.8814373998626688
4802,4802,4802,4.003333333333334,1.9386587319752804,1.8814373998626688
4803,4803,4803,4.005000000000001,1.9455252918287933,1.8814373998626688
4804,4804,4804,4.006666666666668,1.9508659494926373,1.8814373998626688
4805,4805,4805,4.008333333333335,1.953154802777142,1.881055924315252
4806,4806,4806,4.01,1.9539177538719767,1.881055924315252
4807,4807,4807,4.011666666666667,1.95353627832456,1.881055924315252
4808,4808,4808,4.013333333333334,1.9527733272297243,1.8814373998626688
4809,4809,4809,4.015000000000001,1.9520103761348897,1.881055924315252
4810,4810,4810,4.0166666666666675,1.951465951780188,1.881055924315252
4811,4811,4811,4.018333333333334,1.9510492851135208,1.881055924315252
4812,4812,4812,4.020000000000001,1.950632618446854,1.8818188754100864
4813,4813,4813,4.021666666666668,1.950215951780188,1.8814373998626688
4814,4814,4814,4.023333333333332,1.949036334018686,1.8814373998626688
4815,4815,4815,4.025,1.9478567162571852,1.8818188754100864
4816,4816,4816,4.026666666666667,1.9474400495905184,1.8818188754100864
4817,4817,4817,4.028333333333334,1.9466419073764332,1.8814373998626688
4818,4818,4818,4.030000000000001,1.9458437651623501,1.8818188754100864
4819,4819,4819,4.031666666666668,1.9454270984956832,1.8822003509575043
4820,4820,4820,4.033333333333333,1.943866005186765,1.8817791580243963
4821,4821,4821,4.035,1.9438308140675151,1.8809810158103117
4822,4822,4822,4.036666666666667,1.9445585740431,1.8805643491436448
4823,4823,4823,4.038333333333334,1.9445233829238515,1.880529158024396
4824,4824,4824,4.040000000000001,1.9437252407097667,1.879731015810312
4825,4825,4825,4.041666666666668,1.9429270984956832,1.8793143491436453
4826,4826,4826,4.043333333333333,1.9428919073764337,1.8788976824769787
4827,4827,4827,4.045,1.9424752407097667,1.8788624913577296
4828,4828,4828,4.046666666666667,1.9424400495905183,1.8784458246910631
4829,4829,4829,4.048333333333334,1.9427863340186862,1.8776476824769783
4830,4830,4830,4.050000000000001,1.9423696673520192,1.8776124913577292
4831,4831,4831,4.051666666666668,1.9419530006853525,1.8775773002384804
4832,4832,4832,4.053333333333335,1.9415363340186855,1.876779158024396
4833,4833,4833,4.055,1.9411196673520197,1.8763624913577297
4834,4834,4834,4.056666666666667,1.9407030006853527,1.8759458246910632
4835,4835,4835,4.058333333333334,1.940667809566104,1.8747662069295612
4836,4836,4836,4.0600000000000005,1.9402511428994367,1.874349540262895
4837,4837,4837,4.061666666666667,1.9398344762327704,1.873932873596228
4838,4838,4838,4.063333333333334,1.9394178095661037,1.8738976824769784
4839,4839,4839,4.065000000000001,1.9390011428994367,1.873481015810312
4840,4840,4840,4.066666666666666,1.9382030006853528,1.8730643491436452
4841,4841,4841,4.068333333333333,1.937786334018686,1.8722662069295612
4842,4842,4842,4.07,1.9377511428994367,1.8722310158103117
4843,4843,4843,4.071666666666667,1.9365715251379356,1.8718143491436448
4844,4844,4844,4.073333333333334,1.9365363340186856,1.8713976824769785
4845,4845,4845,4.075000000000001,1.9365011428994368,1.8713624913577291
4846,4846,4846,4.076666666666668,1.9353215251379352,1.8705643491436452
4847,4847,4847,4.078333333333333,1.934904858471269,1.8697662069295613
4848,4848,4848,4.08,1.9348696673520196,1.8693495402628948
4849,4849,4849,4.081666666666667,1.9344530006853529,1.8708402513333149
4850,4850,4850,4.083333333333334,1.9340363340186861,1.8742383401408225
4851,4851,4851,4.085000000000001,1.9340011428994368,1.879162331137999
4852,4852,4852,4.086666666666668,1.9332030006853524,1.8848492732300108
4853,4853,4853,4.088333333333335,1.9335492851135208,1.888628837584936
4854,4854,4854,4.09,1.9338955695416893,1.8901195486553564
4855,4855,4855,4.091666666666667,1.93386037842244,1.8900843575361077
4856,4856,4856,4.093333333333334,1.9345881383980252,1.8896676908694403
4857,4857,4857,4.095000000000001,1.9349344228261942,1.8881065975605211
4858,4858,4858,4.096666666666668,1.9356621828017797,1.8873084553464372
4859,4859,4859,4.0983333333333345,1.9356269916825293,1.8868917886797707
4860,4860,4860,4.1,1.9359732761106985,1.8860936464656872
4861,4861,4861,4.101666666666668,1.9367010360862835,1.8856769797990205
4862,4862,4862,4.103333333333332,1.937047320514452,1.8852603131323535
4863,4863,4863,4.105,1.936630653847785,1.8840806953708518
4864,4864,4864,4.106666666666667,1.935832511633701,1.8829010776093504
4865,4865,4865,4.108333333333334,1.9350343694196168,1.8821029353952663
4866,4866,4866,4.110000000000001,1.9349991783003675,1.8816862687286
4867,4867,4867,4.111666666666666,1.9353454627285358,1.880888126514516
4868,4868,4868,4.113333333333333,1.9353102716092865,1.8804714598478487
4869,4869,4869,4.115,1.9345121293952023,1.87891036653893
4870,4870,4870,4.116666666666667,1.934095462728536,1.8792566509670983
4871,4871,4871,4.118333333333334,1.9336787960618693,1.8796029353952663
4872,4872,4872,4.120000000000001,1.9340250804900372,1.8791862687286
4873,4873,4873,4.121666666666668,1.934371364918205,1.8787696020619329
4874,4874,4874,4.123333333333333,1.9331917471567044,1.8783529353952668
4875,4875,4875,4.125,1.93239360494262,1.8775547931811825
4876,4876,4876,4.126666666666667,1.932739889370788,1.8775196020619331
4877,4877,4877,4.128333333333334,1.931941747156704,1.877484410942684
4878,4878,4878,4.130000000000001,1.9319065560374544,1.8770677442760169
4879,4879,4879,4.131666666666668,1.9311084138233707,1.8766510776093503
4880,4880,4880,4.133333333333335,1.9310732227041207,1.876234410942684
4881,4881,4881,4.135,1.9314195071322895,1.8754362687286
4882,4882,4882,4.136666666666667,1.9310028404656232,1.8754010776093504
4883,4883,4883,4.138333333333334,1.9302046982515384,1.874984410942684
4884,4884,4884,4.140000000000001,1.9301695071322893,1.8749492198234348
4885,4885,4885,4.1416666666666675,1.9297528404656228,1.874532553156768
4886,4886,4886,4.143333333333334,1.929336173798956,1.8741158864901013
4887,4887,4887,4.145000000000001,1.929682458227124,1.874080695370852
4888,4888,4888,4.146666666666668,1.928884316013041,1.8732825531567685
4889,4889,4889,4.148333333333332,1.9280861737989563,1.8728658864901016
4890,4890,4890,4.15,1.9272880315848717,1.872830695370852
4891,4891,4891,4.151666666666667,1.9272528404656228,1.8724140287041853
4892,4892,4892,4.153333333333334,1.9268361737989559,1.8719973620375183
4893,4893,4893,4.155000000000001,1.9268009826797068,1.8719621709182692
4894,4894,4894,4.156666666666668,1.9263843160130405,1.8715455042516027
4895,4895,4895,4.158333333333333,1.925967649346374,1.8703658864901016
4896,4896,4896,4.16,1.9255509826797077,1.8699492198234349
4897,4897,4897,4.161666666666667,1.9247528404656231,1.869532553156768
4898,4898,4898,4.163333333333334,1.9247176493463736,1.8691158864901012
4899,4899,4899,4.165000000000001,1.923538031584872,1.869080695370852
4900,4900,4900,4.166666666666668,1.9223584138233707,1.868664028704185
4901,4901,4901,4.168333333333333,1.9219417471567044,1.8686288375849365
4902,4902,4902,4.17,1.9215250804900377,1.8689751220131043
4903,4903,4903,4.171666666666667,1.9207269382759533,1.8685584553464376
4904,4904,4904,4.173333333333334,1.9203102716092864,1.8681417886797709
4905,4905,4905,4.175000000000001,1.9195121293952024,1.868869548655356
4906,4906,4906,4.176666666666668,1.919095462728536,1.868834357536107
4907,4907,4907,4.178333333333335,1.9186787960618692,1.8691806419642751
4908,4908,4908,4.18,1.918262129395203,1.8691454508450265
4909,4909,4909,4.181666666666667,1.9170825116337007,1.869491735273194
4910,4910,4910,4.183333333333334,1.9159028938722,1.87021949524878
4911,4911,4911,4.1850000000000005,1.9154862272055324,1.8705657796769481
4912,4912,4912,4.186666666666667,1.915069560538866,1.869767637462864
4913,4913,4913,4.188333333333334,1.9146528938721996,1.8693509707961973
4914,4914,4914,4.190000000000001,1.913854751658115,1.8689343041295303
4915,4915,4915,4.191666666666666,1.9138195605388664,1.8685176374628645
4916,4916,4916,4.193333333333333,1.9134028938722,1.8688639218910323
4917,4917,4917,4.195,1.9129862272055331,1.8688287307717832
4918,4918,4918,4.196666666666667,1.9121880849914483,1.8680305885576989
4919,4919,4919,4.198333333333334,1.9117714183247816,1.867613921891032
4920,4920,4920,4.200000000000001,1.9117362272055327,1.867197255224365
4921,4921,4921,4.201666666666668,1.9105566094440312,1.8675435396525333
4922,4922,4922,4.203333333333333,1.9101399427773649,1.8675083485332844
4923,4923,4923,4.205,1.9101047516581156,1.8667102063192
4924,4924,4924,4.206666666666667,1.9093066094440316,1.8662935396525333
4925,4925,4925,4.208333333333334,1.9085084672299468,1.8658768729858664
4926,4926,4926,4.210000000000001,1.9084732761106984,1.8654602063192
4927,4927,4927,4.211666666666668,1.9076751338966136,1.865043539652533
4928,4928,4928,4.213333333333335,1.9068769916825288,1.8646268729858664
4929,4929,4929,4.215,1.9064603250158632,1.8645916818666175
4930,4930,4930,4.216666666666667,1.9064251338966136,1.8645564907473688
4931,4931,4931,4.218333333333334,1.9060084672299469,1.8641398240807017
4932,4932,4932,4.220000000000001,1.9052103250158627,1.8633416818666173
4933,4933,4933,4.221666666666668,1.904793658349196,1.8633064907473684
4934,4934,4934,4.2233333333333345,1.904758467229947,1.8636527751755363
4935,4935,4935,4.225,1.9039603250158632,1.8628546329614528
4936,4936,4936,4.226666666666668,1.9031621828017795,1.8628194418422035
4937,4937,4937,4.228333333333332,1.9031269916825293,1.8624027751755363
4938,4938,4938,4.23,1.9027103250158628,1.8612231574140352
4939,4939,4939,4.231666666666667,1.9030566094440315,1.8611879662947857
4940,4940,4940,4.233333333333334,1.902258467229947,1.8607712996281192
4941,4941,4941,4.235000000000001,1.90184180056328,1.860354632961452
4942,4942,4942,4.236666666666666,1.901425133896614,1.8607009173896207
4943,4943,4943,4.238333333333333,1.9010084672299472,1.860284250722954
4944,4944,4944,4.24,1.9005918005632805,1.8598675840562875
4945,4945,4945,4.241666666666667,1.899793658349196,1.8590694418422031
4946,4946,4946,4.243333333333334,1.8993769916825292,1.8586527751755364
4947,4947,4947,4.245000000000001,1.8993418005632805,1.8582361085088697
4948,4948,4948,4.246666666666668,1.898925133896613,1.8570564907473683
4949,4949,4949,4.248333333333333,1.8985084672299477,1.8562583485332844
4950,4950,4950,4.25,1.8980918005632803,1.8554602063192
4951,4951,4951,4.251666666666667,1.897293658349196,1.855425015199951
4952,4952,4952,4.253333333333334,1.8964955161351127,1.8546268729858664
4953,4953,4953,4.255000000000001,1.8960788494684462,1.8538287307717831
4954,4954,4954,4.256666666666668,1.8952807072543616,1.8534120641051164
4955,4955,4955,4.258333333333335,1.8948640405876949,1.8529953974384497
4956,4956,4956,4.26,1.8944473739210288,1.8529602063192
4957,4957,4957,4.261666666666667,1.8932677561595277,1.8521620641051169
4958,4958,4958,4.263333333333334,1.8932325650402777,1.85174539743845
4959,4959,4959,4.265000000000001,1.8939603250158628,1.850947255224365
4960,4960,4960,4.2666666666666675,1.8931621828017795,1.8501491130102807
4961,4961,4961,4.268333333333334,1.8927455161351123,1.8501139218910319
4962,4962,4962,4.270000000000001,1.891947373921028,1.8496972552243651
4963,4963,4963,4.271666666666668,1.8907677561595275,1.8488991130102812
4964,4964,4964,4.273333333333332,1.8903510894928608,1.8484824463436147
4965,4965,4965,4.275,1.889934422826194,1.8484472552243656
4966,4966,4966,4.276666666666667,1.8898992317069443,1.8480305885576989
4967,4967,4967,4.278333333333334,1.8894825650402776,1.8472324463436145
4968,4968,4968,4.280000000000001,1.8890658983736108,1.846815779676948
4969,4969,4969,4.281666666666668,1.8890307072543613,1.846399113010281
4970,4970,4970,4.283333333333333,1.8878510894928608,1.8456009707961976
4971,4971,4971,4.285,1.8881973739210285,1.8455657796769482
4972,4972,4972,4.286666666666667,1.8881621828017796,1.8451491130102813
4973,4973,4973,4.288333333333334,1.887364040587695,1.8443509707961971
4974,4974,4974,4.290000000000001,1.8869473739210283,1.8439343041295304
4975,4975,4975,4.291666666666668,1.8869121828017792,1.8431361619154458
4976,4976,4976,4.293333333333333,1.886495516135113,1.8423380197013628
4977,4977,4977,4.295,1.8864603250158631,1.8415398774872784
4978,4978,4978,4.296666666666667,1.886043658349196,1.841504686368029
4979,4979,4979,4.298333333333334,1.8856269916825292,1.8410880197013624
4980,4980,4980,4.300000000000001,1.8852103250158627,1.8402898774872785
4981,4981,4981,4.301666666666668,1.8844121828017792,1.8398732108206115
4982,4982,4982,4.303333333333335,1.8836140405876949,1.8398380197013624
4983,4983,4983,4.305,1.8828158983736112,1.839802828582113
4984,4984,4984,4.306666666666667,1.8827807072543616,1.8393861619154463
4985,4985,4985,4.308333333333334,1.8819825650402775,1.8382065441539452
4986,4986,4986,4.3100000000000005,1.8811844228261942,1.8377898774872783
4987,4987,4987,4.311666666666667,1.8819121828017795,1.8381361619154464
4988,4988,4988,4.313333333333334,1.8818769916825293,1.8381009707961973
4989,4989,4989,4.315000000000001,1.8810788494684456,1.838065779676948
4990,4990,4990,4.316666666666666,1.8810436583491963,1.8372676374628645
4991,4991,4991,4.318333333333333,1.8802455161351128,1.8368509707961973
4992,4992,4992,4.32,1.8794473739210285,1.8364343041295308
4993,4993,4993,4.321666666666667,1.879793658349196,1.8356361619154464
4994,4994,4994,4.323333333333334,1.8789955161351128,1.8352194952487797
4995,4995,4995,4.325000000000001,1.8781973739210285,1.834421353034696
4996,4996,4996,4.326666666666668,1.8781621828017792,1.834386161915446
4997,4997,4997,4.328333333333333,1.8781269916825296,1.83396949524878
4998,4998,4998,4.33,1.8777103250158629,1.8339343041295308
4999,4999,4999,4.331666666666667,1.8776751338966136,1.833517637462864
5000,5000,5000,4.333333333333334,1.8772584672299468,1.8323380197013623
5001,5001,5001,4.335000000000001,1.8772232761106984,1.8315398774872784
5002,5002,5002,4.336666666666668,1.8764251338966136,1.8311232108206117
5003,5003,5003,4.338333333333335,1.8756269916825288,1.8307065441539447
5004,5004,5004,4.34,1.8748288494684464,1.8302898774872784
5005,5005,5005,4.341666666666667,1.8744121828017797,1.829491735273194
5006,5006,5006,4.343333333333334,1.8739955161351127,1.8286935930591104
5007,5007,5007,4.345000000000001,1.8731973739210284,1.8286584019398608
5008,5008,5008,4.346666666666668,1.8731621828017797,1.8286232108206115
5009,5009,5009,4.3483333333333345,1.8727455161351123,1.8282065441539448
5010,5010,5010,4.350000000000001,1.8723288494684456,1.827789877487278
5011,5011,5011,4.351666666666668,1.8719121828017795,1.826991735273194
5012,5012,5012,4.353333333333332,1.8714955161351128,1.8265750686065276
5013,5013,5013,4.355,1.8714603250158628,1.8257769263924437
5014,5014,5014,4.356666666666667,1.8714251338966137,1.825741735273194
5015,5015,5015,4.358333333333334,1.8713899427773648,1.8253250686065272
5016,5016,5016,4.360000000000001,1.8709732761106976,1.8249084019398605
5017,5017,5017,4.361666666666666,1.870556609444032,1.824873210820612
5018,5018,5018,4.363333333333333,1.8701399427773648,1.824456544153945
5019,5019,5019,4.365,1.8704862272055331,1.8236584019398607
5020,5020,5020,4.366666666666667,1.8693066094440316,1.8240046863680293
5021,5021,5021,4.368333333333334,1.8688899427773649,1.8235880197013623
5022,5022,5022,4.370000000000001,1.8684732761106972,1.823171353034696
5023,5023,5023,4.371666666666668,1.8680566094440312,1.8223732108206117
5024,5024,5024,4.373333333333333,1.8676399427773651,1.8219565441539447
5025,5025,5025,4.375,1.8668418005632803,1.821921353034696
5026,5026,5026,4.376666666666667,1.8668066094440317,1.822267637462864
5027,5027,5027,4.378333333333334,1.8663899427773647,1.8214694952487795
5028,5028,5028,4.380000000000001,1.8659732761106982,1.821434304129531
5029,5029,5029,4.381666666666668,1.8655566094440312,1.821017637462864
5030,5030,5030,4.383333333333335,1.8647584672299469,1.8198380197013624
5031,5031,5031,4.385,1.8643418005632808,1.8190398774872785
5032,5032,5032,4.386666666666667,1.8639251338966136,1.818623210820612
5033,5033,5033,4.388333333333334,1.8635084672299471,1.8185880197013624
5034,5034,5034,4.390000000000001,1.8630918005632804,1.8177898774872785
5035,5035,5035,4.3916666666666675,1.8630566094440315,1.8173732108206115
5036,5036,5036,4.393333333333334,1.862258467229947,1.8181009707961973
5037,5037,5037,4.395000000000001,1.86184180056328,1.8176843041295303
5038,5038,5038,4.396666666666668,1.8618066094440315,1.8168861619154464
5039,5039,5039,4.398333333333332,1.8621528938722,1.8172324463436147
5040,5040,5040,4.4,1.8609732761106983,1.8160528285821131
5041,5041,5041,4.401666666666667,1.8609380849914483,1.8152546863680288
5042,5042,5042,4.403333333333334,1.8609028938721996,1.8156009707961973
5043,5043,5043,4.405000000000001,1.8597232761106977,1.814421353034696
5044,5044,5044,4.406666666666668,1.8596880849914483,1.814386161915446
5045,5045,5045,4.408333333333333,1.859271418324782,1.8143509707961976
5046,5046,5046,4.41,1.858473276110698,1.8143157796769482
5047,5047,5047,4.411666666666667,1.8584380849914488,1.8138991130102813
5048,5048,5048,4.413333333333334,1.8580214183247816,1.8134824463436143
5049,5049,5049,4.415000000000001,1.8572232761106984,1.813065779676948
5050,5050,5050,4.416666666666668,1.857569560538866,1.8130305885576987
5051,5051,5051,4.418333333333333,1.8571528938722,1.8122324463436148
5052,5052,5052,4.42,1.856736227205533,1.811052828582113
5053,5053,5053,4.421666666666667,1.8555566094440317,1.811017637462864
5054,5054,5054,4.423333333333334,1.855521418324782,1.8106009707961972
5055,5055,5055,4.425000000000001,1.8554862272055328,1.8098028285821128
5056,5056,5056,4.426666666666668,1.8558325116337009,1.809767637462864
5057,5057,5057,4.428333333333335,1.8554158449670344,1.8093509707961968
5058,5058,5058,4.43,1.854999178300368,1.809315779676948
5059,5059,5059,4.431666666666667,1.8542010360862835,1.808517637462864
5060,5060,5060,4.433333333333334,1.8537843694196168,1.80771949524878
5061,5061,5061,4.4350000000000005,1.8529862272055329,1.8080657796769481
5062,5062,5062,4.436666666666667,1.8518066094440315,1.8080305885576988
5063,5063,5063,4.438333333333334,1.8517714183247815,1.8076139218910319
5064,5064,5064,4.440000000000001,1.8517362272055329,1.8075787307717832
5065,5065,5065,4.441666666666666,1.8513195605388664,1.8071620641051167
5066,5066,5066,4.443333333333333,1.8512843694196168,1.8067453974384498
5067,5067,5067,4.445,1.8504862272055331,1.8067102063192002
5068,5068,5068,4.446666666666667,1.8500695605388664,1.8066750151999509
5069,5069,5069,4.448333333333334,1.8500343694196169,1.8058768729858663
5070,5070,5070,4.450000000000001,1.8499991783003675,1.8050787307717833
5071,5071,5071,4.451666666666668,1.8495825116337008,1.8046620641051163
5072,5072,5072,4.453333333333333,1.848021418324782,1.8042453974384498
5073,5073,5073,4.455,1.84836770275295,1.8038287307717835
5074,5074,5074,4.456666666666667,1.8475695605388665,1.803030588557699
5075,5075,5075,4.458333333333334,1.8471528938721995,1.8029953974384496
5076,5076,5076,4.460000000000001,1.84711770275295,1.8029602063192
5077,5077,5077,4.461666666666668,1.846319560538866,1.8021620641051164
5078,5078,5078,4.463333333333335,1.8459028938721995,1.8017453974384496
5079,5079,5079,4.465,1.846249178300368,1.8009472552243655
5080,5080,5080,4.466666666666667,1.8454510360862837,1.800530588557699
5081,5081,5081,4.468333333333334,1.8446528938722,1.8001139218910325
5082,5082,5082,4.470000000000001,1.8446177027529498,1.7996972552243655
5083,5083,5083,4.471666666666668,1.8438195605388659,1.7992805885576988
5084,5084,5084,4.4733333333333345,1.8434028938721996,1.7992453974384497
5085,5085,5085,4.475000000000001,1.842604751658115,1.7988287307717834
5086,5086,5086,4.476666666666668,1.8421880849914487,1.798030588557699
5087,5087,5087,4.478333333333332,1.841771418324782,1.79799539743845
5088,5088,5088,4.48,1.8409732761106983,1.7979602063192002
5089,5089,5089,4.481666666666667,1.8409380849914485,1.7971620641051165
5090,5090,5090,4.483333333333334,1.8409028938721996,1.7971268729858665
5091,5091,5091,4.485000000000001,1.8408677027529496,1.7967102063191998
5092,5092,5092,4.486666666666666,1.8408325116337008,1.7962935396525337
5093,5093,5093,4.488333333333333,1.840797320514452,1.7954953974384498
5094,5094,5094,4.49,1.839999178300368,1.7950787307717833
5095,5095,5095,4.491666666666667,1.8392010360862836,1.7946620641051163
5096,5096,5096,4.493333333333334,1.8391658449670345,1.7946268729858663
5097,5097,5097,4.495000000000001,1.839130653847785,1.7938287307717833
5098,5098,5098,4.496666666666668,1.8383325116337008,1.7934120641051163
5099,5099,5099,4.498333333333333,1.838297320514452,1.7937583485332844
5100,5100,5100,4.5,1.8378806538477848,1.7929602063192
5101,5101,5101,4.501666666666667,1.8374639871811185,1.792543539652533
5102,5102,5102,4.503333333333334,1.837047320514452,1.7921268729858666
5103,5103,5103,4.505000000000001,1.836630653847785,1.7913287307717831
5104,5104,5104,4.506666666666668,1.8362139871811185,1.7916750151999508
5105,5105,5105,4.508333333333335,1.835415844967034,1.7916398240807017
5106,5106,5106,4.51,1.835762129395203,1.7916046329614526
5107,5107,5107,4.511666666666667,1.835726938275953,1.7911879662947858
5108,5108,5108,4.513333333333334,1.8349287960618688,1.790771299628119
5109,5109,5109,4.515000000000001,1.83489360494262,1.7903546329614524
5110,5110,5110,4.5166666666666675,1.834095462728536,1.7891750151999508
5111,5111,5111,4.518333333333334,1.8336787960618692,1.7883768729858665
5112,5112,5112,4.520000000000001,1.8336436049426197,1.7883416818666171
5113,5113,5113,4.521666666666668,1.8332269382759527,1.7879250151999508
5114,5114,5114,4.523333333333332,1.8324287960618693,1.7875083485332843
5115,5115,5115,4.525,1.83239360494262,1.7874731574140352
5116,5116,5116,4.526666666666667,1.831595462728536,1.7870564907473685
5117,5117,5117,4.528333333333334,1.8311787960618693,1.786258348533284
5118,5118,5118,4.530000000000001,1.830380653847785,1.7866046329614522
5119,5119,5119,4.531666666666668,1.8299639871811184,1.7865694418422031
5120,5120,5120,4.533333333333333,1.8287843694196169,1.7857712996281192
5121,5121,5121,4.535,1.8291306538477847,1.7845916818666177
5122,5122,5122,4.536666666666667,1.8287139871811184,1.7845564907473686
5123,5123,5123,4.538333333333334,1.8279158449670343,1.7837583485332842
5124,5124,5124,4.540000000000001,1.827880653847785,1.7833416818666177
5125,5125,5125,4.541666666666668,1.8274639871811185,1.7836879662947855
5126,5126,5126,4.543333333333333,1.827047320514452,1.7825083485332844
5127,5127,5127,4.545,1.82739360494262,1.7828546329614523
5128,5128,5128,4.546666666666667,1.8269769382759533,1.7828194418422032
5129,5129,5129,4.548333333333334,1.8261787960618687,1.781639824080702
5130,5130,5130,4.550000000000001,1.8257621293952024,1.7812231574140351
5131,5131,5131,4.551666666666668,1.8257269382759533,1.7808064907473684
5132,5132,5132,4.553333333333335,1.8253102716092864,1.7807712996281189
5133,5133,5133,4.555,1.82489360494262,1.7803546329614526
5134,5134,5134,4.556666666666667,1.8244769382759527,1.7795564907473689
5135,5135,5135,4.558333333333334,1.8240602716092869,1.7791398240807017
5136,5136,5136,4.5600000000000005,1.82364360494262,1.7787231574140352
5137,5137,5137,4.561666666666667,1.822845462728536,1.7779250151999508
5138,5138,5138,4.563333333333334,1.822047320514452,1.777508348533284
5139,5139,5139,4.565000000000001,1.8223936049426197,1.777473157414035
5140,5140,5140,4.566666666666666,1.8212139871811184,1.7774379662947861
5141,5141,5141,4.568333333333333,1.8211787960618693,1.7774027751755366
5142,5142,5142,4.57,1.8207621293952023,1.7773675840562873
5143,5143,5143,4.571666666666667,1.8207269382759532,1.7769509173896203
5144,5144,5144,4.573333333333334,1.8203102716092865,1.7761527751755364
5145,5145,5145,4.575000000000001,1.8202750804900372,1.7757361085088696
5146,5146,5146,4.576666666666668,1.820621364918205,1.7757009173896203
5147,5147,5147,4.578333333333333,1.8202046982515387,1.775284250722954
5148,5148,5148,4.58,1.8190250804900376,1.7748675840562873
5149,5149,5149,4.581666666666667,1.818608413823371,1.7744509173896206
5150,5150,5150,4.583333333333334,1.818191747156704,1.7740342507229538
5151,5151,5151,4.585000000000001,1.8181565560374544,1.7739990596037043
5152,5152,5152,4.586666666666668,1.8169769382759529,1.7732009173896204
5153,5153,5153,4.588333333333335,1.816560271609286,1.7727842507229536
5154,5154,5154,4.59,1.8165250804900377,1.7723675840562874
5155,5155,5155,4.591666666666667,1.816489889370788,1.7723323929370378
5156,5156,5156,4.593333333333334,1.8160732227041212,1.7722972018177887
5157,5157,5157,4.595000000000001,1.8152750804900373,1.7714990596037044
5158,5158,5158,4.596666666666668,1.8148584138233708,1.7710823929370376
5159,5159,5159,4.5983333333333345,1.814441747156704,1.7706657262703709
5160,5160,5160,4.600000000000001,1.8136436049426197,1.7702490596037042
5161,5161,5161,4.601666666666668,1.813989889370788,1.7702138684844555
5162,5162,5162,4.603333333333332,1.8139546982515389,1.7697972018177888
5163,5163,5163,4.605,1.8139195071322896,1.7693805351511218
5164,5164,5164,4.606666666666667,1.8135028404656228,1.7689638684844553
5165,5165,5165,4.608333333333334,1.8127046982515385,1.7685472018177886
5166,5166,5166,4.610000000000001,1.8126695071322891,1.7677490596037042
5167,5167,5167,4.611666666666666,1.812252840465623,1.767332392937038
5168,5168,5168,4.613333333333333,1.8118361737989563,1.766534250722954
5169,5169,5169,4.615,1.8118009826797072,1.76573610850887
5170,5170,5170,4.616666666666667,1.8110028404656229,1.7657009173896203
5171,5171,5171,4.618333333333334,1.809823222704121,1.7652842507229538
5172,5172,5172,4.620000000000001,1.809788031584872,1.7648675840562869
5173,5173,5173,4.621666666666668,1.809371364918205,1.7648323929370375
5174,5174,5174,4.623333333333333,1.8093361737989564,1.764034250722954
5175,5175,5175,4.625,1.8089195071322897,1.763617584056287
5176,5176,5176,4.626666666666667,1.8085028404656232,1.7639638684844554
5177,5177,5177,4.628333333333334,1.808086173798956,1.763547201817789
5178,5178,5178,4.630000000000001,1.8076695071322892,1.763130535151122
5179,5179,5179,4.631666666666668,1.8064898893707881,1.7627138684844552
5180,5180,5180,4.633333333333335,1.805691747156704,1.7619157262703709
5181,5181,5181,4.635,1.8056565560374551,1.7622620106985396
5182,5182,5182,4.636666666666667,1.8060028404656232,1.7618453440318729
5183,5183,5183,4.638333333333334,1.8055861737989565,1.761428677365206
5184,5184,5184,4.640000000000001,1.8059324582271243,1.760630535151122
5185,5185,5185,4.6416666666666675,1.8051343160130404,1.760595344031873
5186,5186,5186,4.643333333333334,1.8039546982515384,1.7597972018177883
5187,5187,5187,4.645000000000001,1.8031565560374545,1.7593805351511218
5188,5188,5188,4.646666666666668,1.803884316013041,1.7593453440318731
5189,5189,5189,4.648333333333332,1.8030861737989563,1.7585472018177888
5190,5190,5190,4.65,1.8022880315848717,1.7581305351511218
5191,5191,5191,4.651666666666667,1.8026343160130405,1.7580953440318727
5192,5192,5192,4.653333333333334,1.8022176493463735,1.7580601529126232
5193,5193,5193,4.655000000000001,1.8014195071322894,1.7576434862459565
5194,5194,5194,4.656666666666668,1.8017657915604572,1.7576082951267074
5195,5195,5195,4.658333333333333,1.800967649346374,1.7575731040074587
5196,5196,5196,4.66,1.8005509826797073,1.7571564373407922
5197,5197,5197,4.661666666666667,1.8001343160130403,1.7567397706741252
5198,5198,5198,4.663333333333334,1.800099124893791,1.7563231040074585
5199,5199,5199,4.665000000000001,1.7996824582271242,1.7559064373407918
5200,5200,5200,4.666666666666668,1.7988843160130403,1.755489770674125
5201,5201,5201,4.668333333333333,1.798467649346374,1.7543101529126237
5202,5202,5202,4.67,1.7980509826797073,1.7538934862459568
5203,5203,5203,4.671666666666667,1.7972528404656232,1.7538582951267077
5204,5204,5204,4.673333333333334,1.7968361737989562,1.7538231040074586
5205,5205,5205,4.675000000000001,1.796038031584872,1.7534064373407918
5206,5206,5206,4.676666666666668,1.7960028404656228,1.7529897706741249
5207,5207,5207,4.678333333333335,1.7963491248937908,1.7521916284600407
5208,5208,5208,4.68,1.796695409321959,1.7513934862459568
5209,5209,5209,4.681666666666667,1.7962787426552922,1.7513582951267077
5210,5210,5210,4.683333333333334,1.7954806004412087,1.750941628460041
5211,5211,5211,4.6850000000000005,1.795063933774542,1.7512879128882095
5212,5212,5212,4.686666666666667,1.7942657915604576,1.7512527217689604
5213,5213,5213,4.688333333333334,1.7938491248937911,1.7508360551022937
5214,5214,5214,4.690000000000001,1.7938139337745418,1.750419388435627
5215,5215,5215,4.691666666666666,1.793015791560458,1.7500027217689609
5216,5216,5216,4.693333333333333,1.7929806004412088,1.7495860551022941
5217,5217,5217,4.695,1.7925639337745418,1.7491693884356272
5218,5218,5218,4.696666666666667,1.7917657915604577,1.7487527217689605
5219,5219,5219,4.698333333333334,1.7917306004412086,1.747954579554876
5220,5220,5220,4.700000000000001,1.7924583604167936,1.7471564373407915
5221,5221,5221,4.701666666666668,1.792041693750127,1.746739770674125
5222,5222,5222,4.703333333333333,1.7912435515360432,1.7467045795548763
5223,5223,5223,4.705,1.7908268848693765,1.7466693884356272
5224,5224,5224,4.706666666666667,1.7904102182027095,1.7462527217689603
5225,5225,5225,4.708333333333334,1.7892306004412086,1.7458360551022938
5226,5226,5226,4.710000000000001,1.7891954093219586,1.7458008639830438
5227,5227,5227,4.711666666666668,1.7880157915604575,1.7450027217689603
5228,5228,5228,4.713333333333335,1.7879806004412084,1.7442045795548762
5229,5229,5229,4.715,1.7879454093219591,1.7437879128882097
5230,5230,5230,4.716666666666667,1.7867657915604578,1.7433712462215432
5231,5231,5231,4.718333333333334,1.786349124893791,1.7437175306497106
5232,5232,5232,4.720000000000001,1.7866954093219587,1.7433008639830438
5233,5233,5233,4.721666666666668,1.7866602182027096,1.7432656728637947
5234,5234,5234,4.7233333333333345,1.7858620759886252,1.7432304817445456
5235,5235,5235,4.725000000000001,1.7862083604167935,1.741669388435627
5236,5236,5236,4.726666666666668,1.7857916937501273,1.7412527217689606
5237,5237,5237,4.728333333333332,1.7846120759886257,1.740836055102294
5238,5238,5238,4.73,1.7849583604167938,1.7408008639830441
5239,5239,5239,4.731666666666667,1.7849231692975445,1.7400027217689604
5240,5240,5240,4.733333333333334,1.7845065026308775,1.7399675306497104
5241,5241,5241,4.735000000000001,1.7844713115116286,1.7395508639830437
5242,5242,5242,4.736666666666666,1.7832916937501273,1.7391341973163774
5243,5243,5243,4.738333333333333,1.7824935515360432,1.7390990061971283
5244,5244,5244,4.74,1.7828398359642113,1.7386823395304616
5245,5245,5245,4.741666666666667,1.7824231692975443,1.7378841973163772
5246,5246,5246,4.743333333333334,1.7816250270834608,1.737849006197128
5247,5247,5247,4.745000000000001,1.7812083604167936,1.7370508639830438
5248,5248,5248,4.746666666666668,1.7811731692975443,1.7370156728637949
5249,5249,5249,4.748333333333333,1.780756502630878,1.7365990061971284
5250,5250,5250,4.75,1.779958360416794,1.735800863983044
5251,5251,5251,4.751666666666667,1.7799231692975446,1.735765672863795
5252,5252,5252,4.753333333333334,1.7795065026308778,1.7349675306497103
5253,5253,5253,4.755000000000001,1.7794713115116287,1.7341693884356268
5254,5254,5254,4.756666666666668,1.7786731692975444,1.7337527217689603
5255,5255,5255,4.758333333333335,1.7786379781782953,1.7337175306497103
5256,5256,5256,4.76,1.7782213115116292,1.734063815077879
5257,5257,5257,4.761666666666667,1.7778046448449625,1.7347915750534646
5258,5258,5258,4.763333333333334,1.7773879781782955,1.734374908386798
5259,5259,5259,4.765000000000001,1.7765898359642112,1.7335767661727135
5260,5260,5260,4.7666666666666675,1.7761731692975444,1.7331600995060468
5261,5261,5261,4.768333333333334,1.776137978178295,1.7319804817445457
5262,5262,5262,4.770000000000001,1.7764842626064634,1.7315638150778792
5263,5263,5263,4.771666666666668,1.7756861203923795,1.7319100995060468
5264,5264,5264,4.773333333333332,1.7760324048205478,1.7311119572919629
5265,5265,5265,4.775,1.7752342626064637,1.7314582417201312
5266,5266,5266,4.776666666666667,1.774054644844962,1.7302786239586292
5267,5267,5267,4.778333333333334,1.7736379781782954,1.7294804817445455
5268,5268,5268,4.780000000000001,1.7732213115116289,1.7294452906252955
5269,5269,5269,4.781666666666668,1.773186120392379,1.7297915750534645
5270,5270,5270,4.783333333333333,1.7731509292731304,1.7293749083867982
5271,5271,5271,4.785,1.772352787059046,1.7289582417201312
5272,5272,5272,4.786666666666667,1.7715546448449622,1.7285415750534645
5273,5273,5273,4.788333333333334,1.7711379781782954,1.728506383934215
5274,5274,5274,4.790000000000001,1.7711027870590461,1.7277082417201308
5275,5275,5275,4.791666666666668,1.770304644844962,1.7272915750534643
5276,5276,5276,4.793333333333335,1.7702694537257124,1.7261119572919623
5277,5277,5277,4.795,1.7702342626064638,1.7260767661727137
5278,5278,5278,4.796666666666667,1.7698175959397968,1.7260415750534646
5279,5279,5279,4.798333333333334,1.7694009292731303,1.7256249083867978
5280,5280,5280,4.800000000000001,1.768602787059046,1.7252082417201307
5281,5281,5281,4.801666666666668,1.7681861203923792,1.7255545261482992
5282,5282,5282,4.803333333333336,1.76815092927313,1.7259008105764673
5283,5283,5283,4.805,1.7677342626064638,1.725484143909801
5284,5284,5284,4.806666666666667,1.7669361203923797,1.7262119038853865
5285,5285,5285,4.808333333333334,1.7665194537257127,1.7257952372187195
5286,5286,5286,4.8100000000000005,1.7664842626064636,1.7257600460994706
5287,5287,5287,4.811666666666667,1.7664490714872143,1.725724854980221
5288,5288,5288,4.813333333333334,1.7660324048205476,1.7256896638609716
5289,5289,5289,4.815000000000003,1.7659972137012985,1.7256544727417231
5290,5290,5290,4.816666666666666,1.765580547034632,1.726000757169891
5291,5291,5291,4.818333333333333,1.7659268314628005,1.72482113940839
5292,5292,5292,4.82,1.7651286892487157,1.724022997194305
5293,5293,5293,4.821666666666667,1.7643305470346318,1.7247507571698908
5294,5294,5294,4.823333333333334,1.7642953559153822,1.7239526149558069
5295,5295,5295,4.825000000000003,1.7642601647961336,1.723154472741723
5296,5296,5296,4.826666666666668,1.7638434981294668,1.7235007571698906
5297,5297,5297,4.828333333333333,1.7638083070102175,1.7227026149558071
5298,5298,5298,4.83,1.763391640343551,1.7222859482891402
5299,5299,5299,4.831666666666667,1.7618305470346318,1.7218692816224734
5300,5300,5300,4.833333333333334,1.761413880367965,1.721834090503224
5301,5301,5301,4.835000000000001,1.7613786892487155,1.7214174238365574
5302,5302,5302,4.836666666666668,1.7613434981294667,1.7210007571698906
5303,5303,5303,4.8383333333333365,1.7605453559153819,1.7205840905032241
5304,5304,5304,4.84,1.7597472137012986,1.7205488993839753
5305,5305,5305,4.841666666666667,1.7589490714872145,1.7201322327173083
5306,5306,5306,4.843333333333334,1.7596768314628004,1.7197155660506418
5307,5307,5307,4.845000000000001,1.7596416403435509,1.7189174238365574
5308,5308,5308,4.846666666666668,1.7588434981294667,1.7181192816224733
5309,5309,5309,4.8483333333333345,1.7584268314628002,1.7184655660506416
5310,5310,5310,4.850000000000003,1.7572472137012982,1.7180488993839749
5311,5311,5311,4.851666666666668,1.7564490714872143,1.7183951838121432
5312,5312,5312,4.853333333333332,1.7567953559153824,1.7175970415980586
5313,5313,5313,4.855,1.7567601647961335,1.7175618504788095
5314,5314,5314,4.856666666666667,1.7567249736768842,1.7167637082647251
5315,5315,5315,4.858333333333334,1.7563083070102177,1.7163470415980584
5316,5316,5316,4.860000000000003,1.7558916403435507,1.715548899383975
5317,5317,5317,4.861666666666666,1.7550934981294672,1.7151322327173086
5318,5318,5318,4.863333333333333,1.7550583070102177,1.7154785171454765
5319,5319,5319,4.865,1.7554045914383858,1.7154433260262272
5320,5320,5320,4.866666666666667,1.7546064492243012,1.7146451838121428
5321,5321,5321,4.868333333333334,1.7541897825576345,1.7142285171454756
5322,5322,5322,4.870000000000003,1.7537731158909675,1.7138118504788094
5323,5323,5323,4.871666666666668,1.7529749736768843,1.7130137082647252
5324,5324,5324,4.873333333333333,1.7525583070102178,1.7129785171454763
5325,5325,5325,4.875,1.752141640343551,1.7125618504788096
5326,5326,5326,4.876666666666667,1.7521064492243013,1.7125266593595605
5327,5327,5327,4.878333333333334,1.7513083070102176,1.7121099926928938
5328,5328,5328,4.880000000000001,1.7512731158909678,1.7116933260262268
5329,5329,5329,4.881666666666668,1.750856449224301,1.710895183812143
5330,5330,5330,4.883333333333336,1.7496768314628002,1.7104785171454757
5331,5331,5331,4.885,1.749641640343551,1.7104433260262273
5332,5332,5332,4.886666666666667,1.7488434981294672,1.7100266593595606
5333,5333,5333,4.888333333333334,1.7488083070102176,1.7096099926928938
5334,5334,5334,4.890000000000001,1.7487731158909678,1.7091933260262269
5335,5335,5335,4.8916666666666675,1.7483564492243011,1.7087766593595604
5336,5336,5336,4.893333333333334,1.7483212581050522,1.7091229437877284
5337,5337,5337,4.895000000000003,1.7482860669858027,1.7090877526684791
5338,5338,5338,4.896666666666668,1.7482508758665538,1.7090525615492302
5339,5339,5339,4.898333333333332,1.7478342091998869,1.7086358948825635
5340,5340,5340,4.9,1.7485619691754724,1.7086007037633142
5341,5341,5341,4.901666666666667,1.7477638269613882,1.7081840370966477
5342,5342,5342,4.903333333333334,1.7473471602947217,1.707385894882563
5343,5343,5343,4.905000000000003,1.7476934447228898,1.707350703763314
5344,5344,5344,4.906666666666668,1.7476582536036402,1.7069340370966473
5345,5345,5345,4.908333333333333,1.7476230624843916,1.7072803215248156
5346,5346,5346,4.91,1.7475878713651418,1.7068636548581488
5347,5347,5347,4.911666666666667,1.747552680245893,1.706065512644065
5348,5348,5348,4.913333333333334,1.7475174891266436,1.7056488459773982
5349,5349,5349,4.915000000000003,1.7474822980073943,1.7052321793107317
5350,5350,5350,4.916666666666668,1.7466841557933102,1.704434037096647
5351,5351,5351,4.9183333333333366,1.7458860135792258,1.7047803215248152
5352,5352,5352,4.92,1.7454693469125595,1.7039821793107317
5353,5353,5353,4.921666666666667,1.7454341557933104,1.703565512644065
5354,5354,5354,4.923333333333334,1.7450174891266437,1.7031488459773982
5355,5355,5355,4.925000000000001,1.7434563958177247,1.7031136548581487
5356,5356,5356,4.926666666666668,1.7426582536036404,1.7030784637388998
5357,5357,5357,4.928333333333336,1.7433860135792263,1.7026617970722333
5358,5358,5358,4.93,1.742587871365142,1.7022451304055668
5359,5359,5359,4.931666666666667,1.742171204698476,1.7014469881914822
5360,5360,5360,4.933333333333334,1.7421360135792263,1.7006488459773983
5361,5361,5361,4.9350000000000005,1.7421008224599768,1.7009951304055666
5362,5362,5362,4.936666666666667,1.7416841557933105,1.7009599392863168
5363,5363,5363,4.938333333333334,1.7412674891266435,1.7005432726196503
5364,5364,5364,4.940000000000003,1.7412322980073942,1.7001266059529836
5365,5365,5365,4.941666666666666,1.740052680245893,1.6997099392863173
5366,5366,5366,4.943333333333333,1.7396360135792264,1.6992932726196506
5367,5367,5367,4.945,1.7396008224599766,1.6996395570478189
5368,5368,5368,4.946666666666667,1.738802680245893,1.6999858414759867
5369,5369,5369,4.948333333333334,1.7387674891266436,1.6991876992619028
5370,5370,5370,4.950000000000003,1.7387322980073945,1.6987710325952357
5371,5371,5371,4.951666666666668,1.7386971068881447,1.6983543659285694
5372,5372,5372,4.953333333333333,1.7382804402214784,1.697937699261903
5373,5373,5373,4.955,1.7378637735548117,1.6971395570478187
5374,5374,5374,4.956666666666667,1.737447106888145,1.6967228903811518
5375,5375,5375,4.958333333333334,1.736648964674061,1.6963062237144853
5376,5376,5376,4.960000000000001,1.7366137735548115,1.6962710325952362
5377,5377,5377,4.961666666666668,1.7358156313407276,1.6958543659285694
5378,5378,5378,4.9633333333333365,1.7353989646740609,1.695437699261903
5379,5379,5379,4.965,1.7349822980073946,1.6950210325952364
5380,5380,5380,4.966666666666667,1.7345656313407278,1.6942228903811518
5381,5381,5381,4.968333333333334,1.7345304402214785,1.6938062237144853
5382,5382,5382,4.970000000000001,1.7341137735548116,1.6937710325952362
5383,5383,5383,4.971666666666668,1.7340785824355625,1.6933543659285697
5384,5384,5384,4.9733333333333345,1.732898964674061,1.6929376992619027
5385,5385,5385,4.975000000000003,1.7328637735548114,1.6925210325952358
5386,5386,5386,4.976666666666668,1.7324471068881448,1.6924858414759874
5387,5387,5387,4.978333333333332,1.7320304402214783,1.6920691748093202
5388,5388,5388,4.98,1.732758200197064,1.6912710325952365
5389,5389,5389,4.981666666666667,1.73196005798298,1.6916173170234043
5390,5390,5390,4.983333333333334,1.7323063424111482,1.69081917480932
5391,5391,5391,4.985000000000003,1.731508200197064,1.6904025081426532
5392,5392,5392,4.986666666666666,1.7314730090778152,1.6903673170234046
5393,5393,5393,4.988333333333333,1.7310563424111485,1.689950650356738
5394,5394,5394,4.99,1.7306396757444815,1.6895339836900711
5395,5395,5395,4.991666666666667,1.7298415335303974,1.6891173170234044
5396,5396,5396,4.993333333333334,1.7301878179585657,1.6890821259041544
5397,5397,5397,4.995000000000003,1.7297711512918987,1.6890469347849053
5398,5398,5398,4.996666666666668,1.7297359601726496,1.6890117436656562
5399,5399,5399,4.998333333333333,1.7293192935059831,1.6882136014515725
5400,5400,5400,5.0,1.728521151291899,1.687415459237488
5401,5401,5401,5.001666666666667,1.72848596017265,1.6873802681182393
5402,5402,5402,5.003333333333334,1.7280692935059832,1.6869636014515719
5403,5403,5403,5.005000000000001,1.7276526268393164,1.6865469347849054
5404,5404,5404,5.006666666666668,1.7272359601726497,1.685748792570821
5405,5405,5405,5.008333333333336,1.727582244600817,1.6849506503567375
5406,5406,5406,5.01,1.727165577934151,1.684915459237488
5407,5407,5407,5.011666666666667,1.7267489112674843,1.6848802681182389
5408,5408,5408,5.013333333333334,1.7263322446008176,1.6848450769989896
5409,5409,5409,5.015000000000001,1.7259155779341508,1.6844284103323228
5410,5410,5410,5.0166666666666675,1.725498911267484,1.6843932192130735
5411,5411,5411,5.018333333333334,1.7250822446008174,1.6839765525464068
5412,5412,5412,5.02,1.7250470534815685,1.6839413614271577
5413,5413,5413,5.021666666666668,1.7246303868149018,1.6835246947604914
5414,5414,5414,5.023333333333332,1.7242137201482353,1.6834895036412418
5415,5415,5415,5.025,1.7237970534815683,1.6823098858797405
5416,5416,5416,5.026666666666667,1.7229989112674842,1.6822746947604916
5417,5417,5417,5.028333333333334,1.722963720148235,1.6818580280938245
5418,5418,5418,5.029999999999999,1.7225470534815683,1.681822836974575
5419,5419,5419,5.031666666666668,1.7217489112674842,1.6814061703079082
5420,5420,5420,5.033333333333333,1.721713720148235,1.6813709791886595
5421,5421,5421,5.035,1.7216785290289862,1.68133578806941
5422,5422,5422,5.036666666666667,1.721643337909737,1.6809191214027432
5423,5423,5423,5.038333333333334,1.7216081467904871,1.680120979188659
5424,5424,5424,5.039999999999999,1.7208100045764032,1.6800857880694098
5425,5425,5425,5.041666666666668,1.7203933379097365,1.6796691214027433
5426,5426,5426,5.0433333333333366,1.7203581467904872,1.6792524547360763
5427,5427,5427,5.045,1.720322955671238,1.6780728369745752
5428,5428,5428,5.046666666666667,1.719906289004571,1.678037645855326
5429,5429,5429,5.048333333333334,1.7194896223379046,1.6776209791886594
5430,5430,5430,5.050000000000001,1.719072955671238,1.6772043125219926
5431,5431,5431,5.051666666666668,1.7186562890045711,1.6775505969501607
5432,5432,5432,5.053333333333336,1.7182396223379044,1.677133930283494
5433,5433,5433,5.055,1.717822955671238,1.67633578806941
5434,5434,5434,5.056666666666667,1.7174062890045714,1.6763005969501608
5435,5435,5435,5.058333333333334,1.7177525734327397,1.6758839302834942
5436,5436,5436,5.0600000000000005,1.716572955671238,1.6758487391642447
5437,5437,5437,5.061666666666667,1.715774813457154,1.6758135480449956
5438,5438,5438,5.063333333333334,1.716121097885322,1.6757783569257465
5439,5439,5439,5.0649999999999995,1.7153229556712375,1.6757431658064967
5440,5440,5440,5.066666666666666,1.7152877645519888,1.675326499139831
5441,5441,5441,5.068333333333333,1.7152525734327395,1.6749098324731642
5442,5442,5442,5.07,1.7152173823134904,1.6744931658064972
5443,5443,5443,5.071666666666667,1.7151821911942409,1.674457974687248
5444,5444,5444,5.073333333333334,1.714765524527574,1.6740413080205814
5445,5445,5445,5.074999999999999,1.7139673823134902,1.6736246413539146
5446,5446,5446,5.076666666666668,1.713932191194241,1.6735894502346649
5447,5447,5447,5.078333333333333,1.7135155245275744,1.6731727835679988
5448,5448,5448,5.08,1.7130988578609077,1.6727561169013319
5449,5449,5449,5.081666666666667,1.7130636667416586,1.672720925782083
5450,5450,5450,5.083333333333334,1.711884048980157,1.6723042591154162
5451,5451,5451,5.085000000000001,1.712230333408325,1.6718875924487495
5452,5452,5452,5.086666666666668,1.7118136667416584,1.6714709257820828
5453,5453,5453,5.0883333333333365,1.7113970000749916,1.671054259115416
5454,5454,5454,5.09,1.7102173823134903,1.671400543543584
5455,5455,5455,5.091666666666667,1.7105636667416586,1.6713653524243348
5456,5456,5456,5.093333333333334,1.7109099511698267,1.6709486857576683
5457,5457,5457,5.095000000000001,1.7104932845031597,1.6705320190910014
5458,5458,5458,5.096666666666668,1.7100766178364932,1.6701153524243346
5459,5459,5459,5.0983333333333345,1.7096599511698265,1.6704616368525027
5460,5460,5460,5.1,1.7092432845031598,1.6692820190910012
5461,5461,5461,5.101666666666668,1.7088266178364937,1.669246827971752
5462,5462,5462,5.103333333333332,1.7080284756224096,1.6688301613050858
5463,5463,5463,5.105,1.7076118089557428,1.6687949701858362
5464,5464,5464,5.106666666666667,1.7075766178364933,1.6683783035191695
5465,5465,5465,5.108333333333334,1.7075414267172442,1.6679616368525028
5466,5466,5466,5.109999999999999,1.7067432845031598,1.667544970185836
5467,5467,5467,5.111666666666668,1.7063266178364933,1.6671283035191693
5468,5468,5468,5.113333333333333,1.7066729022646616,1.6670931123999206
5469,5469,5469,5.115,1.7062562355979949,1.6666764457332544
5470,5470,5470,5.116666666666667,1.7054580933839114,1.6666412546140044
5471,5471,5471,5.118333333333334,1.7054229022646614,1.6666060634947553
5472,5472,5472,5.119999999999999,1.7046247600505775,1.6661893968280883
5473,5473,5473,5.121666666666668,1.7038266178364931,1.6657727301614218
5474,5474,5474,5.123333333333333,1.7034099511698269,1.6661190145895903
5475,5475,5475,5.125,1.70299328450316,1.6657023479229236
5476,5476,5476,5.126666666666667,1.702958093383911,1.6660486323510912
5477,5477,5477,5.128333333333334,1.7036858533594967,1.665631965684425
5478,5478,5478,5.130000000000001,1.7021247600505776,1.6659782501125928
5479,5479,5479,5.131666666666668,1.7017080933839108,1.665943058993344
5480,5480,5480,5.133333333333336,1.7020543778120791,1.6659078678740944
5481,5481,5481,5.135,1.7012562355979952,1.6662541523022634
5482,5482,5482,5.136666666666667,1.7008395689313285,1.6654560100881788
5483,5483,5483,5.138333333333334,1.7015673289069138,1.6658022945163469
5484,5484,5484,5.140000000000001,1.7015321377876644,1.6657671033970975
5485,5485,5485,5.1416666666666675,1.7011154711209977,1.6649689611830134
5486,5486,5486,5.143333333333334,1.7006988044543312,1.664552294516347
5487,5487,5487,5.145,1.6999006622402468,1.6645171033970974
5488,5488,5488,5.146666666666668,1.7002469466684156,1.6644819122778487
5489,5489,5489,5.148333333333332,1.6998302800017489,1.6644467211585992
5490,5490,5490,5.15,1.6986506622402469,1.6644115300393498
5491,5491,5491,5.151666666666667,1.6989969466684154,1.6643763389201007
5492,5492,5492,5.153333333333334,1.6989617555491658,1.6647226233482688
5493,5493,5493,5.154999999999999,1.698163613335082,1.6643059566816016
5494,5494,5494,5.156666666666668,1.6981284222158324,1.6635078144675175
5495,5495,5495,5.158333333333333,1.6980932310965835,1.6630911478008512
5496,5496,5496,5.16,1.6980580399773337,1.6630559566816023
5497,5497,5497,5.161666666666667,1.6980228488580846,1.6626392900149356
5498,5498,5498,5.163333333333334,1.6968432310965835,1.662604098895686
5499,5499,5499,5.164999999999999,1.6968080399773338,1.662187432229019
5500,5500,5500,5.166666666666668,1.696391373310667,1.6617707655623526
5501,5501,5501,5.1683333333333366,1.695593231096583,1.661735574443103
5502,5502,5502,5.17,1.696320991072169,1.6613189077764368
5503,5503,5503,5.171666666666667,1.6962857999529195,1.6605207655623528
5504,5504,5504,5.173333333333334,1.6954876577388356,1.6604855744431033
5505,5505,5505,5.175000000000001,1.6954524666195865,1.6612133344186888
5506,5506,5506,5.176666666666668,1.694654324405502,1.6611781432994404
5507,5507,5507,5.178333333333336,1.6942376577388354,1.6611429521801904
5508,5508,5508,5.18,1.6938209910721689,1.6603448099661071
5509,5509,5509,5.181666666666667,1.6934043244055024,1.6599281432994402
5510,5510,5510,5.183333333333334,1.6933691332862533,1.6598929521801906
5511,5511,5511,5.1850000000000005,1.6929524666195863,1.659476285513524
5512,5512,5512,5.186666666666667,1.6925357999529196,1.6590596188468572
5513,5513,5513,5.188333333333334,1.6925006088336705,1.6586429521801904
5514,5514,5514,5.1899999999999995,1.6920839421670035,1.658607761060941
5515,5515,5515,5.191666666666666,1.6924302265951718,1.6578096188468574
5516,5516,5516,5.193333333333333,1.691632084381088,1.6577744277276083
5517,5517,5517,5.195,1.6912154177144212,1.6581207121557762
5518,5518,5518,5.196666666666667,1.6915617021425893,1.6577040454891094
5519,5519,5519,5.198333333333334,1.690763559928505,1.6572873788224427
5520,5520,5520,5.199999999999999,1.6903468932618382,1.6572521877031934
5521,5521,5521,5.201666666666668,1.690311702142589,1.6564540454891097
5522,5522,5522,5.203333333333333,1.6902765110233404,1.6560373788224432
5523,5523,5523,5.205,1.689478368809256,1.6556207121557762
5524,5524,5524,5.206666666666667,1.6902061287848418,1.6552040454891097
5525,5525,5525,5.208333333333334,1.6894079865707574,1.6555503299172778
5526,5526,5526,5.210000000000001,1.6886098443566735,1.656278089892863
5527,5527,5527,5.211666666666668,1.6889561287848416,1.6554799476787792
5528,5528,5528,5.2133333333333365,1.6885394621181748,1.6550632810121124
5529,5529,5529,5.215,1.6877413199040907,1.6554095654402805
5530,5530,5530,5.216666666666667,1.6880876043322597,1.6546114232261966
5531,5531,5531,5.218333333333334,1.6876709376655927,1.6545762321069466
5532,5532,5532,5.220000000000001,1.6868727954515084,1.6545410409876982
5533,5533,5533,5.221666666666668,1.6868376043322593,1.6552688009632834
5534,5534,5534,5.2233333333333345,1.6871838887604267,1.6548521342966167
5535,5535,5535,5.225,1.6875301731885946,1.6548169431773672
5536,5536,5536,5.226666666666668,1.6874949820693461,1.6540188009632837
5537,5537,5537,5.228333333333332,1.6870783154026792,1.6543650853914518
5538,5538,5538,5.23,1.68704312428343,1.654329894272203
5539,5539,5539,5.231666666666667,1.687389408711598,1.653150276510701
5540,5540,5540,5.233333333333334,1.6865912664975138,1.6538780364862864
5541,5541,5541,5.234999999999999,1.686556075378265,1.6534613698196197
5542,5542,5542,5.236666666666668,1.6861394087115982,1.6534261787003706
5543,5543,5543,5.238333333333333,1.6857227420449317,1.6530095120337045
5544,5544,5544,5.24,1.6856875509256826,1.653355796461872
5545,5545,5545,5.241666666666667,1.685652359806433,1.6533206053426228
5546,5546,5546,5.243333333333334,1.6852356931397665,1.6532854142233735
5547,5547,5547,5.244999999999999,1.6855819775679346,1.6528687475567068
5548,5548,5548,5.246666666666668,1.685165310901268,1.6524520808900405
5549,5549,5549,5.248333333333333,1.6843671686871844,1.6524168897707907
5550,5550,5550,5.25,1.6831875509256826,1.652000223104124
5551,5551,5551,5.251666666666667,1.683915310901268,1.6523465075322925
5552,5552,5552,5.253333333333334,1.6838801197820186,1.6523113164130432
5553,5553,5553,5.255000000000001,1.6834634531153518,1.652276125293794
5554,5554,5554,5.256666666666668,1.6834282619961027,1.6518594586271271
5555,5555,5555,5.258333333333336,1.6826301197820184,1.6514427919604604
5556,5556,5556,5.26,1.6822134531153519,1.6514076008412113
5557,5557,5557,5.261666666666667,1.682178261996103,1.6513724097219622
5558,5558,5558,5.263333333333334,1.6821430708768537,1.6509557430552957
5559,5559,5559,5.265000000000001,1.6821078797576043,1.650920551936046
5560,5560,5560,5.2666666666666675,1.6813097375435202,1.6508853608167968
5561,5561,5561,5.268333333333334,1.6808930708768537,1.6508501696975473
5562,5562,5562,5.27,1.6804764042101867,1.6500520274834634
5563,5563,5563,5.271666666666668,1.680441213090938,1.6503983119116319
5564,5564,5564,5.273333333333332,1.6800245464242711,1.6507445963397998
5565,5565,5565,5.275,1.679226404210187,1.6503279296731332
5566,5566,5566,5.276666666666667,1.679954164185772,1.6502927385538837
5567,5567,5567,5.278333333333334,1.6803004486139406,1.6502575474346348
5568,5568,5568,5.279999999999999,1.6795023063998562,1.649840880767968
5569,5569,5569,5.281666666666668,1.6798485908280243,1.6494242141013014
5570,5570,5570,5.283333333333333,1.6798133997087756,1.6493890229820525
5571,5571,5571,5.285,1.6786337819472743,1.6489723563153855
5572,5572,5572,5.286666666666667,1.6789800663754422,1.6489371651961364
5573,5573,5573,5.288333333333334,1.6785633997087754,1.6492834496243038
5574,5574,5574,5.289999999999999,1.6781467330421087,1.6492482585050547
5575,5575,5575,5.291666666666668,1.6781115419228592,1.6488315918383882
5576,5576,5576,5.2933333333333366,1.67807635080361,1.648796400719139
5577,5577,5577,5.295,1.6776596841369438,1.6487612095998898
5578,5578,5578,5.296666666666667,1.677243017470277,1.6483445429332233
5579,5579,5579,5.298333333333334,1.6768263508036103,1.6483093518139738
5580,5580,5580,5.300000000000001,1.6775541107791956,1.647892685147307
5581,5581,5581,5.301666666666668,1.6775189196599474,1.6474760184806398
5582,5582,5582,5.303333333333336,1.676720777445862,1.6470593518139736
5583,5583,5583,5.305,1.6763041107791958,1.6474056362421423
5584,5584,5584,5.306666666666667,1.675887444112529,1.6477519206703102
5585,5585,5585,5.308333333333334,1.6758522529932804,1.6477167295510615
5586,5586,5586,5.3100000000000005,1.6758170618740311,1.6473000628843948
5587,5587,5587,5.311666666666667,1.6757818707547811,1.6472648717651452
5588,5588,5588,5.313333333333334,1.6753652040881144,1.647611156193313
5589,5589,5589,5.3149999999999995,1.6753300129688653,1.6471944895266466
5590,5590,5590,5.316666666666666,1.674913346302199,1.6463963473125625
5591,5591,5591,5.318333333333333,1.6748781551829497,1.6467426317407308
5592,5592,5592,5.32,1.6752244396111182,1.6467074406214814
5593,5593,5593,5.321666666666667,1.6748077729444515,1.6462907739548147
5594,5594,5594,5.323333333333334,1.6743911062777848,1.6466370583829826
5595,5595,5595,5.324999999999999,1.6739744396111182,1.6466018672637333
5596,5596,5596,5.326666666666668,1.6739392484918685,1.6465666761444837
5597,5597,5597,5.328333333333333,1.6735225818252017,1.646531485025235
5598,5598,5598,5.33,1.6734873907059526,1.6461148183585683
5599,5599,5599,5.331666666666667,1.673452199586703,1.6453166761444844
5600,5600,5600,5.333333333333334,1.673417008467454,1.6456629605726525
5601,5601,5601,5.335000000000001,1.67261886625337,1.6460092450008206
5602,5602,5602,5.336666666666668,1.6725836751341203,1.6463555294289889
5603,5603,5603,5.3383333333333365,1.6725484840148712,1.6463203383097391
5604,5604,5604,5.34,1.672513292895622,1.6459036716430728
5605,5605,5605,5.341666666666667,1.672478101776373,1.645487004976406
5606,5606,5606,5.343333333333334,1.6720614351097065,1.645451813857157
5607,5607,5607,5.345000000000001,1.6716447684430396,1.6461795738327427
5608,5608,5608,5.346666666666668,1.672372528418625,1.6461443827134932
5609,5609,5609,5.3483333333333345,1.6719558617519583,1.6457277160468264
5610,5610,5610,5.35,1.6715391950852916,1.6453110493801597
5611,5611,5611,5.351666666666668,1.6711225284186253,1.6452758582609108
5612,5612,5612,5.353333333333332,1.6707058617519586,1.645240667141662
5613,5613,5613,5.355,1.6710521461801269,1.645205476022412
5614,5614,5614,5.356666666666667,1.6706354795134601,1.6447888093557452
5615,5615,5615,5.358333333333334,1.6706002883942102,1.644753618236496
5616,5616,5616,5.359999999999999,1.6705650972749613,1.6458628537594988
5617,5617,5617,5.361666666666668,1.670529906155712,1.6454461870928316
5618,5618,5618,5.363333333333333,1.670494715036463,1.6454109959735832
5619,5619,5619,5.365,1.6700780483697963,1.645375804854334
5620,5620,5620,5.366666666666667,1.6700428572505477,1.6453406137350848
5621,5621,5621,5.368333333333334,1.670389141678715,1.6453054226158352
5622,5622,5622,5.369999999999999,1.6699724750120484,1.645270231496586
5623,5623,5623,5.371666666666668,1.669937283892799,1.6456165159247542
5624,5624,5624,5.373333333333333,1.6699020927735502,1.6459628003529228
5625,5625,5625,5.375,1.6694854261068834,1.6455461336862558
5626,5626,5626,5.376666666666667,1.6690687594402167,1.645510942567007
5627,5627,5627,5.378333333333334,1.6690335683209674,1.6450942759003402
5628,5628,5628,5.380000000000001,1.668998377201718,1.645440560328508
5629,5629,5629,5.381666666666668,1.668581710535051,1.6454053692092587
5630,5630,5630,5.383333333333336,1.6677835683209672,1.6453701780900096
5631,5631,5631,5.385,1.6677483772017183,1.6453349869707603
5632,5632,5632,5.386666666666667,1.6677131860824683,1.6449183203040938
5633,5633,5633,5.388333333333334,1.6676779949632197,1.6448831291848447
5634,5634,5634,5.390000000000001,1.6680242793913878,1.644847938065595
5635,5635,5635,5.3916666666666675,1.6687520393669732,1.6448127469463456
5636,5636,5636,5.393333333333334,1.6687168482477241,1.6451590313745141
5637,5637,5637,5.395,1.6679187060336398,1.6451238402552646
5638,5638,5638,5.396666666666668,1.6675020393669735,1.6454701246834331
5639,5639,5639,5.398333333333332,1.6674668482477242,1.6454349335641838
5640,5640,5640,5.4,1.6666687060336398,1.6450182668975168
5641,5641,5641,5.401666666666667,1.6662520393669733,1.6457460268731028
5642,5642,5642,5.403333333333334,1.6665983237951414,1.6453293602064358
5643,5643,5643,5.404999999999999,1.6673260837707269,1.6452941690871867
5644,5644,5644,5.406666666666668,1.6672908926514776,1.6456404535153546
5645,5645,5645,5.408333333333333,1.666492750437394,1.6448423113012711
5646,5646,5646,5.41,1.6668390348655617,1.6448071201820216
5647,5647,5647,5.411666666666667,1.6668038437463126,1.6451534046101892
5648,5648,5648,5.413333333333334,1.6667686526270633,1.64511821349094
5649,5649,5649,5.414999999999999,1.6659705104129792,1.6454644979191082
5650,5650,5650,5.416666666666668,1.6659353192937298,1.645429306799859
5651,5651,5651,5.4183333333333366,1.6666630792693151,1.6446311645857747
5652,5652,5652,5.42,1.6658649370552312,1.6449774490139435
5653,5653,5653,5.421666666666667,1.6658297459359823,1.6449422578946942
5654,5654,5654,5.423333333333334,1.6654130792693156,1.6449070667754453
5655,5655,5655,5.425000000000001,1.6649964126026489,1.6448718756561955
5656,5656,5656,5.426666666666668,1.665342697030817,1.6448366845369462
5657,5657,5657,5.428333333333336,1.6649260303641502,1.6455644445125321
5658,5658,5658,5.43,1.6645093636974837,1.6451477778458652
5659,5659,5659,5.431666666666667,1.6652371236730694,1.6451125867266163
5660,5660,5660,5.433333333333334,1.6644389814589853,1.6446959200599498
5661,5661,5661,5.4350000000000005,1.6651667414345708,1.6442792533932833
5662,5662,5662,5.436666666666667,1.6655130258627393,1.6446255378214507
5663,5663,5663,5.438333333333334,1.6650963591960726,1.6445903467022016
5664,5664,5664,5.4399999999999995,1.6650611680768228,1.6441736800355349
5665,5665,5665,5.441666666666666,1.665025976957574,1.6449014400111206
5666,5666,5666,5.443333333333333,1.6657537369331592,1.645247724439289
5667,5667,5667,5.445,1.6653370702664922,1.6448310577726217
5668,5668,5668,5.446666666666667,1.6649204035998255,1.6447958666533729
5669,5669,5669,5.448333333333334,1.6648852124805766,1.6451421510815414
5670,5670,5670,5.449999999999999,1.6648500213613269,1.6451069599622918
5671,5671,5671,5.451666666666668,1.6648148302420784,1.6450717688430418
5672,5672,5672,5.453333333333333,1.6651611146702463,1.6454180532712108
5673,5673,5673,5.455,1.6647444480035798,1.6450013866045439
5674,5674,5674,5.456666666666667,1.664327781336913,1.6449661954852948
5675,5675,5675,5.458333333333334,1.6650555413124986,1.6445495288186283
5676,5676,5676,5.460000000000001,1.6646388746458318,1.6445143376993792
5677,5677,5677,5.461666666666668,1.6653666346214169,1.6448606221275468
5678,5678,5678,5.4633333333333365,1.66494996795475,1.6448254310082977
5679,5679,5679,5.465,1.664151825740667,1.6447902398890486
5680,5680,5680,5.466666666666667,1.6637351590740002,1.644373573222382
5681,5681,5681,5.468333333333334,1.6640814435021682,1.6443383821031323
5682,5682,5682,5.470000000000001,1.6636647768355015,1.6446846665313006
5683,5683,5683,5.471666666666668,1.6632481101688348,1.6450309509594687
5684,5684,5684,5.4733333333333345,1.6639758701444207,1.6453772353876364
5685,5685,5685,5.475,1.6639406790251707,1.6457235198158044
5686,5686,5686,5.476666666666668,1.6639054879059219,1.6453068531491382
5687,5687,5687,5.478333333333332,1.6631073456918382,1.6448901864824714
5688,5688,5688,5.48,1.6634536301200058,1.6448549953632223
5689,5689,5689,5.481666666666667,1.6634184390007567,1.6448198042439732
5690,5690,5690,5.483333333333334,1.6633832478815074,1.6444031375773065
5691,5691,5691,5.484999999999999,1.6637295323096757,1.6447494220054752
5692,5692,5692,5.486666666666668,1.664075816737844,1.645095706433643
5693,5693,5693,5.488333333333333,1.6636591500711773,1.6454419908618112
5694,5694,5694,5.49,1.6632424834045103,1.6446438486477268
5695,5695,5695,5.491666666666667,1.6632072922852612,1.6449901330758951
5696,5696,5696,5.493333333333334,1.6631721011660123,1.6453364175040628
5697,5697,5697,5.494999999999999,1.6638998611415974,1.645682701932231
5698,5698,5698,5.496666666666668,1.6642461455697657,1.6452660352655646
5699,5699,5699,5.498333333333333,1.6634480033556818,1.6448493685988983
5700,5700,5700,5.5,1.663031336689015,1.6448141774796492
5701,5701,5701,5.501666666666667,1.6637590966646003,1.6447789863603997
5702,5702,5702,5.503333333333334,1.6641053810927686,1.6447437952411508
5703,5703,5703,5.505000000000001,1.6644516655209367,1.644327128574484
5704,5704,5704,5.506666666666668,1.6644164744016867,1.6442919374552345
5705,5705,5705,5.508333333333336,1.6636183321876032,1.6442567463359852
5706,5706,5706,5.51,1.663583141068354,1.6442215552167359
5707,5707,5707,5.511666666666667,1.663547949949105,1.6441863640974868
5708,5708,5708,5.513333333333334,1.6635127588298555,1.644151172978238
5709,5709,5709,5.515000000000001,1.663096092163189,1.6444974574064055
5710,5710,5710,5.5166666666666675,1.6630609010439397,1.6440807907397388
5711,5711,5711,5.518333333333334,1.6634071854721078,1.6444270751679069
5712,5712,5712,5.52,1.6633719943528584,1.6447733595960747
5713,5713,5713,5.521666666666668,1.662955327686192,1.644356692929409
5714,5714,5714,5.523333333333332,1.6625386610195254,1.6447029773575768
5715,5715,5715,5.525,1.6625034699002759,1.6446677862383274
5716,5716,5716,5.526666666666667,1.6632312298758616,1.644632595119078
5717,5717,5717,5.528333333333334,1.6635775143040297,1.6442159284524114
5718,5718,5718,5.529999999999999,1.6635423231847803,1.6441807373331618
5719,5719,5719,5.531666666666668,1.663507132065531,1.64452702176133
5720,5720,5720,5.533333333333333,1.662708989851447,1.644110355094664
5721,5721,5721,5.535,1.6630552742796154,1.644075163975415
5722,5722,5722,5.536666666666667,1.662638607612949,1.6440399728561652
5723,5723,5723,5.538333333333334,1.662221940946282,1.6436233061894985
5724,5724,5724,5.539999999999999,1.66256822537445,1.6435881150702487
5725,5725,5725,5.541666666666668,1.6621515587077833,1.6435529239510005
5726,5726,5726,5.5433333333333366,1.6628793186833688,1.644280683926585
5727,5727,5727,5.545,1.663225603111537,1.643864017259919
5728,5728,5728,5.546666666666667,1.6624274608974532,1.6434473505932523
5729,5729,5729,5.548333333333334,1.6627737453256213,1.6430306839265856
5730,5730,5730,5.550000000000001,1.6631200297537894,1.6426140172599188
5731,5731,5731,5.551666666666668,1.6627033630871226,1.6425788261406695
5732,5732,5732,5.553333333333336,1.6622866964204561,1.6421621594740028
5733,5733,5733,5.555,1.6630144563960418,1.6421269683547532
5734,5734,5734,5.556666666666667,1.6629792652767923,1.6420917772355046
5735,5735,5735,5.558333333333334,1.6621811230627088,1.6420565861162548
5736,5736,5736,5.5600000000000005,1.662908883038294,1.641639919449588
5737,5737,5737,5.561666666666667,1.663255167466462,1.6416047283303397
5738,5738,5738,5.563333333333334,1.6628385007997952,1.6415695372110901
5739,5739,5739,5.5649999999999995,1.662803309680546,1.6415343460918406
5740,5740,5740,5.566666666666666,1.6623866430138796,1.6414991549725917
5741,5741,5741,5.568333333333333,1.66235145189463,1.6418454394007598
5742,5742,5742,5.57,1.6619347852279631,1.641428772734093
5743,5743,5743,5.571666666666667,1.6622810696561316,1.6410121060674263
5744,5744,5744,5.573333333333334,1.661864402989465,1.6405954394007596
5745,5745,5745,5.574999999999999,1.6618292118702156,1.6401787727340928
5746,5746,5746,5.576666666666668,1.6621754962983837,1.6409065327096781
5747,5747,5747,5.578333333333333,1.6625217807265529,1.6408713415904297
5748,5748,5748,5.58,1.6632495407021382,1.6404546749237627
5749,5749,5749,5.581666666666667,1.6635958251303058,1.639656532709678
5750,5750,5750,5.583333333333334,1.663179158463639,1.6396213415904293
5751,5751,5751,5.585000000000001,1.6627624917969723,1.6399676260185974
5752,5752,5752,5.586666666666668,1.6623458251303056,1.6406953859941829
5753,5753,5753,5.5883333333333365,1.6623106340110567,1.640278719327516
5754,5754,5754,5.59,1.6618939673443904,1.6398620526608498
5755,5755,5755,5.591666666666667,1.6614773006777237,1.6398268615416003
5756,5756,5756,5.593333333333334,1.6622050606533088,1.6397916704223512
5757,5757,5757,5.595000000000001,1.6625513450814768,1.639756479303102
5758,5758,5758,5.596666666666668,1.6628976295096451,1.6393398126364351
5759,5759,5759,5.5983333333333345,1.6628624383903956,1.6393046215171858
5760,5760,5760,5.6,1.6624457717237289,1.638887954850519
5761,5761,5761,5.601666666666668,1.66241058060448,1.639615714826105
5762,5762,5762,5.603333333333332,1.6627568650326483,1.6388175726120209
5763,5763,5763,5.605,1.6623401983659818,1.638400905945354
5764,5764,5764,5.606666666666667,1.6626864827941494,1.6383657148261048
5765,5765,5765,5.608333333333334,1.6626512916749,1.6383305237068555
5766,5766,5766,5.609999999999999,1.6622346250082334,1.6386768081350236
5767,5767,5767,5.611666666666668,1.6618179583415666,1.6390230925631917
5768,5768,5768,5.613333333333333,1.6614012916749004,1.6386064258965254
5769,5769,5769,5.615,1.6613661005556508,1.6381897592298589
5770,5770,5770,5.616666666666667,1.6609494338889843,1.637773092563192
5771,5771,5771,5.618333333333334,1.6605327672223176,1.6377379014439426
5772,5772,5772,5.619999999999999,1.6604975761030685,1.637321234777276
5773,5773,5773,5.621666666666668,1.6608438605312363,1.6376675192054444
5774,5774,5774,5.623333333333333,1.6611901449594049,1.6368693769913605
5775,5775,5775,5.625,1.660773478292738,1.6372156614195283
5776,5776,5776,5.626666666666667,1.6603568116260714,1.6375619458476964
5777,5777,5777,5.628333333333334,1.6603216205068219,1.6371452791810297
5778,5778,5778,5.630000000000001,1.6606679049349895,1.6371100880617804
5779,5779,5779,5.631666666666668,1.6602512382683232,1.6370748969425308
5780,5780,5780,5.633333333333336,1.660216047149074,1.6366582302758643
5781,5781,5781,5.635,1.66094380712466,1.6358600880617806
5782,5782,5782,5.636666666666667,1.6609086160054112,1.6362063724899485
5783,5783,5783,5.638333333333334,1.6604919493387444,1.6361711813706994
5784,5784,5784,5.640000000000001,1.660456758219495,1.6361359902514498
5785,5785,5785,5.6416666666666675,1.6600400915528282,1.6361007991322007
5786,5786,5786,5.643333333333334,1.6600049004335786,1.6356841324655342
5787,5787,5787,5.645,1.6603511848617467,1.6356489413462847
5788,5788,5788,5.646666666666668,1.6603159937424978,1.6352322746796184
5789,5789,5789,5.648333333333332,1.659899327075831,1.6348156080129517
5790,5790,5790,5.65,1.6602456115039987,1.6347804168937023
5791,5791,5791,5.651666666666667,1.66021042038475,1.6343637502270356
5792,5792,5792,5.653333333333334,1.6594122781706653,1.6343285591077863
5793,5793,5793,5.654999999999999,1.6593770870514164,1.6339118924411196
5794,5794,5794,5.656666666666668,1.6589604203847497,1.6334952257744528
5795,5795,5795,5.658333333333333,1.6585437537180834,1.6330785591077863
5796,5796,5796,5.66,1.658508562598834,1.6330433679885372
5797,5797,5797,5.661666666666667,1.6584733714795847,1.6337711279641227
5798,5798,5798,5.663333333333334,1.6580567048129182,1.6341174123922908
5799,5799,5799,5.664999999999999,1.6584029892410863,1.633700745725624
5800,5800,5800,5.666666666666668,1.657604847027002,1.6332840790589571
5801,5801,5801,5.6683333333333366,1.6571881803603352,1.6328674123922906
5802,5802,5802,5.67,1.6575344647885042,1.6324507457256243
5803,5803,5803,5.671666666666667,1.6571177981218377,1.6320340790589576
5804,5804,5804,5.673333333333334,1.6567011314551707,1.6316174123922909
5805,5805,5805,5.675000000000001,1.6566659403359214,1.6315822212730415
5806,5806,5806,5.676666666666668,1.6566307492166719,1.6315470301537922
5807,5807,5807,5.678333333333336,1.6565955580974228,1.6318933145819603
5808,5808,5808,5.68,1.656560366978174,1.6322395990101282
5809,5809,5809,5.681666666666667,1.6569066514063417,1.631441456796045
5810,5810,5810,5.683333333333334,1.6568714602870926,1.6310247901293782
5811,5811,5811,5.6850000000000005,1.656836269167843,1.6313710745575458
5812,5812,5812,5.686666666666667,1.6564196025011766,1.6309544078908793
5813,5813,5813,5.688333333333334,1.65600293583451,1.6305377412242126
5814,5814,5814,5.6899999999999995,1.6563492202626782,1.6305025501049633
5815,5815,5815,5.691666666666666,1.6559325535960117,1.6297044078908796
5816,5816,5816,5.693333333333333,1.655897362476762,1.6296692167716302
5817,5817,5817,5.695,1.6562436469049304,1.6288710745575459
5818,5818,5818,5.696666666666667,1.656589931333098,1.6284544078908794
5819,5819,5819,5.698333333333334,1.656173264666431,1.6284192167716298
5820,5820,5820,5.699999999999999,1.6561380735471825,1.6276210745575457
5821,5821,5821,5.701666666666668,1.655339931333098,1.626822932343461
5822,5822,5822,5.703333333333333,1.6553047402138494,1.6271692167716303
5823,5823,5823,5.705,1.6552695490946,1.6275155011997984
5824,5824,5824,5.706666666666667,1.6552343579753508,1.6270988345331316
5825,5825,5825,5.708333333333334,1.6544362157612666,1.6263006923190475
5826,5826,5826,5.710000000000001,1.6547825001894352,1.6262655011997982
5827,5827,5827,5.711666666666668,1.6543658335227684,1.6266117856279665
5828,5828,5828,5.7133333333333365,1.6543306424035182,1.6265765945087167
5829,5829,5829,5.715,1.6542954512842702,1.6261599278420509
5830,5830,5830,5.716666666666667,1.6538787846176035,1.6261247367228011
5831,5831,5831,5.718333333333334,1.6538435934983535,1.6260895456035518
5832,5832,5832,5.720000000000001,1.6541898779265218,1.625291403389468
5833,5833,5833,5.721666666666668,1.6533917357124377,1.6252562122702183
5834,5834,5834,5.7233333333333345,1.652975069045771,1.6248395456035518
5835,5835,5835,5.725,1.6529398779265216,1.624422878936885
5836,5836,5836,5.726666666666668,1.6529046868072728,1.6247691633650536
5837,5837,5837,5.728333333333332,1.6536324467828578,1.6247339722458043
5838,5838,5838,5.73,1.6535972556636092,1.6239358300317202
5839,5839,5839,5.731666666666667,1.6531805889969422,1.6242821144598882
5840,5840,5840,5.733333333333334,1.6531453978776929,1.6238654477932215
5841,5841,5841,5.734999999999999,1.652728731211026,1.6238302566739722
5842,5842,5842,5.736666666666668,1.651930588996942,1.6234135900073057
5843,5843,5843,5.738333333333333,1.6515139223302755,1.6229969233406392
5844,5844,5844,5.74,1.6514787312110264,1.6225802566739724
5845,5845,5845,5.741666666666667,1.6510620645443597,1.6221635900073057
5846,5846,5846,5.743333333333334,1.6510268734251103,1.6217469233406392
5847,5847,5847,5.744999999999999,1.6517546334006958,1.6217117322213896
5848,5848,5848,5.746666666666668,1.6517194422814467,1.6212950655547231
5849,5849,5849,5.748333333333333,1.651302775614781,1.6208783988880566
5850,5850,5850,5.75,1.6512675844955311,1.6204617322213901
5851,5851,5851,5.751666666666667,1.6504694422814472,1.6200450655547232
5852,5852,5852,5.753333333333334,1.6500527756147805,1.6200098744354738
5853,5853,5853,5.755000000000001,1.6503990600429477,1.6192117322213897
5854,5854,5854,5.756666666666668,1.649982393376281,1.6191765411021404
5855,5855,5855,5.758333333333336,1.6491842511621972,1.6191413499828906
5856,5856,5856,5.76,1.6491490600429481,1.6191061588636422
5857,5857,5857,5.761666666666667,1.6494953444711165,1.6186894921969754
5858,5858,5858,5.763333333333334,1.6490786778044495,1.618654301077726
5859,5859,5859,5.765000000000001,1.6490434866852004,1.6182376344110594
5860,5860,5860,5.7666666666666675,1.6490082955659509,1.61820244329181
5861,5861,5861,5.768333333333334,1.6489731044467018,1.6181672521725603
5862,5862,5862,5.77,1.648937913327452,1.6177505855058936
5863,5863,5863,5.771666666666668,1.6489027222082036,1.6173339188392273
5864,5864,5864,5.773333333333332,1.6484860555415368,1.6172987277199784
5865,5865,5865,5.775,1.6476879133274522,1.6168820610533117
5866,5866,5866,5.776666666666667,1.6472712466607855,1.6168468699340623
5867,5867,5867,5.778333333333334,1.6476175310889536,1.6168116788148137
5868,5868,5868,5.779999999999999,1.6472008644222869,1.6163950121481467
5869,5869,5869,5.781666666666668,1.64678419775562,1.616359821028897
5870,5870,5870,5.783333333333333,1.647130482183789,1.6155616788148135
5871,5871,5871,5.785,1.6467138155171224,1.615145012148147
5872,5872,5872,5.786666666666667,1.6462971488504556,1.6147283454814805
5873,5873,5873,5.788333333333334,1.645880482183789,1.6150746299096483
5874,5874,5874,5.789999999999999,1.6454638155171222,1.6142764876955638
5875,5875,5875,5.791666666666668,1.6450471488504554,1.6138598210288968
5876,5876,5876,5.7933333333333366,1.645011957731206,1.6134431543622303
5877,5877,5877,5.795,1.6445952910645398,1.613026487695564
5878,5878,5878,5.796666666666667,1.6445600999452905,1.612991296576315
5879,5879,5879,5.798333333333334,1.6449063843734586,1.6121931543622303
5880,5880,5880,5.800000000000001,1.6441082421593745,1.6117764876955638
5881,5881,5881,5.801666666666668,1.6436915754927075,1.6125042476711493
5882,5882,5882,5.803333333333336,1.6436563843734584,1.6120875810044826
5883,5883,5883,5.805,1.6440026688016265,1.6112894387903989
5884,5884,5884,5.806666666666667,1.6432045265875432,1.6116357232185667
5885,5885,5885,5.808333333333334,1.6427878599208765,1.6108375810044828
5886,5886,5886,5.8100000000000005,1.643134144349044,1.611565340980068
5887,5887,5887,5.811666666666667,1.6430989532297948,1.6111486743134011
5888,5888,5888,5.813333333333334,1.6419193354682933,1.6107320076467344
5889,5889,5889,5.8149999999999995,1.6415026688016263,1.6106968165274853
5890,5890,5890,5.816666666666666,1.6414674776823777,1.6098986743134014
5891,5891,5891,5.818333333333333,1.6414322865631283,1.6094820076467349
5892,5892,5892,5.82,1.6406341443490442,1.6086838654326514
5893,5893,5893,5.821666666666667,1.63983600213496,1.6086486743134012
5894,5894,5894,5.823333333333334,1.6398008110157107,1.6082320076467345
5895,5895,5895,5.824999999999999,1.6405285709912962,1.6078153409800675
5896,5896,5896,5.826666666666668,1.6404933798720474,1.6077801498608184
5897,5897,5897,5.828333333333333,1.6393137621105458,1.608126434288987
5898,5898,5898,5.83,1.6396600465387143,1.608091243169738
5899,5899,5899,5.831666666666667,1.6400063309668818,1.607674576503071
5900,5900,5900,5.833333333333334,1.6395896643002152,1.6072579098364046
5901,5901,5901,5.835000000000001,1.639935948728383,1.606841243169738
5902,5902,5902,5.836666666666668,1.6387563309668818,1.6068060520504883
5903,5903,5903,5.8383333333333365,1.638339664300215,1.6063893853838218
5904,5904,5904,5.84,1.637541522086131,1.6059727187171555
5905,5905,5905,5.841666666666667,1.6375063309668818,1.6055560520504888
5906,5906,5906,5.843333333333334,1.6370896643002153,1.6055208609312397
5907,5907,5907,5.845000000000001,1.6370544731809658,1.60548566981199
5908,5908,5908,5.846666666666668,1.637400757609134,1.6050690031453234
5909,5909,5909,5.8483333333333345,1.636984090942467,1.604652336478657
5910,5910,5910,5.85,1.6365674242758006,1.60423566981199
5911,5911,5911,5.851666666666668,1.6365322331565513,1.604200478692741
5912,5912,5912,5.853333333333332,1.6361155664898843,1.6045467631209096
5913,5913,5913,5.855,1.6353174242758008,1.6041300964542429
5914,5914,5914,5.856666666666667,1.635282233156551,1.603713429787576
5915,5915,5915,5.858333333333334,1.6356285175847192,1.602533812026074
5916,5916,5916,5.859999999999999,1.6355933264654705,1.602880096454243
5917,5917,5917,5.861666666666668,1.6347951842513857,1.6032263808824103
5918,5918,5918,5.863333333333333,1.6343785175847194,1.6024282386683266
5919,5919,5919,5.865,1.633961850918053,1.6023930475490773
5920,5920,5920,5.866666666666667,1.633545184251386,1.6023578564298282
5921,5921,5921,5.868333333333334,1.633509993132137,1.6019411897631612
5922,5922,5922,5.869999999999999,1.6330933264654703,1.6015245230964943
5923,5923,5923,5.871666666666668,1.6322951842513858,1.6007263808824104
5924,5924,5924,5.873333333333337,1.6314970420373016,1.6003097142157436
5925,5925,5925,5.875,1.6310803753706358,1.6002745230964948
5926,5926,5926,5.876666666666667,1.6318081353462213,1.599857856429828
5927,5927,5927,5.878333333333334,1.6321544197743894,1.5994411897631613
5928,5928,5928,5.880000000000001,1.6321192286551398,1.5997874741913294
5929,5929,5929,5.881666666666668,1.630939610893639,1.5997522830720805
5930,5930,5930,5.883333333333336,1.6305229442269722,1.5989541408579957
5931,5931,5931,5.885,1.630106277560306,1.5989189497387477
5932,5932,5932,5.886666666666667,1.630071086441056,1.5988837586194975
5933,5933,5933,5.888333333333334,1.6296544197743894,1.5992300430476658
5934,5934,5934,5.890000000000001,1.6300007042025575,1.5980504252861645
5935,5935,5935,5.8916666666666675,1.6292025619884734,1.5976337586194975
5936,5936,5936,5.893333333333334,1.6287858953218066,1.598361518595083
5937,5937,5937,5.895,1.6287507042025573,1.5975633763809989
5938,5938,5938,5.896666666666668,1.628334037535891,1.5967652341669152
5939,5939,5939,5.898333333333332,1.6282988464166417,1.595967091952831
5940,5940,5940,5.9,1.6275007042025575,1.5959319008335815
5941,5941,5941,5.901666666666667,1.6270840375358908,1.5955152341669152
5942,5942,5942,5.903333333333334,1.6270488464166415,1.594335616405414
5943,5943,5943,5.904999999999999,1.6270136552973922,1.5939189497387471
5944,5944,5944,5.906666666666668,1.626215513083308,1.5942652341669148
5945,5945,5945,5.908333333333333,1.6261803219640592,1.594230043047666
5946,5946,5946,5.91,1.6261451308448105,1.5938133763809992
5947,5947,5947,5.911666666666667,1.626872890820395,1.5926337586194976
5948,5948,5948,5.913333333333334,1.6268376997011458,1.5933615185950831
5949,5949,5949,5.914999999999999,1.6264210330344793,1.5933263274758338
5950,5950,5950,5.916666666666668,1.6252414152729775,1.592909660809167
5951,5951,5951,5.9183333333333366,1.6244432730588936,1.5921115185950832
5952,5952,5952,5.92,1.6244080819396447,1.5916948519284166
5953,5953,5953,5.921666666666667,1.6247543663678128,1.5908967097143325
5954,5954,5954,5.923333333333334,1.6243376997011458,1.5900985675002484
5955,5955,5955,5.925000000000001,1.623921033034479,1.5896819008335816
5956,5956,5956,5.926666666666668,1.6235043663678126,1.5892652341669151
5957,5957,5957,5.928333333333336,1.6234691752485633,1.5892300430476656
5958,5958,5958,5.93,1.6234339841293135,1.5888133763809988
5959,5959,5959,5.931666666666667,1.6226358419152302,1.5883967097143326
5960,5960,5960,5.933333333333334,1.6233636018908155,1.5875985675002484
5961,5961,5961,5.9350000000000005,1.6229469352241492,1.5868004252861645
5962,5962,5962,5.936666666666667,1.6232932196523169,1.585239331977245
5963,5963,5963,5.938333333333334,1.6228765529856504,1.5840597142157438
5964,5964,5964,5.9399999999999995,1.6228413618664008,1.5828800964542429
5965,5965,5965,5.941666666666666,1.6220432196523171,1.581700478692741
5966,5966,5966,5.943333333333333,1.6223895040804854,1.5797579098364047
5967,5967,5967,5.945,1.6215913618664013,1.5785782920749032
5968,5968,5968,5.946666666666667,1.6211746951997346,1.5777801498608186
5969,5969,5969,5.948333333333334,1.6207580285330678,1.5777449587415695
5970,5970,5970,5.949999999999999,1.6203413618664009,1.5769468165274851
5971,5971,5971,5.951666666666668,1.6206876462945692,1.5765301498608184
5972,5972,5972,5.953333333333333,1.6210339307227375,1.576876434288987
5973,5973,5973,5.955,1.6209987396034884,1.5756968165274854
5974,5974,5974,5.956666666666667,1.6205820729368217,1.5756616254082365
5975,5975,5975,5.958333333333334,1.6197839307227375,1.5763893853838218
5976,5976,5976,5.960000000000001,1.6197487396034882,1.5771171453594075
5977,5977,5977,5.961666666666668,1.619713548484239,1.5774634297875758
5978,5978,5978,5.9633333333333365,1.6192968818175726,1.5770467631209093
5979,5979,5979,5.965,1.6192616906983233,1.57701157200166
5980,5980,5980,5.966666666666667,1.6188450240316563,1.5769763808824109
5981,5981,5981,5.968333333333334,1.6184283573649898,1.5773226653105787
5982,5982,5982,5.970000000000001,1.6180116906983233,1.5769059986439118
5983,5983,5983,5.971666666666668,1.6179764995790735,1.5772522830720803
5984,5984,5984,5.9733333333333345,1.6179413084598244,1.5772170919528308
5985,5985,5985,5.975,1.6171431662457405,1.576800425286164
5986,5986,5986,5.976666666666668,1.616726499579074,1.5767652341669152
5987,5987,5987,5.978333333333332,1.6163098329124073,1.5767300430476658
5988,5988,5988,5.98,1.6158931662457403,1.5766948519284163
5989,5989,5989,5.981666666666667,1.6147135484842394,1.5762781852617498
5990,5990,5990,5.983333333333334,1.6146783573649897,1.5754800430476656
5991,5991,5991,5.984999999999999,1.6150246417931575,1.5754448519284163
5992,5992,5992,5.986666666666668,1.6149894506739084,1.5757911363565842
5993,5993,5993,5.988333333333333,1.6149542595546595,1.5749929941425007
5994,5994,5994,5.99,1.6145375928879928,1.574957803023251
5995,5995,5995,5.991666666666667,1.6145024017687435,1.5749226119040018
5996,5996,5996,5.993333333333334,1.6140857351020768,1.5752688963321702
5997,5997,5997,5.994999999999999,1.61366906843541,1.575615180760339
5998,5998,5998,5.996666666666668,1.612870926221326,1.5755799896410891
5999,5999,5999,5.998333333333337,1.6128357351020766,1.5751633229744222
